169
1894 6453 1340 600 369
1849 6389 1320 580 387
1819 6400 1310 560 371
1828 6436 1310 540 382
1879 6442 1310 520 392
1958 6470 1310 520 440
2098 6513 1300 520 473
2275 6561 1300 520 498
2476 6608 1310 520 537
2696 6656 1300 530 595
2898 6713 1300 530 616
3089 6776 1300 530 622
3276 6836 1300 530 627
3435 6912 1310 540 625
3575 6998 1310 540 620
3699 7075 1310 540 600
3776 7134 1310 540 489
3822 7180 1310 540 212
3408 7087 1330 520 180
3260 6906 1340 510 274
3207 6820 1340 510 344
3168 6739 1340 510 415
3145 6625 1340 510 515
3145 6476 1340 510 554
3158 6303 1340 510 594
3181 6075 1330 520 620
3208 5833 1330 520 652
3245 5581 1310 520 681
3288 5340 1300 530 711
3320 5097 1280 530 728
3345 4874 1270 530 763
3359 4665 1250 540 779
3345 4498 1240 540 803
3312 4329 1230 550 829
3246 4156 1210 550 824
3155 3980 1200 550 834
3048 3857 1200 550 834
2940 3770 1180 560 831
2829 3708 1180 560 825
2716 3702 1170 560 817
2587 3752 1160 560 817
2500 3840 1160 560 811
2442 3934 1140 570 721
2431 4016 1140 570 444
4232 4990 1220 540 68
4355 5043 1210 530 88
4374 5034 1210 530 184
4374 5034 1210 530 312
4374 5034 1220 530 384
4349 4988 1220 530 467
4310 4914 1220 530 559
4260 4820 1220 530 613
4211 4699 1220 530 665
4163 4576 1220 530 699
4134 4444 1210 530 711
4117 4307 1210 530 719
4125 4178 1190 530 724
4170 4109 1190 530 728
4240 4076 1190 530 733
4311 4097 1180 540 728
4380 4162 1180 540 733
4437 4257 1180 540 734
4487 4373 1180 540 737
4518 4492 1180 540 739
4528 4613 1180 540 737
4528 4739 1180 540 736
4500 4866 1180 540 740
4467 4993 1170 530 752
4429 5056 1180 540 751
4376 5094 1180 540 756
4324 5116 1180 540 756
4288 5116 1180 540 761
4262 5106 1190 530 739
4262 5095 1190 530 662
4278 5061 1190 530 505
4308 5013 1210 530 222
4722 4650 1230 530 119
4946 4546 1230 530 184
5034 4507 1230 530 279
5144 4468 1220 540 358
5262 4497 1220 540 418
5385 4520 1220 540 485
5486 4538 1220 540 522
5587 4588 1200 540 543
5687 4648 1200 540 546
5772 4715 1200 540 539
5849 4804 1210 550 540
5891 4897 1210 550 542
5906 4994 1210 550 543
5906 5071 1220 560 543
5881 5124 1220 560 557
5843 5160 1240 550 572
5796 5176 1240 550 583
5726 5159 1240 550 588
5647 5119 1240 550 600
5563 5058 1250 550 614
5489 4991 1250 550 636
5437 4912 1250 550 655
5399 4817 1260 540 676
5383 4712 1260 540 699
5396 4618 1260 540 710
5429 4523 1260 540 721
5496 4443 1260 540 730
5599 4374 1260 540 721
5727 4329 1260 540 730
5880 4324 1240 540 722
6030 4345 1240 540 724
6179 4410 1240 540 722
6340 4497 1240 540 730
6485 4600 1240 540 719
6618 4711 1230 550 700
6727 4835 1230 550 658
6813 4969 1240 550 634
6884 5088 1240 550 625
6922 5177 1240 550 624
6936 5245 1250 560 624
6936 5263 1250 560 625
6914 5255 1260 570 633
6882 5229 1260 570 642
6843 5173 1260 570 649
6807 5090 1270 560 669
6774 4990 1270 560 691
6759 4865 1270 560 716
6759 4739 1270 560 722
6775 4634 1270 560 724
6797 4543 1290 560 722
6846 4483 1270 560 722
6912 4462 1280 570 722
6981 4467 1280 570 717
7052 4519 1270 570 713
7127 4594 1270 570 703
7199 4684 1260 570 699
7267 4804 1260 570 678
7332 4934 1260 570 663
7390 5072 1260 570 663
7432 5199 1260 570 666
7463 5281 1260 570 666
7472 5332 1260 570 675
7472 5343 1260 570 676
7466 5335 1260 570 676
7453 5315 1270 570 681
7436 5253 1270 570 687
7415 5160 1280 570 696
7393 5047 1280 570 697
7367 4894 1280 570 711
7338 4690 1280 570 728
7305 4452 1280 570 730
7257 4156 1300 560 730
7198 3858 1280 570 722
7144 3587 1280 570 730
7092 3335 1270 570 731
7042 3105 1260 580 728
6983 2900 1260 580 728
6918 2712 1240 580 727
6827 2572 1230 590 730
6726 2484 1210 590 720
6617 2431 1190 600 721
6503 2388 1190 600 727
6380 2376 1180 600 725
6250 2385 1150 600 731
6135 2428 1150 600 746
6062 2509 1130 600 748
6017 2616 1130 600 746
6008 2775 1130 600 754
6061 2967 1130 590 754
6155 3180 1130 590 752
6319 3408 1130 590 742
6536 3633 1130 590 699
6788 3875 1130 590 405