134
1627 5680 460 1370 460
1569 5569 473 1360 470
1525 5579 465 1360 480
1574 5615 465 1360 480
1685 5645 465 1350 490
1872 5703 474 1360 490
2095 5783 465 1360 490
2343 5904 473 1350 500
2571 6024 466 1360 500
2771 6144 469 1360 500
2952 6236 468 1350 510
3097 6309 474 1350 510
3193 6370 464 1360 510
3256 6405 465 1350 520
3265 6414 468 1350 520
3240 6407 438 1350 530
3191 6371 427 1350 530
3078 6287 433 1360 540
2967 6171 443 1360 540
2856 6081 443 1370 530
2811 5983 455 1370 530
2798 5881 455 1390 520
2807 5725 465 1390 520
2853 5565 465 1390 520
2920 5344 466 1390 520
3000 5085 466 1390 540
3079 4795 464 1390 540
3136 4524 504 1390 540
3179 4266 546 1370 540
3179 4033 566 1370 540
3151 3830 594 1360 550
3096 3647 595 1360 550
2984 3487 606 1350 550
2817 3307 613 1340 560
2612 3115 633 1340 560
2398 2983 649 1320 570
2241 2910 655 1310 570
2121 2876 591 1310 570
2068 2876 409 1300 580
2900 4278 254 1310 580
3237 4416 307 1300 580
3350 4470 317 1300 580
3454 4475 315 1300 580
3537 4448 312 1300 580
3606 4369 315 1300 580
3638 4256 327 1300 580
3653 4121 356 1300 580
3653 4015 387 1310 570
3673 3961 448 1310 570
3704 3942 491 1310 570
3745 3964 509 1310 570
3809 4060 514 1310 570
3880 4206 515 1310 570
3955 4403 522 1300 560
3976 4583 526 1300 560
3936 4751 581 1300 560
3856 4909 628 1300 560
3738 4956 631 1310 560
3597 4929 634 1310 560
3441 4801 620 1310 560
3334 4656 501 1320 550
3301 4499 10 1320 550
4280 4032 645 1310 560
4418 4032 669 1310 560
4392 4157 675 1310 560
4475 4281 671 1310 560
4601 4438 617 1310 560
4756 4617 546 1310 560
4870 4780 521 1310 560
4941 4932 580 1310 560
4984 5076 638 1310 560
4979 5109 649 1320 570
4948 5102 647 1320 570
4899 5069 641 1340 570
4817 4939 638 1340 570
4731 4757 643 1340 570
4642 4540 637 1340 570
4582 4364 636 1340 570
4575 4261 640 1340 570
4603 4206 650 1340 570
4679 4197 658 1340 570
4818 4269 653 1350 580
5000 4396 643 1350 580
5220 4582 638 1350 580
5443 4789 638 1350 580
5622 5011 653 1350 580
5771 5189 667 1350 580
5838 5270 670 1350 580
5854 5287 672 1350 580
5836 5276 673 1350 580
5798 5178 676 1350 580
5738 5021 676 1360 580
5662 4813 676 1360 580
5622 4674 682 1360 580
5633 4582 691 1360 580
5677 4552 719 1360 580
5774 4574 724 1360 600
5907 4632 728 1360 600
6065 4750 720 1360 600
6226 4905 730 1360 600
6357 5086 736 1380 600
6467 5250 733 1380 600
6516 5417 728 1380 600
6516 5582 731 1380 600
6493 5679 736 1380 600
6453 5733 737 1380 600
6411 5742 728 1380 600
6367 5708 727 1390 610
6317 5646 727 1390 610
6272 5531 724 1390 610
6250 5399 725 1410 610
6243 5255 728 1410 610
6256 5097 731 1410 610
6290 4857 733 1410 610
6338 4563 746 1410 610
6413 4189 749 1410 610
6498 3763 749 1410 610
6589 3302 751 1410 630
6653 2839 742 1410 630
6676 2430 730 1400 630
6676 2057 739 1410 640
6582 1755 754 1400 650
6429 1496 777 1380 650
6234 1265 787 1370 670
6014 1074 800 1350 680
5796 988 794 1310 690
5584 971 784 1310 710
5403 1056 757 1260 720
5240 1263 748 1230 720
5119 1551 737 1230 720
5058 1938 742 1230 720
5036 2327 739 1230 720
5079 2717 733 1230 720
5193 3055 535 1230 720