155
3071 5663 242 1440 540
2964 5581 294 1440 540
2912 5633 307 1420 540
2855 5653 307 1410 550
2850 5653 301 1390 550
2850 5645 306 1390 550
2881 5634 334 1380 550
2934 5618 388 1360 560
3030 5601 463 1350 570
3168 5632 512 1350 570
3333 5661 543 1340 570
3515 5700 568 1320 580
3715 5747 574 1310 580
3926 5808 584 1310 580
4132 5878 589 1290 590
4318 5953 584 1270 590
4490 6014 586 1270 590
4622 6061 575 1270 590
4721 6098 553 1290 590
4799 6123 521 1290 590
4828 6128 515 1310 580
4842 6119 520 1310 580
4842 6067 538 1310 580
4816 5907 554 1320 580
4776 5676 564 1340 580
4730 5395 577 1340 580
4698 5061 574 1350 580
4672 4691 583 1350 580
4657 4403 595 1360 580
4647 4113 602 1360 580
4636 3859 611 1350 590
4624 3631 617 1340 600
4600 3464 616 1320 600
4567 3318 633 1310 610
4512 3187 644 1290 610
4432 3077 646 1270 620
4334 2988 647 1260 620
4178 2912 652 1240 630
3998 2861 659 1200 640
3803 2842 671 1190 640
3608 2842 670 1170 650
3425 2888 656 1170 650
3287 2969 639 1150 650
3174 3074 602 1150 650
3119 3179 516 1150 650
3166 3283 339 1130 650
5295 4282 430 1170 650
5434 4178 515 1190 640
5381 4168 554 1190 640
5343 4035 572 1190 640
5300 3820 574 1200 650
5254 3607 583 1220 650
5241 3454 594 1220 650
5258 3340 645 1220 650
5294 3270 673 1210 660
5366 3230 681 1210 660
5444 3210 679 1210 660
5546 3236 679 1200 670
5662 3320 678 1200 670
5790 3444 675 1200 670
5881 3571 664 1200 670
5947 3714 673 1190 680
5961 3869 664 1190 680
5926 3999 670 1190 680
5859 4081 685 1190 680
5755 4130 687 1190 680
5640 4130 688 1190 680
5517 4096 687 1190 680
5416 4043 636 1190 680
5342 3991 530 1220 680
5285 3943 335 1220 680
6688 3653 515 1300 660
6885 3571 613 1280 660
6911 3565 613 1280 660
6900 3565 617 1280 660
6957 3552 622 1260 670
7071 3533 634 1280 680
7223 3578 630 1280 680
7379 3674 627 1280 680
7545 3803 625 1290 680
7717 3932 620 1270 690
7849 4043 622 1290 700
7938 4143 628 1290 700
7999 4210 636 1280 710
8014 4251 639 1280 710
7992 4274 627 1300 720
7945 4302 624 1300 720
7864 4324 625 1300 720
7771 4301 633 1300 720
7670 4249 633 1330 730
7560 4131 636 1330 730
7454 3976 628 1330 730
7351 3797 633 1350 720
7282 3626 634 1350 720
7266 3502 643 1350 720
7285 3410 671 1350 720
7359 3350 678 1330 730
7465 3323 676 1330 730
7593 3318 675 1300 720
7738 3352 666 1280 720
7890 3421 673 1280 720
8046 3513 671 1280 720
8174 3622 670 1280 720
8297 3767 650 1280 720
8417 3936 637 1250 730
8527 4115 636 1250 730
8609 4245 638 1250 730
8671 4343 638 1250 730
8696 4363 641 1270 740
8696 4337 667 1270 740
8690 4280 688 1270 740
8665 4160 700 1300 730
8641 4020 705 1320 740
8623 3866 722 1320 740
8612 3718 733 1320 740
8630 3609 746 1320 740
8667 3527 763 1350 730
8728 3477 754 1350 730
8811 3457 761 1320 740
8909 3457 751 1320 740
9034 3505 737 1350 750
9160 3591 733 1350 750
9288 3703 702 1320 750
9410 3846 691 1320 750
9527 3997 681 1320 750
9619 4153 685 1320 750
9677 4297 697 1350 760
9713 4355 694 1350 760
9718 4355 699 1350 760
9709 4348 714 1350 760
9691 4247 733 1350 760
9647 4085 727 1380 770
9583 3843 731 1380 770
9505 3577 754 1380 770
9438 3294 758 1380 770
9374 3035 754 1410 760
9318 2802 752 1380 770
9266 2586 757 1380 770
9208 2395 763 1380 770
9146 2203 750 1350 770
9081 2007 756 1350 770
9007 1838 754 1320 780
8927 1687 750 1320 780
8835 1572 759 1280 790
8727 1491 757 1240 790
8608 1433 765 1190 800
8473 1393 771 1140 800
8334 1383 773 1080 810
8191 1392 779 1020 810
8059 1434 779 960 800
7927 1522 779 900 800
7827 1641 782 900 800
7747 1809 779 900 800
7728 2034 725 900 800
7765 2297 453 900 800