133
1386 6064 1420 470 325
1303 5881 1400 470 348
1282 5930 1380 470 356
1282 5946 1370 460 361
1420 5989 1370 460 361
1635 6049 1360 470 361
1899 6137 1360 470 363
2204 6244 1360 470 364
2511 6365 1360 480 363
2780 6483 1360 480 366
3023 6575 1360 480 371
3242 6650 1360 490 371
3404 6708 1360 490 359
3529 6742 1370 500 332
3597 6761 1370 500 237
3606 6750 1360 500 50
3345 6490 1400 520 103
3050 6236 1400 520 165
2966 6125 1400 520 191
2923 5999 1400 520 212
2918 5812 1400 520 220
2942 5591 1400 520 222
2985 5346 1400 520 209
3049 5096 1400 520 216
3091 4851 1390 520 277
3119 4610 1390 520 359
3108 4455 1390 520 448
3074 4321 1390 540 509
3024 4202 1390 540 541
2935 4079 1370 540 543
2800 3954 1370 540 543
2633 3807 1360 550 546
2425 3647 1360 550 554
2264 3548 1360 560 546
2135 3504 1360 560 399
3538 4884 1390 550 188
3665 4797 1390 550 209
3665 4754 1390 550 232
3665 4715 1390 550 242
3675 4553 1390 550 252
3689 4399 1370 540 260
3734 4250 1390 540 282
3799 4177 1390 540 282
3916 4184 1370 540 292
4039 4245 1370 540 292
4166 4381 1360 540 297
4273 4515 1350 540 386
4311 4649 1340 550 468
4304 4765 1340 550 502
4246 4869 1340 550 515
4136 4966 1340 550 521
3990 5020 1330 540 521
3863 5008 1330 540 521
3768 4953 1330 540 517
3695 4870 1330 540 369
4597 4260 1380 510 538
4610 4182 1380 510 588
4593 4245 1380 510 588
4572 4245 1400 510 589
4645 4280 1410 510 592
4764 4346 1410 510 564
4913 4459 1410 510 540
5067 4590 1420 520 543
5191 4732 1410 520 546
5295 4883 1410 520 543
5338 5029 1410 520 561
5338 5134 1400 530 570
5312 5213 1400 530 567
5250 5231 1400 540 568
5153 5190 1400 540 570
5033 5111 1400 540 570
4926 4981 1400 540 560
4822 4825 1400 540 564
4753 4651 1400 540 570
4706 4515 1400 540 570
4706 4403 1390 540 578
4749 4308 1390 540 589
4823 4274 1390 540 595
4936 4302 1390 540 600
5100 4371 1390 540 597
5297 4491 1390 540 597
5497 4624 1390 540 595
5666 4765 1370 540 595
5814 4926 1370 540 602
5915 5067 1390 550 605
5978 5195 1390 550 605
6015 5286 1390 550 609
6022 5311 1390 550 608
6022 5292 1400 550 617
6013 5230 1400 550 613
5993 5086 1410 560 622
5973 4887 1410 560 630
5954 4683 1430 560 633
5967 4563 1430 560 645
6008 4498 1440 560 646
6068 4475 1440 560 659
6162 4513 1440 560 658
6281 4592 1450 560 656
6416 4715 1450 560 655
6522 4874 1450 560 655
6607 5057 1450 560 653
6677 5230 1450 560 650
6721 5403 1440 560 653
6731 5575 1440 560 656
6717 5662 1430 560 653
6701 5696 1430 560 647
6675 5696 1430 560 646
6641 5668 1430 560 647
6589 5588 1430 560 647
6537 5473 1430 560 649
6486 5317 1410 560 650
6462 5157 1430 550 650
6462 4995 1430 550 650
6484 4772 1440 560 653
6524 4504 1440 560 656
6567 4206 1440 560 650
6614 3854 1440 560 656
6660 3499 1440 560 655
6666 3182 1440 560 655
6646 2893 1440 570 656
6590 2625 1440 570 658
6499 2410 1440 570 658
6384 2231 1440 580 655
6224 2054 1440 580 645
6045 1935 1440 580 619
5854 1856 1440 580 616
5622 1837 1430 590 617
5417 1873 1430 590 617
5229 1946 1430 590 614
5083 2076 1430 590 608
4998 2262 1430 590 572
4953 2485 1430 590 546
4976 2715 1430 590 446