144
1590 4295 1270 450 270
1664 4234 1280 440 280
1671 4286 1290 450 287
1722 4323 1300 450 339
1802 4397 1300 460 396
1932 4495 1290 460 439
2134 4648 1280 470 464
2384 4862 1270 480 465
2681 5118 1270 490 466
2955 5345 1270 500 409
3213 5528 1270 500 334
3417 5683 1270 510 299
3539 5794 1270 510 296
3606 5867 1280 520 334
3606 5916 1280 520 333
3545 5916 1290 520 333
3450 5850 1290 520 333
3310 5737 1300 530 344
3158 5594 1300 530 376
2997 5446 1290 520 407
2900 5279 1290 520 415
2848 5102 1300 530 440
2825 4872 1310 520 445
2842 4592 1310 520 463
2897 4279 1310 520 465
2977 3927 1310 520 466
3073 3566 1310 520 473
3139 3198 1310 520 481
3184 2854 1310 540 530
3153 2561 1310 540 560
3064 2302 1300 540 600
2937 2039 1300 540 625
2788 1792 1300 550 633
2630 1605 1290 560 647
2465 1454 1270 560 642
2350 1382 1270 560 592
2280 1371 1260 570 425
2240 1401 1240 570 113
2447 2122 1230 580 55
2784 2501 1230 580 136
2933 2648 1240 570 161
3083 2759 1240 570 131
3474 2888 1250 560 103
3485 2846 1250 560 237
3470 2840 1260 560 315
3458 2840 1260 560 336
3458 2840 1250 550 340
3458 2834 1260 540 366
3491 2795 1260 540 409
3545 2726 1260 540 430
3624 2637 1260 540 455
3718 2587 1260 540 474
3821 2587 1260 540 490
3922 2611 1260 540 501
4024 2693 1260 540 535
4118 2830 1260 540 554
4205 3005 1250 550 561
4254 3164 1250 550 561
4254 3295 1250 550 545
4224 3407 1250 550 544
4152 3457 1250 550 537
4049 3415 1250 550 533
3925 3311 1250 550 546
3794 3121 1250 550 570
3672 2926 1250 550 574
3556 2784 1240 550 575
3533 2679 1240 550 538
3564 2659 1240 550 470
3630 2692 1240 550 237
4387 3290 1250 550 48
4537 3178 1250 550 275
4576 3132 1250 550 367
4603 3104 1250 550 400
4635 3064 1250 550 415
4680 3047 1250 550 414
4741 3047 1260 560 428
4811 3073 1260 560 448
4891 3139 1260 560 485
4976 3232 1260 560 509
5079 3365 1260 560 520
5191 3504 1260 560 512
5286 3646 1260 560 524
5342 3785 1260 560 513
5373 3870 1270 560 532
5365 3918 1270 560 540
5312 3918 1270 560 546
5229 3833 1270 560 540
5105 3700 1270 560 565
4982 3541 1280 570 600
4893 3366 1280 570 630
4827 3180 1280 570 639
4812 3042 1280 570 645
4845 2955 1280 570 640
4910 2903 1280 570 652
5021 2915 1280 570 661
5184 2999 1280 570 661
5381 3130 1300 560 662
5583 3324 1280 570 659
5786 3515 1280 570 659
5939 3687 1280 570 656
6059 3849 1280 570 658
6127 3965 1280 570 661
6155 4019 1280 570 661
6155 4031 1300 580 658
6147 4014 1300 580 670
6120 3896 1300 580 682
6082 3712 1300 580 699
6059 3514 1300 580 705
6059 3354 1300 580 708
6077 3220 1300 580 699
6132 3171 1300 580 696
6218 3194 1300 580 681
6324 3266 1310 580 641
6470 3448 1310 580 613
6609 3667 1310 580 589
6742 3912 1310 580 540
6843 4167 1310 580 530
6896 4387 1310 580 537
6916 4583 1320 590 594
6916 4622 1320 590 617
6911 4615 1320 590 627
6899 4577 1320 590 641
6881 4436 1340 600 643
6875 4254 1340 600 643
6890 4045 1340 600 643
6919 3840 1340 600 640
6980 3615 1360 600 643
7046 3376 1360 600 622
7120 3069 1360 600 617
7168 2739 1360 600 611
7199 2395 1380 600 613
7179 2081 1360 610 620
7101 1797 1360 610 636
6983 1534 1350 620 637
6805 1349 1330 620 649
6600 1225 1320 630 667
6377 1142 1320 640 702
6187 1142 1300 650 721
6068 1188 1280 650 728
5997 1261 1240 660 728
6005 1381 1220 670 722
6090 1586 1220 670 691
6225 1848 1210 660 560
6418 2117 1210 660 1