192
3975 5358 1420 580 491
3826 5411 1420 580 514
3783 5458 1430 570 517
3770 5466 1440 580 514
3776 5447 1440 580 521
3816 5435 1440 580 584
3912 5421 1440 580 624
4045 5427 1440 580 644
4313 5449 1440 580 647
4607 5478 1440 580 641
4919 5525 1440 580 642
5249 5585 1440 580 636
5580 5644 1460 580 624
5862 5704 1460 580 595
6112 5766 1470 590 570
6302 5827 1470 590 537
6419 5883 1490 590 541
6488 5923 1490 590 536
6488 5953 1510 600 540
6454 5982 1520 590 541
6387 6010 1520 590 546
6292 6023 1530 590 539
6192 6023 1540 580 537
6089 6023 1560 590 548
5997 6000 1560 590 553
5908 5965 1580 580 564
5821 5895 1580 580 574
5734 5769 1580 580 620
5650 5607 1580 580 656
5570 5344 1590 570 708
5488 4988 1590 570 745
5394 4569 1590 570 767
5294 4156 1570 580 788
5204 3785 1570 580 819
5132 3443 1560 590 853
5073 3127 1550 600 905
5009 2846 1540 600 923
4933 2589 1520 600 945
4850 2391 1510 610 933
4734 2221 1500 620 935
4610 2069 1500 620 934
4480 1955 1490 630 951
4352 1885 1470 620 951
4221 1845 1460 630 951
4088 1837 1460 630 950
3978 1865 1460 630 944
3875 1917 1440 620 936
3784 1989 1440 620 902
3699 2058 1440 620 843
3641 2123 1440 620 624
6234 3619 1430 570 578
6273 3691 1430 570 570
6264 3733 1430 570 509
6258 3780 1440 580 414
6279 3818 1440 580 415
6292 3851 1440 580 436
6282 3860 1450 590 447
6258 3854 1450 590 464
6211 3805 1460 600 501
6150 3715 1450 600 551
6079 3598 1450 600 594
6031 3490 1450 600 644
6023 3385 1460 620 668
6042 3281 1460 620 681
6108 3268 1460 620 688
6205 3252 1440 620 687
6322 3279 1440 620 687
6457 3336 1430 630 685
6567 3417 1430 630 687
6660 3504 1430 630 679
6717 3596 1430 630 664
6717 3688 1410 640 671
6672 3782 1410 640 663
6588 3877 1410 640 673
6471 3924 1400 630 687
6331 3939 1400 630 694
6198 3934 1400 630 700
6099 3909 1410 630 700
6022 3882 1430 630 693
5979 3851 1430 630 663
5979 3816 1440 620 488
7078 3322 1470 580 538
7056 3366 1470 580 584
7048 3383 1460 580 594
7040 3391 1470 590 616
7061 3391 1460 600 665
7114 3424 1450 600 690
7189 3465 1460 620 702
7291 3513 1460 620 691
7406 3574 1440 620 700
7529 3642 1460 630 699
7623 3716 1450 640 694
7701 3802 1450 640 688
7767 3888 1450 640 676
7821 3970 1460 640 662
7837 4051 1460 640 655
7827 4108 1460 640 646
7790 4151 1480 630 644
7739 4180 1480 630 645
7678 4185 1480 630 644
7610 4173 1480 630 644
7539 4124 1480 630 636
7467 4046 1500 640 649
7405 3950 1500 640 670
7361 3819 1510 630 702
7328 3686 1510 630 733
7322 3553 1510 630 750
7343 3449 1490 630 796
7382 3364 1490 630 796
7455 3293 1490 630 806
7533 3237 1480 630 808
7619 3196 1480 630 811
7709 3166 1480 630 809
7806 3144 1480 630 800
7911 3149 1450 640 790
8015 3171 1450 640 675
8117 3224 1450 640 478
8225 3305 1450 640 132
8658 4046 1450 640 572
8672 4078 1450 640 589
8672 4097 1460 630 589
8687 4114 1460 630 584
8707 4130 1460 630 594
8726 4140 1470 620 591
8726 4145 1470 620 594
8721 4145 1470 620 597
8711 4145 1470 620 606
8684 4101 1480 610 617
8646 4038 1480 610 661
8605 3937 1480 610 699
8569 3822 1480 610 733
8562 3698 1480 610 743
8571 3614 1480 610 763
8601 3546 1480 610 768
8651 3489 1470 620 779
8715 3466 1470 620 782
8790 3471 1470 620 780
8876 3494 1460 630 777
8970 3547 1460 630 774
9045 3619 1480 630 767
9111 3703 1480 630 750
9172 3818 1480 630 746
9219 3932 1480 630 743
9249 4029 1480 630 742
9267 4115 1500 640 742
9277 4178 1500 640 742
9287 4221 1500 640 743
9296 4251 1500 640 742
9296 4262 1510 640 742
9296 4267 1510 640 740
9296 4267 1510 640 734
9296 4257 1530 630 731
9296 4224 1540 640 731
9271 4172 1540 640 737
9240 4077 1540 640 743
9185 3912 1550 630 751
9108 3701 1550 630 791
9016 3427 1550 630 802
8903 3074 1540 640 821
8793 2669 1540 640 821
8688 2248 1540 640 824
8626 1881 1510 640 827
8591 1551 1500 650 858
8519 1282 1490 660 854
8448 1047 1460 670 861
8338 836 1420 680 860
8200 651 1390 690 863
8072 512 1370 700 876
7941 405 1350 710 878
7804 332 1300 720 884
7664 308 1280 720 885
7545 317 1220 740 884
7446 383 1180 730 879
7361 494 1150 740 870
7301 635 1110 740 861
7278 790 1080 740 858
7278 952 1050 750 843
7318 1118 1050 750 830
7394 1328 1050 750 823
7494 1534 1080 740 820
7617 1734 1110 740 820
7760 1895 1150 740 821
7915 2029 1180 730 824
8054 2131 1210 730 823
8165 2197 1260 720 821
8258 2240 1270 700 812
8306 2249 1290 700 806
8322 2244 1310 690 800
8317 2230 1330 690 797
8301 2195 1350 680 776
8283 2182 1370 670 691
8264 2193 1400 660 407