171
2263 6306 1350 800 281
2211 6289 1310 790 296
2188 6289 1320 780 294
2170 6289 1320 770 314
2203 6311 1350 750 341
2296 6339 1330 730 399
2428 6399 1330 710 440
2621 6466 1350 690 473
2834 6537 1330 670 501
3059 6586 1330 660 543
3253 6633 1330 630 569
3405 6674 1320 610 574
3530 6713 1320 600 577
3638 6746 1320 590 570
3720 6774 1320 570 564
3784 6798 1320 550 540
3810 6815 1310 540 394
3799 6827 1310 520 148
3298 6747 1320 510 63
3158 6601 1300 510 139
3099 6518 1300 510 215
3069 6387 1300 510 279
3058 6225 1300 510 349
3072 6024 1300 510 415
3092 5772 1290 510 472
3121 5487 1290 510 522
3153 5159 1280 520 572
3175 4862 1280 520 630
3191 4586 1270 520 685
3191 4374 1250 530 727
3173 4159 1240 530 771
3146 3943 1230 530 794
3083 3730 1220 540 823
2993 3549 1200 540 828
2886 3390 1190 540 834
2759 3218 1180 560 837
2605 3082 1170 560 842
2434 2969 1170 560 840
2292 2909 1160 560 840
2154 2898 1140 570 837
2045 2921 1140 570 828
1954 2972 1140 570 793
1906 3056 1140 570 705
1906 3161 1140 570 465
3823 4341 1170 550 10
3962 4397 1170 550 103
4005 4433 1170 550 163
4024 4433 1190 540 254
4024 4420 1190 540 335
4012 4389 1180 540 391
3989 4336 1180 540 440
3959 4261 1190 530 465
3925 4172 1190 530 512
3894 4062 1190 530 543
3865 3936 1210 530 569
3843 3799 1210 530 584
3843 3666 1210 530 594
3857 3582 1190 530 588
3900 3530 1190 530 594
3965 3522 1190 530 600
4044 3555 1180 530 603
4120 3616 1180 530 603
4182 3701 1170 530 606
4234 3800 1170 530 614
4257 3908 1170 530 620
4257 4010 1170 530 624
4238 4119 1170 530 638
4199 4232 1170 530 652
4138 4326 1170 530 664
4063 4379 1170 530 676
3980 4405 1170 530 697
3895 4394 1170 530 697
3808 4368 1170 530 700
3745 4331 1170 530 700
3718 4313 1170 530 690
3718 4304 1180 530 697
3747 4304 1180 530 610
3814 4287 1180 530 139
4513 4151 1200 520 246
4658 4040 1200 520 274
4716 4008 1200 520 374
4781 3977 1210 530 448
4850 3957 1210 530 514
4916 3945 1220 530 566
4987 3945 1220 530 595
5065 3967 1230 530 620
5150 4008 1230 530 620
5240 4072 1230 530 628
5316 4149 1230 530 633
5382 4235 1230 530 639
5432 4331 1240 540 641
5463 4429 1240 540 644
5480 4529 1240 540 637
5480 4611 1240 540 655
5454 4670 1240 540 673
5420 4715 1240 540 670
5377 4739 1250 540 675
5323 4739 1250 540 676
5262 4722 1250 540 678
5188 4674 1250 540 687
5118 4605 1240 530 693
5051 4523 1240 530 693
5001 4424 1240 530 702
4979 4310 1240 530 690
4979 4187 1240 530 694
5004 4082 1240 530 700
5059 3986 1240 530 705
5130 3897 1240 530 716
5228 3831 1240 530 716
5339 3799 1240 530 721
5458 3789 1240 530 719
5590 3813 1240 530 714
5729 3869 1240 530 710
5881 3946 1250 540 710
6013 4041 1250 540 705
6130 4143 1250 540 691
6244 4250 1240 540 685
6337 4375 1240 540 667
6417 4498 1240 540 670
6474 4593 1250 550 665
6507 4670 1250 550 667
6524 4693 1250 550 667
6524 4693 1250 550 667
6513 4673 1240 550 671
6496 4626 1240 550 666
6471 4553 1240 550 678
6451 4463 1240 550 697
6438 4363 1240 550 697
6438 4259 1240 550 710
6438 4160 1240 550 707
6456 4066 1240 550 705
6486 4008 1240 550 705
6532 3983 1240 550 707
6581 3983 1240 550 697
6636 4014 1240 550 699
6692 4081 1240 550 694
6742 4170 1240 550 691
6787 4282 1240 550 688
6821 4409 1250 550 687
6845 4547 1250 550 681
6863 4662 1260 560 684
6872 4735 1260 560 684
6872 4781 1260 560 690
6860 4787 1260 560 684
6847 4757 1260 560 687
6829 4704 1250 560 685
6807 4600 1250 560 691
6790 4447 1250 560 699
6775 4262 1250 560 702
6762 4027 1250 560 690
6749 3748 1230 560 694
6727 3441 1230 560 702
6699 3145 1230 560 711
6674 2886 1220 570 731
6633 2653 1220 570 736
6582 2460 1200 570 754
6511 2295 1200 570 760
6420 2150 1190 580 753
6316 2083 1190 580 768
6195 2083 1170 580 782
6078 2123 1160 570 788
5964 2222 1150 580 812
5885 2355 1150 580 818
5867 2511 1150 580 833
5889 2672 1130 580 833
5948 2838 1130 580 839
6034 3008 1140 590 837
6137 3167 1140 590 827
6284 3353 1140 590 796
6460 3557 1140 590 690
6654 3772 1140 590 391