132
3319 6174 311 1400 650
3157 6148 339 1410 630
3063 6193 348 1410 600
3057 6193 351 1420 580
3108 6174 361 1420 570
3198 6144 372 1400 560
3348 6132 392 1410 560
3540 6143 415 1400 550
3759 6170 430 1400 550
3969 6209 433 1400 550
4177 6248 433 1390 550
4384 6288 436 1390 550
4523 6329 433 1390 550
4614 6344 438 1390 550
4674 6344 440 1390 550
4684 6298 442 1390 550
4651 6171 474 1390 550
4589 5989 490 1380 550
4524 5710 488 1380 550
4441 5360 492 1380 550
4345 4964 489 1360 560
4235 4546 497 1350 570
4110 4206 515 1350 570
3976 3919 577 1320 580
3849 3722 624 1310 580
3716 3588 653 1290 590
3575 3496 671 1280 590
3429 3415 664 1260 600
3293 3370 679 1250 600
3158 3349 690 1230 610
3028 3371 690 1220 610
2902 3434 685 1200 620
2792 3525 678 1180 620
2721 3642 627 1160 630
2676 3774 515 1160 630
2724 3915 177 1150 630
5129 4825 591 1180 590
5266 4601 637 1180 590
5266 4584 644 1200 580
5118 4444 646 1200 580
5017 4222 644 1210 580
4946 4015 644 1210 590
4912 3887 641 1210 590
4919 3813 650 1210 590
4953 3789 670 1220 600
5015 3805 673 1200 600
5113 3848 673 1200 600
5236 3948 671 1220 610
5388 4092 668 1210 630
5519 4266 664 1220 630
5637 4433 665 1220 630
5699 4580 665 1240 640
5709 4713 662 1240 640
5685 4828 667 1240 640
5617 4897 670 1240 640
5530 4935 665 1240 640
5431 4928 661 1250 640
5324 4889 627 1250 640
5257 4828 443 1250 640
6539 4186 537 1300 620
6520 4135 589 1300 620
6471 4135 592 1300 620
6410 4135 594 1290 630
6415 4129 588 1290 630
6470 4121 588 1290 630
6557 4146 606 1290 640
6676 4195 642 1290 640
6809 4258 658 1290 640
6952 4330 673 1280 650
7090 4407 666 1280 650
7239 4502 672 1280 650
7377 4600 675 1280 660
7504 4700 678 1280 660
7592 4782 678 1280 660
7634 4842 685 1280 660
7644 4888 685 1280 660
7611 4925 688 1300 670
7538 4956 685 1310 670
7439 4948 688 1310 670
7300 4917 690 1330 670
7160 4830 690 1330 670
7018 4698 693 1350 670
6891 4535 697 1350 670
6768 4343 699 1350 670
6709 4184 696 1350 670
6691 4046 699 1350 670
6720 3964 705 1350 670
6803 3916 724 1350 670
6921 3891 720 1350 670
7049 3897 724 1350 670
7204 3941 728 1330 660
7377 4011 728 1310 670
7556 4115 730 1310 670
7747 4233 731 1310 670
7947 4360 731 1310 680
8099 4472 733 1310 680
8227 4581 734 1310 680
8340 4650 731 1290 680
8407 4695 733 1310 690
8433 4695 737 1310 690
8433 4695 758 1310 690
8414 4648 759 1330 700
8393 4579 767 1330 700
8370 4478 770 1350 710
8354 4376 771 1350 710
8366 4273 779 1350 710
8397 4210 785 1350 710
8460 4172 800 1350 710
8548 4166 800 1350 710
8653 4208 796 1350 710
8803 4282 788 1350 710
8971 4394 794 1350 710
9152 4513 779 1350 710
9291 4637 771 1350 710
9406 4763 773 1370 710
9506 4839 780 1370 710
9556 4882 790 1370 710
9582 4874 788 1370 710
9591 4776 799 1420 710
9548 4619 817 1420 710
9452 4323 831 1420 710
9320 3935 827 1420 710
9131 3486 831 1440 720
8904 3036 827 1440 720
8652 2632 846 1420 720
8367 2260 867 1420 720
8049 1920 872 1400 730
7709 1658 893 1380 740
7399 1447 882 1350 750
7130 1352 840 1320 750
6887 1352 722 1230 760
6722 1409 440 1180 750