126
2410 2587 286 1370 440
2438 2614 389 1390 450
2428 2632 399 1400 470
2421 2637 420 1420 480
2421 2637 433 1430 490
2421 2637 420 1440 500
2421 2637 425 1450 510
2427 2627 441 1460 520
2433 2587 475 1460 520
2439 2528 520 1460 520
2448 2434 559 1460 520
2456 2295 594 1460 520
2456 2126 620 1450 530
2456 1954 641 1450 530
2467 1782 655 1450 530
2483 1610 669 1430 530
2509 1471 694 1420 540
2551 1354 697 1420 540
2603 1243 710 1430 550
2676 1159 722 1430 550
2763 1092 728 1410 560
2858 1051 720 1400 560
2967 1034 720 1400 580
3080 1034 724 1390 580
3188 1067 727 1380 590
3290 1122 728 1380 590
3374 1192 731 1360 600
3446 1301 728 1350 600
3511 1427 728 1340 610
3564 1564 725 1340 610
3601 1731 728 1340 610
3627 1896 731 1350 600
3649 2043 733 1350 600
3665 2180 736 1360 600
3678 2299 739 1380 590
3687 2378 746 1380 590
3696 2431 754 1390 580
3696 2453 782 1400 580
3689 2460 784 1400 560
3689 2460 785 1410 560
3689 2441 793 1430 550
3682 2370 785 1440 540
3673 2263 790 1420 540
3678 2130 797 1430 530
3688 1994 806 1450 530
3703 1853 811 1450 530
3719 1708 821 1450 530
3737 1584 817 1430 530
3756 1473 825 1440 540
3791 1371 833 1440 540
3830 1277 836 1430 550
3889 1188 840 1410 560
3960 1130 845 1400 560
4048 1099 846 1400 580
4141 1085 848 1390 580
4240 1103 848 1380 590
4335 1149 848 1360 600
4416 1215 846 1350 600
4489 1321 842 1340 610
4555 1445 840 1340 610
4612 1580 837 1320 610
4662 1728 842 1350 620
4713 1871 842 1350 620
4753 1991 845 1360 610
4785 2096 848 1360 610
4796 2176 851 1360 600
4796 2251 860 1380 590
4796 2295 867 1390 580
4783 2320 869 1400 580
4774 2327 866 1420 570
4764 2327 860 1430 560
4754 2298 863 1440 560
4744 2249 866 1450 550
4733 2147 857 1460 540
4733 2030 869 1470 530
4733 1903 882 1480 530
4733 1769 890 1480 530
4733 1647 899 1470 530
4733 1533 906 1460 540
4749 1436 892 1450 550
4787 1339 902 1450 560
4839 1255 906 1440 570
4922 1180 908 1430 570
5010 1126 909 1430 590
5113 1088 911 1420 590
5224 1062 912 1410 600
5338 1050 912 1410 610
5448 1056 911 1400 620
5546 1074 900 1370 630
5637 1106 906 1370 650
5712 1153 888 1350 650
5774 1211 870 1330 660
5827 1291 857 1350 670
5846 1371 867 1350 670
5840 1454 866 1330 670
5817 1538 866 1350 680
5763 1592 869 1350 680
5690 1616 854 1350 680
5605 1616 872 1350 680
5521 1592 888 1350 680
5464 1545 906 1370 670
5426 1485 908 1370 670
5412 1413 927 1370 670
5424 1338 939 1370 670
5454 1263 947 1370 670
5517 1203 951 1390 670
5602 1152 941 1390 670
5702 1125 894 1370 670
5810 1115 787 1370 670
5911 1115 392 1370 670
4131 1855 532 1460 540
4091 1842 589 1470 530
4068 1860 617 1480 510
4068 1881 673 1490 510
4068 1881 721 1500 510
4068 1881 774 1510 500
4068 1886 794 1510 500
4075 1886 827 1520 510
4113 1886 869 1520 510
4173 1886 887 1520 510
4273 1886 897 1520 510
4393 1886 914 1520 510
4527 1902 918 1520 510
4693 1915 914 1520 510
4841 1928 892 1520 510
4977 1928 771 1520 510