128
2626 2545 216 1550 510
2626 2545 381 1530 520
2626 2545 407 1510 510
2626 2545 409 1510 510
2626 2545 417 1500 520
2626 2545 415 1480 530
2626 2545 427 1480 530
2626 2545 449 1470 530
2625 2519 471 1460 530
2615 2484 502 1460 530
2607 2431 540 1460 530
2607 2345 564 1460 530
2613 2237 591 1460 530
2630 2093 625 1460 530
2656 1943 650 1450 540
2687 1781 670 1450 540
2723 1612 700 1440 540
2762 1480 717 1440 540
2806 1372 728 1430 550
2864 1269 751 1440 560
2931 1183 761 1430 560
3014 1109 756 1420 570
3116 1064 762 1430 570
3231 1045 768 1420 580
3340 1045 768 1410 590
3442 1064 768 1390 600
3538 1105 768 1380 600
3629 1159 762 1360 610
3711 1250 765 1360 610
3787 1357 763 1350 620
3839 1474 760 1350 620
3878 1604 759 1330 620
3907 1749 765 1350 620
3929 1903 768 1350 620
3939 2016 770 1350 600
3939 2101 774 1360 600
3934 2167 780 1360 600
3925 2198 791 1380 590
3915 2223 787 1390 580
3915 2230 796 1390 570
3915 2230 796 1400 560
3915 2208 787 1410 560
3915 2144 796 1410 550
3915 2050 806 1420 540
3915 1940 821 1430 530
3926 1824 824 1430 530
3935 1703 834 1430 530
3948 1588 848 1430 530
3964 1490 857 1430 530
3987 1401 869 1420 540
4030 1311 857 1410 550
4086 1229 863 1410 560
4168 1152 863 1400 560
4256 1097 864 1390 570
4352 1064 863 1390 580
4451 1047 863 1380 590
4551 1058 866 1380 600
4653 1093 863 1360 610
4757 1144 854 1350 620
4844 1224 863 1350 630
4919 1323 854 1330 630
4981 1435 849 1330 630
5031 1557 848 1330 630
5073 1685 851 1330 630
5106 1816 854 1370 630
5130 1914 855 1380 630
5147 1992 857 1400 620
5156 2057 861 1400 620
5156 2104 855 1410 610
5156 2131 866 1420 610
5151 2145 864 1440 600
5151 2145 853 1460 580
5151 2134 854 1470 580
5151 2121 857 1480 570
5151 2059 858 1490 560
5151 1977 866 1500 550
5151 1883 872 1510 540
5137 1771 884 1510 540
5124 1656 894 1510 540
5111 1553 899 1500 550
5111 1460 905 1490 560
5135 1373 906 1480 570
5176 1295 906 1490 580
5252 1223 905 1470 590
5356 1171 903 1460 600
5478 1137 893 1450 600
5611 1116 878 1440 610
5748 1108 869 1440 620
5891 1115 861 1430 630
6002 1131 863 1410 640
6092 1159 846 1400 660
6163 1198 824 1390 670
6201 1244 827 1390 680
6216 1300 814 1390 680
6190 1363 808 1390 680
6136 1432 808 1390 680
6062 1482 817 1390 680
5997 1505 830 1410 680
5937 1510 830 1410 680
5896 1498 858 1410 680
5865 1466 872 1410 680
5840 1421 900 1410 680
5833 1359 906 1410 680
5833 1285 920 1410 680
5861 1203 932 1410 680
5905 1137 939 1410 680
5963 1091 941 1410 680
6037 1058 936 1430 690
6127 1042 911 1430 690
6227 1049 863 1430 690
6336 1071 763 1430 690
6436 1103 455 1430 690
4386 1835 650 1460 540
4386 1835 687 1470 530
4359 1839 684 1470 520
4364 1846 690 1490 510
4364 1846 745 1490 510
4364 1846 791 1500 510
4364 1855 803 1500 510
4364 1855 823 1510 510
4382 1855 852 1530 520
4416 1860 899 1540 520
4509 1860 926 1540 520
4641 1860 935 1540 520
4798 1860 946 1540 520
4937 1867 943 1540 520
5056 1867 892 1540 520
5161 1867 731 1540 520