173
3129 5052 433 1350 800
3120 4971 448 1350 800
3069 4937 452 1310 790
3002 4913 448 1320 780
2961 4737 458 1320 770
2926 4510 468 1300 750
2903 4250 477 1300 730
2889 4028 492 1280 710
2905 3751 510 1270 690
2941 3437 540 1280 680
2979 3174 562 1260 660
3024 2997 574 1250 640
3082 2878 589 1240 630
3142 2794 594 1230 610
3205 2738 608 1240 600
3269 2702 613 1230 580
3333 2707 616 1210 560
3398 2784 614 1210 550
3476 2910 613 1210 550
3575 3107 613 1200 540
3687 3356 613 1200 540
3786 3641 619 1200 540
3869 3974 616 1180 540
3940 4276 624 1180 540
3994 4558 628 1180 540
4023 4702 634 1180 540
4036 4780 640 1190 530
4036 4814 668 1190 530
4027 4829 682 1210 530
4018 4839 690 1210 530
4018 4839 693 1220 530
4018 4832 699 1220 530
4018 4791 702 1220 530
4029 4728 694 1230 520
4029 4644 700 1230 520
4034 4531 707 1230 520
4027 4400 713 1240 520
4017 4240 713 1240 520
4006 4065 719 1240 520
4006 3879 722 1240 520
4006 3687 721 1240 520
4032 3520 725 1240 520
4067 3371 739 1230 520
4112 3218 742 1230 520
4159 3084 740 1220 530
4215 2963 742 1220 530
4277 2873 742 1210 530
4332 2815 739 1210 530
4384 2779 739 1200 540
4435 2756 739 1200 540
4486 2764 736 1200 540
4539 2793 736 1190 540
4598 2859 734 1190 540
4665 2964 733 1170 550
4744 3095 733 1170 550
4831 3272 731 1180 560
4909 3463 731 1180 560
4976 3663 733 1180 560
5036 3821 737 1180 560
5076 3937 740 1180 560
5102 4025 740 1180 560
5118 4097 746 1210 560
5123 4168 745 1210 560
5123 4237 749 1210 560
5118 4307 749 1210 560
5112 4376 751 1210 560
5106 4438 749 1220 560
5106 4480 751 1220 560
5100 4509 749 1220 560
5100 4535 749 1240 550
5100 4559 749 1240 550
5100 4578 749 1240 550
5100 4591 749 1240 550
5100 4600 749 1250 550
5100 4606 752 1250 550
5100 4612 751 1250 550
5100 4623 752 1250 550
5100 4637 752 1250 550
5100 4642 752 1250 550
5100 4642 752 1250 550
5100 4642 752 1250 550
5100 4642 752 1250 550
5100 4642 752 1250 550
5100 4642 752 1250 550
5100 4627 752 1250 550
5100 4604 755 1250 550
5109 4569 758 1250 550
5114 4528 760 1250 550
5114 4488 763 1250 550
5123 4430 750 1250 550
5123 4360 750 1250 550
5123 4245 750 1250 550
5123 4124 753 1250 550
5123 3990 754 1250 550
5123 3848 754 1250 550
5148 3700 759 1250 550
5167 3587 763 1250 550
5184 3499 763 1240 550
5210 3398 767 1240 550
5242 3292 771 1240 550
5278 3183 773 1240 550
5327 3120 774 1220 560
5379 3058 771 1220 560
5435 3001 768 1220 560
5497 2973 770 1210 560
5562 2961 770 1210 560
5628 2982 770 1210 560
5697 3039 771 1200 570
5774 3120 771 1200 570
5848 3229 770 1200 570
5908 3347 771 1190 580
5960 3471 771 1190 580
5993 3558 771 1200 580
6007 3612 771 1200 580
6007 3645 773 1200 580
6007 3671 774 1200 580
5991 3693 774 1210 590
5976 3705 777 1210 590
5963 3715 776 1210 590
5950 3725 773 1210 590
5935 3730 773 1220 600
5918 3730 770 1220 600
5899 3720 773 1220 600
5874 3699 776 1220 600
5844 3664 777 1220 600
5812 3619 782 1220 600
5784 3564 784 1240 600
5764 3507 787 1240 600
5759 3447 790 1240 600
5759 3392 788 1240 600
5780 3340 793 1240 600
5802 3295 797 1240 600
5841 3258 797 1240 600
5891 3226 787 1240 600
5957 3194 790 1240 600
6016 3170 794 1240 600
6069 3152 794 1220 600
6126 3141 794 1220 600
6186 3133 796 1220 600
6250 3128 797 1220 600
6307 3134 796 1220 600
6360 3139 797 1210 590
6410 3146 797 1210 590
6455 3155 796 1220 600
6497 3160 799 1200 600
6529 3165 799 1200 600
6556 3165 799 1200 600
6579 3171 799 1200 600
6601 3171 797 1200 600
6617 3179 797 1200 600
6628 3179 796 1200 600
6634 3185 796 1200 600
6634 3185 788 1200 600
6634 3185 767 1200 600
6628 3185 645 1200 600
6614 3185 3 1200 600
4921 3866 130 1250 540
4867 3831 260 1260 540
4846 3831 304 1260 540
4823 3847 334 1260 540
4814 3847 371 1270 550
4814 3847 377 1290 550
4819 3847 418 1290 550
4829 3847 488 1300 550
4883 3847 543 1300 550
4964 3867 567 1310 550
5086 3893 595 1310 550
5225 3915 611 1310 550
5376 3933 611 1310 550
5499 3940 617 1320 550
5588 3940 611 1320 550
5655 3929 611 1320 550
5690 3921 543 1320 550