203
1084 2729 356 1480 530
1096 2768 440 1500 510
1087 2792 455 1510 500
1087 2792 453 1520 490
1079 2785 473 1520 490
1061 2758 514 1500 500
1036 2717 544 1490 510
1023 2665 580 1490 510
1015 2594 614 1470 510
1023 2511 655 1470 510
1041 2397 690 1460 520
1064 2259 713 1460 520
1085 2105 736 1450 530
1099 1967 754 1460 530
1109 1841 753 1460 530
1119 1723 759 1450 540
1133 1616 762 1460 540
1153 1535 759 1460 540
1172 1471 737 1470 550
1194 1428 592 1470 550
1105 1951 620 1630 570
1139 1945 668 1630 570
1121 2001 594 1630 570
1121 2011 577 1630 560
1121 1990 577 1620 560
1138 1979 591 1620 560
1161 1967 624 1600 550
1190 1953 664 1590 550
1246 1937 693 1580 550
1319 1918 714 1580 550
1410 1901 731 1560 550
1512 1893 721 1560 550
1621 1893 720 1550 540
1722 1893 731 1550 540
1802 1900 688 1550 540
1869 1908 591 1530 540
1920 1914 306 1530 540
2096 2783 215 1530 510
2133 2826 489 1530 510
2096 2836 486 1530 510
2016 2826 477 1530 510
1994 2786 488 1530 510
1978 2725 518 1530 510
1973 2661 595 1530 510
1979 2577 664 1530 510
1992 2481 731 1540 520
2009 2360 751 1540 520
2034 2227 796 1540 520
2061 2085 808 1530 530
2088 1966 814 1540 530
2114 1858 818 1530 540
2139 1757 815 1530 550
2169 1666 800 1530 550
2204 1595 731 1530 560
2248 1538 496 1530 560
2928 1856 361 1480 540
2928 1856 544 1480 540
2928 1856 556 1480 530
2899 1882 559 1480 530
2899 1882 566 1480 530
2906 1882 594 1490 520
2917 1882 606 1500 520
2917 1882 622 1500 520
2973 1854 647 1500 520
3018 1835 649 1520 530
3077 1822 650 1520 530
3149 1812 652 1520 530
3230 1818 656 1520 530
3291 1833 656 1530 530
3331 1853 655 1530 530
3358 1871 650 1530 530
3367 1891 637 1530 530
3349 1921 638 1530 530
3313 1956 628 1530 530
3248 1981 627 1530 530
3173 2000 630 1530 530
3090 2000 639 1530 530
3027 1993 650 1530 530
2980 1968 664 1530 530
2943 1938 684 1530 530
2925 1887 711 1530 530
2912 1823 739 1530 530
2922 1743 767 1520 540
2945 1660 794 1520 540
2986 1591 796 1510 540
3046 1533 799 1510 540
3119 1489 796 1500 550
3224 1467 763 1490 560
3326 1460 628 1480 570
3427 1468 117 1480 570
4194 2629 228 1500 500
4189 2582 356 1500 500
4181 2545 444 1510 490
4181 2481 533 1520 490
4181 2398 617 1520 490
4173 2310 669 1510 500
4162 2213 717 1520 510
4146 2110 758 1510 510
4131 2014 791 1530 520
4123 1925 815 1520 530
4123 1840 825 1520 530
4128 1758 842 1510 530
4142 1683 852 1520 540
4164 1612 854 1510 540
4212 1560 848 1500 550
4276 1524 793 1510 560
4363 1500 583 1500 570
5339 1706 468 1470 620
5391 1717 535 1470 620
5391 1743 526 1480 610
5396 1761 526 1500 600
5410 1787 532 1510 600
5410 1818 560 1530 590
5397 1836 614 1540 580
5384 1875 666 1550 580
5367 1928 694 1560 570
5346 1944 719 1570 570
5318 1954 727 1570 570
5284 1946 751 1580 560
5247 1928 777 1580 560
5209 1883 805 1590 550
5176 1823 829 1590 550
5165 1753 830 1590 550
5165 1676 832 1590 550
5201 1618 829 1580 560
5260 1574 820 1570 570
5336 1555 797 1570 580
5419 1555 782 1560 590
5502 1577 763 1550 600
5568 1608 736 1540 600
5622 1647 721 1540 600
5646 1691 710 1540 600
5646 1738 731 1540 600
5632 1774 752 1540 600
5632 1774 750 1540 600
5607 1786 757 1540 600
5594 1770 784 1530 610
5578 1721 800 1530 610
5558 1650 823 1550 620
5540 1569 819 1550 620
5525 1464 827 1550 620
5512 1344 827 1550 620
5496 1192 827 1550 620
5475 1053 827 1540 630
5453 924 827 1540 630
5436 831 834 1540 630
5415 771 860 1540 640
5390 733 894 1530 650
5361 725 902 1510 660
5319 748 923 1500 670
5269 791 941 1480 680
5212 854 945 1470 690
5157 917 950 1450 700
5111 980 934 1430 700
5081 1023 935 1430 700
5061 1061 950 1430 700
5050 1086 917 1430 700
5043 1103 836 1430 700
5043 1118 641 1430 700
6572 1819 608 1560 590
6625 1855 644 1570 580
6625 1886 647 1590 570
6639 1917 652 1600 560
6650 1940 691 1610 570
6650 1962 740 1620 560
6650 1983 770 1630 560
6638 2002 790 1630 560
6621 2015 796 1650 550
6598 2022 796 1650 550
6564 2022 797 1650 550
6527 2022 784 1660 540
6488 2005 785 1660 540
6451 1985 790 1660 540
6414 1939 797 1660 540
6376 1876 805 1660 540
6350 1790 809 1650 550
6341 1702 809 1650 550
6341 1628 812 1650 560
6360 1563 812 1640 570
6394 1521 811 1640 580
6438 1499 787 1630 590
6497 1490 773 1620 600
6560 1509 755 1620 610
6616 1542 751 1610 620
6664 1584 748 1600 630
6693 1641 749 1600 630
6708 1721 752 1600 630
6713 1817 751 1600 630
6713 1889 784 1600 630
6713 1930 797 1600 630
6713 1951 818 1600 630
6708 1951 823 1600 630
6708 1951 861 1600 630
6700 1920 892 1610 620
6684 1874 929 1620 610
6667 1798 937 1620 600
6667 1722 955 1630 590
6667 1656 967 1610 590
6690 1597 979 1630 590
6751 1549 977 1630 590
6837 1514 961 1620 600
6960 1489 900 1620 600
7074 1475 755 1620 600