191
958 2702 342 1520 480
1012 2726 436 1510 480
1012 2744 447 1490 490
1004 2744 463 1480 500
1004 2744 485 1480 500
1004 2744 512 1460 500
1004 2744 516 1450 510
1004 2744 553 1440 510
1004 2714 609 1440 510
1004 2671 656 1420 520
1012 2596 702 1420 520
1019 2484 731 1410 520
1025 2348 742 1410 520
1025 2191 763 1410 520
1030 2046 770 1410 520
1030 1908 777 1420 530
1030 1792 777 1420 530
1030 1695 776 1410 530
1037 1610 760 1420 540
1045 1560 641 1420 540
1063 1533 183 1440 540
1024 1936 339 1510 560
1060 1936 475 1510 560
1060 1936 467 1510 560
1060 1928 473 1510 560
1081 1922 485 1490 560
1113 1914 501 1500 550
1158 1905 561 1500 550
1207 1889 594 1500 550
1266 1867 624 1490 550
1333 1844 631 1500 540
1404 1829 633 1500 540
1469 1820 624 1500 540
1531 1820 580 1500 540
1576 1825 101 1500 540
1740 2654 176 1520 530
1740 2654 267 1520 530
1740 2654 339 1520 530
1708 2641 418 1520 530
1692 2615 504 1520 530
1679 2578 569 1510 530
1673 2520 641 1510 530
1673 2449 700 1510 530
1696 2335 739 1500 540
1725 2201 767 1510 540
1747 2055 790 1510 540
1760 1926 784 1500 550
1767 1812 785 1520 560
1775 1707 787 1510 560
1784 1621 785 1510 560
1796 1560 745 1520 570
1810 1517 519 1510 580
2468 1770 219 1490 580
2468 1770 468 1490 580
2455 1810 495 1500 570
2455 1810 497 1510 560
2464 1810 550 1510 560
2490 1810 589 1530 560
2528 1810 617 1530 560
2582 1797 624 1530 560
2640 1784 633 1540 550
2699 1778 634 1540 550
2756 1778 633 1540 550
2805 1783 633 1540 550
2851 1802 628 1530 540
2895 1829 627 1530 540
2925 1853 625 1530 540
2930 1882 613 1530 540
2917 1914 613 1530 540
2877 1945 609 1530 540
2816 1968 606 1520 540
2740 1979 614 1520 540
2669 1974 622 1520 540
2604 1959 647 1520 540
2564 1928 659 1520 540
2538 1880 688 1520 540
2529 1820 713 1520 540
2535 1739 725 1510 540
2552 1654 742 1510 540
2586 1585 749 1500 550
2624 1529 749 1490 560
2672 1481 751 1490 560
2741 1451 742 1480 570
2822 1432 650 1470 580
2944 1441 282 1470 590
3726 2562 396 1540 560
3730 2507 520 1530 560
3711 2500 512 1540 550
3685 2514 520 1550 540
3673 2487 537 1540 530
3660 2458 592 1540 530
3647 2425 646 1550 520
3637 2361 691 1550 520
3629 2277 749 1550 520
3629 2169 794 1550 520
3629 2061 819 1540 530
3620 1952 846 1530 530
3625 1853 855 1530 530
3632 1760 866 1520 540
3644 1673 854 1530 550
3662 1603 861 1520 560
3688 1545 863 1510 560
3730 1494 864 1510 580
3781 1450 854 1500 580
3839 1411 791 1490 590
3898 1384 510 1480 600
4927 1657 292 1430 640
4942 1714 332 1450 640
4923 1754 339 1460 630
4903 1789 393 1470 620
4883 1824 467 1480 610
4858 1858 533 1500 600
4831 1916 602 1510 600
4806 1944 644 1520 590
4781 1953 655 1530 580
4753 1953 681 1540 570
4716 1913 730 1540 570
4673 1851 756 1530 560
4638 1775 779 1530 560
4622 1705 779 1530 560
4622 1639 776 1530 560
4637 1594 771 1530 560
4683 1567 762 1520 570
4747 1552 758 1510 580
4831 1564 727 1520 590
4904 1587 691 1510 600
4970 1618 696 1500 600
5012 1654 697 1500 600
5029 1694 690 1500 600
5029 1738 711 1500 600
5019 1754 740 1500 600
5010 1754 752 1480 610
5002 1742 784 1480 610
4984 1676 790 1470 620
4959 1581 803 1460 630
4946 1468 808 1480 630
4936 1333 809 1480 630
4929 1183 806 1460 640
4909 1022 803 1480 650
4881 895 802 1480 650
4844 808 808 1470 650
4807 749 836 1470 650
4762 710 854 1470 650
4712 699 884 1480 670
4665 706 905 1460 670
4614 736 900 1430 690
4560 788 915 1410 700
4509 856 918 1390 710
4461 925 918 1390 710
4419 986 917 1370 710
4392 1042 911 1370 710
4376 1084 909 1370 710
4371 1108 818 1370 710
4371 1121 641 1370 710
6229 1850 540 1490 590
6235 1927 650 1520 590
6214 1949 678 1530 580
6193 1961 684 1540 570
6155 1971 691 1540 560
6105 1971 707 1540 560
6047 1971 730 1550 550
5994 1962 736 1550 550
5959 1937 742 1580 550
5933 1901 760 1580 550
5913 1840 779 1580 550
5894 1759 787 1590 550
5879 1666 797 1580 560
5879 1585 799 1570 570
5886 1520 802 1580 580
5908 1465 803 1570 590
5947 1427 799 1580 600
5997 1411 794 1570 610
6060 1411 784 1560 620
6126 1434 785 1550 630
6196 1474 767 1530 650
6253 1525 757 1520 650
6301 1594 756 1510 660
6322 1678 759 1510 660
6329 1771 784 1510 660
6329 1819 823 1510 660
6316 1839 842 1510 660
6308 1839 849 1510 660
6301 1832 882 1520 650
6289 1790 899 1530 650
6275 1725 914 1530 650
6275 1655 923 1540 640
6298 1591 926 1540 640
6332 1538 926 1540 640
6388 1491 914 1540 640
6448 1450 858 1540 640
6522 1414 614 1540 640