189
2762 2863 1380 440 195
2750 2893 1380 450 270
2735 2903 1370 460 335
2722 2910 1380 470 407
2712 2910 1380 480 478
2705 2916 1380 480 522
2697 2916 1380 490 537
2692 2916 1380 490 556
2687 2874 1380 490 588
2681 2810 1380 490 627
2676 2687 1400 500 659
2685 2563 1400 500 688
2697 2413 1400 500 702
2714 2246 1400 500 710
2722 2081 1410 500 721
2722 1934 1410 500 727
2722 1799 1400 510 731
2722 1678 1400 510 728
2727 1587 1400 510 669
2727 1516 1400 520 510
2727 1461 1390 520 41
2674 1863 1330 520 130
2761 1915 1340 510 427
2775 1934 1340 510 428
2766 1940 1350 510 443
2788 1932 1360 500 497
2814 1915 1370 500 539
2857 1887 1370 500 592
2908 1858 1380 490 617
2972 1830 1380 490 620
3037 1815 1410 490 625
3106 1806 1420 490 625
3174 1806 1420 490 602
3235 1821 1440 490 512
3291 1844 1440 490 287
3380 2753 1450 500 458
3427 2805 1450 500 510
3427 2818 1440 490 521
3427 2834 1440 490 539
3427 2834 1440 490 570
3427 2828 1440 490 603
3427 2782 1440 490 647
3427 2708 1440 490 673
3437 2602 1440 490 717
3450 2477 1440 490 752
3464 2340 1440 490 780
3478 2187 1430 500 790
3487 2053 1430 500 800
3492 1931 1430 500 802
3498 1815 1430 510 800
3505 1711 1430 510 785
3519 1615 1430 510 728
3540 1541 1420 520 559
4350 1971 1430 500 53
4310 1963 1430 500 369
4298 2009 1440 500 394
4288 2016 1450 500 399
4288 1998 1460 500 423
4303 1974 1460 500 467
4324 1949 1460 500 540
4365 1920 1460 500 578
4419 1890 1460 500 609
4485 1870 1460 500 617
4555 1858 1460 500 620
4630 1858 1460 500 624
4706 1879 1460 500 619
4780 1906 1480 500 617
4826 1940 1480 500 627
4853 1976 1480 500 630
4866 2014 1480 500 627
4856 2053 1480 500 611
4830 2091 1480 500 619
4777 2129 1480 500 611
4713 2148 1480 500 616
4641 2140 1480 500 627
4583 2115 1480 500 636
4527 2067 1480 500 649
4487 2013 1480 500 676
4458 1944 1480 500 711
4440 1866 1480 500 737
4440 1788 1470 510 763
4440 1716 1470 510 754
4465 1647 1460 520 756
4513 1604 1450 530 746
4577 1573 1430 530 688
4663 1550 1420 540 512
5475 2739 1490 510 372
5498 2682 1500 500 461
5443 2674 1500 500 453
5430 2662 1510 490 463
5445 2603 1510 490 468
5453 2515 1510 490 548
5453 2434 1510 480 627
5442 2332 1510 480 684
5442 2216 1510 480 730
5434 2093 1510 490 758
5434 1980 1510 490 785
5434 1873 1500 500 797
5441 1774 1490 510 803
5458 1693 1480 510 806
5482 1624 1460 530 800
5522 1577 1450 540 754
5573 1540 1450 550 513
6851 1762 1460 520 211
6871 1799 1470 520 339
6871 1842 1470 520 440
6858 1869 1470 520 533
6846 1886 1490 520 595
6827 1908 1490 520 636
6802 1933 1490 520 664
6772 1960 1490 520 693
6740 1985 1500 510 699
6706 2009 1500 510 722
6675 2019 1500 510 721
6645 2019 1490 510 728
6609 2005 1490 510 736
6569 1963 1490 510 751
6537 1905 1490 510 760
6519 1824 1490 510 760
6511 1747 1490 510 761
6527 1673 1480 510 758
6572 1618 1470 520 740
6636 1587 1460 530 730
6725 1573 1430 530 702
6816 1579 1420 540 693
6878 1595 1410 550 688
6921 1619 1410 550 681
6947 1653 1430 550 681
6953 1695 1430 550 684
6945 1742 1430 550 690
6922 1787 1430 550 703
6902 1809 1430 550 716
6889 1816 1430 550 717
6883 1808 1410 560 724
6878 1753 1410 560 721
6871 1667 1430 560 742
6871 1560 1430 560 757
6871 1424 1430 560 763
6881 1270 1430 560 761
6881 1096 1430 570 761
6881 953 1430 570 760
6863 830 1430 570 761
6837 742 1420 580 754
6803 687 1420 590 757
6760 655 1410 600 762
6701 655 1390 610 777
6631 684 1380 610 791
6558 736 1370 620 817
6487 794 1330 630 812
6422 861 1320 640 802
6373 934 1320 640 793
6334 1003 1300 650 754
6310 1069 1300 650 646
6310 1116 1300 650 304
8014 1914 1530 510 371
7991 1975 1530 510 477
7971 2018 1540 500 521
7954 2046 1540 500 553
7941 2061 1540 500 581
7908 2072 1540 500 616
7863 2072 1530 500 656
7818 2072 1530 500 670
7774 2045 1530 500 685
7732 2006 1530 500 721
7691 1939 1530 500 748
7655 1852 1520 510 768
7633 1751 1530 510 771
7619 1657 1530 520 773
7636 1594 1530 530 770
7674 1553 1520 540 753
7725 1530 1520 540 730
7800 1530 1510 540 699
7876 1537 1500 550 678
7950 1565 1510 560 673
7997 1605 1510 560 668
8030 1653 1510 560 668
8039 1718 1510 560 670
8039 1781 1510 560 678
8024 1840 1490 560 717
8017 1874 1490 560 754
8011 1893 1490 560 757
8011 1893 1490 560 773
7994 1853 1490 560 796
7973 1796 1490 560 823
7956 1714 1490 560 828
7956 1629 1500 550 834
7972 1560 1500 550 833
8008 1503 1500 550 794
8073 1450 1500 550 637