227
2645 6115 212 1160 490
2645 6115 214 1150 480
2621 6081 285 1150 480
2621 6042 369 1170 480
2621 5983 461 1170 480
2633 5886 516 1170 490
2645 5763 584 1190 490
2657 5633 641 1190 500
2657 5468 672 1190 500
2664 5279 714 1200 510
2664 5073 733 1210 520
2672 4866 751 1210 530
2679 4696 758 1190 530
2690 4551 755 1190 540
2703 4451 730 1170 550
2716 4383 678 1180 560
2724 4336 627 1180 570
2729 4336 594 1160 570
2729 4373 413 1150 580
2660 4901 103 1090 590
2660 5008 153 1090 590
2666 5035 253 1100 580
2671 5053 349 1100 580
2699 5076 446 1100 580
2740 5099 512 1120 580
2810 5121 577 1120 580
2908 5172 634 1130 580
3024 5214 685 1130 580
3166 5251 710 1150 580
3291 5286 724 1150 580
3405 5319 731 1150 580
3503 5349 727 1160 570
3585 5377 708 1160 570
3655 5399 637 1160 570
3699 5420 497 1170 560
3725 5441 120 1170 560
3595 6089 66 1170 540
3611 6193 186 1170 540
3611 6229 253 1180 540
3611 6271 329 1190 530
3611 6271 466 1190 530
3616 6249 546 1210 530
3623 6209 613 1210 530
3633 6112 697 1220 540
3645 5971 763 1230 530
3662 5802 794 1230 530
3684 5639 828 1230 530
3709 5471 851 1250 540
3734 5282 869 1240 540
3762 5080 858 1240 540
3784 4901 854 1230 550
3802 4760 869 1210 550
3824 4645 824 1200 550
3844 4580 761 1170 550
3865 4547 646 1160 550
3888 4536 452 1160 550
4477 4908 183 1130 540
4477 4908 247 1130 540
4434 4888 361 1140 550
4417 4888 466 1150 540
4399 4888 550 1150 540
4381 4888 606 1150 540
4370 4888 628 1150 540
4365 4888 628 1150 540
4365 4883 645 1150 540
4376 4874 646 1150 540
4401 4858 665 1150 540
4437 4844 681 1150 540
4491 4844 702 1170 540
4548 4854 702 1170 540
4611 4875 713 1170 540
4676 4908 727 1170 550
4741 4950 731 1170 550
4799 5002 727 1170 550
4852 5053 728 1170 550
4890 5100 730 1170 550
4913 5147 730 1180 560
4927 5200 730 1180 560
4922 5257 731 1180 560
4900 5315 731 1180 560
4866 5367 730 1190 560
4825 5391 728 1190 560
4769 5399 731 1190 560
4702 5384 742 1210 560
4637 5352 763 1210 560
4577 5308 757 1210 560
4533 5225 779 1210 560
4499 5163 783 1210 560
4478 5116 799 1210 560
4478 5040 827 1210 560
4489 4964 827 1200 550
4528 4888 840 1200 550
4586 4819 848 1200 550
4657 4754 858 1200 550
4751 4713 866 1170 550
4838 4684 854 1170 550
4919 4664 860 1170 550
4989 4650 858 1160 550
5051 4645 854 1160 550
5107 4645 854 1160 550
5155 4653 793 1150 550
5197 4671 670 1160 560
5234 4696 249 1160 560
5948 6095 264 1240 540
5955 6125 334 1250 540
5943 6134 405 1270 530
5938 6126 490 1280 530
5931 6107 562 1280 530
5922 6053 613 1300 530
5917 5976 650 1300 530
5917 5876 694 1310 520
5922 5760 737 1310 520
5932 5634 782 1310 520
5944 5499 818 1310 540
5953 5346 840 1310 540
5961 5180 863 1310 540
5968 5028 866 1310 550
5976 4885 869 1310 550
5989 4748 869 1300 550
6007 4678 849 1290 560
6028 4631 796 1270 560
6050 4600 724 1260 570
6073 4595 537 1240 570
6617 4982 60 1180 570
6657 5003 119 1190 560
6657 5021 208 1190 560
6657 5044 291 1180 560
6657 5056 353 1200 550
6649 5096 399 1200 550
6643 5154 405 1200 550
6634 5199 425 1210 550
6624 5242 455 1210 550
6615 5284 491 1210 550
6600 5315 515 1210 550
6580 5341 542 1210 550
6556 5356 563 1210 550
6526 5356 589 1210 550
6493 5342 609 1210 550
6463 5311 636 1210 550
6433 5255 671 1210 550
6404 5175 691 1210 550
6379 5080 728 1210 550
6363 4986 746 1210 550
6356 4891 757 1240 550
6356 4806 750 1220 560
6374 4727 759 1220 560
6396 4689 763 1220 560
6425 4673 771 1210 560
6459 4673 773 1210 560
6494 4698 774 1210 560
6529 4744 779 1210 560
6564 4803 779 1210 560
6591 4873 779 1210 560
6612 4942 780 1210 560
6630 5010 780 1210 560
6641 5051 780 1210 560
6647 5073 779 1210 560
6647 5064 780 1210 560
6647 5049 785 1210 560
6640 4991 790 1210 560
6631 4907 791 1200 550
6631 4807 800 1200 550
6631 4689 812 1200 550
6631 4559 832 1200 550
6625 4422 828 1210 550
6625 4268 842 1210 550
6617 4103 857 1200 550
6605 3954 866 1200 550
6586 3810 867 1210 560
6561 3669 858 1190 560
6529 3566 858 1190 560
6487 3488 860 1180 570
6439 3428 855 1160 570
6385 3390 855 1160 570
6331 3376 821 1150 580
6268 3376 760 1130 580
6200 3400 644 1130 580
6149 3439 515 1120 580
6121 3491 210 1120 580
7355 4828 176 1180 570
7468 4877 282 1190 560
7487 4891 396 1220 570
7487 4905 512 1230 560
7497 4917 578 1230 560
7497 4928 614 1240 570
7497 4945 644 1260 570
7497 4966 638 1260 570
7497 4994 644 1260 570
7497 5026 647 1280 570
7488 5060 650 1280 570
7478 5140 656 1280 570
7468 5187 668 1280 570
7449 5211 678 1280 570
7425 5223 693 1300 580
7394 5232 690 1310 570
7356 5218 699 1310 570
7314 5191 713 1310 570
7269 5149 731 1310 570
7227 5086 739 1310 570
7194 5009 757 1300 560
7171 4921 788 1300 560
7159 4838 783 1280 570
7168 4759 790 1280 570
7191 4707 800 1280 570
7224 4672 809 1270 570
7261 4648 815 1270 570
7305 4648 818 1270 570
7351 4658 821 1260 580
7397 4683 821 1260 580
7437 4717 820 1260 580
7473 4754 820 1260 580
7506 4794 821 1260 580
7534 4823 823 1240 570
7559 4836 826 1240 570
7581 4836 830 1240 570
7604 4829 834 1240 570
7630 4815 858 1230 580
7659 4785 906 1230 580
7692 4746 935 1230 580
7731 4695 946 1240 580
7773 4641 983 1260 580
7808 4586 977 1260 580
7839 4535 982 1240 580
7861 4501 982 1250 590
7879 4474 995 1250 590
7895 4467 947 1250 590
7908 4484 672 1260 600