252
3347 5927 51 1220 510
3302 5970 161 1230 490
3272 5990 247 1230 480
3237 6024 336 1230 470
3247 6068 436 1240 470
3194 6094 513 1240 470
3169 6117 560 1250 460
3183 6122 563 1250 460
3183 6116 600 1250 460
3220 6092 647 1260 460
3273 6017 675 1260 460
3332 5909 696 1260 460
3393 5760 699 1260 460
3457 5608 711 1260 460
3521 5455 721 1260 460
3585 5300 728 1250 460
3641 5187 731 1250 460
3692 5102 721 1240 470
3736 5034 721 1240 470
3766 4982 721 1230 470
3786 4942 733 1230 470
3795 4928 730 1220 470
3795 4928 724 1210 480
3795 4928 711 1210 480
3795 4947 661 1200 480
3795 4991 510 1200 480
3795 5054 119 1190 480
3790 5908 172 1190 470
3832 5976 260 1190 470
3820 6007 376 1200 470
3820 6021 498 1200 470
3820 6021 533 1210 470
3783 6022 569 1210 470
3746 5960 613 1220 460
3678 5860 633 1220 460
3590 5718 656 1230 460
3497 5575 672 1240 470
3405 5422 693 1240 470
3316 5262 694 1240 470
3235 5142 699 1250 470
3163 5035 705 1250 470
3124 4983 702 1240 480
3107 4963 696 1240 480
3112 4970 702 1240 480
3120 4975 688 1230 480
3162 5010 645 1220 470
3225 5065 448 1220 470
4114 6247 218 1200 460
4176 6201 245 1190 450
4193 6242 314 1200 450
4211 6222 414 1200 450
4239 6162 521 1210 440
4265 6094 583 1210 440
4290 6013 617 1210 440
4314 5923 634 1230 450
4350 5835 645 1230 450
4385 5772 640 1230 450
4419 5727 637 1240 460
4446 5685 636 1240 460
4472 5651 638 1230 460
4498 5623 619 1230 460
4522 5605 548 1220 460
4549 5605 144 1220 460
4850 6089 206 1190 470
4850 6089 310 1200 480
4850 6089 386 1200 480
4840 6115 440 1210 480
4809 6108 496 1210 480
4772 6097 514 1220 470
4732 6067 516 1230 480
4689 6025 526 1240 480
4646 5971 533 1240 480
4603 5923 538 1250 470
4575 5878 541 1250 470
4551 5844 544 1250 470
4534 5818 544 1260 470
4534 5818 537 1260 470
4509 5779 543 1250 470
4503 5759 548 1250 470
4498 5723 561 1250 470
4498 5677 605 1230 470
4498 5611 646 1230 470
4498 5519 700 1220 470
4498 5409 722 1210 470
4491 5281 751 1200 470
4480 5164 782 1200 470
4469 5055 788 1190 470
4459 4966 803 1180 460
4450 4889 812 1170 470
4441 4820 812 1170 470
4441 4788 811 1170 470
4435 4772 809 1160 470
4435 4767 802 1150 470
4440 4767 797 1150 470
4440 4781 794 1150 470
4445 4802 699 1150 480
4466 4866 276 1150 480
5369 5549 269 1170 490
5526 5543 338 1170 490
5493 5573 348 1170 490
5502 5629 438 1170 490
5502 5673 540 1170 490
5495 5712 605 1170 490
5479 5744 620 1180 490
5464 5776 620 1180 490
5439 5815 613 1190 490
5407 5856 619 1190 490
5376 5894 637 1190 490
5344 5906 646 1200 500
5312 5901 650 1200 500
5274 5879 661 1200 500
5233 5833 669 1220 500
5185 5770 691 1220 500
5139 5700 721 1220 500
5097 5598 754 1220 500
5063 5475 771 1220 500
5050 5356 793 1220 500
5050 5258 784 1220 500
5073 5173 793 1220 500
5117 5111 808 1220 500
5174 5081 812 1200 500
5264 5073 824 1200 500
5356 5096 821 1200 500
5449 5150 821 1190 500
5550 5226 821 1190 500
5652 5325 820 1180 510
5754 5428 818 1170 510
5839 5534 820 1170 510
5912 5630 818 1170 510
5959 5725 817 1170 520
5984 5817 814 1170 520
5993 5906 818 1170 520
5988 5953 818 1170 520
5977 5974 818 1200 520
5962 5988 818 1200 520
5941 5999 817 1210 520
5921 6006 818 1210 520
5906 6011 815 1220 510
5892 6011 812 1230 520
5878 6011 811 1240 520
5860 6011 809 1240 520
5838 5971 811 1240 520
5804 5915 814 1260 510
5762 5814 823 1260 510
5715 5706 822 1260 510
5669 5586 840 1270 510
5628 5464 855 1260 510
5597 5342 861 1250 510
5573 5246 867 1250 510
5567 5186 869 1230 510
5572 5149 864 1230 510
5578 5133 866 1210 510
5584 5133 869 1210 510
5595 5133 854 1200 510
5614 5159 869 1200 510
5644 5210 867 1190 510
5681 5280 866 1170 520
5712 5338 863 1170 510
5743 5396 860 1150 510
5772 5431 858 1150 510
5793 5451 858 1150 510
5809 5451 857 1160 520
5823 5451 855 1160 520
5836 5439 854 1160 520
5847 5416 857 1160 520
5860 5385 857 1160 520
5874 5341 858 1160 520
5892 5289 861 1170 530
5914 5240 863 1170 530
5942 5195 866 1170 530
5981 5154 867 1170 530
6026 5138 869 1170 530
6077 5138 853 1170 530
6131 5160 869 1170 530
6192 5200 853 1180 540
6258 5259 854 1180 540
6322 5332 855 1180 540
6371 5407 854 1180 540
6410 5477 854 1180 540
6426 5535 867 1180 540
6426 5587 866 1180 540
6406 5634 867 1180 540
6383 5655 864 1170 540
6346 5660 864 1170 540
6300 5646 866 1170 540
6256 5619 867 1170 540
6215 5583 867 1170 540
6180 5543 869 1170 540
6151 5498 869 1170 540
6128 5446 869 1170 540
6113 5391 855 1170 540
6108 5345 855 1170 540
6118 5306 857 1170 540
6137 5283 858 1170 540
6167 5272 863 1170 540
6201 5272 864 1170 540
6250 5289 861 1170 540
6307 5323 863 1170 540
6357 5368 860 1170 540
6398 5410 860 1170 540
6432 5447 858 1170 540
6453 5473 860 1170 540
6461 5487 861 1170 540
6461 5487 860 1170 540
6453 5487 857 1170 540
6439 5479 858 1170 540
6419 5449 860 1170 540
6401 5403 861 1170 540
6384 5339 860 1170 540
6371 5273 863 1170 540
6371 5220 863 1170 540
6385 5178 864 1170 540
6406 5151 872 1170 540
6440 5139 873 1170 540
6483 5139 872 1170 540
6546 5153 876 1170 540
6615 5190 873 1170 540
6695 5242 872 1170 540
6779 5310 870 1170 550
6863 5377 873 1170 550
6929 5444 873 1170 550
6983 5493 876 1170 550
7024 5530 876 1180 560
7045 5558 884 1180 560
7052 5565 890 1180 560
7047 5559 890 1180 560
7032 5559 888 1180 560
7011 5549 887 1190 560
6989 5523 888 1190 560
6971 5486 890 1190 560
6958 5440 896 1200 570
6945 5380 905 1200 570
6945 5312 892 1200 570
6945 5248 896 1200 570
6965 5184 900 1200 570
7000 5122 908 1200 570
7044 5086 911 1200 570
7090 5065 912 1200 570
7150 5056 908 1200 570
7217 5066 902 1210 580
7275 5089 906 1210 580
7318 5124 858 1210 580
7350 5163 664 1210 580
7043 5840 628 1210 550
7043 5769 685 1210 550
7029 5756 685 1210 550
7001 5756 702 1200 540
7028 5744 721 1200 540
7059 5719 736 1200 540
7096 5671 740 1200 540
7139 5636 722 1200 540
7186 5611 645 1200 540