277
3186 5882 1470 580 56
3174 5847 1470 580 96
3164 5859 1470 580 100
3177 5854 1470 580 103
3207 5825 1480 570 110
3242 5780 1470 580 113
3285 5707 1470 580 148
3335 5621 1470 580 186
3391 5526 1470 580 220
3451 5379 1460 580 230
3512 5209 1460 580 240
3577 5025 1460 580 237
3650 4846 1450 590 239
3728 4698 1450 590 242
3794 4570 1440 600 253
3853 4471 1440 600 269
3901 4394 1420 610 277
3939 4332 1410 610 282
3971 4280 1400 620 284
3991 4244 1380 630 282
4001 4218 1380 630 276
4001 4209 1370 630 264
4001 4209 1370 630 142
4212 5887 1420 580 88
4240 5905 1430 570 113
4213 5928 1430 570 119
4148 5928 1440 570 122
4121 5902 1460 570 122
4084 5858 1470 560 132
4041 5786 1470 560 146
3993 5713 1470 560 180
3940 5628 1470 560 191
3884 5537 1480 570 218
3827 5425 1470 580 235
3766 5312 1470 580 242
3702 5197 1460 580 262
3643 5089 1460 580 272
3586 4984 1450 590 280
3536 4880 1450 590 285
3493 4792 1440 600 274
3457 4716 1440 600 277
3425 4659 1420 610 282
3396 4610 1410 610 287
3368 4566 1400 620 286
3348 4533 1400 620 289
3335 4514 1370 620 286
3327 4505 1370 620 287
3327 4505 1370 620 279
3327 4505 1350 630 247
3327 4505 1350 630 200
3338 4505 1350 630 68
4901 5856 1450 590 139
4901 5856 1460 580 247
4901 5856 1470 590 260
4901 5856 1470 590 264
4901 5856 1470 590 264
4901 5856 1480 600 269
4938 5793 1480 600 274
4964 5746 1480 600 280
4995 5694 1470 610 289
5031 5634 1470 610 301
5065 5575 1470 620 306
5098 5516 1470 620 312
5124 5463 1460 630 312
5148 5422 1460 630 312
5171 5389 1460 630 307
5192 5365 1460 630 296
5214 5353 1460 630 241
5241 5348 1460 630 66
5728 5956 1480 630 137
5786 5991 1490 630 221
5781 6005 1490 630 247
5760 6024 1500 620 251
5741 6024 1500 620 254
5711 5995 1500 620 244
5673 5951 1510 610 257
5622 5881 1510 610 274
5565 5799 1510 610 282
5505 5709 1510 610 277
5448 5620 1510 610 296
5392 5522 1510 610 316
5336 5419 1510 610 332
5283 5294 1510 610 353
5235 5165 1500 620 371
5193 5031 1500 620 367
5163 4896 1500 620 376
5140 4777 1490 630 399
5115 4668 1480 630 418
5092 4577 1460 630 440
5073 4496 1450 640 440
5062 4421 1430 640 440
5062 4364 1420 650 449
5062 4321 1420 650 441
5074 4287 1400 660 399
5089 4271 1400 660 254
6038 5133 1420 660 63
6166 5238 1420 660 88
6195 5290 1440 670 94
6234 5348 1440 670 96
6260 5411 1460 660 149
6277 5462 1480 670 208
6268 5508 1480 670 251
6240 5535 1480 670 262
6200 5552 1490 660 284
6144 5545 1490 660 292
6083 5508 1510 660 312
6018 5451 1510 660 342
5955 5356 1510 660 341
5895 5252 1510 660 349
5841 5142 1510 660 358
5813 5055 1510 660 373
5802 4973 1510 660 371
5808 4894 1510 660 377
5829 4829 1510 660 381
5861 4777 1510 660 387
5903 4735 1500 670 396
5951 4718 1500 670 391
6008 4718 1500 670 396
6072 4741 1480 670 396
6151 4791 1460 670 392
6239 4866 1460 670 391
6340 4959 1460 670 393
6442 5073 1460 670 339
6542 5223 1460 670 276
6639 5398 1460 670 279
6736 5582 1460 670 284
6827 5752 1480 680 277
6914 5901 1480 680 306
6970 5998 1480 680 304
7004 6061 1520 680 315
7024 6083 1520 680 319
7024 6083 1530 670 335
7032 6083 1560 660 362
7013 6035 1560 660 393
6978 5946 1570 650 391
6932 5827 1600 660 392
6877 5693 1600 660 392
6817 5559 1600 650 396
6762 5423 1600 650 402
6710 5286 1600 650 400
6667 5172 1600 650 405
6634 5074 1600 650 412
6609 5001 1600 650 417
6589 4943 1570 650 418
6572 4894 1570 650 417
6558 4857 1570 650 417
6549 4839 1560 660 415
6549 4839 1540 660 415
6549 4839 1530 670 413
6556 4867 1530 670 407
6581 4918 1500 670 392
6624 5011 1500 670 398
6680 5119 1500 670 399
6760 5238 1480 670 388
6846 5342 1480 670 389
6923 5414 1500 670 394
6991 5466 1500 670 400
7031 5471 1500 670 409
7057 5445 1500 670 417
7074 5399 1520 680 431
7074 5314 1520 680 441
7060 5216 1520 680 441
7044 5110 1540 680 441
7027 5014 1540 680 441
7015 4938 1540 680 441
7015 4875 1540 680 440
7020 4827 1560 680 440
7035 4792 1560 680 438
7054 4765 1550 690 438
7078 4753 1550 690 431
7110 4753 1550 690 422
7147 4765 1540 700 420
7195 4800 1540 700 415
7248 4843 1540 700 409
7309 4892 1540 700 402
7378 4951 1540 700 397
7451 5016 1540 700 394
7522 5086 1540 700 391
7582 5149 1570 710 389
7636 5208 1570 710 389
7681 5258 1570 710 389
7718 5303 1570 710 389
7750 5347 1570 710 391
7769 5388 1570 710 391
7769 5426 1570 710 392
7761 5457 1570 710 396
7747 5475 1570 710 397
7727 5484 1580 700 399
7703 5484 1580 700 405
7668 5476 1580 700 405
7626 5453 1580 700 410
7579 5414 1580 700 418
7544 5370 1580 700 417
7512 5318 1590 690 427
7487 5260 1590 690 430
7466 5198 1590 690 431
7449 5141 1590 690 435
7436 5085 1590 690 438
7427 5036 1590 690 435
7427 4992 1590 690 436
7432 4960 1590 690 436
7444 4937 1580 700 440
7461 4919 1580 700 438
7479 4919 1580 700 436
7503 4919 1580 700 440
7535 4932 1580 700 438
7576 4958 1580 700 436
7622 5000 1580 700 436
7671 5052 1580 700 430
7724 5115 1580 700 415
7777 5190 1580 700 404
7830 5274 1580 700 397
7877 5354 1580 700 399
7920 5430 1580 700 402
7944 5476 1580 700 402
7955 5505 1600 700 405
7955 5505 1600 700 409
7955 5505 1600 700 422
7943 5478 1600 700 431
7917 5428 1600 700 436
7878 5343 1600 700 438
7842 5257 1600 700 438
7813 5172 1600 700 441
7793 5100 1600 700 440
7785 5037 1600 700 440
7785 4989 1600 700 444
7799 4954 1600 700 446
7819 4928 1630 700 444
7844 4913 1630 700 448
7876 4913 1630 700 449
7914 4913 1630 700 439
7957 4936 1630 700 449
8008 4970 1630 700 448
8067 5015 1600 700 448
8128 5066 1590 710 444
8190 5126 1590 710 430
8252 5193 1590 710 422
8309 5267 1590 710 410
8363 5339 1620 710 404
8401 5393 1620 710 404
8424 5436 1620 710 407
8438 5456 1620 710 412
8438 5456 1650 710 415
8438 5456 1650 710 420
8438 5456 1650 710 425
8405 5411 1660 700 435
8376 5356 1660 700 443
8345 5287 1660 700 448
8318 5217 1660 700 447
8307 5148 1660 700 453
8307 5088 1660 700 456
8321 5032 1660 700 465
8340 4985 1660 700 469
8367 4950 1660 700 468
8399 4922 1660 700 468
8429 4896 1650 710 461
8459 4880 1650 710 443
8484 4870 1650 710 359
8505 4870 1650 710 122
8278 6062 1680 680 103
8278 6062 1680 670 349
8250 6049 1680 670 373
8250 6057 1690 660 369
8250 6057 1690 650 368
8250 6057 1690 650 371
8273 6005 1700 640 362
8285 5975 1700 640 371
8302 5944 1700 640 374
8322 5905 1700 630 374
8343 5857 1700 640 372
8357 5817 1700 640 374
8366 5784 1700 640 374
8374 5770 1690 650 376
8374 5763 1690 650 379
8374 5763 1690 660 379
8374 5763 1710 660 372
8374 5763 1710 670 253