276
3378 5408 1050 470 242
3401 5491 1060 480 363
3387 5530 1070 500 402
3387 5548 1080 520 477
3387 5548 1090 520 561
3387 5553 1090 520 584
3395 5553 1090 520 614
3408 5525 1090 520 647
3453 5478 1100 520 678
3515 5373 1100 510 697
3580 5250 1100 510 727
3647 5115 1100 510 728
3719 4992 1100 510 742
3776 4878 1100 510 752
3822 4770 1100 510 763
3862 4693 1100 510 759
3892 4633 1100 510 760
3915 4585 1080 520 759
3933 4551 1080 520 756
3940 4538 1080 520 760
3940 4538 1070 520 700
3940 4538 1070 520 527
3928 4578 1070 520 148
3955 5496 1040 490 279
4004 5552 1050 490 344
3991 5563 1050 490 371
3979 5552 1050 490 394
3951 5526 1050 490 473
3911 5463 1070 490 522
3854 5355 1070 490 546
3781 5216 1070 490 568
3697 5079 1080 490 575
3611 4952 1080 500 583
3532 4832 1080 500 584
3485 4737 1080 500 583
3456 4689 1090 500 580
3456 4672 1080 510 567
3456 4672 1080 510 477
3474 4672 1080 510 317
4465 5663 1080 470 334
4436 5684 1080 470 381
4445 5684 1080 470 413
4455 5689 1090 470 477
4469 5689 1090 470 580
4491 5653 1090 470 645
4526 5601 1100 480 676
4569 5523 1090 490 708
4606 5434 1090 490 725
4645 5338 1090 490 740
4684 5251 1080 500 751
4715 5185 1090 500 752
4741 5133 1090 500 752
4763 5092 1080 510 751
4779 5061 1080 520 742
4791 5038 1080 520 685
4803 5030 1080 520 557
4817 5043 1090 520 209
5029 5609 1090 520 287
5054 5648 1090 520 392
5039 5648 1090 520 433
5018 5648 1090 520 456
4992 5648 1090 520 491
4962 5633 1090 520 504
4930 5603 1090 520 510
4895 5563 1090 520 512
4864 5528 1090 520 514
4840 5496 1090 520 517
4824 5478 1090 520 517
4812 5464 1090 520 515
4804 5454 1100 530 533
4798 5448 1100 530 540
4798 5440 1100 530 548
4798 5428 1100 530 570
4809 5406 1100 530 592
4819 5375 1100 530 634
4832 5329 1100 530 671
4844 5274 1100 530 700
4850 5209 1100 530 734
4850 5128 1100 530 770
4845 5036 1100 530 805
4833 4932 1100 530 827
4816 4829 1100 530 858
4803 4728 1080 540 864
4791 4652 1090 550 875
4784 4601 1090 550 876
4784 4567 1070 550 876
4784 4546 1070 550 873
4784 4536 1070 550 875
4784 4536 1060 550 864
4784 4536 1070 560 831
4789 4559 1070 560 728
4801 4597 1050 560 430
5953 5244 1090 520 139
5953 5244 1090 520 254
5933 5281 1090 520 353
5927 5303 1100 530 466
5927 5325 1100 530 557
5921 5350 1100 530 619
5916 5373 1100 540 646
5916 5395 1100 540 669
5909 5421 1110 550 697
5909 5449 1110 550 710
5898 5479 1110 550 721
5887 5504 1120 560 742
5873 5518 1120 560 758
5853 5524 1120 560 761
5824 5524 1120 560 753
5789 5508 1120 560 763
5740 5481 1120 560 751
5694 5428 1120 560 756
5649 5372 1120 560 757
5614 5309 1110 550 759
5584 5240 1110 550 773
5571 5163 1110 550 787
5571 5072 1100 540 788
5585 4972 1100 540 797
5623 4882 1100 540 800
5676 4808 1100 530 808
5743 4746 1100 530 814
5812 4719 1100 530 827
5884 4719 1100 530 822
5956 4733 1080 540 827
6034 4773 1080 540 834
6118 4845 1080 540 833
6208 4939 1080 540 834
6299 5043 1080 540 833
6385 5151 1080 540 833
6447 5263 1070 540 824
6496 5383 1070 550 817
6525 5483 1070 550 826
6534 5570 1070 550 821
6529 5637 1070 550 818
6514 5685 1070 550 818
6495 5721 1070 550 814
6472 5745 1070 550 812
6447 5762 1070 550 809
6423 5768 1070 550 811
6401 5768 1070 550 808
6384 5768 1070 550 806
6367 5757 1070 550 806
6347 5739 1090 550 806
6325 5698 1090 550 809
6300 5643 1090 550 821
6278 5553 1090 550 827
6259 5437 1090 550 854
6238 5304 1090 550 854
6215 5176 1090 550 873
6197 5072 1090 550 888
6185 4983 1090 550 903
6175 4903 1090 550 908
6166 4831 1090 550 892
6160 4765 1090 550 896
6160 4720 1090 550 896
6160 4697 1070 550 896
6160 4688 1070 550 896
6160 4688 1070 550 894
6160 4693 1060 550 893
6160 4702 1060 550 908
6171 4735 1060 550 896
6185 4789 1060 550 884
6203 4857 1060 550 863
6225 4924 1060 550 866
6249 4988 1060 550 852
6274 5047 1060 550 849
6295 5089 1060 550 846
6313 5121 1060 550 845
6328 5143 1060 550 840
6340 5161 1060 550 839
6351 5173 1060 550 837
6364 5182 1060 550 834
6379 5182 1070 550 836
6395 5182 1070 550 839
6413 5169 1070 550 842
6431 5150 1090 550 849
6442 5125 1090 550 860
6448 5099 1090 550 867
6448 5070 1100 540 855
6448 5039 1100 540 858
6448 5007 1100 540 863
6448 4975 1100 540 866
6443 4942 1100 540 867
6443 4910 1100 540 870
6443 4876 1100 540 869
6443 4840 1100 540 870
6443 4809 1100 540 869
6443 4780 1100 540 869
6448 4756 1100 540 869
6460 4735 1090 550 872
6485 4717 1090 550 873
6518 4709 1090 550 873
6564 4709 1070 550 873
6627 4716 1070 550 873
6700 4729 1060 550 875
6775 4757 1060 550 876
6856 4795 1070 560 882
6941 4848 1070 560 885
7001 4904 1070 560 884
7050 4962 1060 570 884
7092 5016 1060 570 887
7115 5065 1060 570 890
7115 5107 1060 570 888
7104 5157 1060 580 891
7079 5212 1060 580 891
7053 5249 1060 580 888
7025 5268 1070 590 888
6998 5275 1090 590 888
6967 5264 1090 590 885
6934 5246 1090 600 885
6902 5216 1110 590 885
6868 5168 1110 590 884
6832 5108 1110 590 885
6796 5030 1130 590 890
6777 4952 1130 590 897
6777 4876 1130 590 900
6787 4827 1130 590 897
6817 4795 1120 580 903
6852 4786 1120 580 906
6896 4802 1130 590 908
6943 4835 1130 590 905
6990 4890 1130 590 899
7033 4942 1130 590 897
7073 4992 1120 580 896
7095 5026 1120 580 896
7104 5045 1120 580 899
7104 5053 1120 580 896
7095 5053 1120 580 893
7080 5053 1120 580 891
7062 5031 1120 580 893
7047 5001 1130 590 894
7034 4951 1130 590 893
7029 4901 1130 590 893
7029 4848 1130 590 896
7046 4811 1130 590 897
7068 4784 1130 590 903
7100 4772 1130 590 905
7139 4780 1130 590 909
7185 4802 1130 590 908
7236 4841 1130 590 909
7288 4885 1130 590 909
7340 4933 1130 590 909
7388 4975 1130 590 909
7433 5020 1130 590 892
7475 5062 1130 590 908
7506 5102 1110 590 909
7529 5130 1100 580 892
7542 5148 1100 580 909
7549 5160 1100 580 892
7549 5160 1100 580 894
7549 5160 1100 580 893
7532 5150 1100 580 892
7511 5123 1100 580 894
7485 5085 1100 580 900
7461 5039 1100 580 911
7443 4991 1100 580 927
7433 4942 1100 580 947
7433 4891 1100 580 934
7449 4838 1100 580 964
7480 4780 1100 580 982
7513 4743 1100 580 994
7566 4721 1090 590 977
7632 4721 1090 590 982
7704 4728 1090 590 987
7773 4748 1070 590 982
7839 4807 1070 590 976
7905 4864 1070 590 944
7939 4921 1070 590 857
7954 4965 1070 590 638
7461 5521 1100 580 302
7496 5508 1100 580 491
7516 5508 1100 580 673
7534 5520 1120 580 754
7582 5508 1120 580 799
7629 5481 1110 570 823
7676 5445 1110 570 823
7711 5411 1110 570 754
7738 5387 1110 570 132