270
3197 6161 186 1150 500
3197 6161 301 1150 500
3160 6227 359 1150 500
3153 6232 428 1160 500
3153 6232 477 1160 500
3158 6232 535 1160 500
3158 6210 568 1160 500
3182 6173 611 1180 510
3214 6111 641 1180 510
3258 6027 676 1180 510
3307 5928 690 1180 510
3362 5787 714 1190 500
3421 5645 724 1180 510
3480 5503 730 1180 510
3530 5372 720 1180 510
3574 5277 721 1170 510
3607 5206 728 1170 510
3632 5152 730 1150 510
3652 5118 721 1150 510
3663 5097 727 1140 510
3663 5097 710 1140 510
3663 5097 681 1130 520
3663 5097 575 1120 520
3663 5136 265 1120 520
3777 6013 207 1120 520
3827 6088 306 1120 520
3821 6110 400 1130 520
3821 6121 544 1130 520
3805 6121 586 1140 510
3787 6121 606 1140 510
3742 6069 627 1150 510
3659 5991 656 1150 510
3550 5842 688 1170 510
3439 5687 707 1160 500
3330 5542 727 1160 500
3230 5406 748 1160 500
3161 5308 746 1170 510
3111 5249 745 1170 510
3091 5216 730 1150 510
3091 5216 720 1150 510
3111 5216 725 1140 510
3152 5224 696 1140 510
3197 5247 645 1130 520
3246 5283 407 1130 520
4239 6238 233 1100 480
4239 6238 338 1110 480
4232 6296 439 1110 480
4232 6306 532 1120 480
4232 6297 569 1130 490
4232 6290 641 1140 480
4259 6247 696 1150 490
4292 6179 721 1150 490
4331 6101 754 1170 500
4361 6025 760 1170 500
4388 5959 768 1170 500
4414 5900 771 1180 490
4434 5849 767 1180 490
4453 5811 765 1170 500
4471 5783 756 1170 500
4484 5766 749 1170 500
4495 5757 724 1160 500
4514 5757 617 1160 500
4536 5757 22 1160 500
4888 6248 153 1130 510
4944 6303 339 1130 510
4931 6318 443 1140 510
4918 6326 530 1140 510
4897 6326 569 1140 510
4871 6309 597 1150 510
4832 6280 613 1150 510
4779 6228 620 1170 510
4716 6180 614 1170 510
4669 6136 622 1170 510
4626 6099 630 1180 510
4592 6072 634 1180 510
4565 6051 641 1180 510
4545 6032 647 1180 510
4529 6017 638 1180 510
4519 6004 643 1180 510
4519 6004 649 1180 510
4519 6004 652 1180 510
4513 5975 658 1180 510
4513 5964 670 1180 510
4522 5950 670 1180 510
4532 5934 694 1170 500
4545 5907 717 1180 490
4560 5873 737 1180 490
4573 5832 759 1170 500
4581 5791 794 1170 500
4581 5748 817 1170 500
4581 5703 833 1160 500
4581 5650 869 1160 500
4567 5581 887 1140 500
4553 5503 900 1140 500
4540 5415 929 1130 500
4525 5324 940 1110 500
4507 5231 965 1110 500
4490 5147 985 1100 500
4475 5070 978 1100 500
4464 5001 987 1090 500
4455 4948 991 1090 500
4449 4905 993 1080 510
4449 4884 991 1080 510
4449 4876 991 1060 510
4449 4876 981 1060 510
4449 4876 991 1070 520
4449 4885 974 1070 520
4449 4900 937 1070 520
4461 4944 821 1070 520
4472 5014 316 1070 520
5842 5773 148 1110 500
5881 5826 212 1130 500
5893 5869 316 1140 500
5903 5913 413 1150 490
5913 5952 519 1160 490
5913 5988 595 1160 490
5913 6032 617 1160 490
5902 6060 638 1170 490
5881 6078 663 1180 490
5855 6095 688 1180 490
5823 6110 694 1190 500
5783 6117 707 1190 500
5737 6117 713 1190 500
5692 6102 725 1190 500
5644 6062 730 1190 500
5594 6005 722 1200 500
5550 5911 733 1200 500
5510 5796 751 1190 500
5492 5667 756 1190 500
5487 5563 767 1190 500
5502 5474 779 1180 510
5523 5396 790 1180 510
5556 5336 794 1170 510
5596 5300 788 1160 500
5643 5279 797 1150 500
5714 5292 800 1150 500
5799 5342 806 1130 510
5881 5418 808 1120 510
5964 5512 811 1120 510
6048 5610 808 1110 510
6136 5710 808 1120 520
6217 5820 809 1100 520
6293 5925 811 1100 520
6335 6000 811 1100 520
6354 6058 814 1120 520
6354 6093 815 1120 520
6354 6124 817 1140 530
6337 6146 818 1140 530
6321 6158 818 1150 520
6306 6168 820 1150 520
6292 6177 823 1160 520
6281 6182 823 1160 520
6270 6182 829 1170 520
6255 6182 830 1170 520
6238 6171 818 1190 510
6213 6150 822 1190 510
6184 6104 827 1200 510
6151 6042 837 1200 510
6120 5939 863 1200 510
6090 5819 869 1200 510
6063 5689 894 1200 510
6040 5586 906 1190 510
6024 5499 894 1190 510
6015 5424 900 1170 520
6010 5373 900 1170 520
6010 5342 900 1160 520
6010 5325 900 1160 520
6010 5325 903 1160 530
6016 5335 905 1160 530
6026 5353 909 1140 530
6049 5410 906 1130 540
6080 5471 905 1120 530
6111 5536 902 1110 530
6143 5597 900 1110 530
6176 5651 900 1100 540
6204 5693 900 1100 540
6228 5714 899 1100 540
6244 5722 899 1100 540
6254 5722 900 1100 540
6259 5722 902 1100 540
6266 5706 902 1100 540
6272 5682 908 1120 540
6272 5643 908 1120 540
6272 5596 908 1120 540
6278 5540 911 1120 540
6288 5486 912 1110 530
6305 5434 912 1110 530
6340 5382 911 1110 530
6385 5348 914 1110 530
6449 5326 908 1110 530
6520 5326 912 1110 530
6602 5362 912 1120 540
6684 5412 912 1100 540
6766 5482 911 1100 540
6848 5552 914 1100 540
6901 5622 912 1100 540
6935 5675 912 1110 550
6944 5717 912 1110 550
6934 5753 911 1110 550
6910 5791 908 1110 550
6875 5827 908 1110 550
6836 5838 906 1120 560
6793 5833 909 1120 560
6753 5812 909 1120 560
6715 5787 912 1120 560
6682 5748 914 1130 560
6654 5701 920 1130 560
6631 5642 921 1130 560
6612 5591 921 1150 550
6612 5545 924 1150 550
6617 5517 924 1150 550
6638 5497 926 1150 550
6666 5483 926 1150 550
6705 5483 924 1140 550
6755 5509 923 1140 550
6810 5545 921 1120 550
6856 5588 923 1120 550
6897 5631 921 1120 550
6920 5653 921 1110 550
6928 5663 923 1110 550
6928 5663 927 1100 550
6928 5663 927 1100 550
6922 5655 926 1100 560
6914 5640 927 1100 560
6902 5608 927 1100 560
6892 5567 930 1100 560
6892 5518 933 1110 570
6892 5469 933 1110 570
6892 5428 939 1110 570
6917 5393 942 1110 570
6949 5373 944 1110 570
6988 5367 945 1110 570
7043 5367 944 1110 570
7109 5395 944 1110 570
7186 5435 947 1110 570
7256 5484 942 1110 570
7321 5534 945 1110 570
7373 5583 948 1110 570
7415 5628 948 1110 570
7451 5668 951 1110 570
7468 5690 951 1110 570
7475 5702 935 1110 570
7475 5708 934 1090 570
7475 5715 937 1090 570
7475 5715 944 1090 570
7469 5715 950 1090 570
7458 5715 950 1090 570
7441 5697 952 1090 570
7421 5658 958 1090 570
7403 5605 971 1090 570
7387 5536 985 1090 570
7377 5465 977 1090 570
7392 5390 977 1090 570
7422 5312 982 1090 570
7472 5258 991 1090 570
7525 5221 990 1090 570
7600 5199 985 1090 570
7688 5213 978 1090 570
7765 5251 979 1090 570
7827 5305 948 1090 570
7878 5368 767 1090 570
7426 6193 575 1130 580
7464 6106 594 1150 580
7434 6118 644 1160 570
7434 6110 721 1180 570
7482 6096 770 1180 570
7527 6066 774 1190 560
7576 6028 763 1190 560
7615 5992 748 1200 550
7646 5962 225 1210 550