263
3349 5735 50 1190 480
3272 5808 146 1190 480
3227 5854 247 1170 490
3202 5893 334 1170 490
3182 5927 433 1170 490
3171 5953 510 1170 490
3166 5973 554 1190 480
3166 5982 561 1190 480
3166 5982 583 1200 480
3190 5973 614 1200 480
3230 5925 664 1200 480
3289 5850 700 1210 480
3350 5720 728 1210 480
3415 5576 737 1210 480
3480 5423 749 1210 480
3537 5279 754 1210 480
3589 5167 763 1210 480
3632 5076 774 1210 480
3662 5008 774 1210 480
3683 4955 780 1200 480
3696 4912 777 1200 480
3703 4888 773 1190 480
3703 4879 762 1190 480
3703 4879 700 1170 490
3708 4887 567 1170 490
3714 4937 287 1160 490
3755 5693 96 1120 480
3806 5775 276 1120 480
3814 5806 399 1130 480
3807 5831 472 1130 480
3801 5831 501 1130 480
3776 5815 543 1130 480
3738 5745 594 1130 480
3665 5633 638 1150 470
3581 5493 676 1150 470
3490 5325 705 1150 480
3401 5176 730 1150 480
3332 5040 727 1150 480
3276 4945 725 1150 480
3247 4892 725 1160 490
3238 4868 730 1160 490
3238 4868 700 1160 490
3256 4880 591 1160 490
3290 4898 387 1160 490
4300 5994 372 1160 470
4349 6057 470 1160 470
4349 6074 488 1170 470
4340 6074 548 1170 470
4346 6066 637 1180 460
4355 6011 699 1180 460
4370 5925 739 1190 460
4387 5828 763 1190 460
4405 5742 782 1180 460
4422 5672 793 1190 470
4438 5609 794 1190 470
4452 5557 794 1180 480
4463 5514 794 1180 480
4475 5477 791 1180 480
4483 5446 760 1170 480
4488 5425 647 1170 480
4499 5412 423 1150 480
4855 5870 312 1130 490
4897 5929 465 1150 490
4897 5943 581 1150 490
4888 5949 619 1160 490
4875 5949 641 1160 490
4852 5935 650 1180 490
4821 5903 659 1180 490
4778 5837 661 1190 490
4728 5769 673 1190 490
4673 5719 666 1190 490
4641 5682 667 1210 490
4615 5661 676 1210 490
4597 5649 682 1190 490
4587 5642 696 1190 490
4587 5642 697 1190 490
4587 5642 694 1180 490
4587 5642 700 1170 490
4587 5642 702 1170 490
4587 5642 702 1160 490
4596 5642 696 1160 490
4607 5642 722 1140 480
4624 5622 737 1140 480
4637 5580 771 1130 490
4647 5521 799 1120 480
4647 5437 824 1110 480
4641 5337 854 1110 480
4628 5226 902 1110 480
4604 5123 914 1110 480
4580 5025 941 1110 480
4558 4930 937 1120 490
4540 4848 947 1120 490
4528 4785 949 1120 490
4521 4736 955 1120 490
4521 4716 955 1120 490
4521 4707 953 1110 490
4521 4707 950 1110 490
4521 4707 950 1110 490
4527 4727 902 1110 490
4547 4760 785 1110 490
4575 4834 496 1110 490
5908 5456 252 1170 500
5908 5545 373 1160 500
5908 5595 472 1160 500
5914 5632 584 1160 500
5914 5665 652 1160 500
5914 5693 693 1170 510
5900 5715 707 1170 510
5880 5733 716 1170 510
5854 5747 724 1170 520
5824 5756 733 1170 520
5790 5756 725 1170 520
5756 5749 728 1170 520
5717 5716 733 1170 520
5673 5666 736 1170 520
5625 5604 742 1160 520
5579 5526 757 1160 520
5540 5438 767 1160 520
5506 5327 793 1160 520
5488 5213 800 1170 520
5480 5111 818 1170 510
5493 5018 829 1170 510
5520 4942 827 1170 510
5556 4887 832 1170 510
5611 4847 833 1160 500
5681 4831 845 1160 500
5760 4843 854 1150 500
5845 4873 854 1150 500
5924 4932 860 1150 500
6001 5016 863 1150 500
6089 5118 866 1150 510
6187 5238 866 1150 510
6290 5364 864 1150 510
6370 5495 866 1150 510
6434 5595 861 1140 510
6464 5675 858 1150 520
6476 5741 857 1150 520
6476 5780 857 1150 520
6466 5812 854 1150 520
6450 5834 854 1150 520
6430 5845 855 1160 520
6412 5851 854 1160 520
6395 5851 853 1170 520
6381 5851 869 1170 520
6361 5840 866 1170 520
6337 5812 869 1190 510
6310 5773 869 1190 510
6276 5717 857 1190 510
6237 5635 870 1190 510
6197 5536 896 1190 510
6160 5406 899 1190 510
6131 5276 911 1190 510
6111 5169 923 1190 510
6099 5078 930 1190 510
6093 5012 935 1200 520
6093 4968 941 1180 530
6093 4939 942 1180 530
6093 4933 945 1180 530
6093 4933 933 1160 520
6093 4933 934 1160 520
6093 4945 934 1150 520
6106 4984 951 1150 520
6120 5042 947 1150 520
6140 5104 932 1150 520
6163 5164 914 1150 520
6191 5224 909 1150 520
6217 5267 900 1150 520
6240 5295 897 1150 520
6262 5312 909 1150 520
6278 5318 908 1150 520
6291 5318 908 1150 520
6300 5318 908 1150 520
6309 5312 909 1150 520
6317 5298 909 1150 520
6324 5266 893 1150 520
6324 5223 894 1150 520
6331 5177 894 1150 520
6331 5136 894 1150 520
6344 5099 894 1150 520
6355 5058 896 1150 520
6371 5019 897 1150 520
6394 4982 897 1150 520
6424 4953 896 1160 530
6474 4930 902 1160 530
6537 4915 905 1160 530
6609 4926 902 1160 530
6693 4954 902 1160 530
6786 5007 902 1160 530
6872 5072 909 1160 530
6934 5146 909 1170 540
6981 5216 911 1150 540
7012 5273 917 1150 540
7018 5322 918 1150 540
7008 5365 918 1160 550
6986 5408 914 1160 550
6961 5434 914 1160 550
6934 5449 912 1170 560
6903 5441 912 1170 560
6870 5427 911 1170 560
6835 5400 908 1170 560
6802 5361 909 1170 560
6769 5312 911 1170 560
6736 5252 912 1170 560
6719 5186 915 1170 560
6713 5134 914 1170 560
6722 5096 917 1170 560
6748 5068 918 1160 550
6784 5057 923 1160 550
6833 5064 924 1160 550
6882 5084 929 1160 550
6931 5126 926 1160 550
6974 5172 924 1160 550
7014 5220 920 1160 550
7039 5251 918 1160 550
7049 5268 920 1160 550
7049 5277 917 1160 550
7043 5277 912 1170 560
7033 5277 911 1170 560
7020 5255 911 1170 560
7004 5216 909 1170 560
6990 5157 912 1180 570
6984 5104 914 1180 570
6984 5056 918 1180 570
7003 5023 924 1180 570
7030 5002 929 1180 570
7067 4988 932 1180 570
7119 4988 936 1180 570
7181 5005 935 1180 570
7234 5034 939 1180 570
7289 5076 938 1180 570
7349 5136 936 1180 570
7405 5208 935 1180 570
7458 5263 936 1180 570
7498 5317 939 1180 570
7526 5364 939 1170 560
7545 5401 942 1170 560
7558 5426 941 1170 560
7564 5436 951 1170 560
7564 5436 934 1170 560
7564 5436 951 1160 560
7548 5412 951 1150 550
7530 5373 934 1150 550
7506 5305 943 1150 550
7487 5233 967 1150 550
7478 5156 983 1150 550
7493 5075 1000 1150 550
7522 4989 1017 1150 550
7558 4925 1023 1150 550
7613 4877 1023 1150 550
7680 4860 1023 1150 550
7749 4860 1023 1150 550
7814 4878 1014 1160 560
7864 4919 968 1160 560
7906 4971 875 1160 560
7932 5031 526 1160 560
7481 5764 727 1190 560
7504 5662 760 1190 560
7504 5669 760 1190 560
7482 5669 817 1200 550
7513 5669 866 1200 550
7549 5645 858 1200 550
7591 5607 805 1200 550
7634 5568 349 1200 550