253
3684 5477 99 1300 540
3684 5477 101 1310 550
3684 5477 93 1320 550
3684 5477 91 1320 550
3684 5477 93 1320 570
3684 5477 98 1320 570
3684 5477 106 1340 570
3684 5477 95 1340 570
3684 5477 100 1340 580
3684 5477 103 1340 580
3716 5465 107 1350 590
3731 5465 113 1350 590
3749 5465 136 1350 590
3768 5465 148 1350 590
3791 5470 179 1350 590
3821 5478 178 1350 590
3855 5490 195 1350 590
3893 5507 220 1350 590
3934 5526 225 1350 590
3981 5547 253 1350 590
4030 5573 262 1340 580
4096 5603 276 1340 580
4171 5637 304 1320 590
4259 5672 307 1320 590
4347 5706 314 1320 590
4420 5734 314 1320 590
4482 5754 315 1320 590
4527 5768 317 1320 590
4554 5775 317 1320 590
4570 5775 322 1310 580
4570 5775 315 1310 580
4570 5775 311 1310 580
4570 5775 214 1310 580
4077 6097 73 1390 570
4077 6097 136 1390 570
4077 6097 136 1400 560
4077 6097 132 1410 560
4077 6097 130 1410 560
4077 6097 136 1410 560
4101 6060 136 1430 550
4101 6020 144 1430 550
4107 5970 136 1430 550
4107 5893 143 1430 550
4107 5800 149 1430 550
4107 5697 151 1430 550
4095 5597 173 1410 560
4076 5497 195 1410 560
4053 5394 242 1410 560
4028 5290 274 1400 560
3995 5183 317 1420 570
3956 5077 339 1400 580
3915 4971 344 1400 580
3870 4864 366 1390 580
3822 4765 372 1390 580
3783 4698 386 1380 590
3748 4653 386 1360 600
3719 4619 382 1340 600
3691 4590 382 1340 600
3666 4565 372 1320 600
3654 4554 356 1320 600
3654 4554 239 1310 610
4032 5222 56 1290 600
4114 5235 80 1310 600
4094 5242 106 1310 600
4120 5230 101 1310 600
4149 5203 108 1340 600
4188 5165 122 1340 600
4228 5119 153 1340 600
4267 5068 200 1340 600
4310 5016 230 1350 600
4356 4962 250 1350 600
4411 4906 277 1350 600
4471 4842 287 1350 600
4537 4773 276 1340 610
4604 4712 287 1340 610
4674 4657 304 1340 610
4742 4609 314 1320 610
4809 4568 339 1330 620
4858 4532 336 1330 620
4897 4498 339 1320 630
4933 4470 339 1320 630
4962 4446 338 1320 630
4985 4427 334 1300 630
5011 4420 247 1320 640
5039 4420 41 1320 640
5972 5921 177 1480 600
5972 5921 240 1480 600
5941 5959 249 1500 600
5928 5972 247 1510 600
5915 5967 251 1510 600
5901 5950 241 1510 600
5879 5923 250 1510 600
5844 5875 279 1500 580
5799 5813 292 1490 590
5738 5728 306 1510 600
5674 5639 314 1510 600
5608 5544 314 1500 600
5549 5458 314 1500 600
5498 5377 312 1480 610
5452 5313 306 1480 610
5419 5268 274 1470 620
5389 5235 136 1470 620
5458 5912 179 1430 620
5520 5924 175 1440 610
5531 5943 181 1440 610
5575 5917 183 1440 610
5619 5852 191 1450 600
5663 5760 217 1450 600
5701 5659 228 1450 600
5734 5526 249 1460 600
5760 5373 242 1450 600
5774 5287 244 1450 600
5781 5176 255 1450 600
5775 5049 270 1440 610
5759 4943 282 1440 610
5737 4846 277 1440 610
5706 4756 302 1430 620
5675 4702 310 1430 620
5645 4663 317 1410 630
5614 4634 320 1400 630
5579 4613 322 1380 640
5540 4606 322 1380 640
5509 4606 324 1370 650
5481 4622 324 1370 650
5458 4643 325 1330 650
5442 4669 322 1330 650
5435 4711 314 1330 650
5435 4772 310 1320 650
5449 4845 312 1320 650
5470 4920 312 1320 650
5498 4979 312 1320 650
5530 5027 314 1320 650
5567 5075 317 1320 650
5606 5118 315 1320 650
5646 5152 315 1330 650
5679 5178 322 1330 650
5708 5197 324 1330 650
5729 5214 320 1350 640
5746 5226 322 1350 640
5760 5236 315 1350 640
5772 5244 302 1350 640
5780 5251 196 1370 630
6291 5984 101 1440 620
6350 6045 176 1460 630
6356 6090 218 1470 620
6356 6116 214 1470 620
6349 6122 223 1480 610
6349 6122 226 1480 610
6330 6122 244 1500 600
6306 6088 276 1510 610
6269 6037 301 1510 610
6233 5959 309 1520 600
6201 5861 312 1520 600
6172 5749 314 1520 600
6146 5666 314 1510 610
6126 5601 307 1510 610
6112 5549 317 1510 610
6112 5504 320 1500 620
6112 5473 324 1500 620
6129 5452 324 1490 630
6146 5443 327 1490 630
6171 5450 327 1490 630
6208 5468 327 1480 630
6266 5508 324 1480 630
6337 5558 319 1460 640
6410 5616 317 1460 640
6483 5672 319 1450 650
6552 5725 322 1450 650
6618 5772 322 1440 660
6684 5812 324 1440 660
6750 5845 324 1440 660
6812 5858 334 1440 660
6872 5858 342 1440 660
6916 5830 333 1450 650
6950 5797 339 1450 650
6977 5746 344 1470 650
6997 5685 359 1470 650
7004 5607 386 1470 650
7004 5503 425 1490 660
6987 5381 438 1490 660
6966 5228 446 1490 660
6941 5074 449 1490 660
6917 4929 442 1500 670
6894 4792 458 1500 670
6871 4695 464 1500 670
6847 4620 477 1510 680
6821 4560 485 1510 680
6794 4517 485 1490 690
6764 4483 485 1490 690
6733 4456 467 1480 700
6698 4445 399 1480 700
6663 4451 208 1430 700
6285 5322 242 1390 680
6290 5297 281 1400 670
6278 5284 291 1400 670
6256 5271 294 1400 670
6246 5218 296 1420 660
6237 5138 306 1420 660
6230 5072 304 1420 660
6222 5016 310 1440 660
6214 4966 310 1440 660
6214 4928 309 1440 660
6214 4905 304 1440 660
6214 4891 317 1440 660
6214 4891 314 1420 650
6214 4891 314 1420 650
6214 4891 306 1420 650
6214 4891 276 1420 650
6220 4909 255 1420 650
6229 4934 214 1420 650
6242 4973 183 1420 650
6256 5018 178 1420 650
6274 5066 178 1420 650
6297 5112 183 1420 650
6322 5156 193 1440 660
6347 5199 212 1440 660
6380 5237 212 1440 660
6414 5271 226 1440 660
6452 5298 242 1440 660
6491 5324 250 1440 660
6529 5346 274 1440 660
6568 5361 277 1440 660
6598 5367 292 1440 660
6623 5367 299 1440 660
6639 5356 312 1440 660
6649 5343 310 1440 660
6656 5324 325 1440 660
6656 5295 333 1440 660
6645 5250 348 1440 660
6621 5195 351 1440 660
6595 5141 354 1440 660
6563 5086 358 1440 660
6528 5039 369 1440 660
6500 4998 371 1440 660
6475 4966 377 1440 660
6458 4943 382 1440 660
6449 4927 386 1440 660
6449 4919 382 1440 660
6449 4919 384 1440 660
6449 4919 396 1440 660
6468 4919 397 1440 660
6497 4929 415 1440 660
6535 4946 427 1440 660
6574 4966 443 1440 660
6616 4984 467 1440 660
6654 4995 491 1440 660
6694 5001 512 1440 660
6733 5001 515 1440 660
6758 5001 512 1440 660
6772 5001 522 1440 660
6777 5001 520 1440 660
6777 5001 469 1440 660
6770 5001 247 1440 660