217
2696 5022 244 1110 450
2717 4914 329 1110 450
2707 4883 409 1120 460
2714 4869 507 1120 460
2726 4848 605 1140 460
2758 4836 671 1140 460
2802 4831 711 1150 470
2885 4856 733 1150 470
2997 4897 755 1170 480
3127 4950 760 1170 480
3247 4998 763 1170 490
3346 5044 763 1170 490
3430 5085 761 1190 490
3495 5119 757 1190 490
3530 5150 761 1180 490
3545 5162 758 1190 500
3545 5173 755 1190 500
3537 5182 727 1190 500
3526 5195 676 1190 500
3508 5209 591 1190 500
3478 5230 418 1190 500
3440 5255 173 1180 510
3278 5435 149 1180 510
3306 5479 287 1180 510
3236 5479 368 1180 510
3216 5479 414 1180 510
3230 5468 516 1180 510
3235 5410 594 1180 510
3240 5320 663 1180 510
3230 5187 721 1180 510
3210 5024 773 1180 510
3161 4841 808 1190 500
3101 4652 818 1190 500
3034 4511 824 1180 510
3002 4401 824 1180 510
2974 4308 818 1180 510
2965 4245 791 1180 510
2965 4203 705 1170 510
2977 4203 631 1170 510
2990 4223 461 1170 510
3011 4265 129 1150 510
3093 4776 63 1140 510
3153 4845 149 1130 510
3178 4854 284 1130 510
3218 4854 410 1130 510
3268 4834 540 1130 510
3328 4794 639 1150 500
3416 4729 691 1150 500
3522 4661 745 1150 500
3669 4591 771 1150 500
3821 4521 802 1150 500
3976 4474 823 1150 500
4128 4440 824 1150 500
4273 4428 830 1130 510
4377 4422 831 1130 510
4455 4422 831 1130 510
4494 4422 828 1120 510
4508 4422 828 1120 510
4508 4422 829 1120 510
4490 4443 745 1110 510
4452 4474 550 1110 510
5537 5380 276 1120 460
5593 5429 348 1130 470
5593 5445 386 1130 470
5603 5453 440 1130 480
5612 5459 522 1140 480
5620 5464 617 1150 490
5620 5464 691 1150 490
5620 5464 751 1160 500
5614 5436 791 1160 500
5594 5396 830 1170 510
5563 5329 840 1170 510
5509 5255 857 1170 520
5433 5169 860 1170 520
5342 5067 863 1170 520
5231 4956 860 1170 520
5121 4849 858 1170 520
5054 4784 845 1160 520
5016 4748 809 1160 520
4998 4748 733 1160 520
4979 4771 602 1160 520
4962 4818 405 1150 510
4937 5439 86 1140 510
4969 5515 168 1140 510
4984 5528 264 1140 510
5007 5528 367 1140 510
5050 5528 473 1140 510
5105 5490 546 1140 510
5172 5435 619 1130 510
5241 5365 688 1130 510
5311 5281 728 1130 510
5381 5188 770 1130 510
5449 5091 805 1130 510
5516 4980 830 1150 510
5571 4860 855 1150 510
5619 4727 897 1140 510
5661 4615 927 1140 510
5684 4517 940 1140 510
5684 4407 965 1130 520
5665 4299 983 1130 520
5638 4212 995 1130 520
5603 4140 979 1130 520
5563 4090 981 1130 520
5520 4061 977 1120 530
5473 4045 989 1120 530
5422 4050 941 1120 530
5371 4092 876 1110 530
5323 4158 785 1110 530
5277 4280 693 1110 530
5277 4417 588 1100 530
5296 4564 498 1100 530
5334 4689 436 1100 530
5377 4812 427 1100 530
5419 4930 430 1100 530
5451 5011 452 1110 530
5477 5067 505 1100 520
5477 5076 588 1100 520
5472 5062 630 1120 520
5460 5032 662 1120 520
5421 4945 693 1120 520
5368 4832 725 1120 520
5306 4702 720 1130 520
5243 4589 721 1130 520
5183 4506 724 1130 520
5160 4442 633 1130 520
5160 4442 461 1130 520
6007 5564 305 1130 520
6095 5593 371 1130 520
6088 5563 480 1140 530
6069 5511 588 1140 530
6041 5399 673 1140 530
5991 5298 702 1140 530
5945 5204 727 1140 530
5901 5123 736 1160 530
5885 5082 736 1160 530
5885 5067 736 1160 530
5900 5057 737 1160 530
5930 5062 743 1170 530
5977 5077 751 1170 530
6034 5108 754 1160 530
6093 5140 758 1160 530
6153 5172 761 1160 530
6212 5194 763 1160 530
6270 5216 756 1160 530
6329 5235 760 1160 530
6390 5253 763 1160 530
6453 5266 768 1160 530
6518 5275 779 1170 540
6574 5275 796 1170 540
6624 5264 814 1170 540
6667 5240 839 1170 540
6700 5190 864 1170 540
6725 5135 905 1170 540
6742 5070 924 1170 540
6756 4996 943 1170 540
6767 4914 979 1170 540
6782 4826 988 1170 540
6794 4741 1021 1150 540
6801 4658 1023 1150 540
6801 4576 1023 1150 540
6801 4494 1023 1140 550
6782 4409 1023 1140 550
6758 4320 1023 1140 550
6722 4221 1023 1140 550
6682 4137 1023 1120 550
6640 4063 1023 1120 550
6593 4000 1023 1120 550
6547 3952 1023 1120 550
6496 3914 1023 1110 550
6441 3888 1023 1110 550
6391 3893 1023 1110 550
6343 3918 926 1100 550
6297 3997 763 1100 550
6247 4130 438 1100 550
6146 4852 212 1100 540
6158 4930 348 1100 540
6151 4930 412 1100 540
6136 4902 517 1120 540
6126 4859 594 1120 540
6113 4772 634 1120 540
6099 4691 661 1120 540
6089 4614 664 1120 540
6084 4563 666 1120 540
6084 4531 671 1120 540
6094 4513 655 1120 540
6102 4506 614 1120 550
6110 4506 583 1120 550
6120 4514 539 1110 550
6133 4546 490 1110 550
6147 4600 438 1110 550
6159 4669 423 1110 550
6171 4738 427 1110 550
6187 4803 436 1110 550
6206 4846 483 1100 540
6244 4877 550 1100 540
6293 4902 620 1100 540
6348 4927 667 1100 540
6403 4937 699 1100 540
6457 4937 720 1100 540
6509 4923 750 1120 540
6550 4893 796 1120 540
6574 4852 821 1120 540
6586 4797 832 1130 540
6573 4731 821 1130 540
6542 4658 833 1130 540
6498 4583 858 1140 550
6454 4527 861 1140 550
6412 4485 888 1140 550
6389 4464 905 1140 550
6379 4458 908 1120 550
6379 4458 894 1120 540
6418 4475 897 1120 540
6479 4516 899 1100 540
6568 4575 896 1100 540
6679 4631 891 1090 550
6805 4679 773 1100 550
6922 4714 384 1080 560