204
2753 4609 48 1360 470
2753 4609 91 1360 470
2753 4609 144 1360 470
2753 4609 202 1350 470
2791 4603 221 1360 480
2859 4617 253 1360 480
2953 4646 259 1360 480
3064 4685 277 1360 480
3191 4733 285 1360 480
3314 4788 287 1360 480
3433 4852 285 1370 470
3543 4914 279 1370 470
3632 4970 233 1370 470
3378 5284 51 1400 460
3378 5284 51 1400 460
3378 5284 58 1400 460
3371 5243 67 1400 460
3358 5176 80 1400 460
3344 5080 119 1400 460
3325 4956 160 1400 460
3300 4813 202 1400 460
3272 4668 247 1400 460
3234 4515 264 1390 460
3180 4357 284 1390 460
3116 4192 276 1400 470
3053 4044 277 1400 470
2992 3907 276 1400 470
2937 3783 287 1390 470
2890 3696 279 1390 470
2857 3634 208 1390 470
3005 4389 54 1350 490
3101 4428 50 1350 490
3145 4428 66 1350 490
3196 4406 110 1350 490
3258 4363 153 1350 490
3325 4300 196 1350 490
3394 4223 246 1350 490
3470 4143 279 1350 490
3555 4065 291 1360 480
3662 3989 314 1360 480
3781 3915 317 1360 480
3888 3848 324 1370 470
3999 3788 324 1370 470
4118 3732 325 1360 480
4240 3697 320 1360 480
4336 3677 309 1360 480
4415 3666 282 1360 480
5791 5547 51 1390 450
5814 5581 63 1390 460
5796 5576 98 1400 470
5771 5547 130 1400 470
5741 5502 173 1400 470
5690 5423 198 1420 470
5636 5327 223 1420 470
5580 5219 245 1420 470
5516 5102 257 1420 470
5449 4987 259 1420 470
5380 4874 257 1400 480
5305 4755 257 1400 480
5231 4669 255 1400 480
5159 4604 254 1390 480
5111 4564 244 1390 480
5163 5217 104 1370 470
5261 5270 106 1370 470
5300 5288 106 1370 470
5342 5293 91 1370 470
5395 5287 96 1370 470
5447 5263 107 1370 470
5495 5228 139 1380 470
5542 5170 175 1380 470
5588 5085 183 1380 470
5627 4983 200 1380 470
5660 4853 209 1390 470
5686 4712 235 1390 470
5697 4565 254 1390 470
5697 4410 257 1390 470
5692 4255 280 1380 480
5687 4127 279 1380 480
5687 4017 294 1380 480
5678 3922 301 1380 480
5673 3847 301 1380 480
5665 3786 306 1380 480
5654 3751 309 1380 480
5636 3736 312 1380 480
5611 3736 309 1380 480
5581 3757 302 1370 480
5555 3821 289 1370 480
5535 3912 270 1370 480
5535 4042 209 1370 480
5550 4198 190 1370 480
5577 4371 188 1370 480
5606 4522 195 1370 480
5636 4628 202 1370 480
5653 4703 203 1370 480
5662 4747 217 1370 480
5662 4765 209 1370 480
5662 4765 216 1370 480
5651 4750 230 1370 480
5637 4696 245 1370 480
5608 4618 275 1370 480
5563 4505 286 1370 480
5507 4374 309 1370 480
5444 4231 307 1370 480
5380 4109 309 1370 480
5315 4001 312 1370 480
5252 3902 310 1370 480
5198 3829 317 1370 480
5176 3798 277 1370 480
6571 5776 108 1390 470
6622 5784 134 1400 470
6613 5796 141 1400 470
6577 5806 148 1420 470
6569 5785 172 1420 470
6544 5732 202 1420 470
6508 5659 214 1430 480
6463 5559 230 1430 480
6415 5453 249 1430 480
6364 5336 245 1430 480
6317 5241 267 1430 480
6274 5161 279 1420 480
6253 5103 282 1420 480
6245 5070 279 1420 480
6257 5055 296 1420 480
6286 5055 309 1420 480
6326 5067 317 1420 480
6389 5095 304 1420 480
6468 5141 305 1430 490
6557 5185 307 1430 490
6650 5227 309 1430 490
6745 5262 310 1430 490
6843 5281 314 1430 490
6931 5291 314 1430 490
7011 5291 314 1430 490
7078 5266 322 1440 490
7134 5231 329 1430 500
7182 5179 340 1430 500
7216 5104 354 1430 500
7236 5015 369 1440 500
7246 4902 386 1440 500
7240 4779 392 1440 500
7230 4649 417 1430 510
7217 4519 420 1430 510
7203 4383 433 1440 510
7191 4240 444 1440 510
7182 4095 456 1440 510
7169 3966 460 1440 510
7153 3853 465 1430 520
7135 3750 466 1430 520
7110 3681 466 1430 520
7080 3633 467 1420 530
7044 3598 473 1420 530
7008 3582 480 1410 530
6972 3582 480 1410 530
6934 3597 486 1400 540
6894 3622 478 1400 540
6854 3654 475 1390 550
6814 3692 473 1390 550
6769 3733 414 1390 550
6720 3786 282 1370 540
6375 4735 68 1370 500
6413 4773 89 1380 490
6420 4788 89 1380 490
6420 4803 94 1380 490
6431 4797 90 1380 490
6449 4772 115 1380 490
6466 4735 137 1380 490
6480 4688 182 1380 490
6488 4627 196 1380 490
6488 4557 213 1380 490
6480 4487 206 1380 490
6472 4417 211 1380 490
6465 4353 211 1370 500
6458 4293 212 1370 500
6458 4254 211 1370 500
6458 4238 209 1370 500
6458 4238 212 1370 500
6466 4255 211 1370 500
6481 4302 212 1370 500
6501 4368 216 1370 500
6523 4437 230 1370 500
6548 4505 240 1370 500
6577 4570 244 1370 500
6618 4630 257 1370 500
6671 4686 262 1370 500
6732 4736 269 1370 500
6799 4781 272 1380 500
6865 4805 274 1380 500
6909 4816 282 1380 500
6939 4798 289 1380 500
6960 4755 307 1380 500
6960 4696 334 1410 500
6946 4608 338 1410 500
6912 4514 359 1410 500
6862 4412 369 1410 500
6802 4308 388 1410 500
6751 4235 415 1410 500
6722 4183 436 1410 500
6708 4167 442 1410 500
6708 4167 466 1410 500
6737 4172 468 1410 500
6776 4198 475 1400 510
6867 4243 464 1400 510
6951 4302 455 1400 510
7029 4353 274 1400 510