224
2779 5138 1340 500 44
2779 5138 1340 500 66
2779 5138 1350 500 78
2805 5147 1360 490 108
2831 5161 1360 490 153
2878 5181 1370 480 178
2947 5216 1380 490 207
3030 5264 1390 480 222
3150 5320 1390 480 209
3276 5384 1390 480 214
3410 5448 1390 480 211
3543 5511 1390 480 211
3649 5556 1390 480 220
3738 5581 1390 480 202
3434 5880 1380 480 98
3375 5929 1390 470 105
3361 5938 1390 470 110
3361 5907 1390 470 119
3361 5850 1390 470 129
3361 5764 1390 470 141
3351 5676 1390 470 187
3339 5568 1400 470 202
3326 5447 1420 470 209
3307 5303 1420 470 232
3283 5157 1420 470 253
3245 5009 1420 470 249
3201 4849 1400 480 250
3153 4720 1400 480 259
3112 4612 1400 480 255
3077 4535 1390 480 252
3054 4485 1390 480 247
3037 4453 1380 490 249
3313 5094 1340 490 41
3368 5132 1350 490 61
3368 5144 1350 490 65
3374 5139 1350 490 56
3374 5130 1350 490 73
3391 5112 1350 490 104
3408 5084 1370 480 137
3436 5046 1370 480 160
3471 4999 1370 480 181
3524 4945 1380 480 218
3588 4883 1380 480 237
3666 4812 1380 480 255
3755 4736 1380 480 270
3850 4668 1380 480 287
3952 4606 1370 480 277
4060 4552 1370 480 282
4185 4509 1370 480 287
4319 4474 1370 480 284
4436 4456 1370 480 279
4543 4456 1360 490 274
4643 4456 1360 490 270
4722 4471 1360 490 98
6242 5999 1430 450 27
6208 6021 1450 450 39
6203 6021 1450 450 55
6189 5996 1460 460 108
6166 5945 1460 460 144
6131 5875 1450 460 170
6088 5779 1460 470 215
6039 5680 1460 470 223
5981 5578 1460 480 247
5911 5457 1460 480 242
5833 5338 1450 480 250
5745 5224 1450 480 257
5675 5139 1440 490 260
5616 5069 1440 490 262
5580 5029 1430 490 259
5563 5013 1430 490 260
5558 5013 1430 490 252
5558 5018 1420 490 235
5635 5779 1390 470 113
5708 5847 1390 470 122
5714 5882 1390 470 122
5703 5877 1400 480 130
5725 5870 1400 480 136
5764 5856 1400 480 142
5813 5832 1400 480 134
5871 5800 1420 480 146
5934 5762 1420 480 161
6005 5715 1420 480 175
6080 5657 1420 480 188
6145 5572 1430 490 218
6203 5471 1430 490 247
6246 5338 1430 490 252
6273 5207 1420 490 269
6290 5077 1430 500 285
6284 4940 1430 500 287
6264 4804 1430 500 304
6234 4674 1420 500 304
6199 4564 1420 500 315
6161 4463 1420 500 329
6121 4371 1410 510 340
6086 4303 1410 510 341
6056 4252 1410 510 373
6032 4238 1400 520 382
6011 4249 1410 520 386
5994 4278 1410 520 384
5981 4343 1410 520 381
5981 4441 1400 530 372
5988 4562 1400 530 371
6008 4676 1400 530 369
6035 4790 1400 530 371
6061 4885 1400 530 371
6082 4967 1400 530 372
6102 5033 1390 520 374
6127 5096 1390 520 374
6153 5155 1390 520 374
6182 5214 1400 520 372
6213 5269 1400 520 376
6248 5317 1400 520 374
6269 5339 1400 520 376
6269 5339 1400 520 377
6269 5339 1400 520 386
6270 5286 1410 510 386
6248 5218 1410 510 393
6200 5110 1410 510 393
6142 4999 1410 510 396
6076 4884 1410 510 398
6015 4768 1410 510 399
5954 4677 1400 520 399
5892 4602 1400 520 398
5829 4535 1400 520 396
5774 4481 1400 520 387
5739 4437 1400 520 379
5716 4410 1390 520 339
5716 4399 1390 520 76
6972 5995 1420 480 12
7000 6085 1430 490 37
7000 6116 1440 480 46
7000 6124 1440 480 63
7000 6104 1450 480 71
6984 6046 1460 480 108
6955 5963 1460 480 132
6905 5835 1460 480 139
6847 5717 1460 480 167
6784 5607 1460 490 187
6738 5506 1460 490 193
6696 5419 1460 490 215
6669 5341 1450 500 216
6651 5297 1450 500 230
6651 5276 1450 500 256
6651 5271 1440 500 284
6651 5271 1440 500 287
6691 5300 1440 500 289
6745 5342 1430 510 294
6837 5400 1420 500 296
6930 5454 1410 510 301
7026 5500 1410 510 302
7122 5538 1400 520 304
7219 5566 1400 520 309
7319 5584 1400 520 312
7420 5591 1400 520 317
7510 5579 1400 520 307
7593 5554 1400 520 317
7652 5509 1400 520 329
7702 5449 1410 520 340
7746 5378 1410 520 339
7774 5296 1410 520 356
7783 5209 1410 520 366
7783 5111 1420 530 386
7763 5005 1420 530 396
7744 4887 1410 530 389
7722 4760 1410 530 394
7699 4654 1410 530 400
7667 4563 1410 530 404
7630 4464 1410 530 407
7582 4367 1400 540 412
7523 4280 1400 540 413
7457 4200 1400 540 417
7385 4144 1400 540 425
7311 4112 1400 540 427
7236 4096 1400 540 443
7173 4109 1400 540 443
7116 4145 1390 550 438
7069 4197 1390 550 422
7032 4271 1390 550 366
7011 4355 1390 550 144
6981 5070 1390 550 132
7018 5101 1390 550 173
7018 5124 1390 550 173
7008 5124 1400 540 177
7013 5114 1400 540 171
7019 5094 1400 540 195
7019 5068 1400 540 220
7019 5033 1410 530 233
7019 4976 1410 530 242
7019 4904 1410 530 250
7019 4816 1410 530 249
7024 4747 1420 530 249
7024 4692 1420 540 247
7029 4657 1420 540 244
7029 4642 1420 540 247
7035 4642 1420 540 245
7041 4655 1410 550 244
7046 4694 1410 550 244
7055 4750 1410 550 245
7068 4830 1410 550 247
7086 4908 1410 550 249
7105 4984 1400 540 255
7129 5035 1400 540 267
7158 5082 1400 540 275
7195 5113 1400 540 287
7241 5136 1400 540 277
7293 5142 1410 550 281
7344 5142 1410 550 286
7384 5130 1410 550 294
7418 5102 1410 550 302
7438 5063 1420 540 312
7438 4993 1420 540 314
7420 4918 1420 540 304
7381 4832 1420 540 307
7326 4743 1430 530 317
7259 4676 1420 540 345
7201 4622 1420 540 364
7165 4580 1420 540 361
7144 4557 1420 540 369
7144 4547 1410 550 396
7150 4541 1410 550 407
7183 4547 1410 550 417
7233 4560 1410 550 418
7316 4586 1390 550 409
7402 4620 1390 550 333