208
2832 5116 37 1360 460
2815 5163 42 1360 460
2815 5163 53 1370 460
2825 5163 66 1370 460
2841 5155 122 1370 460
2867 5155 163 1380 470
2920 5162 178 1380 470
2989 5180 205 1380 470
3093 5214 206 1380 470
3209 5259 214 1380 470
3332 5312 216 1380 470
3443 5366 216 1370 470
3550 5421 218 1360 470
3655 5474 218 1360 470
3757 5523 216 1360 470
3825 5566 207 1360 470
3870 5592 212 1360 470
3881 5607 86 1360 470
3525 5769 18 1320 460
3479 5828 39 1320 460
3474 5828 42 1320 460
3474 5828 39 1330 450
3483 5801 63 1320 450
3483 5763 75 1320 450
3483 5701 93 1330 440
3483 5612 142 1330 440
3472 5506 161 1330 440
3452 5360 180 1330 440
3425 5223 222 1330 440
3392 5091 228 1330 440
3351 4959 240 1330 440
3304 4824 247 1320 450
3254 4711 253 1320 450
3204 4614 251 1310 450
3147 4529 254 1310 450
3085 4465 249 1300 460
3039 4415 246 1290 460
3013 4396 218 1290 460
3001 4411 8 1270 460
3514 5022 46 1280 470
3557 4997 80 1280 470
3585 4971 122 1280 470
3616 4925 155 1300 470
3654 4866 178 1310 470
3702 4792 217 1310 470
3764 4722 218 1310 470
3835 4655 240 1310 470
3919 4595 244 1310 470
4026 4539 269 1300 480
4147 4486 274 1300 480
4284 4448 280 1300 480
4411 4416 285 1300 480
4531 4388 285 1270 480
4664 4368 285 1280 480
4782 4358 282 1280 480
4890 4358 275 1280 480
4973 4358 250 1280 480
5043 4378 47 1270 490
5957 5931 25 1430 480
5936 5845 53 1440 480
5916 5790 106 1440 480
5884 5734 132 1440 480
5840 5670 160 1440 480
5787 5591 171 1430 490
5725 5504 200 1430 490
5660 5403 222 1430 490
5593 5299 214 1430 490
5560 5215 225 1430 490
5503 5145 226 1420 480
5429 5092 225 1420 480
5398 5058 221 1390 480
5369 5037 209 1390 480
5354 5032 71 1380 480
5392 5617 85 1340 460
5438 5669 86 1340 460
5450 5695 91 1340 460
5460 5704 94 1340 460
5493 5704 101 1340 460
5532 5694 95 1340 460
5579 5682 115 1350 460
5629 5649 144 1350 460
5681 5603 153 1350 460
5732 5533 177 1350 460
5777 5440 181 1360 470
5817 5333 200 1360 470
5841 5231 214 1360 470
5863 5136 240 1360 480
5884 5047 244 1360 480
5899 4950 260 1370 480
5905 4851 275 1370 480
5905 4748 284 1370 480
5891 4661 279 1370 500
5869 4584 286 1370 500
5842 4508 296 1370 500
5805 4448 314 1360 500
5769 4398 317 1360 500
5733 4368 342 1360 500
5708 4353 338 1360 500
5683 4348 339 1350 510
5662 4361 336 1350 510
5644 4393 337 1350 510
5632 4437 297 1340 510
5632 4506 139 1340 510
5806 5278 12 1350 500
5822 5313 55 1350 500
5822 5303 108 1360 490
5805 5265 132 1360 490
5779 5209 139 1360 490
5729 5115 179 1370 480
5668 5006 188 1370 480
5600 4887 205 1370 480
5537 4766 213 1370 480
5480 4684 217 1370 480
5433 4628 212 1360 480
5407 4588 207 1350 490
5395 4570 193 1350 490
5395 4570 144 1340 490
6572 5946 36 1380 470
6579 5999 55 1380 470
6571 5999 75 1390 460
6571 5989 108 1390 460
6544 5945 120 1390 460
6507 5879 136 1400 460
6453 5774 173 1400 460
6399 5675 178 1390 460
6350 5579 200 1390 460
6306 5477 217 1390 460
6269 5374 209 1400 470
6237 5295 216 1400 470
6222 5232 226 1400 470
6222 5202 247 1400 470
6228 5194 269 1400 470
6242 5201 279 1390 470
6284 5241 284 1390 470
6343 5304 285 1390 470
6417 5382 276 1380 480
6492 5444 277 1380 480
6568 5489 279 1380 480
6642 5522 279 1380 480
6719 5542 282 1380 480
6799 5556 284 1390 480
6882 5556 286 1390 480
6956 5556 291 1380 490
7025 5542 294 1400 500
7087 5515 301 1400 500
7140 5466 312 1410 500
7188 5412 312 1410 500
7224 5337 329 1410 500
7245 5251 344 1420 500
7256 5162 348 1420 500
7256 5070 361 1420 500
7247 4975 362 1420 500
7228 4879 374 1420 520
7204 4780 389 1420 520
7176 4680 399 1420 520
7144 4597 394 1410 520
7107 4518 402 1410 520
7069 4441 410 1410 520
7029 4375 417 1400 530
6989 4330 414 1400 530
6946 4299 417 1400 530
6902 4284 418 1390 540
6852 4292 414 1390 540
6796 4316 417 1390 540
6737 4371 396 1370 540
6697 4449 316 1360 540
6662 4542 207 1360 540
6635 4633 76 1360 540
6520 5138 54 1350 520
6510 5212 48 1350 510
6517 5222 78 1350 510
6530 5209 105 1350 510
6544 5169 149 1350 500
6556 5112 163 1350 500
6561 5041 186 1350 500
6561 4973 180 1360 490
6561 4908 188 1360 490
6561 4855 188 1360 490
6561 4818 188 1360 490
6561 4792 193 1360 490
6561 4787 218 1360 490
6561 4797 222 1360 490
6555 4816 222 1360 490
6555 4860 216 1360 490
6555 4909 226 1360 490
6571 4962 237 1350 500
6602 5019 251 1350 500
6644 5071 245 1350 500
6698 5116 247 1350 500
6752 5150 252 1350 500
6807 5176 250 1360 500
6862 5190 257 1370 500
6898 5190 259 1370 500
6922 5170 264 1370 500
6940 5140 270 1380 500
6940 5091 272 1380 500
6926 5030 274 1380 500
6890 4947 280 1380 500
6834 4860 285 1380 500
6764 4768 301 1380 500
6705 4708 314 1380 500
6674 4670 319 1370 510
6662 4655 327 1370 510
6662 4655 333 1370 510
6689 4666 338 1360 510
6735 4696 334 1370 520
6821 4735 337 1370 520
6912 4781 202 1370 520