230
3180 4795 42 1220 470
3162 4752 124 1210 480
3144 4732 178 1210 480
3139 4714 267 1210 480
3139 4680 342 1200 480
3155 4647 425 1200 480
3185 4615 477 1190 480
3226 4597 522 1190 480
3283 4588 566 1190 480
3346 4602 594 1170 490
3430 4640 613 1170 490
3525 4694 620 1170 490
3629 4756 610 1170 490
3721 4819 617 1170 490
3806 4882 617 1180 490
3877 4937 617 1180 490
3929 4986 616 1180 490
3968 5010 616 1180 490
3982 5020 616 1180 490
3982 5020 613 1190 490
3982 5020 611 1190 490
3968 5020 591 1190 490
3944 5012 561 1190 490
3912 5003 456 1210 490
3871 4996 244 1210 490
3625 5182 17 1220 480
3625 5218 80 1220 480
3625 5227 158 1220 480
3625 5233 200 1220 480
3625 5233 264 1220 480
3634 5206 317 1220 480
3645 5161 376 1220 480
3654 5072 452 1220 480
3646 4950 512 1220 480
3627 4805 551 1210 480
3579 4643 594 1210 480
3530 4501 610 1210 480
3479 4373 619 1200 480
3441 4263 624 1200 480
3417 4187 622 1200 480
3401 4135 614 1200 480
3401 4115 617 1200 480
3401 4115 594 1190 480
3401 4122 486 1190 480
3409 4161 67 1190 480
3515 4722 75 1170 490
3614 4705 156 1170 490
3656 4687 249 1170 490
3690 4650 340 1170 490
3748 4601 443 1170 490
3805 4544 556 1170 480
3864 4482 613 1150 480
3948 4413 640 1150 480
4047 4345 675 1150 480
4169 4288 691 1150 480
4281 4237 719 1150 480
4387 4206 727 1150 490
4485 4185 720 1150 490
4568 4170 724 1150 490
4642 4165 727 1150 490
4689 4170 727 1140 500
4715 4182 721 1140 500
4728 4189 721 1140 500
4719 4196 719 1150 500
4694 4217 659 1150 500
4658 4248 440 1150 500
5904 5268 158 1180 490
5962 5340 223 1180 490
5978 5398 291 1180 490
5995 5418 368 1200 500
6005 5412 440 1200 500
6010 5407 543 1200 500
6010 5382 588 1200 500
6000 5344 627 1210 510
5977 5293 650 1210 510
5938 5225 667 1210 510
5887 5145 671 1210 510
5827 5061 670 1220 510
5751 4978 665 1220 510
5679 4911 662 1220 510
5632 4855 643 1220 510
5599 4827 561 1220 510
5586 4827 301 1220 510
5624 5459 89 1190 490
5676 5509 134 1190 490
5683 5521 177 1190 490
5699 5527 242 1190 480
5721 5527 302 1170 490
5754 5513 363 1180 490
5799 5488 440 1180 490
5852 5440 494 1180 490
5897 5380 550 1180 490
5938 5312 589 1180 490
5977 5241 636 1190 500
6008 5169 669 1190 500
6041 5095 697 1190 500
6075 5016 739 1190 500
6105 4932 756 1190 500
6132 4840 790 1200 510
6151 4744 823 1200 510
6167 4660 836 1200 510
6180 4585 867 1190 510
6180 4505 872 1200 520
6180 4431 894 1200 520
6174 4360 892 1180 530
6165 4293 912 1180 530
6150 4246 921 1180 530
6133 4213 935 1180 530
6114 4190 942 1170 530
6096 4176 947 1170 530
6074 4167 942 1170 530
6048 4160 941 1160 530
6024 4165 935 1160 530
5996 4177 923 1160 530
5964 4211 899 1160 530
5934 4278 849 1160 530
5906 4367 700 1160 530
5881 4479 486 1160 530
5876 4585 171 1160 530
5932 4887 81 1160 530
5959 4974 193 1160 530
5968 5008 275 1170 530
5976 5021 351 1170 530
5976 5021 461 1160 520
5976 4995 548 1170 520
5970 4929 605 1170 520
5946 4837 637 1170 520
5912 4727 667 1190 510
5868 4626 688 1190 510
5824 4530 687 1190 510
5779 4461 684 1190 510
5761 4428 671 1190 510
5761 4418 588 1170 520
5775 4430 146 1170 520
6416 5598 223 1160 500
6416 5598 255 1160 500
6422 5561 333 1160 500
6413 5534 433 1160 500
6404 5497 515 1170 500
6395 5448 567 1180 510
6389 5390 616 1180 510
6380 5328 650 1180 510
6366 5266 668 1190 500
6349 5212 670 1200 510
6342 5164 668 1200 510
6342 5139 667 1190 510
6349 5126 658 1190 510
6361 5126 667 1190 510
6374 5126 668 1190 510
6398 5132 671 1190 510
6427 5148 663 1190 510
6464 5167 671 1190 510
6502 5186 663 1190 510
6544 5202 663 1190 510
6592 5219 663 1190 510
6648 5233 664 1190 510
6709 5246 667 1190 510
6768 5253 666 1200 520
6826 5253 669 1200 520
6872 5243 672 1200 520
6910 5234 679 1210 530
6939 5226 691 1210 530
6961 5207 700 1210 530
6961 5207 724 1220 540
6989 5165 740 1220 540
7000 5135 761 1220 540
7009 5099 777 1230 550
7019 5053 797 1230 550
7031 4998 805 1240 550
7049 4924 822 1240 550
7067 4839 861 1240 550
7085 4749 891 1240 550
7099 4662 914 1230 560
7108 4579 934 1230 560
7113 4491 967 1230 560
7113 4405 988 1220 570
7113 4320 990 1210 560
7102 4248 1008 1210 560
7090 4184 1017 1190 560
7076 4143 1023 1190 560
7060 4119 1023 1190 560
7042 4106 1023 1190 560
7024 4094 1023 1180 570
7000 4088 1023 1180 570
6973 4088 1023 1180 570
6941 4088 1023 1160 570
6895 4102 1011 1160 570
6840 4120 981 1160 570
6770 4158 923 1160 570
6702 4233 716 1160 570
6641 4333 73 1160 570
6475 4912 171 1160 550
6475 4912 292 1170 550
6475 4912 344 1170 540
6475 4912 463 1170 540
6494 4864 539 1170 530
6494 4788 594 1170 530
6494 4709 625 1170 530
6494 4649 641 1160 520
6494 4602 639 1170 520
6500 4571 631 1170 520
6507 4555 622 1160 520
6517 4549 560 1160 520
6530 4554 302 1160 520
6531 4901 137 1150 520
6562 4949 267 1150 520
6586 4959 381 1150 520
6614 4965 496 1150 520
6649 4965 560 1160 530
6687 4951 616 1170 530
6726 4924 645 1170 530
6764 4889 667 1170 530
6789 4852 675 1170 530
6807 4816 690 1170 530
6807 4783 690 1180 530
6799 4749 696 1180 530
6777 4715 694 1180 530
6738 4675 696 1180 530
6697 4638 700 1180 530
6655 4603 702 1180 530
6616 4578 705 1170 530
6597 4565 705 1170 530
6590 4559 705 1170 530
6595 4554 719 1170 530
6605 4554 721 1160 530
6640 4554 731 1160 530
6689 4579 731 1160 530
6761 4611 725 1140 530
6845 4649 705 1140 530
6938 4680 41 1140 530