255
3626 4534 47 1170 400
3548 4445 96 1180 400
3515 4427 170 1180 400
3486 4437 255 1180 410
3475 4413 316 1180 410
3475 4382 368 1180 420
3505 4338 423 1180 420
3561 4307 465 1190 430
3635 4285 515 1180 440
3735 4285 540 1180 440
3832 4318 546 1180 440
3926 4365 559 1190 450
4031 4409 559 1180 450
4137 4450 559 1180 450
4227 4483 559 1190 460
4307 4512 561 1190 460
4363 4539 557 1190 460
4397 4562 557 1190 460
4415 4576 551 1190 460
4420 4587 545 1190 460
4420 4595 526 1190 460
4415 4604 404 1180 460
4405 4614 136 1180 460
4088 5139 99 1190 450
4088 5139 153 1190 450
4093 5196 208 1200 460
4086 5196 262 1210 460
4079 5196 281 1210 460
4070 5191 324 1210 460
4058 5155 369 1220 450
4045 5102 415 1230 460
4035 5020 469 1230 460
4023 4905 522 1240 460
4004 4767 559 1240 460
3981 4625 594 1240 460
3940 4455 613 1250 460
3897 4266 628 1250 460
3852 4091 641 1250 460
3818 3938 636 1250 460
3787 3800 641 1250 460
3765 3697 647 1240 470
3750 3636 649 1240 470
3740 3603 646 1230 470
3732 3585 638 1230 470
3727 3580 638 1210 470
3727 3580 616 1210 470
3716 3596 491 1200 470
3707 3632 183 1190 470
3901 4224 142 1170 460
3932 4207 144 1170 460
3932 4200 211 1170 460
3950 4189 296 1180 460
3972 4170 366 1180 460
4015 4144 430 1190 460
4070 4095 491 1190 460
4147 4032 527 1190 460
4227 3959 564 1200 470
4314 3885 592 1200 470
4418 3807 609 1200 470
4531 3746 624 1200 470
4662 3696 630 1200 480
4797 3667 644 1200 480
4911 3657 644 1200 480
5008 3657 646 1190 480
5093 3674 656 1190 480
5149 3689 656 1190 480
5185 3703 659 1170 490
5194 3703 665 1180 490
5188 3711 659 1180 490
5172 3716 652 1180 490
5148 3730 639 1170 500
5123 3749 485 1170 500
5926 5021 272 1220 470
6006 5065 273 1220 470
5974 5075 299 1230 470
5979 5064 386 1240 480
5984 5057 493 1240 480
5989 5045 553 1250 480
5989 5008 603 1250 480
5989 4957 636 1260 490
5972 4885 662 1260 490
5939 4798 679 1250 500
5896 4702 688 1250 500
5845 4618 688 1250 500
5788 4541 684 1240 500
5728 4469 676 1250 510
5667 4410 666 1250 510
5617 4371 644 1230 510
5588 4345 504 1230 510
5573 4354 119 1230 510
5616 4905 44 1190 500
5682 5006 75 1180 490
5696 5038 115 1180 490
5714 5060 134 1190 490
5731 5071 186 1190 490
5752 5064 212 1190 490
5775 5046 287 1190 490
5806 5011 337 1210 490
5835 4970 402 1210 490
5864 4918 465 1220 500
5893 4854 521 1230 490
5921 4778 560 1230 490
5949 4696 589 1230 490
5978 4617 611 1240 500
6007 4538 646 1240 500
6038 4455 675 1220 500
6063 4365 702 1220 500
6084 4271 731 1220 500
6093 4174 757 1220 510
6093 4091 771 1220 510
6088 4019 790 1220 510
6080 3954 794 1220 510
6067 3900 802 1210 520
6051 3854 812 1210 520
6039 3820 820 1210 520
6024 3792 823 1200 520
6006 3767 826 1200 520
5987 3748 827 1200 520
5969 3734 829 1200 520
5952 3724 823 1200 520
5937 3724 817 1200 520
5922 3724 802 1200 520
5908 3742 782 1180 530
5893 3779 697 1180 530
5880 3846 501 1180 530
5867 3932 106 1180 530
5881 4357 117 1180 530
5894 4428 223 1180 530
5889 4441 346 1180 530
5889 4450 420 1180 530
5881 4450 440 1180 530
5874 4443 458 1180 530
5865 4401 475 1180 530
5850 4337 494 1200 520
5829 4241 513 1200 520
5805 4145 530 1200 520
5776 4067 524 1200 520
5752 4001 515 1200 520
5744 3960 509 1200 520
5744 3947 447 1200 520
5762 3952 10 1200 520
6250 4978 203 1190 500
6288 5006 218 1190 500
6281 5006 277 1190 500
6281 4984 364 1200 500
6271 4948 402 1200 500
6262 4894 443 1200 500
6255 4836 491 1220 500
6248 4773 512 1220 500
6242 4726 530 1220 500
6242 4690 529 1220 500
6242 4661 524 1210 510
6242 4643 524 1220 510
6254 4632 526 1220 510
6270 4632 530 1220 510
6292 4639 538 1210 520
6315 4656 538 1210 520
6339 4677 537 1210 520
6366 4700 538 1210 520
6395 4724 537 1210 520
6429 4748 538 1200 520
6465 4767 538 1200 520
6503 4779 540 1200 520
6541 4784 541 1200 520
6579 4784 546 1200 520
6611 4784 536 1200 520
6639 4772 539 1200 520
6666 4760 550 1200 520
6693 4744 559 1210 520
6720 4726 569 1210 520
6746 4704 592 1220 530
6774 4676 617 1220 530
6805 4641 638 1220 530
6835 4600 664 1220 530
6862 4558 694 1220 540
6883 4518 727 1220 540
6901 4473 740 1220 540
6917 4427 759 1220 540
6929 4381 791 1230 550
6938 4335 802 1210 550
6944 4286 820 1210 550
6949 4236 828 1220 560
6949 4188 849 1220 560
6954 4139 867 1220 560
6954 4091 860 1220 560
6949 4043 872 1230 560
6943 3982 884 1230 560
6937 3920 896 1230 560
6932 3857 894 1230 560
6932 3782 908 1220 570
6926 3707 929 1220 570
6926 3647 945 1220 570
6926 3598 937 1200 570
6926 3555 946 1200 570
6926 3522 950 1190 580
6926 3496 955 1190 580
6926 3480 958 1190 580
6926 3468 967 1170 580
6921 3460 977 1170 580
6921 3460 977 1170 580
6921 3460 991 1160 580
6921 3460 1003 1160 580
6893 3467 1003 1140 590
6876 3480 1009 1140 590
6849 3504 999 1140 590
6808 3536 988 1130 590
6757 3589 989 1130 590
6689 3666 935 1130 590
6598 3759 811 1130 590
6491 3867 389 1130 580
6160 4393 160 1150 480
6203 4408 246 1160 490
6203 4408 265 1160 490
6203 4408 361 1160 490
6215 4402 448 1170 500
6225 4375 509 1170 500
6236 4337 542 1180 510
6252 4276 580 1180 510
6268 4209 602 1190 510
6282 4143 611 1170 520
6294 4081 613 1180 530
6305 4031 611 1180 530
6315 3992 603 1180 530
6323 3961 586 1180 530
6329 3944 510 1180 530
6335 3944 222 1180 530
6316 4363 249 1170 530
6348 4358 292 1170 530
6357 4358 344 1170 530
6357 4365 431 1170 530
6390 4376 501 1170 530
6423 4376 554 1170 530
6462 4376 586 1170 530
6502 4368 617 1170 530
6536 4361 631 1170 530
6566 4353 639 1170 530
6587 4343 641 1170 530
6598 4333 647 1180 530
6603 4316 655 1180 530
6603 4290 661 1170 530
6592 4257 662 1170 530
6574 4219 661 1170 530
6550 4172 659 1170 530
6513 4115 659 1170 530
6468 4067 659 1170 530
6435 4027 661 1180 540
6417 4007 665 1180 540
6408 3995 662 1180 540
6413 3989 670 1180 540
6423 3989 670 1180 540
6443 4002 678 1170 530
6488 4029 679 1170 530
6547 4067 678 1170 530
6616 4105 664 1180 540
6689 4137 584 1180 540