194
4464 4101 420 1320 650
4456 4062 396 1320 650
4442 4073 218 1320 650
4449 4067 58 1300 660
4471 4067 56 1300 660
4486 4067 65 1300 660
4493 4072 68 1300 660
4493 4072 27 1300 660
4529 4137 362 1280 650
4541 4112 364 1280 650
4541 4112 369 1280 650
4541 4103 382 1280 650
4549 4087 443 1300 660
4549 4064 488 1300 660
4549 4036 518 1300 660
4549 4006 540 1300 660
4557 3976 586 1300 660
4584 3956 638 1300 660
4624 3942 650 1300 660
4723 3949 658 1300 660
4851 3995 665 1300 660
4999 4067 671 1300 660
5136 4150 669 1300 660
5274 4231 670 1300 660
5400 4307 670 1300 660
5516 4374 670 1300 660
5605 4422 669 1310 670
5655 4460 669 1310 670
5680 4468 671 1310 670
5667 4468 630 1310 670
5618 4468 509 1300 670
5546 4451 151 1300 670
5245 4708 515 1310 670
5282 4684 553 1330 660
5293 4684 545 1330 660
5293 4677 545 1330 660
5306 4625 551 1330 660
5333 4542 567 1330 660
5333 4455 581 1330 660
5309 4349 592 1330 660
5275 4231 586 1330 660
5226 4118 588 1330 660
5166 4013 586 1330 660
5098 3914 591 1330 660
5022 3814 567 1310 670
4950 3736 497 1310 670
4888 3673 215 1310 670
5176 4146 560 1240 660
5305 4110 606 1260 660
5338 4084 614 1260 660
5390 4022 616 1260 660
5454 3960 614 1260 660
5526 3908 637 1260 660
5581 3862 673 1260 660
5633 3818 676 1260 660
5682 3778 673 1260 660
5719 3740 672 1280 650
5747 3713 656 1300 660
5768 3696 465 1280 660
7181 4818 312 1360 610
7278 4818 335 1380 610
7278 4818 334 1380 630
7246 4783 372 1380 630
7222 4726 425 1400 630
7174 4633 439 1380 640
7109 4544 440 1400 650
7036 4458 449 1380 650
6947 4358 431 1400 660
6847 4259 384 1390 670
6745 4179 280 1390 670
6857 4533 76 1400 660
6895 4538 345 1390 670
6900 4548 348 1390 670
6900 4554 381 1390 670
6900 4554 460 1390 670
6909 4563 527 1390 670
6915 4568 561 1370 670
6925 4568 592 1370 670
6942 4577 603 1370 670
6974 4583 614 1350 680
7015 4588 616 1350 680
7052 4588 636 1350 680
7085 4588 644 1350 680
7116 4575 659 1350 680
7151 4556 672 1350 680
7188 4519 693 1350 680
7228 4472 730 1350 680
7269 4397 745 1350 680
7303 4295 756 1350 680
7316 4176 765 1330 690
7316 4039 763 1330 690
7298 3903 770 1350 690
7266 3769 784 1350 690
7225 3650 800 1350 690
7189 3566 811 1330 700
7157 3505 812 1310 690
7134 3471 812 1310 690
7117 3454 808 1310 690
7098 3449 797 1290 700
7067 3454 768 1290 700
7029 3472 690 1290 700
6984 3498 443 1290 700
7181 4243 461 1250 680
7244 4210 467 1250 680
7228 4198 461 1280 680
7177 4167 465 1280 680
7143 4109 532 1280 680
7097 4052 592 1280 680
7043 3996 597 1310 680
6988 3939 597 1310 680
6937 3899 566 1310 680
6900 3871 337 1310 680
7598 4638 206 1300 660
7696 4696 495 1300 660
7708 4696 498 1300 660
7694 4696 491 1300 660
7694 4702 501 1300 660
7665 4678 513 1300 660
7621 4613 533 1300 660
7570 4521 546 1310 670
7533 4429 569 1310 670
7495 4344 591 1310 670
7451 4285 592 1310 670
7451 4241 605 1310 680
7451 4218 614 1310 680
7471 4207 620 1310 680
7494 4207 619 1310 680
7535 4223 619 1310 680
7587 4256 617 1310 680
7645 4297 619 1310 680
7706 4333 617 1310 680
7772 4368 617 1310 680
7834 4396 617 1310 680
7894 4415 610 1330 690
7943 4427 613 1330 690
7987 4436 614 1330 690
8027 4436 614 1330 690
8059 4436 620 1330 690
8085 4427 646 1330 690
8106 4380 697 1330 690
8122 4309 751 1330 690
8122 4172 784 1330 690
8117 4014 790 1330 690
8117 3841 787 1350 690
8117 3666 790 1330 700
8126 3537 796 1330 700
8126 3439 790 1350 710
8117 3361 815 1350 710
8096 3304 818 1330 710
8072 3262 822 1330 710
8041 3238 825 1330 710
8006 3224 821 1330 710
7974 3217 832 1330 710
7929 3226 821 1300 720
7875 3248 790 1300 720
7819 3279 728 1300 720
7759 3313 570 1300 720
7697 3350 1 1300 720
7471 4031 565 1330 700
7514 4031 606 1330 700
7477 4022 597 1330 700
7477 4022 619 1350 690
7498 3990 671 1350 690
7511 3945 722 1350 690
7520 3898 761 1350 690
7525 3851 751 1370 690
7531 3804 751 1370 690
7537 3774 761 1370 690
7537 3754 739 1370 690
7544 3754 693 1370 690
7544 3764 608 1390 680
7554 3786 492 1390 680
7577 3843 422 1390 680
7608 3905 418 1390 680
7650 3971 420 1390 680
7693 4019 417 1390 680
7738 4049 450 1390 680
7773 4066 502 1390 680
7802 4066 546 1390 680
7820 4056 568 1390 680
7820 4030 572 1390 680
7812 3994 583 1390 680
7777 3946 594 1390 680
7736 3897 608 1390 680
7690 3846 627 1390 680
7645 3793 658 1370 690
7604 3741 676 1370 690
7585 3707 700 1370 690
7578 3684 702 1350 690
7586 3669 722 1350 690
7599 3661 720 1330 690
7630 3661 724 1310 690
7672 3674 730 1310 690
7730 3705 636 1310 690