225
2873 4545 132 1000 740
2818 4436 305 1030 650
2782 4416 334 1030 570
2782 4423 369 1040 570
2782 4413 480 1050 560
2817 4403 578 1070 560
2868 4391 644 1070 550
3001 4402 697 1090 550
3140 4428 724 1100 530
3284 4482 739 1100 520
3441 4546 757 1120 520
3592 4618 756 1120 510
3738 4680 763 1130 510
3853 4740 768 1140 500
3944 4794 768 1150 480
4018 4838 770 1170 480
4063 4863 768 1180 480
4080 4876 768 1180 460
4080 4882 754 1180 460
4070 4888 722 1190 460
4052 4902 663 1190 460
4027 4921 567 1190 460
3988 4941 333 1190 460
3682 5347 202 1220 450
3717 5362 301 1220 450
3710 5362 329 1230 440
3710 5362 443 1230 440
3699 5329 554 1230 440
3684 5237 638 1230 440
3657 5105 702 1220 430
3619 4927 753 1220 430
3574 4731 806 1220 430
3509 4522 833 1220 430
3445 4315 848 1210 440
3401 4155 855 1210 440
3369 4026 857 1210 440
3353 3943 846 1200 440
3342 3899 829 1200 450
3342 3882 777 1200 450
3342 3882 684 1190 450
3342 3888 494 1190 450
3747 4666 287 1150 460
3896 4568 423 1150 460
3942 4518 540 1150 460
4008 4450 659 1150 460
4097 4368 733 1150 460
4200 4270 791 1150 460
4328 4166 811 1150 460
4456 4059 818 1140 460
4605 3971 828 1150 470
4768 3913 842 1150 470
4889 3875 848 1130 480
4996 3857 851 1140 480
5093 3857 849 1140 480
5167 3857 849 1130 490
5216 3880 846 1130 490
5249 3898 840 1140 500
5257 3915 814 1140 500
5245 3944 670 1140 500
5219 3980 207 1140 500
7052 5450 351 1210 490
7091 5483 427 1220 480
7071 5473 442 1220 480
7061 5459 527 1230 490
7061 5413 614 1240 500
7034 5345 676 1250 500
6987 5263 724 1260 500
6923 5165 740 1260 500
6839 5063 763 1260 500
6750 4969 757 1250 510
6658 4882 756 1250 510
6590 4819 754 1250 510
6536 4779 743 1230 510
6490 4754 669 1230 510
6461 4754 536 1230 510
6437 4786 362 1220 510
6424 4850 91 1220 510
6439 5327 60 1190 490
6487 5458 155 1190 490
6508 5497 239 1190 480
6532 5531 306 1190 480
6564 5548 362 1190 480
6605 5554 448 1180 480
6660 5531 538 1180 480
6724 5477 605 1180 480
6791 5403 662 1190 480
6856 5302 719 1190 480
6911 5196 770 1190 480
6960 5080 812 1190 490
7011 4954 840 1190 490
7056 4819 860 1200 500
7096 4693 908 1190 500
7113 4575 939 1190 500
7113 4472 950 1190 510
7091 4372 976 1190 510
7065 4275 991 1200 520
7035 4190 978 1180 530
7001 4131 977 1180 530
6978 4090 977 1190 530
6959 4080 991 1180 540
6945 4089 979 1180 540
6930 4110 944 1180 540
6914 4179 897 1170 540
6897 4300 864 1170 540
6886 4457 821 1150 540
6879 4594 780 1150 540
6888 4714 753 1150 540
6907 4823 754 1150 540
6929 4911 751 1150 540
6947 4976 756 1170 540
6955 5027 763 1170 540
6955 5054 777 1170 540
6955 5054 785 1180 540
6939 5043 787 1180 540
6915 4973 806 1180 540
6869 4857 820 1190 530
6811 4711 822 1190 530
6744 4592 828 1190 530
6690 4493 825 1190 530
6664 4407 832 1180 530
6656 4378 782 1180 530
6668 4383 697 1180 530
6706 4411 515 1170 520
6760 4499 80 1160 520
7151 5289 49 1160 520
7369 5531 161 1160 520
7435 5600 187 1160 520
7473 5625 269 1160 520
7485 5625 463 1160 520
7485 5605 539 1160 520
7467 5554 609 1160 520
7438 5479 671 1160 520
7398 5385 716 1170 520
7350 5301 740 1170 520
7323 5224 753 1190 510
7311 5175 760 1190 510
7311 5146 762 1190 510
7317 5131 763 1200 510
7339 5121 765 1200 510
7369 5121 767 1200 510
7408 5121 770 1200 510
7450 5121 777 1200 510
7494 5135 779 1190 500
7537 5150 784 1190 500
7586 5163 785 1190 500
7637 5176 788 1200 500
7693 5186 788 1210 510
7751 5193 791 1210 510
7813 5199 793 1210 510
7874 5199 796 1210 510
7921 5199 787 1220 510
7959 5194 794 1220 510
7987 5182 811 1220 510
8006 5165 836 1230 520
8019 5140 858 1230 520
8031 5106 888 1240 530
8040 5063 902 1240 530
8048 5014 929 1250 540
8057 4959 937 1240 540
8067 4896 964 1250 550
8077 4823 988 1250 550
8083 4739 996 1240 550
8083 4649 1023 1240 550
8083 4556 1023 1240 550
8083 4463 1023 1220 560
8083 4366 1023 1220 560
8083 4271 1023 1220 560
8078 4175 1023 1210 560
8069 4098 1023 1210 560
8058 4032 1023 1190 560
8040 3976 1023 1190 560
8016 3932 1023 1190 580
7992 3895 1023 1190 580
7965 3873 1023 1170 580
7935 3864 1023 1170 580
7902 3864 1023 1150 580
7852 3880 1023 1150 580
7791 3921 1023 1150 580
7719 3977 958 1150 580
7640 4063 843 1150 580
7555 4179 690 1150 580
7484 4315 427 1140 570
7476 4940 253 1130 540
7490 4972 291 1140 530
7483 4952 405 1140 530
7483 4915 514 1140 530
7483 4843 581 1150 520
7483 4766 634 1150 520
7490 4685 659 1150 520
7490 4634 669 1150 520
7498 4598 669 1150 520
7498 4573 666 1150 520
7506 4559 668 1150 520
7506 4559 646 1150 520
7506 4564 603 1150 520
7511 4581 522 1150 520
7511 4626 396 1140 530
7511 4689 276 1140 530
7511 4765 274 1140 530
7511 4839 275 1140 530
7521 4879 299 1140 530
7534 4896 371 1140 530
7553 4913 458 1140 530
7591 4933 538 1140 530
7641 4955 594 1140 530
7696 4969 643 1160 530
7751 4960 691 1160 530
7806 4936 733 1170 530
7847 4897 776 1170 530
7879 4855 800 1170 530
7898 4807 827 1180 530
7898 4757 857 1180 530
7890 4706 866 1180 530
7862 4660 863 1190 530
7832 4618 875 1190 530
7800 4592 879 1190 530
7782 4575 887 1190 540
7769 4565 887 1190 540
7769 4557 888 1190 540
7793 4549 893 1170 550
7838 4557 894 1170 550
7938 4576 899 1160 550
8072 4633 887 1160 550
8228 4695 768 1160 550
8399 4760 206 1160 550