280
2249 5632 1460 460 47
2230 5699 1460 470 137
2216 5737 1460 470 242
2216 5772 1460 470 344
2211 5803 1460 470 414
2211 5826 1460 470 425
2211 5819 1470 460 458
2217 5793 1470 460 546
2217 5696 1470 460 595
2197 5507 1470 460 611
2158 5258 1470 460 617
2113 4997 1470 460 613
2071 4781 1470 460 625
2054 4595 1470 460 619
2054 4469 1470 460 622
2054 4361 1460 470 620
2082 4264 1460 470 556
2116 4201 1460 470 384
2151 4172 1450 470 1
2099 5403 1410 460 206
2127 5479 1410 460 310
2135 5522 1420 450 353
2140 5561 1420 450 381
2173 5561 1440 460 447
2225 5528 1440 460 527
2290 5469 1440 460 591
2355 5262 1440 460 644
2414 5109 1440 460 691
2468 4992 1450 460 721
2514 4816 1440 470 763
2557 4701 1440 470 790
2599 4627 1440 470 809
2635 4589 1430 480 818
2658 4573 1430 480 867
2672 4573 1430 480 882
2694 4607 1430 480 887
2738 4715 1420 470 887
2796 4871 1430 480 887
2838 5070 1430 480 882
2881 5295 1430 480 881
2940 5538 1430 480 884
3009 5682 1430 480 879
3047 5734 1430 480 873
3071 5726 1430 480 875
3085 5696 1430 480 887
3118 5598 1440 480 890
3147 5454 1450 470 893
3174 5245 1450 470 900
3201 5038 1450 470 905
3231 4833 1450 470 899
3262 4681 1460 470 912
3285 4565 1450 470 911
3301 4472 1450 470 909
3306 4377 1450 470 900
3311 4295 1450 470 902
3317 4221 1450 470 827
3327 4177 1440 480 663
3343 4154 1440 480 394
3863 5149 1450 460 469
3920 4910 1450 460 489
3876 4876 1450 460 540
3840 4750 1460 460 625
3834 4562 1460 460 737
3849 4458 1470 460 806
3899 4398 1470 460 864
3962 4367 1460 470 893
4034 4379 1460 470 921
4152 4437 1450 460 936
4256 4525 1440 470 947
4350 4622 1430 480 950
4374 4713 1440 480 938
4343 4810 1440 480 927
4275 4914 1440 480 909
4143 5020 1450 480 905
4026 5064 1450 480 875
3918 5064 1450 480 837
3852 5022 1460 480 791
3810 4951 1460 480 694
3783 4862 1460 480 532
3783 4762 1460 480 143
4912 4878 1480 460 504
4940 4802 1490 470 537
4924 4779 1500 470 637
4910 4707 1500 470 720
4901 4634 1510 470 824
4916 4576 1510 470 897
4947 4530 1520 480 947
4998 4511 1510 480 982
5081 4531 1530 490 1003
5184 4576 1530 490 1011
5293 4656 1540 490 1017
5359 4743 1530 500 1015
5397 4834 1530 500 1011
5367 4915 1540 500 1002
5283 4995 1540 500 978
5164 5050 1550 500 967
5033 5088 1560 500 948
4937 5077 1560 500 894
4865 5033 1560 500 848
4818 4968 1560 500 752
4802 4891 1560 500 595
4802 4809 1560 480 344
5680 5120 1560 480 270
5782 5150 1560 480 312
5788 5150 1560 480 417
5802 5117 1560 480 559
5802 5064 1570 480 688
5791 4974 1580 480 784
5769 4861 1570 490 822
5752 4733 1570 490 875
5739 4654 1570 490 903
5739 4602 1570 490 896
5750 4567 1570 490 906
5763 4559 1570 490 918
5783 4578 1570 500 912
5835 4615 1570 500 908
5908 4702 1570 500 908
5963 4813 1590 500 896
6018 4941 1590 500 906
6075 5021 1590 500 909
6108 5048 1600 500 896
6124 5041 1600 500 905
6148 5009 1610 500 917
6168 4946 1610 500 929
6178 4862 1620 510 929
6178 4764 1620 510 924
6191 4684 1640 510 915
6203 4615 1640 510 872
6221 4548 1640 510 703
6243 4487 1650 510 144
6854 5787 1620 430 122
6848 5879 1620 430 324
6848 5952 1620 430 442
6848 5975 1620 430 463
6848 5966 1630 430 541
6838 5890 1620 440 613
6821 5760 1620 440 675
6800 5594 1620 440 730
6780 5289 1620 440 763
6764 5103 1610 440 788
6754 4996 1610 440 794
6763 4857 1610 440 799
6784 4748 1610 450 808
6809 4659 1610 450 803
6838 4578 1600 460 791
6874 4510 1600 460 785
6913 4452 1600 460 690
6959 4421 1600 470 474
7561 5315 1620 480 491
7705 5212 1620 470 519
7737 5231 1620 470 545
7732 5169 1640 460 617
7732 5060 1640 460 727
7712 4919 1640 460 785
7684 4802 1640 450 811
7674 4716 1640 450 823
7674 4650 1640 450 829
7674 4603 1640 460 824
7690 4574 1640 460 814
7703 4557 1640 460 787
7712 4557 1630 470 638
7595 5714 1630 480 536
7698 5733 1630 480 569
7716 5804 1630 480 589
7732 5804 1630 470 619
7747 5804 1630 470 622
7759 5804 1630 470 627
7769 5795 1640 460 624
7788 5775 1640 460 617
7809 5743 1640 460 559
7835 5702 1640 450 112
8715 5254 1700 440 237
8768 5244 1710 450 354
8776 5270 1710 450 433
8770 5287 1710 450 509
8758 5306 1710 460 554
8725 5326 1710 460 586
8678 5326 1700 470 622
8592 5291 1700 470 676
8493 5239 1700 480 739
8385 5160 1700 480 796
8311 5068 1700 480 827
8275 4968 1700 480 851
8263 4896 1700 480 863
8284 4853 1700 480 882
8341 4829 1700 480 890
8423 4835 1700 480 888
8521 4874 1700 480 878
8609 4936 1700 480 864
8691 5008 1700 480 861
8753 5084 1700 480 833
8796 5163 1700 480 833
8826 5214 1700 480 833
8839 5230 1700 470 836
8854 5222 1700 470 840
8870 5179 1700 470 857
8880 5097 1700 470 869
8886 4989 1710 470 900
8886 4832 1710 470 953
8880 4670 1710 470 1021
8862 4500 1710 480 1023
8836 4325 1720 480 1023
8803 4169 1720 480 1023
8765 4038 1720 480 1023
8699 3925 1720 480 1023
8594 3835 1720 490 1023
8463 3769 1720 490 1023
8321 3719 1720 490 1023
8193 3706 1720 500 1023
8085 3721 1720 500 1023
7980 3755 1720 500 1023
7878 3830 1710 510 951
7783 3914 1710 510 814
7736 4003 1700 510 564
9284 5929 1700 430 253
9351 5984 1710 430 349
9376 6035 1710 430 372
9387 6035 1720 420 428
9401 5993 1720 420 557
9401 5883 1730 420 639
9383 5713 1740 420 722
9350 5502 1740 420 794
9297 5335 1750 420 866
9230 5132 1740 430 908
9178 4906 1740 430 942
9158 4764 1740 440 961
9158 4691 1740 450 980
9164 4663 1750 450 991
9169 4648 1750 460 993
9177 4648 1750 470 1005
9192 4670 1750 470 997
9251 4744 1730 480 981
9336 4885 1730 480 982
9434 5070 1730 490 949
9545 5258 1730 500 946
9664 5433 1730 500 946
9765 5499 1730 510 946
9834 5499 1730 510 947
9881 5437 1710 510 955
9915 5348 1730 510 962
9930 5240 1730 510 964
9930 5129 1730 510 965
9930 5027 1730 510 959
9938 4946 1730 510 953
9952 4876 1730 500 938
9972 4804 1740 500 905
9998 4751 1740 500 768
10029 4712 1750 510 515
10196 5337 1740 500 433
10216 5209 1740 500 557
10223 5318 1740 500 644
10274 5353 1750 500 740
10354 5340 1750 500 821
10478 5370 1750 500 855
10617 5403 1760 500 855
10766 5439 1760 500 858
10900 5468 1760 500 857
11003 5493 1780 500 869
11085 5508 1780 500 858
11123 5515 1790 500 833
11132 5515 1800 500 759
11121 5515 1800 510 636
11069 5515 1800 510 334
10714 6117 1800 470 376
10730 6081 1800 470 414
10715 6062 1790 470 467
10686 5986 1790 460 584
10648 5851 1790 460 708
10589 5677 1790 460 827
10530 5499 1790 450 908
10470 5310 1790 460 958
10458 5113 1780 460 1011
10493 4981 1780 460 1023
10558 4885 1780 470 1023
10673 4813 1780 470 1023
10791 4773 1780 480 1023
10892 4759 1780 490 1023
10980 4759 1760 500 1023
11079 4769 1760 500 909
11147 4769 1780 510 180