348
2890 5458 27 1350 640
2890 5458 144 1350 630
2896 5487 136 1350 620
2891 5487 136 1350 620
2884 5459 142 1360 610
2874 5410 184 1360 610
2874 5320 249 1380 610
2869 5192 291 1380 610
2869 5040 315 1400 620
2861 4849 325 1380 630
2852 4655 332 1400 630
2844 4506 335 1400 630
2838 4389 335 1380 640
2838 4292 334 1380 640
2838 4229 315 1370 650
2838 4188 279 1370 650
2838 4166 141 1370 660
2928 5227 36 1370 630
2928 5227 88 1370 630
2928 5227 91 1370 630
2928 5227 127 1370 630
2958 5224 167 1370 630
2979 5184 191 1380 640
3007 5127 217 1380 640
3043 5038 222 1380 640
3086 4931 222 1380 640
3131 4812 222 1380 640
3172 4702 222 1380 640
3212 4617 222 1370 650
3242 4548 211 1370 650
3273 4496 216 1370 650
3305 4466 223 1350 650
3336 4450 228 1350 650
3364 4450 223 1350 650
3390 4459 207 1330 660
3423 4483 149 1330 660
3457 4535 115 1330 660
3492 4605 104 1330 660
3526 4688 104 1300 660
3555 4799 101 1300 660
3582 4902 134 1300 660
3606 5000 165 1300 660
3630 5071 181 1300 660
3654 5137 216 1300 660
3677 5180 249 1300 660
3703 5209 311 1300 660
3734 5216 363 1320 650
3771 5190 400 1320 650
3811 5141 418 1330 660
3856 5040 427 1330 660
3904 4894 428 1350 650
3952 4717 431 1350 650
4000 4566 433 1350 650
4043 4440 431 1350 650
4082 4332 435 1350 650
4117 4254 436 1330 660
4150 4200 433 1330 660
4182 4163 400 1330 660
4209 4141 351 1310 670
4232 4141 255 1310 670
4252 4156 93 1300 670
4681 4895 144 1300 670
4681 4895 196 1310 670
4681 4895 200 1310 670
4681 4895 178 1310 670
4681 4895 170 1310 670
4651 4861 173 1330 660
4644 4834 195 1330 660
4636 4801 226 1330 660
4628 4753 253 1330 660
4628 4696 247 1330 660
4636 4635 250 1330 660
4650 4574 257 1330 660
4673 4512 272 1310 670
4711 4467 282 1310 670
4757 4433 282 1310 670
4810 4410 282 1300 670
4861 4404 277 1300 670
4913 4409 270 1300 670
4961 4429 272 1300 670
5007 4467 270 1280 680
5052 4517 259 1290 680
5091 4579 253 1290 680
5127 4649 237 1290 680
5152 4725 217 1290 680
5152 4814 215 1310 690
5126 4903 254 1310 690
5087 4954 317 1310 690
5040 4980 334 1310 690
4987 4972 342 1330 700
4925 4943 333 1330 700
4867 4901 340 1350 690
4818 4856 317 1350 690
4789 4816 221 1350 690
4772 4785 66 1350 690
5591 4941 206 1350 690
5574 4863 309 1350 690
5555 4844 320 1350 690
5540 4820 315 1350 690
5533 4750 292 1350 690
5533 4651 280 1370 700
5556 4589 285 1370 700
5584 4543 317 1370 700
5621 4507 334 1350 710
5661 4476 335 1330 700
5707 4455 335 1330 700
5758 4441 312 1350 710
5817 4451 277 1350 710
5876 4486 235 1330 710
5934 4539 203 1330 710
5986 4613 184 1350 720
6019 4701 153 1350 720
6038 4798 171 1350 720
6025 4891 249 1350 720
5988 4944 294 1350 720
5936 4970 314 1350 720
5875 4970 339 1350 720
5812 4952 334 1370 730
5747 4921 342 1370 730
5697 4878 325 1370 730
5652 4835 282 1400 720
5628 4802 165 1400 720
5615 4776 1 1400 720
6347 4996 196 1370 710
6390 4988 269 1370 710
6370 4988 269 1420 710
6375 4988 270 1420 710
6384 4961 272 1420 710
6392 4929 287 1420 710
6398 4877 320 1420 710
6398 4815 359 1420 710
6398 4742 369 1420 710
6398 4676 374 1400 720
6388 4614 376 1420 720
6377 4563 372 1420 720
6370 4531 369 1420 720
6370 4513 364 1400 730
6370 4507 364 1400 730
6370 4507 346 1400 730
6376 4519 314 1380 740
6391 4566 269 1380 740
6424 4636 257 1380 740
6467 4722 255 1380 740
6508 4805 265 1380 740
6548 4860 284 1380 740
6584 4896 325 1380 740
6618 4907 356 1380 740
6647 4895 392 1380 740
6676 4867 414 1380 740
6699 4801 430 1380 740
6718 4720 436 1380 740
6731 4629 449 1380 740
6737 4539 443 1380 740
6737 4464 453 1380 740
6744 4398 452 1380 740
6744 4351 453 1380 740
6744 4318 453 1380 740
6752 4294 440 1380 740
6752 4287 398 1380 740
6752 4287 292 1380 740
6761 4297 115 1350 750
7379 5507 12 1510 720
7379 5507 53 1510 720
7409 5526 130 1510 720
7414 5510 208 1510 720
7414 5479 280 1510 720
7419 5405 316 1490 730
7419 5287 320 1490 730
7419 5140 325 1520 730
7407 4984 325 1520 730
7395 4828 339 1520 730
7387 4675 388 1510 740
7381 4548 414 1510 740
7381 4437 418 1510 740
7381 4342 422 1490 750
7386 4271 404 1490 750
7397 4216 396 1470 760
7408 4188 339 1470 760
7419 4176 254 1440 770
7432 4176 55 1440 770
7983 4900 76 1440 770
7983 4900 342 1440 770
7997 4867 374 1500 760
7985 4822 386 1500 760
7973 4750 381 1500 760
7963 4654 382 1500 760
7956 4563 399 1480 770
7949 4486 456 1480 770
7942 4418 473 1480 770
7942 4361 470 1480 770
7948 4321 431 1480 770
7958 4292 371 1520 780
7968 4285 304 1490 780
7976 4293 223 1490 780
7986 4312 112 1490 780
7884 5223 372 1450 780
7884 5293 510 1450 780
7884 5288 535 1480 770
7876 5296 533 1480 770
7885 5296 515 1440 770
7912 5275 491 1470 760
7951 5247 467 1470 760
7981 5232 461 1470 760
8003 5223 418 1490 750
8019 5218 314 1490 750
8037 5208 91 1490 750
8749 4930 56 1500 760
8754 4988 223 1500 760
8734 5007 237 1500 760
8699 5024 239 1500 760
8658 5024 244 1500 760
8612 5009 286 1500 760
8573 4983 361 1500 760
8524 4937 415 1500 760
8468 4879 453 1500 760
8435 4815 456 1500 760
8406 4752 460 1500 760
8397 4691 461 1500 760
8397 4646 456 1500 760
8408 4610 461 1480 770
8432 4588 458 1480 770
8467 4580 445 1480 770
8509 4580 420 1480 770
8553 4601 384 1450 780
8598 4643 312 1450 780
8647 4701 250 1490 780
8690 4773 193 1490 780
8729 4854 170 1490 780
8754 4940 181 1490 780
8763 4998 233 1490 780
8763 5018 262 1490 780
8763 5013 306 1490 780
8763 5001 361 1490 780
8755 4947 396 1490 780
8749 4865 418 1450 780
8739 4740 428 1450 780
8729 4604 436 1450 780
8719 4462 433 1450 780
8710 4323 428 1450 780
8702 4208 425 1450 780
8697 4108 425 1450 780
8691 4031 425 1450 780
8677 3968 420 1450 780
8658 3914 423 1420 790
8632 3862 413 1420 790
8593 3825 394 1420 790
8544 3798 393 1390 790
8485 3786 364 1390 790
8408 3786 361 1350 800
8320 3801 359 1350 800
8233 3821 363 1350 800
8163 3846 363 1350 800
8104 3874 369 1310 810
8061 3900 382 1310 810
8039 3925 387 1310 810
8030 3949 384 1310 810
8036 3981 381 1310 810
8058 4019 368 1350 800
8090 4063 285 1350 800
9463 5504 301 1520 750
9492 5506 361 1520 750
9492 5506 354 1520 750
9492 5506 354 1520 750
9475 5466 358 1520 750
9467 5373 363 1560 760
9445 5251 376 1560 760
9412 5117 396 1560 760
9376 4984 412 1590 760
9342 4851 413 1590 760
9312 4728 418 1580 770
9289 4636 427 1580 770
9267 4565 428 1580 770
9246 4514 427 1560 780
9232 4472 430 1560 780
9220 4437 430 1540 790
9210 4415 420 1540 790
9204 4406 414 1510 800
9204 4406 420 1510 800
9204 4414 409 1510 800
9216 4452 392 1480 810
9242 4510 384 1480 810
9287 4591 372 1480 810
9336 4683 372 1480 810
9398 4782 376 1430 800
9467 4850 393 1430 800
9517 4879 392 1430 800
9555 4879 415 1480 810
9584 4871 449 1480 810
9605 4827 486 1480 810
9619 4763 497 1480 810
9627 4668 509 1480 810
9627 4574 509 1510 800
9615 4480 510 1510 800
9601 4413 509 1510 800
9601 4364 501 1510 800
9601 4334 463 1510 800
9607 4323 353 1510 800
9616 4323 112 1510 800
10103 5210 105 1660 780
10092 5179 222 1660 780
10092 5179 260 1660 780
10092 5179 317 1650 790
10092 5179 389 1650 790
10092 5179 461 1700 790
10092 5169 490 1700 790
10101 5162 501 1700 790
10118 5155 504 1700 790
10150 5155 504 1700 790
10191 5155 497 1700 790
10237 5174 492 1700 790
10285 5192 499 1700 790
10335 5211 501 1700 790
10387 5223 502 1700 790
10438 5235 491 1700 790
10472 5244 465 1700 790
10494 5250 389 1700 790
10494 5258 181 1690 800
10287 5593 212 1700 790
10295 5669 399 1700 790
10301 5669 392 1710 780
10301 5675 392 1710 780
10301 5635 372 1710 780
10290 5568 367 1710 780
10263 5461 396 1710 780
10222 5339 417 1710 780
10180 5207 444 1710 780
10136 5092 439 1710 780
10100 4984 450 1710 780
10068 4881 463 1700 790
10043 4781 478 1700 790
10035 4696 510 1700 790
10035 4622 524 1690 800
10057 4557 533 1690 800
10082 4505 535 1690 800
10116 4462 540 1680 810
10157 4438 543 1680 810
10207 4432 539 1680 810
10264 4437 548 1660 820
10327 4451 551 1660 820
10395 4468 557 1660 820
10466 4486 560 1640 830
10519 4492 570 1570 820
10560 4492 583 1570 820
10584 4492 584 1570 820
10591 4492 586 1570 820
10591 4492 592 1570 820
10585 4492 570 1570 820
10577 4492 425 1570 820