289
2431 5236 1450 510 213
2453 5347 1450 500 333
2443 5355 1440 490 472
2420 5450 1450 480 488
2414 5457 1450 470 530
2407 5406 1460 470 617
2407 5267 1460 460 663
2407 5086 1470 450 707
2354 4876 1460 440 725
2332 4657 1450 430 751
2332 4492 1460 430 753
2332 4364 1460 420 757
2332 4253 1460 420 754
2332 4160 1460 420 748
2337 4078 1450 410 676
2345 4015 1440 420 554
2357 3986 1440 420 425
2365 3980 1420 420 130
2297 5120 1430 420 141
2354 5155 1430 420 304
2365 5206 1440 410 373
2365 5236 1440 410 417
2372 5251 1450 400 439
2385 5258 1450 400 489
2417 5241 1460 400 570
2460 5208 1450 390 611
2530 5131 1450 390 671
2602 5011 1460 390 721
2680 4863 1450 390 750
2741 4720 1460 400 788
2790 4595 1460 400 793
2830 4482 1450 400 817
2861 4408 1460 410 822
2886 4361 1450 410 836
2899 4332 1450 410 861
2906 4325 1450 420 894
2906 4358 1450 420 900
2934 4419 1440 430 896
2974 4562 1440 430 863
3024 4737 1440 440 848
3064 4934 1440 440 848
3113 5132 1440 440 846
3176 5273 1440 440 845
3218 5377 1440 440 843
3246 5425 1440 440 839
3258 5436 1450 440 834
3275 5422 1450 440 833
3300 5370 1460 440 837
3330 5280 1460 440 840
3355 5164 1470 430 851
3377 5024 1460 430 855
3391 4879 1470 420 878
3401 4724 1470 420 893
3409 4581 1470 420 911
3409 4447 1470 420 921
3409 4294 1470 420 923
3409 4172 1470 420 920
3409 4070 1460 430 905
3420 3984 1450 430 864
3427 3909 1450 430 791
3439 3841 1440 440 628
3456 3799 1440 440 417
4180 4743 1410 450 556
4148 4610 1410 450 645
4103 4570 1410 450 728
4058 4439 1420 440 830
4025 4247 1420 440 864
4031 4135 1420 440 924
4063 4072 1420 440 949
4127 4041 1420 440 989
4221 4041 1420 440 987
4334 4085 1420 440 997
4438 4160 1420 450 1002
4510 4266 1440 460 1000
4561 4372 1440 460 978
4544 4467 1430 460 953
4476 4555 1440 470 926
4374 4640 1440 470 896
4270 4684 1440 470 878
4171 4701 1440 470 843
4098 4672 1450 460 788
4039 4618 1450 460 687
4010 4548 1450 460 546
4010 4466 1450 460 217
4879 4554 1470 450 521
4868 4448 1480 450 595
4852 4424 1480 450 722
4839 4319 1480 450 824
4828 4232 1490 460 905
4844 4156 1490 460 943
4877 4121 1500 460 979
4934 4109 1510 460 1020
5016 4109 1500 470 1023
5114 4162 1510 470 1023
5222 4247 1510 470 1023
5284 4355 1520 480 1023
5314 4441 1510 480 997
5270 4526 1530 490 953
5183 4608 1530 490 926
5068 4668 1540 490 897
4971 4713 1540 490 852
4898 4705 1540 490 783
4841 4666 1540 490 699
4794 4607 1540 490 566
4781 4531 1540 490 327
5371 4735 1510 470 351
5448 4766 1510 470 407
5467 4776 1530 470 455
5467 4776 1530 470 584
5508 4733 1520 480 703
5535 4680 1520 480 796
5555 4598 1530 480 861
5572 4482 1530 480 923
5572 4343 1530 480 943
5572 4239 1530 480 958
5572 4178 1530 490 961
5580 4146 1540 490 968
5587 4135 1540 490 986
5593 4157 1540 490 967
5626 4202 1540 490 938
5675 4328 1540 490 897
5734 4465 1550 490 878
5799 4609 1550 490 879
5861 4682 1550 490 888
5917 4711 1560 500 899
5960 4711 1570 500 929
5999 4675 1570 500 953
6036 4614 1590 500 986
6059 4536 1600 500 982
6073 4442 1600 500 982
6081 4346 1610 500 997
6087 4249 1610 500 924
6094 4168 1620 520 757
6102 4099 1620 520 359
6794 5379 1630 380 179
6758 5411 1630 380 340
6738 5470 1630 380 458
6718 5505 1630 380 562
6710 5523 1620 380 595
6710 5523 1620 380 627
6716 5464 1620 380 724
6723 5359 1620 380 776
6728 5171 1610 370 830
6733 4948 1600 380 853
6740 4702 1600 380 897
6750 4520 1600 380 902
6764 4367 1590 390 912
6780 4234 1590 390 918
6798 4142 1580 400 914
6819 4068 1580 400 894
6842 4007 1570 410 818
6865 3969 1570 410 675
6889 3954 1570 420 414
7505 4965 1620 410 522
7599 4852 1620 410 570
7609 4847 1610 400 661
7609 4770 1620 410 750
7609 4646 1620 410 825
7599 4556 1620 410 870
7588 4475 1620 420 891
7580 4401 1620 420 900
7580 4341 1620 420 900
7580 4300 1620 430 896
7589 4271 1610 430 853
7596 4253 1610 430 802
7596 4247 1600 440 733
7596 4247 1600 440 453
7465 5187 1600 440 522
7570 5127 1600 440 624
7586 5174 1610 430 690
7615 5303 1610 420 780
7653 5303 1610 420 821
7676 5303 1610 410 834
7693 5303 1610 410 839
7707 5284 1620 410 837
7725 5258 1620 410 831
7734 5223 1620 400 787
7734 5182 1630 390 687
7744 5140 1630 390 496
7755 5100 1630 390 1
8390 4727 1670 450 70
8502 4706 1660 460 393
8556 4729 1660 460 509
8596 4773 1660 460 616
8628 4805 1670 450 676
8634 4838 1670 450 716
8621 4870 1670 460 720
8594 4899 1670 460 730
8538 4899 1670 460 750
8455 4892 1670 460 788
8354 4844 1680 460 825
8269 4767 1680 460 864
8217 4672 1680 460 894
8188 4590 1680 460 926
8188 4526 1680 460 950
8228 4475 1680 460 947
8285 4449 1680 460 959
8378 4457 1680 460 961
8474 4487 1680 460 953
8548 4539 1680 470 951
8607 4592 1680 470 932
8640 4647 1680 470 926
8661 4680 1680 470 923
8674 4692 1670 480 918
8689 4692 1670 480 921
8709 4672 1670 480 932
8737 4622 1690 480 943
8770 4551 1690 480 991
8804 4436 1690 480 1023
8827 4292 1700 490 1023
8843 4128 1700 490 1023
8854 3987 1710 490 1023
8844 3855 1710 490 1023
8819 3730 1720 490 1023
8770 3643 1720 490 1023
8687 3575 1720 490 1023
8581 3521 1720 490 1023
8447 3483 1720 500 1023
8308 3470 1720 500 1023
8166 3470 1720 500 1023
8050 3508 1720 500 929
7936 3554 1710 510 818
7869 3608 1710 510 641
7832 3631 1700 510 183
9320 5591 1720 420 367
9380 5579 1720 420 436
9390 5572 1730 420 497
9397 5595 1730 420 619
9397 5471 1730 420 707
9386 5308 1740 420 787
9358 5120 1740 420 853
9323 4918 1730 430 906
9284 4713 1740 430 958
9243 4507 1740 430 993
9243 4357 1740 440 1023
9243 4252 1740 450 1023
9249 4178 1740 450 1023
9249 4141 1740 460 1023
9254 4132 1740 470 1023
9254 4142 1740 470 1023
9279 4194 1730 480 1023
9317 4318 1720 480 991
9383 4489 1720 480 938
9469 4667 1720 480 926
9568 4831 1720 480 923
9665 4905 1720 480 926
9740 4925 1720 480 933
9800 4900 1720 480 941
9838 4835 1720 480 973
9858 4744 1730 480 995
9867 4632 1730 480 981
9855 4519 1730 480 985
9849 4411 1730 480 984
9849 4323 1730 480 991
9859 4245 1730 480 936
9870 4188 1730 480 808
9888 4151 1730 480 546
10247 4861 1720 440 570
10246 4781 1720 440 717
10266 4814 1720 440 829
10324 4833 1730 440 905
10407 4844 1730 450 967
10551 4877 1730 450 993
10703 4906 1740 450 1008
10861 4931 1750 460 1014
10965 4956 1760 460 1014
11037 4965 1770 470 1002
11087 4972 1780 470 965
11118 4972 1800 480 888
11127 4972 1810 480 760
11120 4972 1820 490 467
10707 5493 1780 460 581
10707 5493 1770 460 591
10707 5493 1760 450 697
10708 5384 1750 450 793
10675 5259 1750 450 887
10626 5109 1750 440 944
10572 4943 1750 450 982
10527 4721 1750 450 1023
10488 4560 1750 450 1023
10504 4439 1750 460 1023
10546 4332 1740 460 1023
10605 4258 1740 470 1023
10677 4207 1730 480 1023
10762 4192 1740 480 1023
10856 4202 1740 490 1023
10928 4229 1740 490 1023
10992 4252 1750 500 882
11050 4274 1760 500 105