227
3349 5205 1320 580 369
3463 5185 1320 570 422
3463 5218 1320 550 431
3420 5218 1310 550 446
3431 5206 1310 540 450
3452 5065 1310 540 483
3479 4877 1310 540 522
3492 4657 1310 540 536
3499 4419 1310 540 566
3499 4155 1300 530 585
3492 3873 1300 540 591
3462 3610 1300 540 599
3418 3395 1290 550 599
3353 3213 1290 550 591
3289 3089 1270 550 583
3226 3027 1270 550 492
3181 3006 1270 550 207
3356 4945 1310 540 143
3384 4945 1330 530 246
3390 4945 1330 530 247
3390 4965 1340 520 275
3428 5001 1340 520 332
3506 5053 1350 520 399
3610 5127 1360 520 440
3751 5217 1360 520 489
3882 5306 1370 520 526
4005 5374 1360 520 537
4122 5428 1360 520 550
4218 5459 1360 520 557
4300 5470 1360 520 570
4352 5470 1360 520 564
4392 5464 1360 520 578
4424 5457 1360 520 589
4449 5440 1360 520 614
4467 5402 1360 520 638
4481 5351 1350 520 646
4486 5272 1360 520 664
4486 5167 1360 520 663
4493 5046 1360 520 673
4506 4900 1350 530 682
4521 4754 1350 530 700
4552 4607 1350 530 705
4593 4464 1350 530 710
4639 4303 1350 530 722
4684 4130 1340 540 733
4718 3961 1340 540 725
4744 3793 1340 540 737
4761 3628 1340 550 761
4774 3500 1340 550 756
4783 3393 1340 550 757
4792 3272 1340 560 765
4800 3174 1340 560 771
4806 3092 1320 570 773
4806 3021 1340 570 773
4806 2965 1340 570 779
4806 2919 1320 580 782
4801 2877 1340 580 784
4794 2849 1340 580 784
4782 2830 1320 590 785
4767 2820 1320 590 796
4739 2820 1320 590 779
4691 2838 1310 600 691
4630 2908 1310 600 291
3854 4416 1280 480 304
3854 4416 1290 490 366
3854 4416 1310 480 361
3854 4416 1290 490 376
3906 4422 1300 500 409
3966 4446 1300 500 443
4043 4479 1320 500 465
4135 4522 1300 510 480
4237 4564 1320 510 496
4323 4606 1320 510 489
4379 4627 1310 520 494
4415 4643 1310 520 491
4432 4650 1310 520 488
4432 4650 1310 540 410
4432 4650 1310 540 94
3611 3736 1290 530 221
3646 3631 1290 530 282
3637 3600 1300 540 286
3658 3584 1300 540 309
3699 3539 1290 550 364
3757 3525 1300 550 444
3834 3533 1300 550 489
3924 3589 1300 550 514
4042 3699 1310 560 520
4188 3846 1310 560 520
4353 3987 1310 560 520
4491 4104 1310 560 512
4568 4206 1310 560 510
4604 4227 1310 560 475
4604 4227 1310 560 388
6331 5659 1480 530 127
6404 5697 1480 530 217
6380 5732 1480 530 241
6380 5745 1470 530 252
6386 5745 1470 530 284
6386 5738 1460 540 324
6392 5731 1460 540 386
6398 5692 1450 550 422
6407 5632 1460 550 465
6417 5534 1460 550 488
6426 5404 1460 550 521
6434 5254 1460 550 540
6434 5120 1450 560 568
6434 5008 1450 560 563
6426 4912 1450 560 566
6421 4840 1450 560 560
6415 4793 1450 560 559
6415 4762 1450 560 540
6415 4749 1450 560 420
5871 5159 1400 530 156
5871 5159 1400 530 210
5871 5159 1410 530 212
5871 5159 1420 530 206
5891 5101 1420 530 257
5920 5049 1420 530 327
5958 4990 1430 530 391
6028 4930 1430 530 440
6085 4868 1450 540 458
6133 4813 1450 540 468
6189 4764 1460 540 466
6233 4733 1450 550 456
6269 4710 1460 550 441
6290 4693 1460 550 190
7053 5386 1490 550 307
7047 5358 1490 550 325
7024 5352 1490 550 335
6996 5311 1490 550 334
6954 5233 1490 550 386
6904 5150 1490 550 423
6839 5059 1500 550 442
6767 4950 1500 550 448
6691 4830 1500 550 450
6621 4722 1490 560 452
6556 4650 1490 560 440
6513 4603 1490 560 312
5702 4197 1430 550 178
5618 4102 1410 550 272
5590 4102 1420 540 287
5590 4102 1420 540 312
5617 4102 1420 540 384
5664 4127 1410 550 425
5766 4185 1400 540 464
5904 4265 1410 550 516
6065 4356 1410 550 564
6253 4441 1400 550 594
6443 4523 1410 560 619
6619 4582 1410 560 634
6784 4637 1410 560 638
6946 4695 1430 560 641
7072 4756 1430 560 636
7173 4823 1430 560 625
7235 4858 1440 570 600
7251 4873 1440 570 409
6540 4455 1510 560 129
6581 4467 1510 560 196
6570 4475 1510 560 215
6536 4462 1490 560 270
6514 4424 1490 560 353
6484 4380 1490 560 420
6448 4312 1480 570 491
6418 4229 1480 570 541
6390 4115 1470 560 592
6363 3975 1470 560 617
6334 3817 1460 570 638
6291 3658 1460 570 671
6241 3507 1460 570 668
6195 3361 1440 580 670
6144 3242 1440 580 666
6090 3172 1440 580 652
6036 3134 1440 580 535
6010 3129 1430 590 42
6741 4342 1480 570 144
6753 4272 1480 570 240
6753 4315 1480 570 251
6740 4302 1480 570 270
6740 4254 1470 580 346
6740 4182 1460 570 436
6740 4102 1460 570 502
6745 4018 1460 570 545
6755 3927 1460 570 592
6767 3836 1460 570 614
6785 3759 1440 580 638
6814 3692 1440 580 655
6854 3640 1440 580 668
6896 3598 1430 590 675
6938 3563 1430 590 691
6984 3536 1430 590 702
7028 3514 1420 590 700
7079 3496 1440 600 717
7135 3486 1440 600 725
7164 3486 1440 600 733
7222 3486 1420 610 730
7298 3495 1420 610 736
7383 3515 1420 610 742
7468 3543 1430 620 743
7543 3576 1430 620 745
7611 3608 1430 620 752
7663 3639 1430 620 754
7709 3670 1410 630 759
7752 3707 1410 630 777
7799 3747 1410 630 793
7848 3788 1410 630 796
7902 3828 1410 630 815
7945 3862 1430 630 829
7980 3890 1430 630 819
8013 3917 1430 630 830
8039 3942 1440 620 831
8059 3964 1440 620 836
8083 3983 1460 630 840
8106 4003 1460 630 849
8128 4025 1460 630 852
8151 4048 1470 620 857
8171 4068 1470 620 867
8182 4086 1490 630 867
8187 4100 1500 620 884
8187 4111 1500 620 897
8180 4122 1500 620 905
8174 4139 1510 610 897
8165 4161 1510 610 906
8158 4181 1510 610 905
8158 4221 1510 610 900
8152 4274 1530 610 909
8152 4363 1530 610 834
8166 4484 1530 610 537