328
3756 5669 50 1480 600
3756 5669 80 1480 600
3754 5701 91 1450 600
3749 5711 88 1450 600
3749 5711 80 1440 600
3749 5711 83 1420 610
3749 5711 94 1410 600
3749 5711 105 1410 600
3749 5716 130 1390 610
3757 5722 134 1380 600
3764 5729 165 1380 600
3771 5734 180 1360 610
3779 5741 180 1360 610
3786 5747 196 1380 610
3793 5754 220 1370 620
3799 5760 228 1370 620
3799 5765 249 1370 620
3805 5770 250 1370 620
3805 5770 265 1370 620
3810 5775 280 1350 630
3810 5775 284 1350 630
3810 5775 287 1350 630
3810 5775 287 1350 630
3810 5775 279 1350 630
3810 5768 286 1350 630
3817 5748 302 1350 630
3830 5717 317 1350 630
3849 5665 309 1350 630
3871 5589 315 1350 630
3897 5498 325 1350 630
3925 5375 330 1350 630
3956 5247 337 1350 630
3988 5110 339 1370 620
4016 4968 342 1370 620
4033 4819 344 1370 620
4043 4686 348 1370 620
4043 4565 379 1370 620
4030 4441 412 1370 620
4007 4314 431 1370 620
3977 4181 440 1370 620
3939 4060 466 1350 630
3896 3946 486 1350 630
3855 3847 515 1350 630
3812 3758 536 1330 630
3768 3675 567 1330 630
3724 3617 569 1320 640
3686 3565 574 1320 640
3653 3518 572 1300 650
3630 3488 575 1300 650
3616 3472 569 1280 650
3609 3466 548 1280 650
3609 3466 470 1280 660
3609 3466 325 1280 660
3976 5507 141 1320 580
4019 5486 212 1340 570
4014 5508 214 1340 570
3982 5561 209 1350 580
3992 5566 222 1350 580
4012 5576 209 1360 580
4039 5589 212 1350 590
4063 5601 230 1350 590
4087 5614 244 1360 600
4114 5629 255 1360 600
4146 5649 260 1360 600
4189 5671 260 1360 600
4239 5694 260 1360 610
4297 5723 259 1360 610
4357 5752 260 1360 610
4421 5787 264 1360 610
4485 5826 269 1360 610
4549 5863 282 1360 610
4597 5894 274 1360 610
4634 5914 279 1380 600
4663 5926 281 1390 610
4682 5935 281 1410 600
4693 5940 287 1410 600
4704 5940 289 1420 590
4704 5940 289 1420 590
4704 5940 296 1420 590
4712 5932 304 1450 590
4719 5886 329 1450 590
4730 5817 340 1450 590
4741 5721 344 1450 590
4754 5609 344 1460 580
4769 5486 334 1460 580
4783 5338 336 1450 590
4795 5188 339 1460 600
4806 5029 358 1460 600
4827 4864 366 1450 600
4848 4694 362 1450 600
4869 4543 377 1440 610
4889 4404 394 1440 620
4908 4252 404 1430 630
4919 4105 418 1410 640
4926 3975 420 1410 640
4926 3854 444 1400 650
4932 3745 463 1400 660
4932 3655 474 1390 670
4932 3577 474 1370 670
4932 3507 467 1370 670
4918 3446 477 1350 680
4900 3390 502 1350 680
4879 3348 516 1330 690
4852 3318 533 1330 690
4819 3296 538 1310 690
4782 3289 513 1310 690
4728 3310 453 1290 700
4674 3349 294 1290 700
4094 4673 250 1360 580
4094 4673 275 1360 580
4083 4703 267 1350 590
4089 4709 245 1350 590
4132 4721 244 1350 590
4192 4736 260 1340 600
4262 4760 317 1340 610
4346 4792 358 1340 610
4433 4829 377 1320 610
4524 4863 384 1330 620
4612 4893 382 1330 620
4677 4913 373 1320 630
4728 4928 336 1330 630
4758 4934 307 1330 630
4770 4934 251 1330 630
4770 4934 146 1350 640
4125 4365 244 1380 630
4125 4327 280 1370 630
4125 4335 274 1370 630
4132 4343 260 1350 630
4180 4353 262 1350 630
4242 4378 274 1330 630
4314 4411 329 1320 630
4387 4447 348 1320 630
4460 4481 349 1320 630
4524 4509 324 1320 630
4582 4530 251 1300 630
4641 4547 68 1300 630
6252 5717 173 1500 640
6230 5748 255 1500 640
6225 5756 265 1480 650
6225 5756 270 1500 650
6236 5751 280 1500 650
6254 5736 301 1490 660
6276 5698 358 1490 660
6292 5646 398 1480 670
6305 5537 422 1500 670
6305 5431 425 1500 670
6305 5327 436 1500 670
6305 5220 448 1500 670
6290 5132 452 1500 670
6280 5056 458 1500 670
6272 4990 458 1500 670
6265 4939 456 1500 670
6258 4899 438 1500 670
6246 4872 336 1500 670
6230 4854 141 1500 670
5571 5315 319 1440 660
5571 5315 349 1450 650
5571 5315 341 1450 650
5571 5315 351 1450 650
5612 5293 371 1430 640
5649 5262 379 1430 640
5684 5228 396 1450 650
5718 5196 418 1450 650
5750 5167 425 1450 650
5780 5140 425 1450 650
5810 5118 415 1450 650
5833 5095 388 1450 650
5851 5081 351 1450 650
5864 5073 276 1450 650
5877 5065 180 1450 650
5877 5065 12 1470 650
6603 5428 223 1490 660
6636 5434 273 1510 660
6636 5443 285 1510 660
6636 5443 264 1510 660
6636 5443 272 1510 660
6636 5436 314 1510 660
6623 5422 364 1500 670
6605 5384 397 1500 670
6575 5332 417 1500 670
6543 5268 418 1500 670
6509 5207 407 1500 670
6452 5148 384 1500 670
6403 5094 317 1500 670
6358 5041 186 1500 670
5318 4556 68 1420 660
5277 4525 188 1420 660
5264 4525 203 1420 660
5256 4525 163 1400 670
5256 4525 153 1400 670
5277 4530 165 1400 670
5305 4537 181 1390 670
5340 4548 214 1370 670
5377 4559 254 1370 670
5420 4573 285 1370 670
5472 4589 289 1370 670
5540 4612 302 1370 670
5617 4641 310 1370 670
5706 4673 336 1350 680
5806 4699 364 1370 690
5912 4722 398 1370 690
6014 4739 397 1370 690
6114 4753 412 1370 690
6215 4765 420 1370 690
6316 4782 422 1390 690
6414 4802 418 1390 690
6505 4821 443 1390 690
6591 4838 448 1390 690
6671 4849 456 1410 700
6732 4857 450 1430 690
6781 4857 443 1430 690
6806 4864 376 1430 690
6812 4864 285 1450 700
6805 4864 73 1450 700
5874 4643 46 1440 670
5868 4630 141 1440 670
5868 4630 146 1420 680
5858 4630 132 1420 680
5858 4617 160 1420 680
5858 4598 190 1420 680
5858 4572 226 1420 680
5849 4540 241 1410 680
5842 4501 269 1430 690
5833 4454 279 1430 690
5824 4402 297 1430 690
5816 4344 309 1430 690
5805 4285 334 1430 690
5793 4230 346 1430 690
5783 4177 371 1430 690
5764 4124 369 1410 700
5740 4078 382 1410 700
5719 4037 394 1410 700
5698 4003 397 1410 700
5675 3971 420 1410 700
5651 3940 430 1410 700
5629 3915 438 1410 700
5606 3893 440 1410 700
5585 3873 438 1390 690
5563 3847 431 1390 690
5544 3824 417 1390 690
5530 3812 367 1390 690
5524 3806 287 1390 690
5524 3806 180 1390 690
6183 4634 30 1420 680
6183 4634 15 1430 690
6181 4670 90 1430 690
6181 4670 132 1430 690
6181 4670 170 1430 690
6181 4670 196 1430 690
6181 4678 249 1430 690
6181 4678 287 1430 690
6181 4678 312 1450 700
6181 4678 332 1450 700
6181 4678 343 1450 700
6181 4678 366 1450 700
6181 4678 372 1450 700
6181 4678 386 1450 700
6181 4673 391 1450 700
6174 4666 388 1430 700
6167 4650 407 1430 700
6158 4623 422 1430 700
6148 4589 427 1430 700
6139 4551 441 1430 700
6130 4514 440 1430 700
6123 4475 455 1430 700
6114 4435 466 1430 700
6105 4394 465 1430 700
6096 4351 473 1430 700
6087 4309 477 1430 700
6082 4273 478 1430 700
6082 4242 478 1430 700
6082 4213 485 1430 700
6082 4183 488 1430 700
6082 4154 491 1430 700
6082 4126 496 1430 700
6089 4098 489 1430 700
6098 4069 497 1430 700
6110 4042 501 1430 700
6124 4017 501 1430 700
6139 3997 502 1430 700
6155 3978 509 1430 700
6172 3961 521 1430 700
6191 3944 535 1420 710
6213 3927 537 1420 710
6237 3912 538 1420 710
6262 3898 543 1390 710
6297 3887 536 1420 710
6339 3880 546 1420 710
6383 3880 546 1420 710
6429 3880 559 1420 710
6482 3880 570 1420 710
6543 3887 567 1420 710
6610 3896 575 1420 710
6687 3905 584 1420 710
6772 3912 591 1420 710
6864 3919 595 1440 720
6944 3925 594 1440 720
7015 3930 611 1440 720
7081 3930 628 1470 720
7143 3938 639 1470 720
7203 3943 645 1470 720
7258 3950 647 1490 730
7300 3956 643 1480 740
7334 3963 652 1480 740
7359 3968 665 1480 740
7370 3968 675 1510 740
7370 3974 691 1510 740
7370 3974 702 1510 740
7370 3984 694 1540 740
7370 3994 705 1540 740
7361 4009 713 1540 740
7348 4027 724 1540 740
7330 4048 720 1540 740
7308 4073 730 1540 740
7289 4100 748 1540 740
7278 4128 760 1540 740
7266 4152 753 1540 740
7253 4177 767 1540 740
7244 4202 777 1540 740
7236 4224 796 1570 750
7229 4245 787 1570 750
7223 4262 794 1570 750
7217 4277 794 1570 750
7212 4292 788 1540 740
7206 4311 796 1540 740
7201 4332 754 1540 740
7190 4355 650 1540 740
7175 4386 389 1540 740