286
3193 6513 1280 530 103
3193 6513 1280 530 113
3193 6513 1280 530 181
3221 6500 1280 530 279
3227 6483 1290 520 344
3234 6461 1290 520 372
3242 6432 1290 520 407
3250 6396 1290 520 436
3263 6355 1300 520 453
3278 6307 1300 520 477
3296 6251 1300 520 492
3315 6176 1310 520 535
3328 6088 1310 520 543
3336 5968 1310 520 567
3336 5833 1300 530 569
3336 5689 1300 530 589
3322 5553 1290 530 636
3295 5393 1290 530 669
3256 5217 1280 540 707
3208 5051 1280 540 721
3153 4885 1260 540 742
3088 4720 1250 550 757
3017 4596 1240 550 758
2964 4509 1220 560 758
2926 4447 1210 560 749
2899 4418 1190 560 697
2866 4418 1180 570 537
3431 6305 1270 520 93
3444 6350 1280 520 130
3453 6350 1280 520 203
3466 6350 1290 520 274
3488 6350 1300 520 305
3520 6366 1300 520 324
3577 6392 1300 520 335
3651 6427 1300 520 334
3732 6458 1300 520 361
3803 6480 1300 520 396
3866 6501 1300 520 423
3930 6522 1300 520 438
3987 6534 1300 520 447
4040 6543 1300 520 463
4089 6543 1300 520 465
4130 6543 1290 510 478
4166 6533 1290 510 496
4194 6523 1290 510 509
4210 6514 1300 510 522
4218 6501 1300 510 522
4218 6487 1300 510 540
4218 6473 1300 510 536
4218 6457 1290 510 546
4218 6439 1290 510 561
4218 6418 1290 510 560
4212 6388 1290 510 580
4212 6358 1290 510 592
4212 6324 1290 510 592
4212 6282 1290 510 611
4206 6234 1300 520 614
4201 6184 1300 520 622
4201 6133 1300 520 631
4201 6077 1300 520 638
4201 6019 1300 520 647
4208 5956 1300 520 640
4214 5885 1290 520 644
4221 5808 1290 520 655
4232 5742 1280 530 658
4239 5684 1280 530 665
4239 5614 1270 530 670
4239 5545 1250 540 669
4246 5475 1250 540 678
4251 5403 1250 550 682
4261 5328 1240 550 685
4273 5248 1240 550 690
4291 5168 1220 560 691
4307 5087 1210 560 702
4320 5009 1210 560 703
4335 4927 1210 560 721
4350 4841 1190 560 742
4360 4755 1180 570 756
4367 4686 1160 570 793
4375 4627 1150 580 821
4380 4571 1130 570 842
4380 4522 1130 570 861
4388 4478 1110 570 893
4388 4442 1110 570 899
4388 4415 1090 570 933
4375 4395 1090 570 947
4360 4383 1090 570 973
4342 4378 1080 580 979
4310 4378 1080 580 977
4261 4388 1080 580 970
4200 4408 1080 580 935
4116 4435 1060 580 854
4015 4480 1060 580 616
3437 5814 1210 550 54
3437 5814 1200 540 217
3437 5814 1220 540 240
3437 5814 1200 540 314
3437 5814 1200 540 396
3437 5814 1200 540 440
3480 5801 1200 540 480
3529 5808 1190 540 535
3594 5814 1190 540 570
3673 5823 1190 540 616
3762 5834 1190 540 643
3826 5842 1200 540 671
3891 5854 1200 540 670
3942 5869 1200 540 676
3984 5876 1220 540 676
4004 5881 1230 550 669
4012 5881 1230 550 667
4012 5881 1240 540 540
3992 5849 1240 540 99
3531 5431 1220 530 315
3470 5321 1210 530 342
3456 5354 1210 530 414
3468 5354 1190 530 502
3485 5337 1190 530 580
3534 5343 1180 540 634
3604 5358 1180 540 666
3724 5378 1180 540 719
3834 5398 1170 550 754
3937 5413 1170 550 770
4030 5422 1170 550 780
4099 5422 1170 550 774
4152 5428 1170 550 755
4174 5428 1170 550 371
5498 6503 1290 520 61
5498 6503 1300 520 144
5498 6503 1300 520 202
5498 6503 1300 520 251
5498 6503 1300 520 279
5498 6503 1300 520 289
5498 6503 1300 520 304
5498 6503 1300 520 343
5498 6503 1300 520 387
5526 6467 1300 520 443
5532 6415 1300 520 489
5532 6347 1300 520 559
5532 6241 1300 520 605
5525 6130 1300 520 646
5518 6014 1300 520 681
5510 5901 1290 520 700
5510 5820 1290 520 719
5504 5759 1280 530 728
5499 5724 1270 530 722
5493 5707 1270 530 717
5488 5701 1250 540 673
5472 5701 1240 540 497
5221 6125 1210 550 29
5196 6130 1210 550 193
5180 6130 1210 550 267
5161 6136 1230 550 363
5149 6127 1240 540 420
5137 6114 1250 540 453
5125 6091 1250 540 501
5120 6050 1270 530 537
5120 5997 1270 530 591
5126 5935 1270 520 611
5133 5867 1270 520 642
5142 5807 1270 520 636
5152 5755 1270 520 647
5164 5720 1250 530 634
5172 5701 1270 530 533
5194 5693 1250 540 132
5968 6334 1250 550 22
6004 6321 1270 550 136
6009 6316 1290 550 242
6009 6308 1290 550 362
6002 6294 1300 540 440
5992 6272 1310 550 515
5976 6247 1310 550 554
5959 6217 1310 550 583
5940 6185 1330 540 591
5920 6150 1330 540 594
5890 6108 1340 550 584
5853 6060 1340 550 556
5798 6007 1340 550 280
4886 5566 1240 540 212
4832 5552 1230 530 241
4815 5552 1220 540 341
4808 5552 1220 540 402
4808 5547 1200 540 407
4808 5547 1200 540 418
4817 5547 1200 550 452
4833 5539 1200 550 491
4872 5539 1200 550 539
4925 5548 1180 560 567
5002 5564 1180 560 591
5109 5591 1190 560 592
5235 5618 1190 560 595
5368 5643 1190 560 605
5506 5669 1190 560 616
5653 5697 1200 570 617
5804 5719 1200 570 636
5919 5737 1190 580 676
6010 5754 1190 580 707
6090 5770 1190 580 721
6151 5787 1190 580 725
6198 5803 1190 580 725
6217 5815 1190 580 721
6211 5815 1190 580 699
6187 5820 1200 580 619
6138 5820 1200 580 389
5627 5702 1210 580 171
5594 5674 1200 570 245
5577 5667 1200 570 379
5560 5648 1190 580 466
5537 5624 1190 580 533
5509 5592 1180 570 566
5479 5547 1180 570 605
5445 5493 1180 570 645
5409 5428 1180 570 663
5374 5359 1170 560 690
5338 5281 1170 560 731
5300 5196 1170 560 752
5261 5107 1160 560 767
5216 5016 1160 560 780
5166 4924 1160 560 791
5113 4830 1160 560 797
5069 4764 1140 570 783
5043 4717 1140 570 796
5030 4702 1140 570 790
5023 4702 1130 570 703
5023 4702 1130 570 517
5763 5654 1170 560 156
5763 5654 1170 560 237
5763 5654 1170 560 359
5763 5654 1170 560 430
5752 5624 1170 560 491
5738 5604 1170 560 540
5729 5577 1170 560 602
5720 5543 1170 560 638
5710 5505 1170 560 676
5700 5464 1170 560 694
5689 5418 1170 560 710
5677 5370 1160 560 721
5667 5320 1160 560 730
5660 5270 1160 560 725
5660 5223 1160 560 737
5660 5177 1160 560 760
5660 5127 1160 560 777
5667 5081 1160 560 784
5676 5041 1160 560 800
5691 5004 1160 560 818
5711 4978 1160 560 829
5732 4952 1160 560 821
5758 4926 1160 560 828
5786 4900 1160 560 834
5817 4872 1160 570 848
5852 4841 1160 570 858
5888 4816 1160 570 854
5925 4794 1150 580 864
5964 4773 1160 580 876
6005 4761 1160 580 884
6045 4755 1160 580 896
6088 4755 1140 590 902
6130 4760 1150 600 906
6173 4760 1150 600 894
6220 4765 1150 600 906
6274 4773 1150 600 912
6331 4785 1140 610 917
6389 4797 1140 610 918
6445 4809 1140 610 920
6500 4822 1140 610 920
6554 4833 1140 610 921
6608 4844 1140 610 923
6664 4859 1140 610 923
6714 4876 1140 610 924
6761 4890 1140 610 924
6804 4904 1140 610 927
6832 4915 1140 610 932
6849 4925 1170 610 935
6867 4945 1170 610 938
6884 4970 1170 610 944
6899 5003 1180 620 947
6914 5042 1200 620 951
6932 5085 1200 620 934
6950 5133 1210 630 935
6968 5186 1230 620 935
6986 5242 1230 620 935
6999 5300 1230 620 935
7010 5361 1240 630 935
7024 5423 1240 630 947
7037 5485 1240 630 939
7048 5546 1240 630 905
7048 5606 1240 630 647