181
4125 5395 339 1370 390
4272 5282 376 1370 390
4221 5337 399 1380 400
4246 5279 456 1380 400
4293 5142 529 1380 400
4354 4953 589 1380 410
4401 4712 638 1380 410
4433 4459 662 1370 410
4454 4197 690 1370 410
4447 3953 717 1370 420
4416 3748 742 1370 420
4369 3568 751 1360 430
4317 3417 752 1360 440
4265 3281 751 1360 440
4216 3154 737 1350 440
4172 3080 645 1350 450
4141 3056 119 1350 450
4225 5082 364 1270 400
4346 5156 391 1280 400
4361 5276 413 1290 400
4374 5330 449 1290 400
4473 5399 486 1310 400
4599 5479 520 1310 400
4742 5543 518 1310 410
4879 5593 526 1320 420
5007 5634 532 1330 420
5130 5659 532 1340 430
5243 5681 533 1350 430
5314 5681 535 1360 440
5357 5681 546 1370 440
5376 5660 594 1370 440
5383 5616 616 1380 450
5383 5556 641 1380 450
5369 5453 675 1390 450
5361 5314 719 1390 450
5361 5152 748 1400 460
5377 4950 767 1400 460
5405 4713 794 1400 460
5457 4453 824 1400 460
5513 4170 845 1400 460
5577 3928 872 1390 460
5640 3714 909 1390 460
5697 3573 933 1400 470
5729 3442 982 1390 470
5747 3317 997 1390 470
5747 3207 1023 1380 480
5731 3135 1023 1380 480
5706 3088 1023 1370 480
5667 3055 1023 1370 480
5600 3037 1023 1370 480
5514 3028 1023 1370 500
5413 3056 1023 1370 500
5300 3110 1023 1360 500
5180 3181 1023 1360 500
5049 3281 961 1360 500
4948 3375 884 1360 500
4866 3464 750 1360 500
4813 3510 453 1360 500
4676 4654 464 1370 410
4788 4611 491 1370 410
4794 4688 543 1370 410
4897 4709 620 1380 420
5008 4753 645 1390 420
5123 4812 644 1390 430
5228 4834 619 1400 430
5273 4800 519 1410 440
4805 4161 522 1380 460
4810 4031 535 1380 460
4831 4031 540 1380 460
4858 4041 575 1390 460
4945 4082 639 1390 460
5073 4160 658 1390 460
5228 4262 658 1390 460
5386 4351 641 1390 460
5518 4406 562 1390 460
6955 5877 226 1540 440
7123 5882 346 1540 440
7118 5882 376 1540 440
7146 5868 520 1540 450
7197 5800 652 1540 450
7184 5698 746 1540 450
7176 5587 788 1530 460
7170 5461 827 1530 460
7163 5326 825 1520 460
7163 5221 828 1520 460
7172 5135 828 1520 480
7189 5063 824 1520 480
7204 5000 817 1520 480
7214 4955 820 1530 490
7220 4921 796 1530 490
7220 4908 678 1530 490
7199 4908 376 1540 490
6689 5536 449 1510 480
6722 5359 467 1500 480
6722 5370 521 1500 480
6732 5313 611 1490 480
6732 5254 681 1490 480
6739 5194 697 1490 480
6739 5155 697 1480 470
6750 5120 696 1480 470
6771 5088 702 1490 470
6820 5077 655 1490 470
6886 5097 304 1480 470
7460 5655 396 1480 480
7663 5689 417 1480 480
7699 5681 486 1490 490
7719 5647 613 1490 490
7713 5602 662 1490 490
7665 5524 667 1510 490
7590 5424 672 1510 490
7530 5297 662 1520 490
7409 5148 637 1520 490
7248 4985 389 1520 490
6527 4421 297 1470 510
6579 4448 381 1470 510
6619 4484 491 1470 510
6695 4527 613 1450 510
6796 4587 700 1440 510
6930 4656 749 1440 510
7077 4730 784 1440 510
7232 4835 793 1430 510
7388 4935 793 1440 510
7511 5004 785 1440 510
7611 5054 773 1450 510
7680 5082 750 1470 510
7726 5096 586 1470 510
7540 5059 354 1530 510
7498 4888 442 1530 510
7437 4813 532 1530 510
7343 4704 644 1530 510
7266 4555 737 1530 510
7189 4379 802 1510 510
7113 4167 845 1510 510
7055 3955 882 1510 510
7000 3742 914 1500 520
6958 3569 947 1500 520
6923 3422 941 1490 530
6900 3287 946 1480 530
6887 3183 944 1470 530
6880 3100 941 1470 530
6874 3041 934 1460 540
6869 3010 944 1460 540
6869 2998 933 1450 550
6869 2998 876 1450 550
6869 3021 782 1450 550
6869 3056 617 1440 560
6881 3123 190 1440 560
7250 4306 382 1410 560
7433 4365 397 1400 550
7452 4411 433 1410 550
7442 4368 515 1410 550
7428 4283 599 1410 550
7398 4169 667 1420 540
7357 4047 690 1420 540
7332 3925 713 1420 540
7327 3815 733 1420 540
7335 3714 742 1420 540
7366 3657 758 1420 540
7403 3615 763 1420 540
7450 3583 783 1420 540
7515 3564 817 1440 540
7590 3552 828 1430 550
7711 3546 867 1430 550
7837 3546 896 1430 550
7974 3564 921 1410 560
8117 3588 935 1430 560
8243 3602 955 1430 560
8348 3623 974 1420 570
8438 3650 988 1420 570
8485 3665 1002 1430 570
8518 3684 1023 1420 580
8541 3707 1023 1420 580
8557 3751 1023 1430 590
8566 3811 1023 1430 590
8566 3876 1023 1460 580
8566 3954 1023 1460 580
8566 4041 1023 1460 580
8555 4144 1023 1490 580
8541 4256 1023 1490 580
8528 4373 927 1490 580
8518 4492 512 1500 580