226
2982 5159 75 1350 470
2962 5286 93 1360 470
2957 5350 90 1360 470
2957 5378 96 1360 470
2957 5378 148 1360 470
2967 5378 193 1360 470
2986 5378 242 1360 470
3012 5349 277 1360 470
3045 5308 312 1370 470
3077 5246 339 1380 470
3108 5143 389 1380 470
3119 5012 414 1390 470
3119 4832 446 1390 470
3090 4647 461 1390 470
3043 4451 465 1390 470
2984 4249 475 1390 470
2912 4062 480 1390 470
2836 3887 481 1380 480
2758 3721 485 1380 480
2665 3607 483 1380 480
2569 3518 472 1370 480
2472 3445 446 1370 480
2384 3406 362 1360 490
2319 3418 178 1360 490
3435 5394 160 1350 470
3453 5419 173 1350 470
3453 5451 171 1360 470
3470 5470 178 1360 470
3499 5507 180 1360 470
3564 5556 183 1360 470
3652 5604 210 1360 470
3754 5647 212 1350 470
3845 5681 232 1350 470
3936 5698 249 1350 470
4028 5706 245 1350 470
4108 5697 265 1350 470
4179 5662 286 1350 470
4225 5611 310 1350 470
4258 5526 333 1350 470
4281 5411 368 1360 480
4300 5277 389 1360 480
4319 5140 420 1360 480
4337 4998 446 1360 480
4355 4847 453 1360 480
4371 4694 473 1360 480
4386 4536 488 1360 480
4404 4375 501 1360 480
4423 4168 513 1360 480
4443 3953 537 1350 490
4465 3734 537 1350 490
4490 3569 543 1350 490
4515 3416 561 1340 490
4540 3270 560 1340 490
4555 3170 570 1330 500
4565 3101 578 1330 500
4570 3052 589 1320 500
4570 3035 630 1320 500
4563 3035 637 1300 510
4540 3044 647 1300 510
4499 3075 650 1300 520
4446 3131 647 1300 520
4383 3203 636 1300 520
4313 3298 594 1290 520
4237 3406 509 1290 520
4150 3522 369 1280 520
4063 3630 132 1280 520
3340 4608 139 1320 490
3340 4608 161 1330 480
3340 4608 172 1330 480
3340 4608 209 1330 480
3400 4626 274 1330 480
3443 4645 325 1330 480
3497 4672 361 1330 480
3568 4703 372 1330 480
3650 4735 382 1330 480
3741 4768 394 1330 480
3823 4801 391 1330 480
3890 4831 387 1340 490
3950 4853 371 1340 490
3984 4859 260 1340 490
3997 4859 91 1340 490
3476 4147 202 1340 480
3449 4007 211 1340 480
3435 4007 216 1340 480
3441 4007 254 1340 480
3452 4007 314 1340 480
3473 4018 371 1330 480
3519 4041 413 1330 480
3580 4082 446 1330 480
3674 4133 465 1330 480
3779 4192 467 1330 480
3892 4258 475 1340 490
4009 4324 478 1340 490
4121 4389 472 1340 490
4229 4436 444 1330 500
4307 4478 317 1330 500
6309 5918 12 1430 480
6293 5988 68 1440 480
6284 5999 91 1440 480
6284 5999 115 1440 480
6284 5999 149 1450 470
6297 5999 183 1450 470
6315 5991 214 1450 470
6340 5968 254 1450 470
6368 5932 294 1450 470
6395 5868 333 1460 470
6408 5778 372 1460 470
6408 5672 409 1460 470
6403 5542 438 1450 470
6385 5394 450 1450 470
6362 5233 473 1450 470
6350 5098 472 1440 480
6343 4985 485 1440 480
6343 4886 485 1440 480
6349 4808 483 1430 490
6355 4760 488 1430 490
6355 4733 490 1420 490
6350 4726 458 1420 490
6321 4734 371 1410 500
6273 4752 242 1410 500
6213 4797 42 1400 510
5899 5184 39 1400 510
5807 5285 95 1400 510
5786 5307 120 1400 510
5780 5313 127 1400 510
5789 5304 136 1380 500
5812 5289 137 1380 500
5845 5264 151 1380 500
5880 5231 156 1380 500
5917 5191 158 1380 500
5957 5147 151 1380 500
6000 5101 144 1400 500
6048 5055 76 1400 500
6607 5213 56 1410 500
6715 5315 94 1410 500
6715 5339 134 1410 500
6715 5346 185 1410 500
6706 5346 214 1410 500
6695 5346 254 1410 500
6674 5331 265 1410 500
6638 5294 277 1410 500
6592 5243 282 1410 500
6534 5167 284 1420 500
6463 5085 284 1420 500
6382 4995 274 1420 500
6292 4892 230 1420 500
6192 4780 149 1420 500
6086 4696 67 1410 510
5272 4357 237 1380 510
5272 4286 319 1380 510
5272 4304 327 1370 520
5282 4357 335 1370 520
5332 4372 356 1360 510
5409 4394 398 1360 510
5508 4432 428 1360 510
5629 4478 473 1360 510
5765 4524 491 1350 510
5912 4571 515 1360 500
6069 4618 538 1360 500
6233 4671 544 1370 510
6411 4721 536 1370 510
6554 4765 546 1370 510
6673 4805 540 1370 510
6747 4826 527 1370 510
6780 4833 494 1380 510
6780 4833 427 1380 510
6780 4833 333 1380 510
6725 4833 208 1380 510
6672 4828 78 1380 510
6616 4820 20 1380 510
6554 4805 18 1410 510
6489 4783 51 1410 510
6434 4761 132 1410 510
6385 4740 191 1410 510
6346 4721 253 1410 510
6312 4688 311 1410 510
6281 4649 363 1410 510
6253 4587 417 1410 510
6226 4511 456 1410 510
6190 4411 491 1410 510
6147 4292 513 1410 510
6090 4160 542 1400 520
6033 4042 557 1400 520
5975 3930 567 1400 520
5915 3822 574 1390 520
5867 3736 575 1400 530
5835 3684 574 1400 530
5814 3655 569 1390 540
5808 3648 544 1390 540
5808 3653 422 1370 540
5808 3665 242 1370 540
6437 4491 210 1360 540
6532 4556 208 1360 540
6532 4561 218 1350 530
6537 4551 244 1360 520
6537 4531 292 1360 520
6537 4500 334 1360 520
6537 4464 379 1370 520
6537 4405 414 1370 520
6529 4332 443 1370 520
6514 4234 478 1370 520
6485 4131 512 1370 520
6450 4017 533 1390 520
6412 3899 553 1390 520
6390 3781 567 1390 520
6390 3689 584 1390 520
6408 3614 589 1390 520
6453 3561 611 1370 530
6527 3522 634 1370 530
6621 3493 638 1370 530
6742 3477 658 1370 530
6872 3471 668 1360 540
7009 3471 675 1360 540
7140 3486 685 1370 540
7287 3515 693 1370 540
7445 3555 693 1360 550
7592 3607 713 1360 550
7730 3669 730 1360 550
7862 3738 728 1360 550
7959 3811 740 1360 550
8016 3883 746 1380 550
8047 3953 749 1380 550
8058 4024 748 1380 550
8058 4114 721 1390 560
8039 4215 633 1390 560
8021 4354 442 1390 560