247
3683 5493 3 1470 440
3683 5493 99 1470 440
3683 5493 187 1480 450
3683 5493 226 1480 450
3683 5493 269 1480 450
3683 5493 301 1490 460
3683 5493 335 1490 460
3683 5493 369 1480 460
3683 5493 371 1480 460
3683 5493 362 1480 460
3683 5493 381 1480 460
3707 5456 392 1480 460
3728 5378 420 1480 460
3745 5271 444 1480 460
3761 5146 478 1480 460
3772 4995 515 1480 460
3772 4833 545 1480 460
3772 4665 575 1480 460
3760 4514 589 1480 460
3725 4352 616 1470 460
3678 4200 616 1470 460
3621 4058 624 1460 470
3569 3925 625 1460 470
3512 3807 624 1460 470
3449 3700 616 1460 470
3426 3640 574 1450 470
3407 3601 414 1440 470
3720 5343 108 1440 410
3748 5330 180 1440 410
3743 5350 212 1440 410
3753 5359 307 1430 420
3786 5391 371 1430 420
3835 5438 422 1430 420
3940 5490 466 1430 430
4036 5544 501 1440 430
4127 5600 516 1440 430
4244 5636 527 1440 440
4330 5658 530 1440 440
4395 5670 535 1450 440
4449 5670 535 1450 450
4487 5670 532 1450 450
4513 5670 540 1450 450
4528 5665 537 1450 450
4539 5658 544 1450 450
4546 5647 536 1450 450
4554 5634 548 1450 450
4562 5605 561 1450 450
4562 5566 569 1450 450
4557 5506 585 1460 460
4557 5430 613 1460 460
4557 5343 633 1460 460
4563 5246 644 1460 460
4574 5147 670 1460 460
4590 5032 685 1470 460
4608 4908 716 1470 460
4628 4773 740 1470 460
4648 4650 765 1470 460
4665 4537 793 1470 460
4681 4412 811 1460 470
4694 4284 817 1470 470
4702 4170 845 1470 470
4702 4066 860 1470 470
4708 3964 864 1470 470
4708 3861 888 1470 470
4696 3770 902 1470 470
4681 3688 935 1460 480
4668 3624 940 1460 480
4656 3572 971 1460 480
4644 3529 979 1450 480
4631 3494 1012 1450 480
4617 3472 1023 1440 480
4603 3458 1023 1440 480
4589 3458 1023 1430 490
4574 3458 1023 1430 490
4539 3477 1023 1430 490
4492 3507 1023 1430 490
4435 3549 1023 1420 490
4371 3598 1023 1420 490
4301 3650 968 1420 490
4226 3714 853 1420 490
4149 3785 688 1420 490
4070 3855 440 1420 490
3877 4783 382 1430 420
3872 4738 418 1430 430
3872 4759 464 1430 430
3872 4759 595 1430 440
3924 4776 661 1430 440
4008 4806 707 1430 450
4086 4861 737 1450 450
4209 4919 763 1450 450
4362 4980 763 1460 460
4464 5014 763 1460 460
4526 5032 749 1470 460
4562 5040 721 1480 450
4586 5040 639 1490 460
4593 5040 473 1490 460
4588 5027 101 1500 460
3931 4445 88 1480 450
3893 4256 247 1480 450
3856 4233 276 1480 450
3837 4199 334 1470 450
3837 4158 477 1470 450
3850 4140 617 1470 450
3892 4135 708 1470 450
3954 4135 770 1470 450
4051 4170 827 1470 450
4173 4213 860 1480 450
4311 4264 896 1470 460
4434 4317 909 1470 460
4536 4364 897 1470 460
4623 4391 899 1470 460
4668 4407 899 1480 460
4688 4412 896 1480 460
4688 4412 909 1480 460
4696 4417 903 1480 460
4696 4417 855 1480 460
4691 4417 759 1480 460
4691 4417 515 1480 460
6274 5931 39 1610 400
6314 5947 78 1610 400
6275 5947 142 1610 400
6280 5955 170 1610 400
6286 5961 213 1610 400
6292 5961 235 1610 400
6298 5967 241 1620 400
6306 5967 280 1620 400
6320 5946 327 1620 400
6336 5915 367 1620 410
6351 5847 423 1620 410
6368 5776 453 1620 410
6378 5698 475 1610 410
6378 5618 498 1610 410
6384 5536 499 1610 410
6384 5458 502 1610 420
6389 5387 504 1610 420
6389 5320 505 1610 420
6395 5265 501 1600 430
6395 5221 492 1600 430
6395 5184 477 1590 430
6395 5148 356 1580 440
5873 5581 107 1570 410
5894 5552 193 1570 410
5894 5552 206 1570 410
5894 5523 302 1570 420
5909 5475 394 1580 420
5926 5412 453 1570 430
5947 5347 499 1570 430
5963 5292 527 1580 430
5976 5243 541 1580 430
5983 5201 548 1570 440
5989 5159 541 1580 440
5994 5123 535 1580 440
6001 5092 512 1580 440
6012 5072 440 1580 440
6900 5773 142 1610 420
6984 5740 158 1620 430
6984 5729 213 1620 430
6992 5694 287 1630 430
6984 5658 356 1630 430
6968 5615 389 1640 430
6938 5567 394 1630 440
6890 5507 399 1640 440
6831 5446 397 1640 440
6777 5384 399 1630 450
6725 5327 394 1630 450
6677 5275 392 1630 450
6630 5219 386 1630 460
6582 5163 284 1630 460
5504 4536 175 1520 440
5499 4478 219 1520 440
5499 4483 274 1520 440
5504 4483 399 1510 430
5544 4483 478 1510 430
5605 4500 562 1510 430
5710 4523 606 1500 440
5850 4564 649 1520 440
6014 4622 688 1520 440
6206 4692 697 1510 450
6410 4768 705 1520 450
6621 4847 710 1520 450
6793 4929 710 1520 450
6920 4980 711 1530 460
7017 5010 711 1540 460
7063 5025 708 1550 460
7090 5034 708 1560 460
7103 5041 702 1580 460
7111 5041 687 1590 460
7111 5049 575 1600 460
7111 5049 407 1620 460
6483 4861 78 1590 480
6496 4818 144 1580 480
6445 4774 250 1580 480
6403 4706 371 1580 480
6368 4628 466 1570 480
6314 4523 536 1570 480
6251 4401 600 1570 480
6182 4267 646 1570 480
6130 4141 684 1570 480
6081 4031 707 1550 470
6041 3930 721 1550 470
6008 3836 722 1550 470
5980 3756 722 1550 470
5963 3686 722 1550 470
5953 3638 716 1550 480
5953 3605 696 1550 480
5953 3605 646 1550 480
5953 3577 532 1540 490
5953 3585 210 1540 490
6607 4611 113 1550 450
6622 4538 170 1560 440
6608 4485 259 1560 440
6591 4425 373 1560 440
6574 4317 442 1570 450
6555 4207 504 1560 450
6538 4095 545 1560 450
6527 3994 584 1560 450
6527 3900 625 1560 450
6527 3814 649 1550 460
6538 3743 669 1550 460
6551 3683 694 1540 470
6569 3639 721 1530 480
6594 3602 763 1530 480
6625 3570 794 1530 490
6675 3548 814 1530 490
6736 3540 834 1520 490
6824 3540 864 1520 490
6922 3560 872 1530 500
7027 3590 888 1520 510
7135 3628 896 1520 510
7240 3656 900 1530 510
7320 3678 905 1530 520
7383 3690 900 1530 520
7422 3700 923 1540 520
7452 3709 944 1540 520
7476 3723 988 1550 520
7493 3740 997 1550 520
7511 3766 1023 1560 530
7531 3799 1023 1560 530
7552 3838 1023 1560 530
7572 3885 1023 1580 520
7592 3938 1023 1580 520
7602 3996 1023 1600 520
7602 4060 1023 1600 520
7602 4138 1023 1620 520
7592 4225 987 1620 520
7577 4321 822 1620 520
7557 4420 78 1620 520