194
3489 5813 410 1380 500
3554 5741 404 1370 510
3524 5713 413 1370 510
3548 5684 425 1360 510
3586 5520 427 1350 520
3633 5337 442 1340 520
3667 5142 465 1340 520
3687 4921 493 1310 520
3698 4703 516 1310 520
3686 4488 548 1300 530
3648 4278 583 1290 530
3592 4076 585 1280 540
3506 3880 585 1280 540
3413 3679 584 1260 540
3316 3554 539 1250 550
3246 3481 417 1240 550
3214 3469 53 1240 550
3557 5354 241 1360 540
3615 5330 306 1360 540
3651 5413 316 1360 540
3690 5491 309 1350 540
3789 5558 338 1350 540
3913 5619 415 1350 540
4054 5698 473 1350 540
4208 5775 512 1350 540
4354 5849 567 1350 540
4494 5922 583 1340 540
4596 5961 584 1340 540
4658 5978 591 1350 530
4694 5978 592 1350 530
4708 5978 617 1360 520
4715 5966 631 1360 520
4715 5933 643 1360 520
4715 5885 668 1370 520
4710 5806 684 1370 520
4703 5725 697 1370 520
4692 5611 719 1370 520
4681 5475 721 1370 520
4671 5299 727 1380 510
4671 5098 731 1380 510
4671 4880 739 1370 520
4690 4661 760 1370 520
4724 4448 768 1370 520
4766 4240 791 1360 520
4805 4016 799 1360 540
4829 3811 820 1360 540
4845 3618 827 1350 540
4850 3482 848 1340 550
4850 3363 849 1320 550
4839 3255 863 1320 570
4833 3195 867 1310 570
4833 3178 846 1310 570
4827 3190 748 1310 580
4802 3233 522 1310 580
3894 4820 389 1350 490
3894 4772 445 1360 490
3906 4804 453 1350 500
3916 4822 475 1360 500
3991 4864 521 1350 510
4105 4921 545 1350 510
4244 4969 554 1360 510
4366 5024 554 1360 510
4439 5084 540 1360 520
4479 5090 465 1360 520
4491 5090 312 1360 520
3641 4286 129 1290 500
3679 4122 274 1290 500
3679 4144 334 1290 500
3706 4108 394 1290 510
3754 4034 448 1300 520
3815 3972 544 1310 520
3882 3950 616 1310 520
3952 3956 646 1330 530
4062 4013 659 1340 540
4199 4114 665 1340 540
4355 4244 667 1340 550
4489 4384 665 1340 550
4582 4469 649 1340 550
4647 4518 606 1340 550
4671 4531 499 1340 550
4681 4531 333 1340 550
6481 6180 470 1500 510
6513 6129 475 1490 520
6472 6152 492 1480 530
6472 6053 524 1480 530
6478 5906 561 1490 530
6483 5726 613 1490 530
6478 5583 646 1490 530
6468 5439 669 1490 530
6455 5317 679 1480 540
6446 5211 681 1480 540
6446 5140 679 1480 540
6439 5097 641 1470 550
6439 5074 551 1470 550
6439 5074 141 1460 550
5996 5477 452 1430 520
5996 5477 458 1430 520
6003 5442 465 1420 530
6018 5396 464 1430 530
6039 5301 504 1430 530
6070 5220 530 1420 540
6106 5149 540 1440 540
6140 5094 537 1440 540
6172 5058 544 1450 550
6203 5034 465 1440 560
6234 5027 239 1440 560
6790 5633 93 1470 560
6866 5651 110 1470 560
6876 5659 134 1480 570
6884 5645 245 1480 570
6884 5627 362 1480 570
6879 5604 450 1480 570
6856 5558 504 1480 570
6823 5497 545 1480 570
6784 5425 589 1480 570
6742 5345 611 1470 580
6695 5259 614 1470 580
6644 5172 619 1470 580
6600 5084 589 1470 580
6536 5001 465 1470 580
6458 4922 173 1470 580
5586 4441 361 1410 550
5556 4338 389 1410 550
5556 4404 387 1410 550
5556 4429 402 1400 540
5595 4429 467 1400 540
5672 4470 533 1400 540
5771 4534 574 1390 550
5905 4611 622 1390 550
6059 4700 667 1400 550
6226 4800 684 1390 560
6407 4907 694 1390 560
6563 4992 710 1390 570
6701 5056 713 1400 580
6818 5106 705 1400 580
6883 5134 647 1420 580
6913 5143 494 1420 580
6913 5143 146 1420 580
6347 4798 235 1430 590
6359 4680 399 1430 590
6329 4645 407 1430 590
6264 4630 447 1430 590
6246 4497 512 1430 590
6228 4384 588 1420 590
6213 4285 613 1420 590
6203 4156 681 1420 590
6182 4038 730 1420 590
6153 3927 737 1420 590
6120 3825 742 1410 600
6080 3720 743 1410 600
6034 3652 733 1410 600
5994 3611 639 1390 610
5954 3592 322 1390 610
6578 4624 376 1460 570
6626 4575 413 1440 580
6632 4598 417 1440 580
6632 4580 442 1440 580
6642 4536 499 1440 580
6656 4493 560 1430 590
6656 4424 611 1430 590
6647 4337 638 1430 590
6628 4225 678 1420 590
6605 4127 717 1420 590
6579 4038 733 1420 590
6574 3973 752 1410 590
6574 3922 751 1390 600
6590 3881 760 1390 600
6623 3832 767 1390 600
6669 3788 774 1390 600
6720 3766 779 1390 600
6789 3758 782 1410 600
6869 3758 787 1410 600
6956 3787 793 1410 600
7064 3832 796 1410 600
7187 3878 784 1420 610
7306 3921 790 1420 610
7412 3957 808 1420 610
7510 3985 832 1440 610
7582 4007 834 1440 610
7646 4023 848 1440 610
7704 4033 870 1430 620
7740 4038 896 1430 620
7760 4038 912 1440 620
7769 4038 936 1440 620
7777 4038 934 1440 620
7787 4044 944 1440 620
7800 4044 950 1440 620
7815 4059 952 1440 620
7831 4077 953 1460 630
7847 4121 947 1460 630
7857 4169 934 1460 630
7863 4221 882 1460 630
7863 4373 730 1460 630
7845 4518 218 1460 630