644
1312 6899 108 1260 480
1212 6831 144 1260 480
1182 6819 158 1260 480
1170 6819 187 1260 470
1170 6819 202 1260 470
1170 6819 244 1260 470
1170 6819 292 1260 470
1218 6819 339 1270 460
1266 6830 377 1270 460
1343 6855 436 1270 460
1488 6924 486 1270 460
1679 7009 513 1280 470
1899 7104 533 1280 470
2164 7239 546 1280 470
2459 7339 574 1300 480
2763 7416 591 1300 480
3044 7499 613 1310 480
3310 7582 616 1320 490
3574 7651 611 1320 490
3799 7712 617 1340 490
3997 7764 617 1350 500
4160 7812 616 1350 500
4276 7850 613 1360 500
4360 7873 610 1370 500
4391 7886 605 1380 500
4375 7892 537 1380 500
4328 7892 441 1400 500
4230 7892 335 1400 500
4098 7874 218 1400 500
3942 7863 63 1400 500
3226 7893 96 1390 480
3009 7900 93 1380 480
2944 7891 141 1390 480
2903 7869 205 1390 480
2878 7848 272 1390 480
2858 7822 348 1390 480
2839 7786 440 1390 480
2823 7724 519 1390 480
2809 7646 592 1390 480
2797 7535 625 1390 480
2791 7405 671 1390 480
2791 7263 681 1380 490
2799 7131 714 1380 490
2811 6999 733 1380 490
2822 6866 740 1370 500
2831 6773 748 1370 500
2838 6705 752 1370 500
2838 6654 755 1360 500
2838 6640 754 1360 500
2838 6640 756 1350 510
2838 6650 750 1350 510
2838 6701 752 1350 510
2862 6806 708 1340 510
2901 6947 649 1340 510
2953 7132 595 1340 510
3019 7311 475 1340 510
3086 7482 376 1340 510
3152 7611 369 1340 510
3209 7714 363 1340 510
3261 7780 364 1340 510
3301 7823 364 1340 510
3325 7852 364 1340 510
3338 7852 369 1350 510
3338 7852 369 1350 510
3344 7842 391 1360 500
3344 7816 422 1360 500
3344 7780 439 1360 500
3332 7736 478 1370 500
3322 7688 520 1370 500
3309 7605 567 1370 500
3285 7500 594 1380 490
3253 7362 619 1380 490
3215 7227 614 1380 490
3173 7093 614 1380 490
3127 6964 614 1370 500
3085 6856 613 1370 500
3044 6762 610 1370 500
3004 6679 614 1360 500
2959 6598 586 1360 500
2911 6518 517 1350 510
2863 6443 394 1340 500
2810 6362 251 1330 510
2753 6281 48 1330 510
2676 6202 1 1320 510
2583 6118 8 1320 510
2478 6032 56 1300 520
2375 5938 158 1300 520
2271 5837 249 1290 520
2166 5757 324 1290 520
2075 5691 396 1280 530
2005 5647 452 1270 530
1949 5619 532 1250 540
1920 5603 589 1250 540
1909 5603 613 1240 540
1909 5603 619 1240 540
1914 5603 634 1230 550
1945 5633 638 1240 550
1994 5682 650 1220 560
2085 5744 661 1220 560
2191 5821 669 1210 560
2308 5912 691 1210 560
2448 6012 697 1210 560
2612 6100 690 1210 560
2793 6185 700 1220 560
2949 6261 708 1220 560
3120 6331 708 1220 560
3300 6394 710 1240 550
3445 6424 705 1250 550
3565 6434 710 1250 550
3667 6395 719 1260 540
3750 6318 722 1260 540
3800 6217 724 1280 540
3829 6072 731 1280 540
3829 5882 731 1290 530
3797 5661 727 1290 530
3747 5437 733 1290 530
3653 5175 757 1280 530
3543 4888 779 1280 530
3423 4625 803 1270 530
3315 4419 823 1250 540
3210 4252 830 1240 540
3109 4110 829 1230 530
3020 4030 829 1220 540
2940 3991 824 1200 540
2866 3991 818 1190 540
2796 4057 809 1190 540
2737 4159 799 1170 550
2688 4342 787 1160 550
2675 4556 777 1160 550
2686 4790 742 1160 560
2739 5044 713 1160 560
2797 5285 681 1160 560
2866 5518 647 1160 560
2936 5735 614 1160 560
3005 5949 613 1160 560
3072 6141 603 1170 560
3134 6321 605 1180 560
3191 6499 606 1200 550
3231 6611 608 1210 550
3258 6679 613 1230 550
3277 6721 616 1240 540
3294 6758 619 1250 540
3300 6769 619 1250 540
3300 6764 617 1270 530
3300 6746 627 1280 530
3300 6697 638 1280 520
3290 6627 647 1290 510
3277 6515 671 1290 510
3247 6342 685 1300 510
3198 6129 694 1300 510
3137 5875 721 1300 510
3035 5609 737 1320 510
2922 5335 760 1320 510
2802 5049 759 1320 510
2655 4759 768 1300 520
2504 4536 779 1290 520
2349 4361 785 1280 530
2207 4189 784 1270 530
2055 4064 780 1270 530
1895 3970 779 1250 540
1766 3941 773 1240 540
1643 3972 763 1230 550
1528 4044 762 1210 550
1442 4170 754 1210 550
1375 4335 743 1190 540
1344 4525 731 1170 550
1336 4664 728 1170 540
1342 4766 728 1170 540
1357 4843 728 1160 530
1378 4888 728 1150 520
1407 4916 730 1150 520
1451 4932 730 1150 510
1505 4932 733 1150 510
1569 4904 740 1170 510
1650 4857 751 1170 510
1743 4787 754 1170 510
1845 4726 776 1180 510
1985 4670 788 1180 510
2151 4651 793 1190 510
2346 4684 790 1190 510
2558 4751 784 1190 510
2782 4870 791 1200 520
2966 4999 788 1200 520
3152 5135 784 1210 530
3314 5272 784 1210 530
3459 5419 773 1200 540
3610 5574 757 1200 540
3763 5685 761 1200 540
3887 5755 761 1200 540
3989 5798 763 1200 540
4100 5815 756 1200 540
4211 5801 770 1200 540
4310 5766 791 1200 540
4400 5699 802 1190 530
4476 5627 829 1210 530
4542 5548 834 1210 530
4601 5471 840 1210 530
4651 5404 845 1220 530
4694 5342 842 1220 530
4733 5303 834 1220 530
4764 5287 834 1220 530
4790 5287 828 1230 530
4813 5318 823 1220 540
4851 5399 782 1220 540
4894 5513 694 1220 540
4950 5645 489 1230 550
6209 7724 93 1340 510
6347 7871 196 1340 510
6382 7925 279 1350 510
6391 7950 327 1360 500
6396 7956 369 1380 490
6396 7962 418 1410 490
6396 7962 442 1420 480
6396 7967 468 1420 480
6396 7967 472 1420 480
6396 7967 472 1430 480
6396 7967 475 1430 480
6396 7962 477 1430 480
6403 7962 478 1440 470
6408 7952 485 1440 470
6408 7944 485 1440 470
6416 7937 486 1440 470
6416 7932 488 1450 460
6416 7932 490 1450 460
6423 7921 495 1450 460
6423 7911 491 1450 460
6429 7894 499 1450 460
6429 7877 514 1440 470
6429 7858 516 1450 470
6429 7834 535 1450 470
6418 7805 543 1450 470
6409 7770 543 1440 480
6395 7718 550 1440 480
6376 7656 567 1440 480
6354 7572 594 1430 490
6334 7448 616 1430 490
6300 7298 639 1430 490
6257 7134 667 1430 490
6199 6946 667 1420 490
6139 6743 682 1420 490
6077 6566 694 1420 490
6011 6368 699 1410 500
5939 6157 716 1410 500
5863 5967 716 1400 510
5767 5777 733 1380 510
5665 5636 737 1370 520
5560 5528 755 1360 520
5463 5435 763 1350 530
5367 5378 757 1340 520
5274 5346 756 1330 530
5183 5346 762 1310 540
5095 5387 763 1300 540
5026 5448 762 1280 540
4968 5526 760 1260 540
4933 5615 757 1260 540
4921 5711 757 1250 540
4921 5819 754 1240 540
4951 5940 760 1240 540
5019 6071 767 1230 530
5114 6196 765 1230 530
5285 6343 767 1230 530
5504 6504 767 1230 520
5756 6666 760 1230 520
6034 6826 768 1250 530
6315 6981 773 1270 520
6602 7132 773 1280 520
6895 7269 779 1300 520
7113 7375 780 1320 510
7280 7461 780 1340 510
7414 7522 777 1340 510
7497 7557 771 1360 510
7546 7574 768 1370 510
7553 7574 763 1400 510
7530 7574 724 1400 510
7488 7553 700 1400 510
7404 7513 650 1420 500
7302 7455 594 1420 500
7189 7394 561 1430 510
7100 7330 554 1430 510
7029 7271 550 1440 500
6971 7216 556 1440 500
6919 7153 561 1440 500
6870 7085 564 1440 500
6825 6981 584 1430 510
6780 6855 614 1430 510
6733 6717 663 1430 510
6685 6516 696 1410 510
6631 6273 733 1410 510
6577 6016 761 1400 520
6524 5738 784 1380 510
6475 5446 799 1370 520
6444 5140 823 1370 520
6424 4838 827 1360 520
6417 4539 843 1330 530
6417 4261 854 1310 540
6431 3981 855 1290 550
6444 3708 857 1270 550
6458 3513 860 1240 550
6475 3364 858 1210 560
6494 3231 854 1180 570
6514 3150 840 1150 580
6529 3105 827 1120 580
6540 3117 823 1090 570
6540 3194 794 1060 580
6528 3314 749 1050 580
6512 3463 722 1030 580
6492 3652 699 1030 580
6471 3869 652 1020 580
6448 4094 554 1020 580
6429 4338 430 1020 580
6412 4594 228 1020 580
6399 4878 1 1020 580
6420 5495 83 1050 580
6512 5984 134 1080 580
6566 6136 161 1090 570
6624 6262 196 1120 560
6686 6391 239 1150 550
6758 6521 249 1160 550
6838 6653 254 1190 540
6923 6756 244 1210 550
6989 6840 267 1240 540
7050 6907 277 1250 540
7107 6946 309 1280 530
7134 6967 335 1300 520
7160 6962 368 1330 520
7186 6937 397 1340 510
7221 6898 438 1350 510
7256 6827 470 1350 510
7288 6720 522 1370 510
7318 6589 556 1370 510
7344 6401 592 1380 500
7368 6184 631 1380 500
7390 5947 668 1400 510
7399 5662 697 1380 510
7399 5362 730 1380 510
7399 5051 754 1370 520
7399 4710 776 1360 520
7399 4413 796 1350 530
7392 4145 799 1340 540
7387 3901 808 1310 550
7387 3711 817 1300 550
7379 3556 818 1270 560
7373 3454 821 1240 570
7354 3398 820 1210 580
7327 3374 818 1180 590
7288 3379 806 1170 590
7235 3425 794 1130 600
7172 3498 760 1120 600
7106 3618 697 1100 600
7036 3798 634 1100 600
6962 4019 526 1080 610
6883 4239 312 1070 610
6789 4454 51 1070 610
6684 4666 71 1070 610
6578 4846 106 1060 600
6470 4982 149 1080 600
6361 5089 240 1090 600
6251 5180 337 1110 590
6173 5268 371 1130 590
6117 5355 393 1130 580
6117 5438 431 1150 580
6159 5515 486 1160 570
6224 5595 537 1180 570
6338 5680 595 1190 560
6484 5776 614 1200 550
6651 5872 624 1210 550
6849 5969 647 1230 550
7021 6047 664 1240 540
7175 6106 669 1250 540
7323 6152 687 1270 530
7442 6174 699 1280 530
7542 6174 691 1280 530
7604 6157 705 1300 530
7626 6115 728 1300 530
7626 6024 720 1300 530
7563 5900 720 1310 520
7459 5731 730 1330 530
7324 5562 739 1330 530
7162 5394 757 1330 530
7006 5202 788 1330 530
6859 5049 788 1340 540
6716 4923 821 1340 540
6605 4805 846 1330 540
6516 4739 869 1310 550
6481 4709 876 1310 550
6481 4709 887 1300 550
6506 4750 894 1290 560
6585 4818 899 1270 550
6720 4954 899 1260 560
6892 5085 905 1250 560
7038 5206 902 1250 560
7180 5301 896 1230 560
7320 5379 872 1230 560
7453 5452 750 1230 560
7576 5521 440 1230 560
9200 7117 39 1420 500
9200 7117 48 1420 500
9200 7117 63 1420 500
9200 7117 117 1420 500
9200 7117 190 1420 500
9205 7088 237 1430 500
9221 7058 274 1430 500
9239 7016 340 1430 500
9255 6963 396 1430 500
9270 6879 443 1420 500
9282 6776 514 1420 500
9282 6632 570 1420 500
9274 6419 641 1410 510
9239 6161 684 1410 510
9187 5865 710 1410 510
9124 5579 727 1400 520
9070 5301 733 1390 520
9019 5049 748 1390 540
8975 4856 761 1370 540
8936 4703 762 1360 550
8900 4626 763 1350 550
8865 4589 760 1340 560
8830 4579 756 1320 570
8791 4596 721 1280 570
8748 4648 670 1270 570
8711 4723 518 1260 580
8694 4853 262 1260 580
8903 6433 51 1200 570
9031 6861 76 1220 570
9070 6998 122 1230 560
9112 7100 170 1250 560
9158 7180 180 1270 550
9210 7264 190 1290 550
9278 7343 205 1300 540
9357 7412 225 1330 530
9434 7465 262 1340 520
9507 7509 316 1360 520
9577 7546 344 1370 520
9638 7568 369 1380 510
9699 7579 381 1400 510
9761 7579 394 1410 500
9815 7558 405 1410 500
9855 7524 420 1420 490
9885 7454 458 1420 490
9905 7360 510 1420 490
9920 7251 568 1430 500
9931 7119 613 1430 500
9941 6942 641 1420 500
9941 6736 675 1420 500
9930 6514 716 1420 500
9900 6233 742 1410 510
9870 5913 760 1410 510
9839 5621 796 1400 520
9820 5367 794 1390 520
9804 5138 806 1370 530
9790 4940 814 1360 540
9770 4779 829 1350 540
9745 4642 817 1340 550
9716 4552 817 1310 560
9687 4492 818 1290 560
9659 4452 822 1260 570
9635 4434 821 1240 570
9597 4434 818 1230 580
9550 4443 817 1210 580
9490 4477 829 1200 580
9411 4540 818 1180 590
9320 4623 784 1170 590
9223 4750 758 1160 580
9131 4932 730 1170 590
9043 5151 691 1170 590
8956 5409 691 1170 590
8870 5636 691 1170 590
8809 5842 696 1170 590
8765 5967 699 1180 590
8743 6057 690 1200 580
8743 6123 690 1210 580
8760 6189 696 1230 580
8826 6269 700 1230 560
8941 6359 717 1250 560
9088 6450 731 1260 560
9254 6532 731 1290 560
9437 6591 736 1300 550
9630 6637 740 1310 550
9787 6668 745 1330 540
9912 6684 752 1310 540
10016 6690 757 1330 530
10076 6690 763 1340 540
10103 6662 756 1340 540
10108 6624 762 1350 530
10067 6548 760 1350 530
9957 6424 759 1360 540
9800 6268 762 1360 540
9615 6096 763 1360 540
9410 5906 763 1360 540
9192 5705 777 1350 540
9022 5566 784 1350 540
8902 5465 814 1350 540
8816 5390 821 1340 550
8793 5365 827 1340 550
8802 5365 848 1320 550
8831 5388 863 1320 550
8928 5454 861 1320 550
9071 5545 863 1310 560
9244 5653 861 1310 560
9445 5762 858 1300 560
9627 5866 853 1290 560
9796 5967 828 1290 560
9969 6044 728 1290 560
10116 6120 489 1290 560
10589 6973 195 1370 540
10551 7008 218 1390 540
10529 7014 251 1390 540
10519 7014 279 1400 530
10519 7009 344 1400 530
10512 6978 393 1400 530
10506 6930 443 1410 520
10497 6830 504 1410 520
10485 6725 568 1410 520
10475 6571 609 1410 520
10464 6387 665 1410 520
10435 6143 699 1410 520
10393 5857 730 1400 530
10337 5544 760 1400 530
10280 5216 767 1390 540
10223 4888 797 1370 540
10177 4624 814 1360 550
10131 4404 830 1350 550
10085 4209 824 1320 570
10043 4059 825 1310 570
10001 3940 827 1300 580
9959 3874 822 1280 580
9916 3861 818 1270 590
9872 3883 827 1250 590
9827 3968 811 1240 600
9781 4126 788 1220 600
9752 4333 788 1200 600
9745 4590 759 1200 600
9753 4908 733 1180 600
9797 5266 696 1180 600
9888 5672 675 1180 600
10010 6073 663 1180 600
10131 6438 664 1190 600
10254 6780 672 1210 590
10380 7056 670 1230 590
10497 7303 667 1240 580
10609 7532 667 1270 570
10716 7744 669 1280 570
10790 7877 673 1310 560
10843 7957 667 1340 560
10886 7990 667 1350 550
10947 8019 669 1370 540
11030 8045 669 1400 540
11122 8063 669 1410 530
11208 8080 672 1430 530
11296 8093 673 1460 530
11396 8100 675 1470 520
11503 8100 675 1480 530
11590 8088 675 1490 520
11662 8065 673 1500 520
11723 8031 675 1500 520
11764 7983 676 1520 530
11793 7926 679 1520 530
11815 7868 685 1530 530
11833 7808 688 1520 540
11841 7745 693 1530 540
11841 7660 699 1530 540
11834 7563 697 1550 540
11816 7429 711 1550 540
11792 7267 717 1550 540
11767 7086 731 1540 550
11748 6862 737 1540 550
11739 6653 760 1540 550
11734 6454 782 1530 560
11734 6210 794 1530 560
11729 5961 788 1530 560
11729 5699 800 1520 570
11722 5430 817 1510 580
11722 5148 836 1500 580
11736 4857 861 1490 590
11766 4560 873 1480 600
11807 4304 893 1470 610
11854 4030 900 1440 610
11902 3744 900 1430 620
11951 3513 921 1400 620
12001 3293 933 1370 630
12042 3080 945 1330 630
12077 2881 933 1320 640
12088 2755 944 1270 640
12088 2677 956 1240 640
12080 2659 974 1220 650
12069 2659 971 1190 640
12039 2677 976 1160 640
11997 2717 977 1160 640
11948 2762 977 1130 630
11890 2811 974 1110 640
11825 2884 962 1100 630
11750 2980 938 1100 630
11662 3092 918 1100 630
11565 3263 863 1090 620
11454 3511 788 1090 620
11330 3811 721 1090 620
11197 4160 684 1110 610
11063 4525 661 1130 610
10931 4900 644 1140 610
10801 5159 634 1160 600
10725 5384 597 1180 600
10668 5587 589 1190 600
10624 5781 589 1210 590
10605 5966 591 1230 590
10605 6144 592 1240 580
10605 6292 599 1280 580
10615 6438 600 1300 580
10615 6551 609 1320 570
10615 6643 619 1340 560
10597 6685 628 1350 550
10586 6705 634 1360 550
10586 6711 638 1370 540
10586 6716 641 1390 540
10586 6723 643 1400 530
10596 6737 658 1400 520
10614 6756 669 1400 520
10679 6789 694 1410 510
10773 6826 699 1410 510
10900 6866 716 1420 500
11064 6900 730 1430 510
11253 6932 724 1440 500
11469 6955 730 1440 500
11660 6970 733 1450 510
11833 6964 734 1460 500
11957 6946 737 1480 500
12034 6901 736 1480 500
12079 6830 740 1490 510
12062 6742 739 1480 510
11975 6633 742 1490 520
11840 6506 746 1490 520
11651 6367 748 1500 520
11410 6216 749 1500 520
11134 6066 763 1500 520
10907 5919 788 1490 530
10776 5812 787 1490 530
10708 5728 797 1480 540
10708 5689 832 1480 540
10748 5662 858 1460 540
10824 5643 873 1460 540
10974 5643 879 1450 550
11168 5656 887 1430 550
11391 5686 875 1430 550
11640 5713 784 1410 560
11882 5738 153 1410 560