548
1925 5283 1180 570 246
1873 5227 1180 570 337
1855 5219 1180 570 369
1845 5219 1180 570 410
1853 5219 1180 570 470
1894 5252 1180 570 545
1958 5299 1180 570 619
2087 5377 1180 570 664
2266 5477 1180 570 713
2477 5591 1180 570 734
2761 5717 1180 570 758
3048 5860 1180 570 757
3384 6014 1190 580 759
3752 6147 1200 570 767
4051 6276 1200 570 771
4322 6395 1220 570 770
4574 6489 1220 570 768
4765 6568 1230 560 765
4878 6620 1230 560 750
4938 6651 1250 560 731
4944 6669 1260 570 647
4894 6693 1270 560 519
4806 6714 1270 560 398
4625 6709 1290 560 320
4401 6687 1290 560 302
4148 6671 1300 550 301
3880 6662 1300 550 320
3612 6662 1300 550 399
3395 6682 1310 550 480
3210 6721 1300 540 561
3084 6770 1300 540 647
3026 6777 1300 540 667
3014 6777 1300 540 693
3024 6738 1300 540 759
3078 6671 1300 540 824
3162 6513 1300 540 851
3258 6330 1300 540 864
3348 6131 1300 540 878
3435 5976 1290 530 884
3512 5848 1280 540 885
3579 5737 1280 540 888
3640 5684 1260 540 888
3684 5661 1260 540 894
3719 5661 1250 550 884
3748 5690 1250 550 855
3792 5778 1240 550 790
3853 5904 1240 550 690
3926 6057 1220 560 589
4008 6211 1220 560 556
4090 6366 1220 560 546
4172 6600 1220 560 565
4246 6795 1220 560 613
4315 6964 1220 560 668
4373 7067 1220 560 700
4410 7101 1220 560 727
4432 7089 1240 550 782
4450 7046 1240 550 832
4440 6916 1250 550 861
4411 6727 1270 550 896
4335 6510 1290 550 902
4228 6260 1290 550 909
4100 5988 1300 540 902
3991 5738 1300 540 899
3920 5559 1290 550 855
3874 5427 1280 540 794
3850 5302 1260 540 665
3829 5190 1270 550 464
2897 4195 1100 550 439
2872 4132 1100 550 638
2854 4141 1100 550 647
2845 4171 1090 550 643
2883 4185 1070 550 638
2953 4239 1080 560 636
3073 4321 1080 560 640
3213 4414 1080 560 641
3366 4507 1080 560 646
3500 4582 1080 560 652
3628 4646 1090 570 656
3753 4684 1090 570 666
3854 4705 1090 570 681
3956 4715 1090 570 687
4061 4715 1090 570 696
4166 4688 1090 570 708
4247 4646 1090 570 739
4312 4574 1090 570 827
4331 4443 1090 570 824
4331 4274 1090 570 848
4308 4073 1100 580 864
4261 3823 1090 590 884
4199 3540 1090 590 896
4126 3335 1090 590 899
4052 3106 1070 590 918
3979 2860 1070 590 930
3926 2693 1050 590 944
3886 2574 1040 590 933
3853 2486 1040 590 935
3838 2452 1020 590 935
3838 2443 1000 600 933
3838 2452 1000 600 937
3838 2462 990 600 933
3838 2548 970 600 947
3844 2684 970 600 935
3865 2882 950 600 920
3907 3145 950 600 872
3964 3452 950 600 802
4031 3791 950 600 733
4099 4130 950 600 699
4157 4461 950 600 700
4209 4787 970 600 699
4237 5042 980 590 690
4261 5237 1000 590 696
4281 5391 1020 580 711
4290 5453 1030 580 724
4290 5465 1050 580 725
4290 5443 1060 580 749
4263 5345 1080 580 773
4211 5192 1090 570 797
4139 5003 1130 570 831
4046 4758 1140 570 870
3946 4511 1140 570 899
3840 4236 1160 560 933
3724 3944 1160 560 940
3601 3646 1160 570 970
3472 3405 1150 580 980
3363 3202 1150 580 988
3258 3011 1150 580 989
3158 2875 1130 580 988
3078 2776 1120 580 986
3012 2725 1100 580 973
2978 2714 1090 590 929
2978 2714 1090 590 860
2962 2789 1070 590 785
2962 2877 1050 590 710
2977 2985 1040 590 586
2994 3098 1040 590 405
3011 3220 1020 590 181
3045 3611 1020 590 49
3011 3678 1020 590 167
2978 3696 1020 580 296
2938 3707 1020 580 415
2903 3707 1030 580 522
2870 3707 1030 580 591
2844 3697 1030 580 636
2824 3685 1030 580 668
2814 3670 1030 580 684
2814 3654 1030 580 716
2825 3624 1040 590 734
2848 3586 1040 590 752
2882 3559 1040 590 750
2930 3545 1050 590 762
2986 3540 1050 590 782
3063 3555 1050 590 797
3175 3612 1050 590 787
3310 3698 1050 590 791
3479 3836 1050 590 803
3683 3970 1050 590 817
3911 4102 1050 590 829
4126 4199 1050 590 817
4337 4260 1050 590 834
4505 4296 1070 590 854
4646 4286 1060 580 903
4770 4246 1070 590 941
4862 4187 1090 590 967
4933 4120 1090 590 982
5004 4052 1090 590 1006
5074 3993 1090 590 1020
5143 3939 1110 590 1023
5227 3906 1110 590 1023
5337 3915 1110 590 1023
5463 3951 1110 590 1023
5630 4042 1130 600 1023
5803 4142 1130 600 1023
5980 4248 1140 610 971
6102 4316 1140 610 861
6182 4344 1140 620 624
6235 4344 1140 620 76
6994 6956 1220 480 208
7072 7096 1230 480 249
7084 7127 1250 480 273
7092 7167 1260 490 334
7103 7167 1280 490 392
7126 7136 1290 490 443
7158 7082 1300 500 510
7187 6980 1320 500 548
7200 6845 1330 500 589
7200 6672 1330 510 614
7155 6447 1340 510 646
7079 6188 1350 520 661
6984 5914 1340 520 664
6857 5655 1350 530 681
6695 5405 1340 540 694
6509 5155 1330 540 727
6319 4922 1320 550 737
6116 4743 1310 560 750
5905 4593 1300 560 771
5698 4494 1280 570 799
5540 4449 1240 570 817
5414 4441 1230 580 833
5351 4481 1190 580 839
5351 4572 1170 580 848
5393 4698 1150 580 861
5516 4904 1130 580 864
5725 5137 1120 580 875
5992 5388 1090 570 893
6302 5639 1090 570 882
6637 5889 1080 580 878
6988 6100 1080 580 884
7262 6285 1080 580 879
7478 6420 1100 580 876
7655 6502 1100 580 872
7751 6549 1120 580 869
7799 6564 1140 590 811
7815 6564 1160 580 730
7809 6564 1170 580 617
7776 6534 1200 580 384
7377 6196 1270 590 89
7159 5980 1280 590 190
7075 5895 1290 590 275
7017 5819 1290 590 322
6982 5733 1290 590 369
6961 5643 1280 580 441
6943 5533 1270 590 533
6927 5412 1270 590 611
6915 5246 1260 600 700
6904 5059 1260 600 755
6897 4857 1250 600 783
6889 4639 1230 610 823
6874 4431 1220 610 827
6854 4198 1200 620 853
6810 3946 1210 630 860
6786 3763 1190 630 866
6776 3616 1160 640 876
6751 3492 1140 640 875
6725 3401 1090 640 875
6700 3346 1070 640 875
6675 3314 1050 640 872
6668 3319 1030 640 864
6663 3372 1010 650 855
6658 3456 980 640 858
6667 3577 980 640 842
6678 3746 960 640 825
6694 3948 940 630 830
6726 4173 940 630 820
6767 4413 940 630 811
6817 4663 940 620 809
6872 4912 960 620 812
6934 5120 960 620 812
6997 5302 970 610 815
7060 5464 990 620 817
7118 5575 1010 620 818
7172 5652 1030 610 820
7219 5702 1050 610 823
7256 5725 1070 610 823
7286 5725 1090 620 829
7318 5725 1090 620 833
7348 5685 1110 610 852
7378 5631 1140 620 854
7401 5549 1150 620 872
7418 5435 1150 620 893
7427 5301 1180 620 892
7427 5158 1180 620 914
7419 4998 1180 620 941
7410 4828 1180 620 946
7404 4638 1180 620 976
7404 4436 1190 630 994
7404 4227 1170 630 982
7411 3988 1160 640 988
7426 3741 1170 650 988
7451 3488 1150 650 1000
7484 3259 1130 650 1006
7518 2991 1110 670 1003
7551 2698 1070 670 997
7582 2491 1050 670 1012
7604 2280 1020 680 1012
7621 2072 970 680 1014
7621 1868 920 680 1012
7604 1714 900 680 1012
7583 1602 850 680 1014
7563 1517 820 690 1011
7545 1491 770 690 993
7530 1518 720 680 997
7497 1580 700 680 968
7452 1738 680 670 949
7403 1952 680 670 941
7343 2204 680 670 896
7276 2527 660 660 854
7212 2895 660 660 824
7148 3292 660 660 806
7084 3668 690 670 802
7020 3957 710 670 808
6969 4188 730 670 820
6923 4355 760 660 822
6906 4457 780 670 837
6906 4517 830 670 849
6932 4570 850 670 858
6979 4601 900 670 855
7041 4618 920 670 863
7102 4605 950 670 872
7143 4562 970 670 884
7171 4500 990 670 888
7159 4396 1020 670 896
7108 4262 1040 660 897
7030 4109 1060 660 924
6945 3985 1080 660 934
6862 3887 1080 660 959
6808 3807 1080 660 982
6773 3776 1100 660 982
6781 3776 1100 660 989
6837 3796 1100 660 977
6926 3847 1100 660 984
7063 3943 1100 650 977
7246 4068 1100 650 988
7460 4191 1100 650 958
7649 4284 1080 650 903
7809 4357 1080 650 796
7950 4401 1080 650 619
8036 4425 1080 650 274
8741 6212 1190 530 36
8826 6251 1200 540 53
8843 6268 1220 540 129
8852 6268 1230 550 209
8867 6259 1230 550 320
8888 6248 1240 540 415
8921 6206 1250 550 497
8958 6144 1250 550 557
8997 6045 1250 550 592
9037 5899 1260 560 616
9068 5722 1250 560 644
9094 5539 1250 560 693
9106 5318 1240 570 725
9096 5071 1240 570 751
9072 4793 1230 580 768
9031 4527 1210 580 790
8968 4270 1230 590 783
8891 3980 1190 600 784
8799 3735 1180 600 788
8711 3520 1150 620 790
8629 3373 1140 620 788
8556 3283 1100 630 785
8502 3232 1080 630 768
8461 3241 1040 630 714
8436 3315 1020 630 619
8436 3432 1000 630 496
8459 3575 960 630 272
8977 5999 1050 610 398
9092 6196 1070 610 418
9079 6282 1100 600 468
9094 6373 1130 600 491
9125 6458 1150 600 496
9167 6548 1170 590 495
9219 6641 1180 590 498
9273 6727 1200 580 488
9329 6812 1230 590 497
9373 6897 1240 580 535
9408 6959 1260 580 561
9441 7005 1270 570 570
9473 7041 1270 570 584
9504 7059 1280 570 589
9537 7074 1280 570 592
9566 7079 1300 560 599
9593 7072 1300 560 636
9615 7056 1310 560 681
9634 7013 1320 570 713
9650 6953 1320 570 737
9666 6844 1340 560 756
9681 6731 1340 560 793
9694 6594 1340 560 812
9708 6442 1340 560 827
9720 6250 1340 560 858
9720 6054 1320 570 872
9720 5836 1320 570 906
9714 5606 1310 570 918
9700 5362 1300 580 945
9682 5071 1280 580 943
9674 4750 1270 590 967
9669 4466 1240 600 983
9669 4144 1220 600 991
9682 3798 1190 610 981
9707 3495 1150 620 985
9741 3217 1140 620 988
9783 2957 1100 630 985
9829 2690 1060 630 984
9873 2454 1020 630 994
9913 2240 980 640 997
9938 2056 940 650 994
9938 1891 900 650 997
9927 1740 880 650 997
9897 1671 860 650 999
9858 1649 840 650 991
9813 1659 810 650 987
9750 1725 790 650 979
9674 1852 770 640 983
9588 2021 750 640 949
9499 2269 750 640 936
9412 2583 750 640 909
9327 2942 730 640 872
9256 3351 750 640 849
9194 3743 750 640 840
9124 4125 770 640 839
9055 4467 790 650 845
9013 4722 810 650 849
8989 4918 840 650 867
9003 5037 860 650 860
9050 5127 900 650 866
9119 5198 900 660 861
9201 5234 940 660 861
9268 5220 970 660 861
9326 5174 1010 660 861
9341 5085 1050 650 861
9309 4958 1080 660 866
9245 4807 1100 660 875
9149 4642 1130 650 905
9050 4502 1150 650 905
8950 4379 1150 650 932
8875 4294 1170 650 945
8852 4256 1170 650 947
8864 4250 1170 650 947
8906 4255 1160 640 950
8977 4282 1160 640 947
9068 4323 1160 640 941
9176 4394 1140 640 926
9286 4465 1140 640 888
9398 4536 1130 630 833
9488 4608 1110 640 758
9562 4680 1110 640 644
9611 4764 1110 640 483
9642 4855 1110 640 284
9712 5790 1150 620 29
9810 6182 1170 610 134
9871 6331 1190 610 277
9934 6458 1190 610 389
9993 6519 1220 610 472
10047 6552 1230 610 544
10099 6567 1250 600 584
10165 6560 1260 600 631
10231 6512 1280 590 678
10287 6438 1290 590 716
10335 6296 1290 590 751
10364 6107 1310 600 790
10374 5887 1320 590 820
10374 5626 1320 590 848
10350 5350 1320 590 867
10324 5063 1310 600 894
10294 4727 1310 600 894
10262 4410 1290 600 900
10227 4105 1280 610 905
10191 3801 1240 620 905
10157 3565 1230 620 911
10120 3374 1190 630 911
10081 3215 1160 640 906
10040 3111 1140 640 900
10002 3043 1100 650 879
9973 3038 1080 650 822
9950 3106 1030 650 763
9950 3224 1010 660 699
9972 3383 990 660 594
9995 3581 940 660 472
10019 3804 940 660 306
10042 4068 920 660 100
10093 4970 940 650 39
10131 5554 960 650 134
10153 5800 990 650 233
10179 5994 1010 650 337
10209 6153 1030 640 389
10240 6279 1070 640 443
10277 6404 1080 630 469
10331 6529 1120 620 496
10395 6644 1140 620 513
10476 6758 1150 620 537
10558 6876 1190 610 560
10640 6998 1200 600 586
10716 7098 1240 600 602
10789 7181 1250 590 625
10854 7253 1260 580 641
10918 7314 1280 580 661
10981 7355 1300 580 668
11029 7384 1310 570 662
11067 7398 1320 570 685
11092 7386 1340 560 727
11118 7358 1340 560 758
11128 7273 1340 560 779
11128 7123 1360 560 794
11113 6930 1360 560 820
11092 6701 1360 560 836
11066 6472 1360 560 858
11043 6207 1360 560 870
11020 5920 1360 560 903
10997 5622 1350 570 924
10972 5299 1340 570 944
10952 4960 1320 580 951
10937 4594 1310 580 946
10937 4250 1290 590 950
10950 3922 1260 600 953
10980 3574 1230 610 970
11023 3259 1200 620 970
11065 2967 1160 630 976
11104 2690 1130 630 979
11135 2482 1090 640 992
11154 2319 1040 630 997
11162 2178 980 640 977
11156 2058 940 630 995
11140 1953 900 630 992
11116 1889 880 630 989
11083 1863 860 620 979
11029 1863 830 620 964
10961 1901 810 620 943
10864 2008 790 620 914
10761 2161 790 620 881
10653 2391 770 610 836
10554 2706 770 610 793
10460 3078 760 620 746
10375 3503 760 620 669
10304 3933 780 630 638
10241 4332 800 640 628
10182 4708 820 640 634
10127 4997 840 640 665
10098 5194 860 650 699
10085 5329 900 650 730
10106 5435 920 660 760
10162 5512 970 660 770
10242 5569 990 660 780
10358 5610 1010 660 788
10474 5610 1050 650 796
10551 5590 1080 660 814
10602 5532 1100 660 848
10602 5425 1130 650 864
10546 5285 1150 650 882
10459 5134 1170 650 905
10353 5000 1190 640 900
10252 4878 1190 640 917
10178 4778 1200 640 941
10120 4713 1200 640 935
10095 4671 1200 640 935
10100 4657 1200 640 950
10125 4643 1200 640 964
10193 4643 1190 640 974
10303 4643 1190 640 979
10441 4665 1190 640 977
10562 4665 1170 650 976
10632 4647 1170 650 979
10669 4587 1170 650 979
10644 4492 1170 650 982
10602 4373 1150 650 980
10549 4276 1150 650 980
10549 4222 1150 650 979
10615 4196 1130 650 967
10724 4218 1130 650 908
10914 4290 1130 650 656