525
2735 5697 90 1210 530
2643 5640 177 1210 530
2585 5640 222 1190 530
2517 5661 304 1190 530
2482 5661 397 1180 540
2465 5661 468 1180 540
2460 5666 490 1180 540
2460 5666 522 1170 540
2469 5666 592 1170 540
2507 5680 671 1170 540
2566 5699 725 1150 540
2700 5742 785 1160 550
2891 5812 812 1150 550
3120 5901 825 1150 550
3432 6017 828 1150 550
3777 6139 837 1160 560
4145 6266 834 1170 560
4495 6446 827 1170 560
4756 6568 825 1180 560
4957 6651 818 1210 560
5041 6694 829 1210 560
5058 6710 777 1220 560
5030 6710 693 1220 560
4960 6710 574 1240 550
4822 6691 443 1250 560
4639 6650 363 1260 560
4400 6599 333 1260 560
4135 6546 361 1270 550
3852 6518 415 1270 550
3598 6508 496 1280 540
3410 6542 545 1280 540
3265 6586 611 1280 540
3178 6638 664 1280 540
3141 6655 685 1280 540
3136 6655 700 1290 530
3152 6649 762 1290 530
3201 6618 826 1290 530
3271 6513 855 1290 530
3367 6359 866 1290 530
3466 6202 872 1280 530
3572 6066 878 1280 530
3680 5943 882 1280 530
3769 5843 887 1280 530
3847 5785 888 1270 530
3904 5756 888 1270 530
3949 5762 884 1250 540
3987 5817 869 1250 540
4038 5904 824 1240 540
4104 6032 755 1240 540
4180 6160 659 1240 540
4264 6289 614 1240 540
4348 6515 606 1240 540
4432 6718 611 1240 540
4517 6905 667 1240 540
4598 7075 705 1250 550
4653 7148 727 1250 550
4691 7156 754 1250 550
4717 7146 793 1260 540
4728 7067 808 1260 540
4728 6943 824 1290 550
4690 6764 827 1290 550
4629 6581 831 1300 540
4554 6396 818 1310 540
4492 6211 787 1310 540
4437 6047 725 1330 530
4395 5897 636 1310 540
4343 5748 515 1310 540
4284 5599 267 1300 540
3617 4704 141 1210 560
3311 4458 286 1180 570
3195 4377 460 1160 560
3092 4327 574 1140 570
3040 4299 639 1130 570
3027 4299 641 1110 570
3041 4319 670 1090 570
3099 4360 696 1080 580
3203 4447 716 1070 570
3338 4562 730 1060 570
3507 4695 757 1060 580
3699 4828 762 1060 580
3906 4951 782 1060 580
4093 5033 790 1060 580
4261 5091 785 1060 580
4416 5130 802 1080 580
4539 5142 821 1080 580
4645 5135 827 1090 590
4740 5104 863 1090 590
4810 5021 888 1100 580
4858 4903 896 1110 590
4891 4740 902 1110 590
4891 4539 911 1110 590
4867 4314 918 1120 600
4837 4093 944 1120 600
4770 3837 935 1120 600
4691 3559 968 1100 600
4603 3356 986 1100 600
4529 3135 985 1080 610
4456 2903 988 1070 610
4404 2775 991 1050 610
4364 2703 992 1030 610
4343 2668 989 1030 610
4328 2668 980 1010 620
4316 2723 979 970 620
4293 2805 970 960 620
4276 2951 947 940 620
4268 3163 921 940 620
4278 3419 866 940 620
4298 3716 754 940 620
4320 4048 616 940 610
4338 4404 535 940 610
4354 4746 532 940 610
4354 5035 557 930 600
4359 5290 610 950 600
4369 5438 647 970 600
4379 5504 647 1000 600
4389 5516 679 1020 590
4399 5506 713 1030 580
4413 5415 733 1050 580
4396 5269 760 1060 580
4359 5061 826 1080 580
4270 4799 857 1090 570
4153 4501 894 1110 570
4018 4193 920 1120 580
3896 3922 924 1130 580
3798 3677 932 1130 580
3715 3523 929 1130 580
3646 3426 918 1120 580
3594 3368 888 1120 580
3553 3345 829 1100 580
3510 3353 721 1090 590
3467 3381 628 1090 590
3421 3436 524 1070 590
3372 3500 337 1050 590
3163 3746 170 1040 590
2989 3854 396 1040 590
2921 3842 522 1040 590
2869 3809 594 1040 590
2844 3777 616 1040 590
2837 3746 653 1060 600
2857 3715 684 1060 600
2911 3683 716 1060 600
2987 3692 736 1080 600
3109 3727 761 1080 600
3266 3827 774 1080 600
3446 3957 794 1090 600
3657 4107 820 1090 600
3867 4240 825 1110 590
4070 4336 833 1110 590
4251 4407 845 1110 590
4423 4425 854 1110 590
4550 4416 894 1110 590
4665 4389 951 1100 580
4773 4335 977 1100 580
4854 4281 987 1110 590
4927 4227 1002 1110 590
4995 4187 1015 1110 590
5062 4156 1023 1110 590
5131 4151 1023 1110 590
5219 4176 1023 1120 600
5319 4222 1023 1120 600
5423 4296 1023 1120 600
5514 4367 1023 1120 600
5595 4420 1002 1110 610
5651 4462 935 1110 610
5694 4492 858 1110 610
5727 4522 725 1110 610
5769 4564 384 1120 620
7165 7125 310 1320 510
7260 7188 399 1330 510
7208 7223 422 1340 510
7208 7223 433 1350 510
7208 7211 468 1350 510
7218 7159 519 1360 510
7218 7079 564 1370 510
7207 6946 616 1370 510
7184 6770 650 1370 520
7137 6566 691 1390 520
7073 6311 714 1370 530
6998 6020 733 1390 540
6892 5705 728 1370 540
6753 5434 739 1360 550
6592 5156 751 1350 550
6427 4873 768 1340 560
6249 4654 791 1320 570
6063 4499 790 1310 570
5892 4388 799 1300 580
5730 4307 823 1270 590
5575 4289 832 1240 580
5487 4312 822 1210 590
5452 4397 825 1180 590
5452 4544 828 1180 590
5528 4732 836 1170 590
5695 4997 848 1140 590
5922 5272 863 1110 590
6184 5554 860 1090 600
6507 5818 849 1090 590
6871 6077 858 1090 590
7167 6292 858 1090 600
7419 6480 857 1110 590
7642 6593 851 1110 590
7776 6655 837 1130 600
7864 6683 796 1150 600
7921 6693 731 1180 600
7939 6686 647 1200 600
7939 6686 535 1230 610
7881 6611 418 1240 620
7773 6507 349 1270 620
7635 6370 358 1290 610
7478 6263 438 1320 610
7322 6136 538 1350 620
7173 5996 594 1350 620
7062 5843 613 1350 620
6974 5697 665 1350 620
6905 5555 697 1350 620
6839 5388 757 1330 620
6780 5186 790 1330 620
6723 4962 832 1320 630
6670 4712 857 1290 630
6620 4490 861 1270 630
6577 4286 876 1240 630
6542 4071 887 1210 630
6516 3893 894 1190 630
6496 3741 899 1160 630
6480 3628 908 1150 630
6463 3555 909 1110 640
6450 3509 892 1060 630
6441 3495 896 1040 630
6441 3507 908 1000 640
6435 3536 908 980 640
6435 3621 899 960 630
6447 3764 896 960 630
6473 3946 891 940 630
6516 4161 876 940 620
6562 4407 857 940 620
6615 4673 863 940 620
6669 4925 866 940 620
6723 5136 866 940 620
6782 5321 866 960 620
6840 5475 867 970 620
6897 5593 853 980 630
6947 5688 853 1000 630
6993 5742 854 1020 630
7020 5764 855 1040 620
7046 5764 866 1070 620
7070 5744 884 1100 630
7106 5693 897 1120 620
7142 5621 899 1140 620
7178 5520 923 1150 630
7204 5380 935 1150 630
7222 5213 967 1160 630
7230 5026 988 1170 630
7230 4823 988 1170 630
7225 4609 1023 1170 630
7225 4405 1023 1190 640
7225 4159 1023 1170 650
7225 3885 1023 1150 650
7225 3557 1023 1130 650
7233 3259 1023 1140 660
7246 2980 1023 1090 670
7273 2639 1023 1070 670
7281 2397 1023 1050 670
7281 2222 1023 1000 690
7281 1960 1023 980 690
7273 1786 1023 930 690
7257 1672 1023 900 690
7237 1587 1023 850 690
7227 1553 1023 820 690
7217 1553 1023 770 690
7206 1570 1023 750 680
7176 1646 1023 720 680
7134 1762 1023 690 690
7086 1908 997 660 680
7028 2118 985 640 680
6964 2372 934 640 680
6890 2667 903 620 680
6815 3017 897 630 670
6738 3405 885 650 670
6695 3753 888 680 670
6657 4012 897 700 680
6629 4211 903 730 670
6629 4358 897 750 670
6638 4471 909 780 680
6693 4561 920 830 670
6796 4649 920 850 670
6931 4719 929 880 670
7066 4778 930 900 670
7177 4799 930 920 660
7271 4780 926 940 660
7312 4735 932 990 660
7304 4657 938 1010 660
7264 4552 944 1030 650
7181 4429 935 1050 650
7079 4300 958 1060 660
6964 4175 986 1080 660
6850 4075 985 1080 660
6770 3992 1002 1080 660
6712 3955 999 1080 660
6712 3950 999 1100 660
6756 3966 997 1100 660
6834 4011 999 1100 660
6962 4101 978 1100 660
7119 4220 926 1100 660
7294 4338 824 1080 660
7465 4445 655 1080 660
7609 4523 244 1080 660
8550 5836 1 1200 600
8607 5889 440 1200 600
8581 5911 504 1220 600
8511 5928 536 1240 600
8511 5941 541 1250 590
8511 5932 536 1270 590
8531 5898 561 1270 590
8558 5848 647 1280 580
8584 5771 700 1290 590
8608 5653 754 1290 590
8630 5507 799 1290 590
8645 5265 828 1280 590
8645 5033 858 1280 590
8645 4807 861 1260 600
8620 4571 888 1250 600
8574 4339 906 1230 610
8514 4111 906 1220 610
8434 3889 905 1200 620
8347 3712 911 1180 620
8255 3566 911 1160 630
8187 3498 905 1130 630
8145 3491 908 1110 640
8120 3526 875 1090 640
8111 3639 840 1050 640
8125 3804 796 1030 640
8154 4005 728 1030 640
8199 4239 659 1010 650
8245 4507 589 1000 640
8293 4797 550 1000 640
8338 5086 550 1000 640
8381 5372 556 1000 640
8431 5618 564 1000 640
8488 5838 594 1020 630
8555 6012 605 1040 630
8640 6155 616 1060 630
8736 6278 627 1080 630
8843 6412 644 1120 620
8953 6541 661 1150 620
9039 6637 681 1180 620
9107 6712 700 1220 610
9170 6768 708 1230 610
9216 6797 733 1250 600
9251 6809 757 1260 600
9279 6809 783 1280 590
9301 6772 812 1290 590
9319 6712 818 1310 600
9324 6606 849 1320 590
9309 6456 873 1320 590
9280 6278 908 1320 590
9252 6082 921 1350 590
9225 5862 950 1340 600
9205 5627 967 1340 600
9192 5392 988 1320 600
9179 5119 977 1320 600
9166 4822 984 1310 610
9157 4549 1009 1290 610
9151 4275 1023 1300 620
9151 3959 1023 1270 630
9159 3615 1023 1250 640
9172 3358 1023 1220 650
9191 3100 1023 1180 650
9213 2877 1023 1140 660
9235 2679 1023 1110 670
9251 2542 1023 1070 670
9262 2441 1023 1020 680
9262 2364 1023 970 680
9262 2322 1023 920 680
9249 2310 1023 900 680
9232 2318 1023 880 680
9197 2364 1017 850 680
9150 2469 984 830 680
9096 2613 968 800 680
9042 2828 935 780 680
8979 3100 905 780 680
8911 3409 869 780 680
8837 3762 842 780 680
8764 4113 824 780 680
8690 4464 825 800 680
8616 4737 834 830 670
8566 4917 848 850 670
8552 5036 860 880 670
8563 5119 869 900 670
8615 5196 854 920 670
8697 5262 854 950 670
8798 5290 854 990 670
8904 5290 853 1020 670
8975 5257 855 1040 660
9023 5190 861 1080 660
9023 5102 866 1100 660
8983 4993 863 1130 650
8908 4855 864 1150 650
8794 4699 899 1150 650
8685 4572 912 1170 650
8579 4483 939 1170 650
8517 4419 933 1170 650
8496 4403 951 1170 650
8501 4411 951 1180 650
8531 4436 951 1180 650
8598 4496 945 1160 660
8689 4583 936 1160 660
8811 4689 909 1160 660
8938 4802 869 1160 660
9046 4911 819 1160 660
9139 5014 760 1160 660
9218 5113 670 1160 660
9275 5221 591 1150 650
9318 5334 522 1150 650
9343 5497 501 1150 650
9362 5646 494 1150 650
9376 5787 492 1150 650
9384 5914 505 1160 660
9384 5999 517 1180 650
9384 6057 546 1200 650
9394 6102 586 1220 650
9401 6126 619 1250 650
9414 6136 666 1270 640
9447 6141 711 1290 640
9490 6141 755 1300 630
9543 6105 791 1300 630
9598 6047 802 1300 630
9654 5936 829 1320 630
9702 5797 851 1320 630
9745 5639 879 1320 630
9777 5479 900 1330 620
9799 5292 924 1330 630
9813 5087 935 1330 630
9813 4845 947 1320 640
9783 4586 940 1300 650
9742 4316 944 1300 650
9676 3997 943 1250 650
9605 3711 953 1230 650
9531 3447 956 1210 660
9459 3236 959 1170 670
9390 3062 964 1120 670
9327 2912 958 1100 680
9291 2849 938 1050 680
9271 2858 924 1020 680
9271 2915 897 1000 680
9303 3064 840 970 680
9358 3265 758 950 680
9434 3501 542 950 680
9743 6027 423 1010 660
9793 6295 491 1050 650
9793 6400 554 1120 640
9784 6502 564 1140 640
9804 6580 565 1160 630
9850 6658 565 1180 620
9914 6737 568 1200 620
9985 6812 560 1230 620
10047 6885 580 1240 620
10096 6949 611 1280 610
10138 6988 649 1290 600
10171 7012 673 1310 600
10205 7026 694 1340 600
10243 7021 705 1350 590
10285 7004 727 1350 590
10330 6963 756 1350 590
10373 6884 794 1360 580
10406 6781 821 1380 590
10433 6668 839 1380 590
10449 6527 855 1380 590
10456 6367 888 1390 600
10456 6180 908 1390 600
10451 5964 939 1380 600
10440 5728 961 1380 600
10424 5492 991 1360 610
10412 5218 991 1350 620
10403 4919 1000 1330 620
10403 4617 1021 1320 630
10408 4312 1023 1320 630
10419 3994 1023 1290 640
10429 3648 1023 1250 650
10437 3362 1023 1230 650
10443 3111 1023 1190 660
10443 2869 1023 1150 670
10449 2658 1023 1120 670
10449 2467 1023 1080 680
10449 2322 1023 1030 690
10449 2236 1023 980 700
10449 2189 1023 950 700
10454 2168 1023 900 700
10454 2173 1023 900 700
10439 2195 1023 870 700
10411 2278 1023 850 700
10373 2408 978 820 700
10328 2570 933 790 700
10277 2837 896 790 700
10223 3156 845 790 700
10158 3509 771 790 700
10067 3892 721 790 700
9958 4252 724 790 700
9819 4596 730 820 700
9684 4854 791 850 700
9588 5021 839 870 700
9517 5128 857 900 700
9506 5202 866 930 700
9558 5271 875 950 700
9652 5338 885 980 690
9797 5397 891 1000 690
9963 5431 902 1050 680
10143 5448 908 1080 680
10288 5448 909 1100 680
10393 5420 900 1120 670
10471 5366 921 1150 670
10497 5275 935 1150 670
10455 5148 938 1170 670
10367 4997 941 1170 670
10222 4827 934 1190 660
10053 4656 994 1190 660
9868 4521 1023 1190 660
9722 4412 1023 1190 660
9654 4345 1023 1170 670
9638 4327 1023 1160 660
9700 4343 1023 1160 660
9851 4384 1023 1140 660
10060 4467 1023 1140 660
10281 4579 1023 1140 660
10506 4663 934 1140 660
10685 4715 803 1140 660
10833 4745 338 1110 670