522
1273 5218 516 1350 650
1273 5133 570 1350 650
1215 5189 564 1350 650
1196 5206 529 1330 650
1202 5197 524 1330 650
1217 5188 533 1330 650
1267 5188 550 1330 650
1341 5205 561 1330 650
1477 5281 569 1330 650
1686 5385 572 1330 660
1944 5509 591 1330 660
2203 5623 603 1330 660
2494 5740 613 1350 670
2805 5873 631 1350 670
3123 6017 634 1350 670
3479 6145 636 1350 670
3859 6268 639 1350 670
4182 6383 644 1370 660
4485 6493 647 1390 670
4774 6578 644 1390 670
4984 6649 646 1390 670
5135 6695 646 1420 660
5247 6717 644 1420 660
5291 6723 641 1420 660
5282 6723 636 1420 660
5238 6715 585 1400 660
5117 6691 557 1400 660
4929 6657 477 1400 650
4696 6620 377 1400 650
4414 6578 267 1400 650
4101 6542 213 1380 640
3767 6511 205 1380 640
3433 6502 212 1380 640
3124 6517 264 1380 640
2831 6547 358 1400 650
2561 6569 435 1400 650
2339 6594 522 1410 640
2149 6615 567 1430 640
1998 6633 584 1430 640
1921 6633 586 1430 640
1894 6623 586 1450 650
1904 6605 636 1460 640
1959 6505 667 1480 650
2044 6352 694 1480 650
2175 6152 696 1510 640
2314 5943 700 1510 640
2457 5727 708 1500 650
2604 5587 721 1500 650
2751 5474 731 1500 650
2894 5380 743 1490 660
3029 5314 748 1490 660
3165 5282 745 1490 660
3301 5272 725 1480 670
3436 5321 603 1480 670
3593 5441 202 1440 670
4218 6601 412 1370 660
4413 6854 496 1370 660
4479 6950 515 1370 660
4537 6971 524 1370 650
4599 6942 543 1380 640
4657 6876 568 1380 640
4710 6771 569 1400 630
4739 6639 572 1380 630
4725 6475 574 1400 620
4682 6295 578 1400 620
4593 6105 578 1400 620
4469 5923 574 1410 610
4321 5739 572 1410 610
4135 5575 566 1410 610
3950 5426 570 1410 610
3769 5267 568 1400 620
3586 5133 561 1400 620
3434 5017 566 1380 630
3305 4907 566 1380 630
3189 4813 583 1380 630
3113 4731 595 1370 630
3063 4701 611 1370 630
3063 4696 611 1350 640
3085 4708 639 1350 640
3132 4723 647 1350 650
3233 4786 647 1350 650
3363 4880 636 1330 660
3512 4979 637 1330 660
3678 5076 637 1330 660
3830 5157 637 1330 660
3972 5228 641 1330 660
4096 5283 583 1330 660
4193 5308 309 1330 660
3274 4068 675 1300 650
2860 3651 685 1280 650
2685 3563 667 1280 650
2549 3415 661 1280 650
2440 3298 668 1280 650
2366 3202 678 1280 650
2332 3210 688 1280 650
2324 3216 684 1260 660
2340 3258 642 1280 660
2442 3325 488 1280 660
2602 3452 339 1280 660
2815 3604 296 1280 660
3021 3772 287 1300 670
3223 3928 292 1300 670
3412 4056 302 1300 670
3591 4166 330 1300 670
3762 4270 366 1300 670
3902 4357 431 1300 670
4043 4433 478 1300 670
4192 4493 524 1280 660
4345 4547 567 1280 660
4473 4582 594 1280 660
4580 4606 597 1260 660
4674 4616 606 1260 660
4756 4616 613 1280 650
4817 4616 630 1280 650
4864 4584 664 1280 650
4907 4541 711 1280 650
4947 4448 734 1280 650
4984 4279 752 1280 650
5006 4059 754 1280 650
5001 3772 751 1280 650
4978 3453 763 1300 660
4932 3114 761 1300 660
4875 2777 760 1280 660
4811 2505 790 1280 660
4746 2276 808 1300 670
4684 2086 819 1280 680
4629 1953 827 1280 680
4581 1858 831 1280 680
4538 1803 828 1280 680
4494 1776 818 1280 680
4440 1768 746 1280 680
4380 1784 465 1250 680
4040 5231 717 1260 610
4169 5271 730 1280 610
4108 5291 697 1290 600
4080 5205 694 1280 590
4073 4972 691 1310 600
4073 4642 705 1310 600
4079 4310 713 1310 600
4079 3946 731 1320 600
4079 3561 739 1320 600
4065 3231 754 1320 600
4041 2919 757 1320 610
4010 2620 782 1320 630
3972 2423 794 1300 630
3918 2262 794 1300 650
3854 2126 791 1300 650
3766 2038 785 1280 650
3633 1991 767 1280 650
3470 1971 736 1260 660
3282 1997 699 1280 660
3054 2060 676 1280 660
2800 2149 673 1280 660
2517 2243 676 1280 660
2240 2308 681 1300 670
1973 2353 688 1300 670
1748 2388 694 1300 670
1550 2419 722 1300 670
1375 2426 727 1300 670
1222 2419 743 1300 670
1084 2366 757 1300 670
975 2311 750 1310 680
904 2255 757 1330 670
857 2168 762 1330 670
844 2084 777 1330 670
860 2003 787 1330 670
894 1929 806 1330 670
985 1880 809 1330 670
1138 1848 814 1350 680
1332 1877 811 1330 690
1587 1968 805 1330 690
1883 2101 811 1330 690
2205 2281 811 1330 690
2553 2482 800 1330 690
2939 2696 806 1330 690
3350 2939 809 1330 690
3786 3168 815 1330 690
4216 3387 814 1310 690
4642 3578 812 1310 690
5055 3733 814 1310 690
5392 3863 815 1310 690
5677 3921 817 1290 680
5887 3921 821 1290 680
6010 3892 821 1290 680
6075 3829 829 1290 680
6095 3742 818 1290 680
6059 3639 830 1280 680
5986 3523 830 1250 680
5866 3407 823 1250 680
5704 3292 787 1250 680
5515 3185 600 1250 680
7191 6667 493 1530 590
7284 6769 492 1530 590
7284 6854 497 1530 590
7323 6964 496 1530 590
7379 7016 504 1520 600
7449 7069 514 1520 600
7502 7122 519 1510 600
7539 7122 526 1510 600
7564 7131 538 1520 600
7584 7143 567 1520 600
7584 7084 606 1520 600
7573 6915 616 1540 600
7524 6674 628 1540 600
7443 6377 633 1560 610
7341 6042 636 1560 610
7213 5681 638 1550 620
7073 5421 670 1550 620
6925 5163 685 1540 630
6753 4907 688 1540 630
6601 4698 693 1530 630
6461 4553 690 1510 640
6331 4451 687 1510 640
6203 4378 681 1480 650
6101 4352 670 1470 650
6015 4358 625 1470 650
5957 4414 599 1440 660
5935 4503 594 1420 660
5935 4614 602 1420 660
5989 4747 602 1390 670
6109 4919 605 1390 670
6273 5118 606 1390 670
6512 5291 611 1390 670
6789 5489 619 1370 660
7090 5704 633 1370 660
7401 5930 641 1370 660
7714 6134 652 1370 660
8030 6324 665 1380 650
8312 6488 667 1400 660
8571 6617 684 1400 660
8821 6724 691 1420 650
9040 6803 693 1420 650
9237 6862 694 1440 660
9390 6909 693 1440 660
9502 6937 693 1450 650
9586 6961 691 1480 650
9625 6977 694 1480 650
9625 6977 691 1500 640
9610 6977 684 1510 640
9548 6963 679 1510 640
9443 6918 670 1530 630
9308 6852 642 1530 630
9155 6778 611 1530 630
8988 6699 592 1530 630
8811 6611 592 1530 630
8654 6499 600 1530 630
8497 6371 617 1530 630
8337 6177 646 1540 630
8171 5887 684 1540 630
8004 5532 746 1540 630
7818 5082 806 1530 630
7634 4551 866 1530 630
7478 3967 867 1500 640
7339 3412 899 1500 640
7248 2944 897 1480 650
7199 2534 948 1460 660
7178 2222 968 1420 660
7178 1908 982 1400 670
7196 1666 989 1390 680
7226 1473 986 1330 690
7263 1339 980 1290 700
7297 1242 968 1270 700
7324 1170 956 1220 710
7348 1140 945 1190 720
7358 1156 924 1130 730
7363 1203 905 1100 730
7363 1317 896 1070 730
7371 1500 857 1040 740
7381 1730 826 1040 740
7419 2035 720 1040 740
7473 2417 563 1040 740
7543 2850 369 1070 730
7613 3286 103 1070 730
7613 3286 228 1100 730
7787 4477 391 1130 730
7870 4812 465 1160 720
7967 5116 499 1190 720
8073 5388 512 1240 710
8203 5616 519 1270 700
8348 5816 532 1290 700
8467 5936 536 1310 690
8551 5975 584 1330 690
8611 5959 665 1350 680
8669 5836 730 1350 680
8708 5573 790 1370 670
8733 5217 818 1370 670
8733 4717 851 1370 670
8726 4195 852 1390 680
8710 3658 854 1370 690
8710 3259 857 1370 690
8697 2892 873 1370 690
8681 2547 899 1350 690
8659 2324 896 1350 690
8631 2146 900 1330 700
8598 1997 903 1310 690
8565 1913 899 1290 700
8525 1879 906 1290 700
8479 1879 864 1270 700
8403 1931 821 1270 700
8311 2044 768 1240 710
8209 2198 716 1240 710
8095 2414 687 1240 710
7977 2674 687 1260 720
7857 2964 696 1260 720
7753 3266 690 1260 720
7687 3555 625 1280 710
7647 3811 466 1280 710
7654 4051 441 1310 710
7687 4270 472 1310 710
7738 4453 515 1330 700
7794 4611 530 1330 700
7864 4717 527 1330 700
7943 4778 532 1350 690
8002 4808 533 1350 690
8040 4776 546 1350 690
8063 4683 545 1350 690
8049 4550 561 1350 690
8005 4371 563 1370 690
7941 4173 575 1370 690
7841 3962 622 1370 690
7743 3772 663 1390 680
7687 3646 685 1350 680
7657 3564 688 1350 680
7667 3529 694 1350 680
7716 3529 725 1350 680
7791 3547 731 1350 680
7931 3625 730 1350 680
8092 3743 693 1330 690
8268 3888 467 1330 690
10238 5570 207 1350 670
10163 5592 282 1440 660
10078 5558 348 1450 650
10031 5558 351 1450 650
9998 5569 351 1450 650
9969 5552 366 1450 650
9937 5530 472 1470 650
9900 5449 580 1470 650
9843 5332 665 1470 650
9779 5101 720 1460 660
9711 4790 797 1460 660
9660 4427 836 1460 660
9591 4018 872 1440 670
9510 3664 906 1440 670
9473 3347 933 1420 680
9454 3087 933 1420 680
9447 2887 950 1410 680
9453 2728 959 1410 680
9461 2632 961 1370 690
9470 2597 964 1350 690
9470 2602 965 1330 700
9470 2635 961 1310 690
9470 2745 958 1290 700
9477 2907 951 1290 700
9505 3124 897 1270 700
9548 3414 853 1270 700
9610 3753 829 1220 700
9671 4134 788 1220 700
9733 4524 767 1220 700
9784 4920 777 1220 700
9827 5252 780 1250 700
9887 5533 788 1250 700
9969 5780 784 1270 690
10066 5979 803 1270 690
10174 6114 806 1290 680
10282 6206 811 1330 690
10370 6233 823 1350 680
10445 6156 852 1370 670
10498 6010 864 1390 670
10504 5650 894 1400 670
10478 5210 902 1400 670
10438 4717 892 1420 660
10402 4265 892 1420 660
10372 3812 905 1400 670
10360 3483 914 1400 670
10360 3237 926 1390 680
10334 3030 933 1370 690
10293 2901 933 1370 690
10240 2825 927 1350 690
10168 2791 923 1330 700
10072 2803 912 1310 710
9960 2845 897 1310 710
9831 2937 892 1280 710
9729 3083 890 1260 720
9646 3264 855 1220 710
9606 3492 839 1220 710
9606 3748 830 1220 710
9621 4022 829 1200 710
9665 4289 821 1200 710
9729 4514 820 1200 710
9805 4710 818 1220 700
9889 4860 820 1220 700
9977 4937 820 1250 700
10040 4966 820 1250 700
10086 4931 817 1250 700
10115 4816 811 1270 690
10108 4649 814 1270 690
10078 4466 817 1270 690
10013 4264 830 1290 680
9938 4050 855 1290 680
9855 3874 860 1290 680
9816 3741 861 1290 680
9808 3638 861 1290 680
9820 3595 860 1290 680
9844 3595 858 1290 680
9897 3617 864 1290 680
9969 3713 833 1290 680
10067 3879 827 1270 690
10192 4091 812 1270 690
10336 4357 805 1270 690
10507 4640 803 1270 690
10675 4935 811 1270 690
10842 5225 808 1270 690
11014 5485 806 1270 690
11147 5725 808 1290 700
11253 5937 812 1290 700
11342 6110 811 1310 690
11419 6257 811 1330 700
11487 6376 811 1350 690
11539 6462 812 1350 690
11572 6526 814 1390 690
11592 6545 812 1390 690
11592 6545 814 1430 690
11578 6538 821 1430 690
11553 6473 832 1450 680
11488 6317 836 1450 680
11405 6101 858 1480 680
11311 5735 866 1480 680
11220 5252 866 1480 680
11127 4691 876 1480 680
11033 4150 870 1460 670
10954 3654 882 1450 680
10879 3187 882 1430 690
10809 2771 903 1410 700
10740 2441 906 1370 700
10675 2168 924 1370 700
10614 1945 941 1350 710
10575 1783 941 1330 710
10550 1661 949 1280 710
10550 1589 949 1260 720
10566 1557 941 1230 720
10592 1552 932 1210 730
10608 1569 905 1180 730
10618 1656 884 1150 740
10625 1791 857 1130 730
10635 2000 817 1130 730
10671 2318 787 1130 730
10725 2708 785 1130 730
10808 3150 787 1130 730
10896 3605 799 1180 730
11006 4070 806 1180 730
11128 4529 806 1210 730
11261 4946 811 1210 730
11414 5335 800 1250 730
11579 5693 787 1280 720
11733 5982 793 1300 720
11877 6226 790 1350 720
12013 6409 791 1370 710
12119 6523 794 1390 710
12196 6592 796 1430 700
12253 6623 794 1450 700
12308 6623 796 1470 690
12357 6591 790 1510 680
12403 6513 827 1520 680
12441 6352 855 1520 680
12461 6135 905 1530 670
12468 5710 924 1530 670
12463 5150 935 1530 670
12450 4499 934 1530 670
12432 3882 943 1530 670
12432 3291 937 1500 670
12425 2718 935 1480 680
12420 2281 941 1450 680
12390 1906 973 1410 680
12358 1572 994 1370 690
12325 1380 1020 1350 680
12310 1247 1021 1300 670
12310 1153 1015 1280 660
12310 1098 1008 1260 660
12310 1080 997 1250 650
12291 1088 953 1240 640
12261 1135 914 1220 630
12195 1242 875 1210 630
12102 1389 827 1200 620
11991 1601 814 1200 620
11886 1903 817 1200 620
11786 2266 808 1190 610
11695 2630 812 1190 610
11608 3030 817 1220 610
11521 3453 818 1220 610
11459 3813 845 1220 610
11413 4117 851 1230 620
11422 4383 849 1240 630
11500 4607 843 1250 640
11625 4792 833 1270 640
11777 4951 830 1280 650
11953 5046 823 1280 660
12145 5096 823 1300 670
12295 5117 815 1310 680
12400 5088 812 1310 680
12474 5006 811 1330 690
12474 4888 809 1350 680
12409 4682 817 1370 690
12308 4471 817 1370 690
12183 4255 827 1390 680
12062 4038 824 1390 680
11975 3891 828 1390 680
11909 3766 828 1390 680
11858 3656 834 1390 680
11828 3592 837 1390 680
11811 3558 848 1390 680
11823 3544 860 1370 690
11925 3554 869 1350 680
12088 3643 878 1350 680
12361 3786 878 1350 680
12556 4141 878 1330 670
12699 4274 878 1330 670
12699 4259 878 1330 670
12699 4274 878 1330 670
12699 4243 878 1330 670
12699 4195 878 1330 670
12699 4150 878 1330 670
12699 4109 878 1330 670