525
1699 6209 178 1300 480
1699 6098 226 1280 480
1676 6098 249 1280 480
1645 6113 280 1280 490
1645 6106 292 1280 490
1645 6100 381 1280 500
1680 6100 493 1290 510
1728 6100 591 1290 510
1815 6129 659 1300 520
1976 6180 725 1300 520
2185 6270 787 1310 520
2463 6406 814 1310 520
2806 6573 825 1330 530
3192 6728 828 1330 530
3570 6882 825 1340 540
3934 7009 837 1340 540
4211 7117 837 1340 540
4434 7173 836 1340 540
4566 7199 830 1340 540
4632 7206 827 1350 530
4653 7206 791 1350 530
4653 7206 702 1350 530
4607 7198 564 1350 530
4536 7185 371 1350 530
4399 7163 158 1360 520
3775 7134 51 1370 520
3357 7211 207 1370 520
3195 7268 353 1370 520
3053 7315 480 1380 510
2951 7336 592 1380 510
2896 7341 641 1370 510
2872 7332 664 1370 510
2872 7279 742 1370 510
2897 7198 785 1370 510
2935 7032 829 1370 510
2990 6850 830 1360 510
3050 6658 830 1360 510
3109 6490 827 1360 510
3165 6349 825 1350 520
3208 6226 827 1350 520
3239 6158 829 1350 520
3261 6135 797 1340 520
3281 6142 790 1340 520
3307 6207 760 1340 520
3370 6360 713 1330 530
3454 6573 667 1330 530
3563 6816 658 1330 530
3678 7075 662 1310 520
3798 7346 690 1310 520
3880 7537 739 1310 520
3936 7635 774 1310 520
3975 7672 800 1310 520
4006 7665 848 1310 520
4038 7598 899 1330 520
4038 7492 926 1330 520
4019 7298 941 1330 520
3936 7052 929 1340 510
3845 6771 906 1340 510
3749 6547 799 1340 510
3677 6351 687 1340 510
3638 6173 519 1340 510
3620 6054 91 1340 510
2526 4878 269 1150 500
2424 4817 388 1150 500
2352 4801 521 1140 500
2334 4792 539 1160 500
2346 4792 591 1160 500
2377 4799 637 1160 500
2469 4833 671 1160 500
2613 4915 673 1170 510
2792 5029 687 1170 510
2964 5115 697 1170 520
3152 5229 717 1180 530
3351 5361 746 1180 530
3535 5460 779 1190 530
3719 5527 797 1190 530
3872 5574 821 1220 540
4004 5569 825 1220 540
4114 5492 857 1220 540
4179 5366 903 1220 540
4213 5126 924 1230 550
4198 4816 933 1230 550
4137 4460 950 1230 550
4046 4128 933 1230 550
3944 3812 946 1210 550
3850 3506 977 1200 550
3760 3296 995 1200 550
3657 3140 990 1180 560
3567 3021 994 1170 560
3514 3003 982 1160 560
3482 3058 979 1140 570
3455 3162 940 1130 570
3466 3402 892 1110 570
3503 3733 860 1110 570
3574 4125 824 1090 570
3651 4592 803 1090 570
3720 5016 812 1090 570
3781 5411 820 1090 570
3823 5665 817 1090 570
3852 5800 828 1110 570
3871 5857 831 1100 560
3871 5845 843 1120 560
3884 5751 869 1130 560
3862 5602 894 1150 550
3816 5299 924 1160 550
3709 4992 937 1160 550
3578 4682 971 1180 560
3431 4369 983 1200 550
3299 4056 986 1200 550
3172 3806 980 1210 550
3055 3598 986 1210 550
2973 3489 974 1220 560
2914 3444 927 1220 560
2886 3444 833 1210 560
2861 3475 731 1190 560
2843 3568 595 1180 570
2843 3700 410 1160 570
2848 3868 218 1160 570
2861 4010 112 1150 580
2870 4134 115 1130 580
2870 4225 211 1130 580
2870 4294 425 1130 580
2859 4348 561 1130 580
2846 4371 647 1130 580
2832 4388 702 1130 580
2823 4395 751 1130 580
2810 4395 779 1130 580
2781 4387 824 1130 580
2741 4330 867 1150 580
2664 4240 900 1150 580
2569 4108 923 1160 570
2463 3976 930 1160 570
2379 3846 929 1160 570
2331 3763 915 1180 570
2307 3708 864 1180 570
2307 3703 785 1180 570
2351 3719 702 1180 570
2418 3749 589 1180 570
2547 3857 486 1180 570
2718 3977 417 1180 570
2916 4106 381 1180 570
3165 4233 372 1180 570
3413 4359 387 1160 570
3661 4452 485 1160 560
3885 4523 616 1160 560
4078 4559 710 1160 560
4249 4564 791 1160 560
4401 4548 863 1160 560
4531 4509 918 1160 560
4645 4455 958 1160 560
4753 4391 992 1160 560
4837 4331 991 1160 570
4904 4282 991 1160 570
4956 4241 988 1160 570
4992 4221 995 1170 580
5016 4212 949 1170 580
5016 4212 891 1160 580
5016 4212 707 1160 580
5016 4249 110 1160 580
6410 7260 76 1350 450
6533 7398 240 1350 450
6508 7437 320 1360 460
6508 7471 349 1360 460
6508 7471 368 1370 460
6519 7452 418 1360 470
6538 7390 478 1360 470
6553 7268 536 1360 470
6563 7107 600 1370 470
6547 6875 661 1370 470
6498 6639 690 1370 470
6428 6344 731 1370 470
6323 6013 737 1360 480
6199 5665 760 1360 490
6063 5349 776 1360 490
5948 5054 794 1340 500
5833 4779 805 1330 510
5706 4581 829 1320 510
5571 4435 828 1300 520
5452 4307 840 1290 520
5338 4230 858 1280 530
5233 4187 869 1250 540
5135 4194 860 1240 540
5066 4249 855 1210 550
5016 4337 854 1200 550
5000 4474 858 1180 560
5049 4675 861 1160 550
5142 4919 884 1160 550
5330 5204 899 1150 550
5567 5474 903 1140 550
5836 5734 909 1140 550
6069 5953 897 1140 550
6306 6109 899 1140 550
6499 6223 899 1140 550
6660 6350 897 1150 540
6785 6435 899 1170 540
6866 6493 900 1190 540
6918 6524 900 1200 540
6929 6534 902 1200 540
6929 6534 899 1230 550
6929 6534 908 1240 540
6919 6534 875 1260 540
6910 6534 828 1260 540
6899 6534 754 1290 550
6893 6529 613 1290 550
6886 6507 356 1310 550
6501 5963 439 1340 550
6457 5846 535 1320 550
6416 5821 570 1310 550
6416 5808 595 1310 550
6416 5779 620 1300 550
6430 5708 650 1300 550
6447 5616 690 1270 550
6461 5505 727 1270 550
6461 5364 785 1260 560
6449 5202 822 1260 560
6421 5016 869 1240 550
6386 4788 899 1220 560
6346 4533 908 1210 560
6306 4281 911 1190 560
6268 4025 915 1180 570
6232 3818 914 1160 570
6202 3646 920 1150 580
6176 3547 921 1130 580
6157 3499 924 1120 580
6145 3485 929 1100 580
6136 3491 921 1090 590
6123 3548 915 1070 590
6109 3638 911 1070 590
6095 3807 912 1050 590
6104 4027 912 1050 590
6135 4282 911 1040 590
6181 4529 908 1040 590
6237 4746 906 1040 590
6294 4943 911 1040 590
6352 5113 911 1040 590
6409 5280 911 1050 590
6468 5426 915 1050 590
6526 5559 915 1070 590
6567 5627 914 1090 590
6597 5659 917 1090 590
6615 5668 920 1100 580
6635 5668 921 1120 580
6659 5642 927 1130 580
6688 5608 939 1150 580
6717 5537 935 1150 580
6738 5415 956 1160 570
6753 5259 974 1160 570
6766 5083 994 1160 570
6780 4882 988 1180 570
6794 4665 1023 1190 580
6821 4455 1023 1170 580
6845 4180 1023 1170 580
6866 3862 1023 1180 590
6903 3527 1023 1180 600
6937 3245 1023 1160 600
6968 2998 1023 1150 620
7003 2796 1023 1140 620
7036 2634 1023 1130 630
7068 2500 1023 1110 640
7068 2448 1023 1080 650
7074 2426 1023 1050 650
7074 2426 1023 1030 650
7064 2426 1023 1020 670
7028 2457 1023 990 670
6962 2507 1023 970 670
6876 2609 989 950 670
6756 2780 940 920 670
6629 2997 894 900 670
6498 3276 887 900 670
6378 3551 885 900 660
6276 3824 890 900 660
6187 4012 896 920 650
6131 4153 899 920 650
6119 4262 905 940 650
6137 4369 899 960 640
6205 4463 915 960 640
6317 4549 924 980 640
6459 4627 929 1000 630
6597 4674 926 1020 630
6701 4700 927 1040 620
6781 4679 935 1050 620
6815 4607 944 1070 610
6786 4500 935 1070 610
6714 4336 967 1080 610
6605 4172 981 1100 600
6488 4011 1023 1100 600
6365 3894 1023 1100 600
6265 3804 1023 1120 600
6222 3769 1023 1120 600
6222 3764 1023 1120 600
6265 3780 1023 1120 600
6372 3838 1023 1120 600
6519 3934 935 1120 600
6687 4056 800 1130 610
6828 4155 594 1130 610
6952 4222 212 1130 610
8139 6297 63 1280 500
8133 6334 124 1280 500
8133 6356 186 1280 500
8139 6375 216 1280 500
8146 6392 269 1280 500
8153 6392 327 1280 500
8163 6387 422 1280 500
8183 6355 492 1290 510
8226 6278 567 1290 510
8283 6172 616 1290 510
8353 6030 649 1290 510
8424 5858 688 1290 510
8496 5666 731 1280 520
8545 5457 749 1280 520
8579 5186 760 1270 520
8579 4874 763 1270 520
8534 4556 770 1250 530
8463 4241 785 1240 530
8356 3916 783 1240 540
8232 3585 799 1230 550
8097 3349 799 1200 550
7989 3165 799 1170 560
7914 3016 787 1160 560
7860 2998 779 1130 570
7847 3088 758 1120 580
7867 3250 717 1100 580
7909 3483 663 1070 590
7965 3782 605 1050 590
8021 4126 541 1040 590
8078 4491 498 1020 590
8132 4855 486 1020 590
8184 5178 488 1020 590
8228 5474 491 1020 590
8269 5698 501 1040 590
8309 5875 521 1040 590
8340 6021 541 1050 590
8370 6112 556 1070 590
8398 6200 570 1090 590
8434 6280 569 1120 580
8473 6353 581 1130 580
8516 6422 595 1160 570
8561 6484 594 1180 570
8604 6535 605 1190 560
8646 6575 613 1200 550
8681 6606 613 1210 550
8712 6622 624 1230 550
8739 6627 637 1240 540
8761 6627 665 1250 540
8780 6605 676 1250 540
8804 6577 690 1260 540
8828 6525 721 1280 540
8851 6441 754 1280 540
8874 6335 788 1280 540
8888 6199 824 1280 540
8897 6037 857 1280 540
8903 5859 876 1280 540
8903 5649 896 1270 550
8903 5407 926 1270 550
8910 5144 950 1270 550
8915 4845 943 1270 560
8921 4557 976 1260 570
8928 4276 986 1260 570
8934 3993 995 1240 580
8934 3720 999 1230 590
8934 3509 1002 1200 600
8942 3335 1005 1190 610
8942 3198 1005 1160 630
8925 3107 1008 1150 630
8916 3047 1008 1110 640
8907 3018 1006 1090 640
8900 3008 1002 1050 650
8900 3008 1000 1030 650
8875 3027 990 990 660
8841 3087 992 970 660
8793 3176 947 940 660
8736 3335 897 940 660
8672 3567 840 920 650
8606 3847 784 920 650
8533 4180 753 920 650
8456 4503 750 920 640
8377 4819 754 940 640
8304 5003 759 960 640
8236 5126 776 980 630
8206 5209 785 1000 630
8211 5259 788 1020 630
8240 5309 790 1030 610
8288 5330 790 1050 610
8340 5330 788 1050 610
8387 5303 791 1060 600
8428 5268 791 1080 600
8448 5206 791 1090 600
8448 5129 783 1110 590
8424 5033 785 1130 590
8383 4929 809 1140 590
8342 4821 818 1140 590
8322 4753 823 1160 580
8316 4726 820 1140 590
8331 4726 818 1140 590
8370 4737 811 1140 590
8425 4803 808 1140 590
8511 4907 793 1140 590
8614 5039 774 1140 590
8729 5186 720 1140 590
8843 5344 643 1140 590
8936 5489 543 1140 590
9014 5605 430 1140 590
9068 5703 334 1140 590
9103 5794 284 1140 590
9124 5887 249 1140 590
9132 5981 244 1140 590
9132 6070 250 1170 590
9120 6158 277 1180 590
9115 6240 317 1180 590
9115 6291 369 1200 580
9115 6323 394 1210 580
9115 6343 407 1240 580
9121 6358 423 1240 580
9132 6366 475 1260 580
9148 6366 546 1260 580
9175 6342 591 1270 570
9217 6302 639 1280 570
9268 6214 661 1280 570
9316 6090 673 1280 570
9351 5941 693 1300 560
9378 5752 736 1280 570
9388 5555 767 1280 570
9381 5354 820 1280 570
9363 5100 857 1270 570
9339 4828 858 1260 580
9313 4543 876 1240 580
9286 4266 887 1240 580
9254 3956 893 1210 590
9213 3624 897 1200 600
9165 3367 899 1170 610
9129 3109 905 1150 620
9099 2923 903 1120 620
9079 2786 893 1100 630
9070 2741 864 1060 630
9070 2765 855 1040 630
9070 2835 825 1000 640
9081 2987 791 980 640
9099 3213 740 960 640
9140 3489 644 940 640
9195 3844 496 940 640
9271 4243 251 920 640
9439 5383 27 940 630
9444 5898 146 960 630
9432 6089 219 980 630
9427 6253 285 1020 630
9436 6419 335 1050 610
9454 6543 374 1070 610
9486 6638 392 1100 600
9529 6711 412 1120 600
9580 6774 420 1130 590
9645 6830 417 1160 580
9713 6892 440 1170 580
9789 6959 474 1200 570
9878 7030 499 1240 570
9974 7085 524 1260 570
10038 7120 536 1270 560
10086 7142 557 1300 560
10123 7142 580 1310 560
10148 7110 610 1320 550
10173 7065 664 1340 560
10194 6965 700 1350 550
10213 6821 736 1350 550
10232 6649 773 1360 560
10240 6430 802 1360 560
10240 6176 832 1360 560
10245 5899 839 1360 570
10245 5605 866 1360 570
10245 5307 870 1350 580
10245 5007 890 1340 580
10245 4672 894 1320 590
10252 4350 911 1320 600
10261 4036 924 1290 610
10277 3670 944 1270 620
10300 3349 949 1240 630
10330 3057 947 1200 640
10362 2820 941 1170 650
10397 2623 944 1140 660
10434 2453 950 1110 670
10448 2338 953 1070 670
10448 2257 959 1020 680
10439 2198 967 1000 690
10424 2164 968 950 690
10412 2151 968 930 690
10403 2151 956 900 690
10371 2179 943 900 690
10324 2253 945 870 690
10261 2358 914 870 690
10178 2520 878 850 690
10082 2751 827 850 690
9966 3029 757 850 690
9843 3383 687 850 690
9714 3767 622 850 690
9598 4171 617 870 690
9480 4550 614 900 690
9347 4852 617 900 690
9205 5104 667 930 690
9102 5289 719 950 680
9040 5436 760 970 680
9006 5558 790 1000 680
9020 5646 814 1020 670
9085 5737 817 1040 660
9183 5831 834 1080 660
9335 5904 848 1100 650
9492 5942 853 1140 640
9651 5958 861 1170 630
9759 5939 875 1200 620
9823 5873 894 1220 610
9858 5775 894 1230 610
9852 5653 899 1250 600
9802 5505 908 1260 600
9723 5340 911 1260 600
9613 5168 920 1260 600
9481 4997 933 1280 590
9335 4826 978 1280 590
9221 4711 1023 1280 590
9176 4634 1023 1280 590
9176 4626 1023 1260 600
9232 4639 1023 1260 600
9375 4665 1023 1260 600
9577 4738 1023 1250 600
9820 4815 1023 1250 600
10051 4896 1023 1230 610
10273 4912 1023 1230 620
10419 4880 853 1230 620
10508 4817 257 1210 630