273
2027 3674 68 1320 480
1985 3712 93 1330 480
1980 3756 136 1330 480
1966 3802 170 1330 500
1949 3845 205 1320 500
1921 3900 214 1330 510
1887 3964 235 1330 520
1845 4007 254 1330 520
1794 4047 252 1340 520
1736 4058 262 1350 530
1668 4050 269 1350 530
1588 4000 279 1350 530
1499 3903 276 1350 530
1423 3775 292 1350 530
1370 3636 305 1350 530
1333 3498 327 1340 520
1313 3339 340 1340 520
1307 3166 336 1330 520
1307 3015 341 1330 520
1333 2894 346 1330 520
1373 2793 348 1320 510
1423 2731 361 1320 510
1485 2717 372 1300 520
1550 2734 398 1290 510
1628 2812 394 1290 510
1712 2961 396 1290 520
1789 3158 397 1290 520
1868 3407 397 1290 520
1948 3683 396 1290 530
2038 3977 396 1290 530
2128 4288 394 1300 540
2216 4555 394 1300 540
2279 4793 394 1310 550
2327 4977 394 1310 550
2353 5093 397 1340 550
2361 5163 404 1340 550
2361 5178 400 1360 550
2351 5178 397 1360 550
2337 5160 402 1370 540
2318 5103 409 1370 540
2275 4969 420 1370 540
2217 4783 442 1390 540
2149 4547 474 1390 540
2081 4261 505 1390 540
2024 3941 512 1400 530
1995 3611 522 1400 530
1981 3322 513 1400 530
1989 3060 519 1400 530
2027 2841 524 1390 540
2084 2683 537 1390 540
2177 2567 550 1370 540
2298 2516 560 1370 540
2438 2516 574 1360 550
2601 2562 580 1360 550
2769 2657 584 1350 550
2939 2807 584 1350 550
3105 2995 586 1340 560
3270 3202 584 1320 550
3407 3411 581 1310 560
3524 3621 574 1310 560
3614 3817 566 1310 560
3659 3971 568 1310 560
3673 4098 564 1310 560
3642 4159 551 1310 560
3591 4186 550 1310 560
3527 4186 546 1300 550
3483 4186 539 1310 550
3445 4165 543 1310 550
3409 4131 545 1310 550
3371 4068 543 1330 540
3328 3966 550 1330 540
3285 3837 556 1330 540
3241 3653 560 1340 540
3200 3469 586 1340 540
3159 3255 589 1340 540
3143 3022 592 1340 540
3143 2852 597 1340 540
3187 2734 606 1330 540
3265 2652 617 1330 540
3366 2621 614 1330 540
3486 2640 611 1310 550
3637 2693 600 1310 550
3808 2806 568 1300 550
3973 2949 498 1300 550
4171 3113 374 1300 550
4391 3301 155 1290 560
5574 5334 51 1390 470
5598 5500 96 1390 470
5621 5549 104 1390 470
5630 5563 91 1380 480
5630 5554 136 1380 480
5637 5530 176 1380 480
5637 5453 240 1380 480
5617 5342 304 1380 480
5588 5171 369 1380 480
5549 4929 374 1380 480
5497 4641 381 1390 480
5435 4363 393 1380 490
5372 4073 389 1380 490
5311 3775 405 1380 490
5253 3558 425 1370 500
5216 3400 438 1370 500
5193 3281 440 1370 500
5186 3204 455 1360 500
5186 3176 498 1360 500
5186 3181 513 1350 510
5186 3199 519 1340 510
5214 3280 521 1340 510
5253 3404 516 1330 520
5311 3534 522 1330 520
5386 3662 521 1310 520
5472 3788 515 1310 520
5561 3910 516 1300 530
5655 4003 515 1300 530
5759 4079 515 1300 530
5870 4134 515 1300 530
5964 4159 515 1310 540
6045 4164 521 1310 540
6117 4133 524 1310 540
6173 4065 532 1330 530
6218 3973 540 1340 540
6231 3837 536 1340 540
6216 3685 545 1340 540
6181 3523 553 1340 540
6121 3375 567 1360 540
6044 3225 572 1360 540
5956 3107 594 1360 540
5865 3012 594 1350 540
5761 2946 602 1350 540
5648 2911 611 1350 540
5553 2897 617 1350 540
5482 2912 613 1350 540
5426 2957 602 1350 540
5380 3023 564 1340 550
5361 3127 520 1340 550
5361 3268 433 1330 540
5396 3433 279 1330 540
7096 5739 10 1370 530
7134 5810 47 1370 530
7143 5820 119 1400 530
7148 5804 181 1400 530
7158 5756 235 1400 530
7166 5688 264 1400 530
7166 5572 286 1400 530
7156 5411 322 1410 530
7130 5220 371 1410 530
7095 5003 397 1410 530
7053 4748 423 1400 540
7004 4468 439 1410 550
6944 4154 447 1410 550
6876 3859 458 1410 550
6810 3578 468 1400 550
6752 3359 468 1400 550
6706 3180 485 1400 550
6676 3028 489 1380 550
6657 2932 501 1380 550
6648 2880 519 1360 560
6642 2857 538 1350 550
6642 2863 540 1350 550
6642 2920 533 1340 560
6648 3011 537 1340 560
6674 3163 530 1320 550
6714 3340 526 1310 560
6783 3533 524 1310 560
6862 3698 529 1300 550
6947 3861 532 1300 550
7010 3975 530 1300 550
7075 4057 532 1300 550
7144 4131 532 1300 550
7216 4186 532 1300 550
7291 4229 526 1310 560
7357 4243 526 1310 560
7416 4227 526 1310 560
7462 4192 527 1310 560
7480 4105 538 1320 570
7480 3981 536 1320 570
7449 3833 551 1320 570
7399 3645 568 1320 570
7336 3471 570 1340 570
7252 3307 575 1340 570
7162 3130 580 1340 570
7067 2984 580 1320 580
6984 2858 586 1320 580
6903 2767 589 1320 580
6822 2726 586 1320 580
6764 2719 591 1320 580
6722 2756 594 1320 580
6700 2837 586 1320 580
6705 2947 580 1320 580
6727 3049 546 1300 580
6783 3146 467 1300 580
6853 3235 369 1300 580
6932 3317 146 1300 580
7524 3618 91 1240 570
7483 3545 181 1240 570
7477 3536 265 1240 570
7477 3536 286 1260 580
7477 3560 310 1260 580
7495 3607 340 1260 580
7525 3672 339 1260 580
7576 3764 349 1260 580
7630 3851 363 1260 580
7690 3934 361 1260 580
7747 3980 372 1260 580
7792 4002 376 1270 570
7830 4007 396 1270 570
7853 3988 413 1270 570
7876 3945 468 1300 580
7899 3886 491 1300 580
7921 3797 517 1300 580
7932 3685 522 1320 580
7932 3559 537 1320 580
7916 3432 544 1320 580
7902 3307 541 1320 580
7887 3199 530 1320 580
7872 3102 491 1320 590
7857 3048 431 1320 590
7850 3048 302 1320 590
7843 3077 109 1310 600
7861 4099 127 1290 590
7880 4406 141 1290 590
7888 4485 178 1290 590
7876 4536 223 1310 580
7876 4565 252 1310 580
7890 4579 277 1320 590
7912 4579 324 1340 580
7937 4579 356 1340 580
7968 4561 368 1350 580
7998 4531 369 1350 580
8027 4486 358 1380 580
8051 4426 279 1380 580
8072 4357 51 1380 580
8216 3667 255 1380 570
8313 3502 277 1380 570
8335 3470 296 1360 570
8335 3480 344 1350 570
8370 3459 407 1350 570
8419 3459 443 1350 570
8478 3477 474 1350 570
8556 3522 498 1340 570
8653 3594 510 1340 570
8762 3683 514 1340 570
8883 3805 514 1350 580
8988 3937 517 1350 580
9083 4075 517 1350 580
9157 4212 510 1360 580
9203 4342 501 1360 580
9230 4468 490 1360 580
9230 4558 478 1360 580
9193 4625 471 1360 580
9141 4676 450 1380 590
9069 4709 448 1390 580
8987 4719 450 1390 580
8897 4713 463 1390 580
8818 4685 464 1390 580
8744 4632 495 1390 580
8677 4563 522 1390 580
8613 4443 544 1400 580
8543 4280 568 1400 580
8469 4089 584 1400 580
8406 3894 603 1400 580
8366 3693 616 1400 580
8342 3535 638 1380 580
8361 3409 643 1380 580
8424 3316 665 1380 580
8517 3262 675 1380 580
8642 3234 688 1380 580
8809 3252 690 1360 580
9003 3306 693 1360 580
9196 3385 690 1360 580
9411 3478 659 1340 580
9641 3584 559 1340 580
9874 3699 285 1350 590