248
2406 3792 17 1290 610
2406 3792 108 1280 590
2406 3792 144 1270 570
2399 3830 178 1270 550
2390 3850 221 1280 540
2384 3895 259 1290 530
2377 3958 289 1290 520
2370 4007 314 1290 520
2352 4057 312 1300 520
2327 4109 334 1300 520
2291 4162 344 1300 520
2237 4209 334 1300 520
2172 4251 341 1320 510
2089 4269 356 1330 520
1997 4269 371 1330 520
1900 4221 384 1330 520
1816 4131 399 1340 510
1735 4015 413 1340 510
1659 3845 422 1340 510
1580 3648 418 1340 510
1512 3434 418 1340 510
1453 3195 430 1340 510
1413 3004 433 1340 510
1407 2844 439 1340 510
1423 2738 461 1320 510
1462 2692 491 1320 510
1530 2687 512 1320 510
1616 2743 515 1320 510
1722 2882 521 1300 520
1834 3076 522 1300 520
1956 3348 522 1300 520
2101 3652 522 1290 520
2261 3977 520 1290 520
2418 4342 514 1290 520
2562 4670 504 1300 530
2697 4974 501 1300 530
2788 5226 499 1300 530
2843 5415 499 1330 530
2874 5561 491 1330 530
2874 5597 468 1330 530
2860 5579 468 1350 530
2830 5524 464 1350 530
2768 5382 475 1360 520
2687 5175 490 1360 520
2593 4924 498 1370 520
2509 4597 510 1370 520
2443 4241 533 1370 520
2389 3866 537 1380 510
2358 3523 537 1380 510
2374 3268 548 1370 510
2420 3072 567 1360 510
2495 2916 567 1360 510
2609 2800 574 1360 510
2748 2710 591 1360 510
2879 2683 603 1350 520
3030 2720 606 1350 520
3194 2800 613 1340 520
3353 2934 614 1330 530
3500 3106 611 1330 530
3638 3304 606 1310 540
3756 3509 603 1300 530
3823 3715 595 1300 530
3857 3924 602 1300 530
3857 4048 594 1310 540
3813 4112 592 1310 540
3750 4117 581 1310 540
3649 4065 584 1310 540
3548 3976 583 1330 530
3447 3828 591 1330 530
3374 3664 589 1330 530
3328 3489 595 1330 530
3299 3303 614 1310 520
3299 3116 610 1310 520
3317 2956 619 1310 520
3350 2816 622 1310 520
3414 2708 619 1310 520
3505 2642 602 1300 530
3614 2605 524 1300 530
3759 2605 372 1300 530
4917 5881 41 1380 470
4917 5922 53 1390 470
4917 5889 120 1390 470
4912 5831 180 1420 470
4904 5715 226 1420 470
4884 5531 265 1420 470
4851 5301 301 1430 480
4810 5034 320 1420 480
4762 4752 338 1420 480
4715 4459 358 1420 480
4668 4161 364 1420 480
4632 3899 373 1410 490
4599 3660 376 1410 490
4572 3506 396 1400 500
4546 3380 407 1380 500
4524 3272 418 1380 500
4507 3214 456 1360 500
4502 3197 486 1350 510
4502 3208 485 1340 510
4512 3251 486 1330 510
4539 3360 486 1320 510
4578 3514 480 1300 520
4647 3673 478 1300 520
4739 3840 477 1280 520
4846 4012 473 1280 520
4935 4116 477 1290 520
5016 4188 477 1290 520
5092 4238 477 1290 520
5167 4254 475 1290 520
5238 4244 465 1300 530
5305 4216 468 1300 530
5363 4173 475 1300 530
5410 4101 490 1300 530
5450 4011 489 1310 520
5465 3882 501 1310 520
5452 3738 515 1330 530
5421 3583 516 1330 530
5356 3435 532 1330 530
5260 3284 538 1330 530
5144 3152 536 1330 530
5014 3034 537 1330 530
4884 2943 550 1330 530
4759 2892 567 1310 540
4638 2869 568 1310 540
4564 2887 539 1310 540
4518 2938 494 1310 540
4490 3012 422 1310 540
4499 3138 287 1300 540
4554 3311 105 1300 540
6351 5709 61 1350 520
6326 5821 66 1360 510
6334 5883 68 1370 520
6355 5943 94 1380 510
6384 5966 141 1400 510
6394 5954 207 1400 510
6394 5920 281 1410 500
6382 5819 348 1410 500
6356 5648 377 1420 500
6312 5430 405 1430 500
6256 5147 425 1430 500
6193 4847 441 1420 500
6129 4536 446 1430 510
6065 4251 440 1430 510
6004 3992 447 1420 520
5950 3750 456 1420 520
5912 3592 464 1410 520
5883 3482 478 1410 520
5870 3405 486 1400 530
5862 3376 522 1390 540
5862 3376 530 1370 540
5862 3391 530 1360 550
5875 3463 524 1350 550
5912 3602 524 1350 550
5968 3787 527 1340 560
6054 3984 527 1340 560
6171 4145 529 1340 560
6309 4281 529 1340 560
6419 4377 529 1340 560
6496 4423 524 1340 560
6550 4436 519 1320 550
6585 4415 521 1320 550
6600 4338 529 1320 550
6600 4224 537 1320 550
6583 4082 541 1340 550
6545 3910 537 1340 550
6494 3719 546 1340 550
6432 3563 554 1340 550
6359 3429 561 1330 540
6278 3309 583 1330 540
6189 3212 600 1310 550
6102 3152 611 1320 550
6020 3116 627 1320 550
5964 3116 627 1320 550
5923 3136 613 1310 560
5898 3169 556 1310 560
5898 3205 430 1310 560
5915 3241 212 1310 560
7191 4079 209 1320 570
7191 4079 251 1320 570
7189 4170 254 1320 570
7189 4204 241 1340 560
7213 4211 250 1340 560
7242 4224 259 1340 560
7276 4235 269 1350 570
7314 4242 279 1360 560
7353 4242 327 1360 560
7392 4211 393 1360 560
7425 4162 417 1360 560
7437 4064 442 1360 560
7437 3930 485 1380 570
7408 3771 502 1380 570
7373 3623 519 1380 570
7332 3493 515 1360 570
7289 3376 518 1360 570
7246 3270 524 1360 570
7223 3211 521 1350 580
7212 3184 522 1350 580
7217 3195 463 1350 580
7226 3245 358 1340 580
7242 3321 141 1320 580
7460 4965 240 1340 570
7479 5031 233 1340 570
7473 5031 249 1350 570
7473 5026 286 1360 560
7489 4974 327 1360 560
7506 4916 356 1380 550
7528 4848 359 1380 550
7554 4774 359 1390 550
7581 4704 329 1390 550
7610 4637 225 1390 550
7645 4567 63 1400 540
7961 3976 252 1380 550
7976 3863 279 1380 550
7976 3838 309 1380 550
7993 3830 386 1380 550
8016 3808 425 1380 550
8051 3815 466 1380 550
8107 3842 475 1390 560
8178 3896 495 1390 560
8267 3970 491 1390 560
8371 4058 492 1390 560
8486 4160 497 1390 560
8591 4277 494 1390 560
8683 4404 497 1390 560
8765 4519 496 1400 560
8815 4604 491 1400 560
8826 4670 488 1400 560
8811 4723 467 1400 560
8761 4755 473 1400 560
8690 4773 473 1400 560
8604 4761 473 1400 560
8522 4727 464 1400 560
8440 4679 480 1400 560
8356 4597 492 1390 570
8270 4486 517 1390 570
8190 4355 527 1390 570
8116 4197 536 1390 570
8044 4035 564 1390 570
7974 3856 578 1390 570
7923 3669 588 1390 570
7884 3522 606 1390 570
7898 3400 617 1390 570
7960 3296 634 1390 570
8055 3222 650 1380 580
8213 3182 665 1380 580
8428 3166 670 1380 580
8680 3183 667 1380 580
8974 3236 658 1360 580
9281 3314 543 1360 580