239
2443 4145 344 1310 560
2544 4187 423 1300 550
2544 4196 499 1300 550
2511 4210 527 1300 550
2511 4245 568 1290 560
2511 4294 617 1290 560
2511 4359 638 1290 560
2497 4426 671 1290 560
2469 4494 690 1290 560
2421 4554 717 1290 560
2359 4584 733 1290 560
2288 4595 733 1290 560
2196 4544 740 1270 560
2090 4411 750 1270 560
1974 4224 796 1270 560
1882 3994 820 1280 570
1813 3767 833 1280 570
1759 3541 849 1270 570
1725 3389 854 1270 570
1725 3295 852 1270 570
1755 3239 857 1260 580
1806 3230 867 1260 580
1861 3271 857 1240 580
1963 3346 858 1240 580
2093 3500 853 1230 590
2264 3718 834 1230 590
2456 3979 799 1200 580
2663 4307 762 1200 580
2853 4663 754 1200 580
3009 5039 752 1200 580
3142 5413 755 1200 580
3224 5748 771 1210 580
3270 6058 811 1210 580
3291 6243 857 1230 580
3286 6315 864 1260 570
3286 6315 861 1270 560
3253 6291 866 1290 560
3203 6143 876 1300 550
3101 5909 908 1310 550
2987 5590 937 1340 550
2865 5228 967 1350 540
2752 4837 992 1360 540
2642 4436 988 1360 540
2570 4075 999 1360 540
2523 3742 1021 1360 540
2523 3514 1023 1360 540
2567 3343 1023 1350 540
2638 3210 1023 1340 550
2757 3132 1023 1320 550
2878 3127 1023 1310 560
3000 3171 1023 1270 560
3175 3292 1023 1260 570
3356 3444 1023 1240 570
3547 3616 1023 1230 580
3746 3823 1023 1210 580
3901 4040 1023 1200 580
4025 4263 1023 1170 580
4122 4486 1023 1170 580
4158 4634 1023 1170 580
4152 4733 1023 1170 580
4115 4775 1023 1170 580
4059 4785 1023 1170 580
3990 4773 1023 1190 580
3915 4679 1023 1190 580
3829 4518 1023 1190 580
3735 4313 1023 1200 570
3649 4098 1023 1200 570
3604 3910 1023 1200 570
3585 3739 1023 1220 570
3619 3634 1023 1200 570
3692 3563 1023 1200 570
3792 3514 1023 1200 570
3905 3500 1023 1180 570
4045 3536 1023 1180 570
4202 3605 1023 1170 580
4374 3698 1023 1170 580
4543 3791 903 1160 580
4689 3858 675 1160 580
4822 3909 259 1160 580
5593 5830 334 1260 510
5646 5993 384 1270 520
5603 6062 442 1280 520
5570 6152 495 1300 510
5543 6203 510 1330 510
5543 6227 515 1340 500
5550 6227 530 1340 500
5556 6227 589 1360 500
5565 6199 671 1370 500
5579 6152 722 1370 500
5591 6030 774 1370 500
5582 5845 827 1370 500
5561 5617 861 1370 500
5517 5342 909 1370 500
5461 5032 915 1360 500
5398 4699 944 1360 500
5330 4425 941 1350 510
5262 4150 956 1340 510
5211 3944 977 1340 510
5171 3786 989 1330 520
5146 3706 997 1300 530
5140 3684 995 1290 530
5146 3700 997 1260 540
5153 3710 992 1250 550
5165 3799 995 1210 550
5229 3941 995 1200 550
5325 4126 997 1180 560
5444 4297 989 1180 560
5563 4460 985 1170 560
5677 4516 988 1170 560
5768 4516 988 1170 560
5847 4481 979 1180 570
5900 4396 999 1180 570
5928 4278 1021 1180 570
5940 4138 1023 1180 570
5905 3998 1023 1180 570
5816 3844 1023 1190 580
5692 3680 1023 1190 580
5551 3556 1023 1190 580
5413 3465 1023 1190 580
5281 3395 1023 1190 580
5181 3371 1023 1190 580
5099 3392 1012 1170 580
5062 3444 942 1170 580
5067 3559 848 1160 580
5101 3735 721 1160 580
5200 3951 502 1160 580
6939 6383 594 1240 540
7101 6567 617 1280 540
7114 6624 622 1300 540
7125 6624 634 1330 530
7134 6597 655 1350 530
7174 6533 691 1370 530
7196 6416 751 1390 520
7207 6263 811 1400 530
7180 6066 867 1420 530
7126 5815 908 1430 530
7055 5528 921 1450 540
6968 5210 944 1470 530
6874 4887 943 1460 540
6776 4605 971 1450 550
6684 4351 978 1430 550
6593 4119 997 1410 560
6508 3942 1021 1400 550
6425 3802 1023 1390 560
6374 3733 1023 1380 570
6344 3718 1023 1350 570
6351 3739 1023 1320 580
6362 3799 1023 1300 580
6440 3959 1023 1280 580
6560 4186 1023 1250 590
6746 4423 1020 1230 590
6944 4619 1023 1230 590
7149 4711 1020 1210 590
7317 4748 1015 1210 590
7436 4721 1021 1200 580
7523 4645 1023 1200 580
7565 4537 1023 1210 590
7560 4391 1023 1230 590
7523 4219 1023 1230 590
7435 4031 1023 1230 590
7296 3832 1023 1240 600
7122 3630 1023 1240 600
6952 3479 1023 1240 600
6783 3364 1023 1240 600
6614 3311 1023 1240 600
6504 3318 1023 1220 600
6437 3366 1023 1220 600
6398 3466 1023 1220 600
6406 3641 977 1200 600
6469 3867 897 1200 600
6568 4100 758 1190 600
6705 4259 449 1190 600
8156 4573 554 1310 550
8265 4542 610 1310 550
8250 4542 641 1310 550
8199 4548 638 1340 550
8206 4542 661 1340 550
8216 4528 710 1340 550
8230 4505 790 1350 550
8236 4477 860 1350 550
8236 4415 918 1340 560
8222 4332 955 1340 560
8197 4216 977 1340 560
8164 4079 1023 1340 570
8129 3927 1023 1340 570
8098 3784 1023 1320 580
8092 3678 1023 1320 580
8100 3596 1023 1310 580
8127 3556 1015 1290 590
8154 3534 989 1290 590
8180 3525 943 1280 590
8217 3537 896 1280 590
8259 3584 833 1260 600
8310 3654 722 1260 600
8365 3754 521 1250 600
8407 3887 137 1250 600
8380 4815 423 1260 600
8322 5044 570 1280 590
8271 5122 665 1280 590
8249 5155 667 1290 590
8254 5155 668 1300 580
8278 5145 664 1310 570
8350 5096 663 1320 570
8432 5023 662 1320 570
8520 4925 673 1340 560
8597 4817 662 1340 560
8665 4702 672 1350 550
8728 4614 702 1350 550
8795 4532 749 1350 550
8868 4453 777 1350 550
8951 4387 802 1350 550
9039 4337 823 1360 560
9140 4299 825 1350 570
9246 4291 852 1350 570
9366 4312 875 1350 570
9493 4352 897 1340 570
9607 4419 892 1340 570
9692 4487 900 1350 580
9757 4555 908 1340 580
9786 4625 918 1340 580
9778 4698 921 1340 580
9745 4772 941 1340 580
9665 4827 947 1340 580
9534 4822 991 1350 590
9369 4777 1023 1350 590
9199 4671 1023 1350 590
9050 4522 1023 1350 590
8914 4344 1023 1350 590
8823 4151 1023 1350 590
8823 3974 1023 1350 590
8884 3807 1023 1340 600
9022 3676 1023 1340 600
9220 3607 1023 1340 600
9459 3579 1023 1320 600
9741 3592 1023 1320 600
10010 3651 1023 1320 610
10271 3742 1023 1320 610
10475 3805 878 1300 620
10596 3836 213 1300 620