311
2598 5011 1290 640 309
2622 5036 1290 630 322
2594 5060 1280 610 324
2586 5086 1270 570 332
2574 5124 1270 560 335
2558 5168 1260 540 362
2530 5215 1250 540 405
2500 5266 1250 540 441
2468 5316 1250 540 467
2440 5360 1240 530 510
2415 5380 1240 530 515
2395 5386 1240 530 521
2365 5368 1240 530 532
2327 5323 1240 530 535
2280 5260 1250 530 544
2228 5173 1250 530 546
2173 5061 1250 530 562
2119 4933 1250 530 577
2067 4770 1250 530 603
2016 4620 1240 520 622
1984 4478 1240 520 644
1966 4325 1250 530 641
1956 4180 1240 530 655
1963 4080 1240 530 653
1985 4007 1240 530 656
2017 3974 1240 530 663
2067 3983 1240 530 675
2133 4019 1230 530 685
2209 4121 1230 530 687
2303 4279 1230 530 685
2402 4475 1230 530 678
2508 4686 1220 540 673
2615 4936 1220 540 673
2722 5212 1220 540 672
2807 5502 1220 540 667
2878 5771 1230 530 656
2953 6025 1230 530 655
3028 6289 1240 530 656
3077 6552 1250 530 655
3109 6739 1250 530 652
3125 6877 1270 520 644
3135 7016 1280 520 643
3141 7096 1290 510 637
3115 7137 1300 510 636
3088 7152 1340 500 642
3061 7146 1350 500 639
3029 7127 1360 490 644
2995 7080 1370 480 645
2960 7000 1370 480 637
2924 6898 1390 480 647
2886 6767 1390 480 658
2846 6632 1400 480 671
2805 6456 1400 480 673
2762 6254 1420 470 693
2728 6043 1420 470 708
2694 5816 1420 470 722
2659 5579 1400 480 739
2645 5339 1400 480 748
2657 5102 1390 480 761
2687 4868 1380 490 753
2734 4655 1370 500 768
2788 4484 1360 490 777
2855 4341 1350 500 794
2937 4206 1340 500 788
3028 4102 1330 510 800
3149 4020 1320 510 811
3275 3963 1320 510 818
3408 3930 1300 520 823
3548 3913 1290 520 830
3690 3919 1280 530 833
3816 3951 1280 530 840
3931 4001 1270 530 849
4045 4075 1250 540 854
4161 4167 1250 540 857
4264 4270 1250 540 852
4356 4409 1250 540 851
4436 4546 1250 540 849
4502 4681 1250 540 845
4558 4814 1250 540 846
4586 4944 1250 540 845
4591 5037 1240 530 846
4581 5108 1250 530 846
4546 5148 1250 530 845
4504 5182 1250 530 846
4456 5208 1270 520 845
4402 5208 1270 520 846
4345 5201 1270 520 845
4286 5175 1270 520 846
4230 5134 1280 520 845
4176 5084 1280 520 849
4126 5022 1270 510 848
4096 4958 1290 510 849
4079 4874 1290 510 849
4074 4777 1290 510 855
4081 4689 1290 510 858
4095 4600 1280 500 860
4121 4510 1280 500 861
4149 4419 1270 510 869
4192 4338 1270 510 854
4243 4265 1270 510 864
4312 4207 1260 510 873
4387 4171 1260 510 888
4476 4150 1260 510 908
4574 4150 1260 510 906
4684 4163 1240 520 918
4802 4193 1250 530 936
4903 4236 1250 530 945
5005 4292 1250 530 951
5110 4356 1240 530 935
5214 4411 1250 540 937
5306 4464 1250 540 941
5390 4510 1250 540 940
5453 4547 1250 540 940
5498 4577 1260 540 938
5532 4602 1260 540 950
5556 4627 1260 540 887
5572 4661 1260 540 730
5583 4701 1260 540 359
6163 6254 1370 470 5
6184 6300 1370 470 142
6190 6313 1370 470 148
6190 6320 1390 470 196
6200 6320 1390 470 246
6208 6327 1400 480 289
6214 6319 1400 480 340
6219 6308 1420 480 376
6219 6275 1420 480 420
6219 6230 1420 480 450
6219 6157 1420 480 491
6211 6055 1420 480 540
6196 5933 1420 480 586
6177 5768 1420 490 622
6153 5594 1420 490 671
6120 5414 1420 490 699
6080 5192 1410 500 740
6037 4976 1410 500 752
5998 4764 1400 510 779
5965 4614 1380 510 790
5938 4478 1370 520 815
5914 4351 1360 520 829
5895 4241 1360 520 830
5879 4165 1350 530 845
5868 4111 1350 540 851
5862 4090 1340 550 857
5862 4090 1320 550 878
5862 4090 1320 550 882
5851 4133 1310 560 878
5839 4226 1310 560 876
5839 4354 1300 560 875
5858 4501 1300 560 873
5893 4643 1300 560 873
5943 4765 1300 560 870
5997 4875 1300 560 873
6060 4971 1300 560 872
6133 5045 1300 560 872
6212 5105 1300 560 869
6298 5149 1310 560 870
6374 5170 1310 560 869
6443 5177 1310 560 869
6506 5163 1320 550 869
6560 5121 1310 550 869
6607 5060 1310 550 869
6639 4986 1330 540 869
6647 4909 1330 540 870
6639 4816 1330 540 869
6599 4714 1330 530 873
6533 4617 1330 530 876
6450 4514 1330 530 878
6335 4390 1310 540 878
6211 4254 1310 540 876
6080 4157 1310 540 872
5999 4109 1310 540 864
5947 4093 1310 540 839
5913 4117 1300 540 760
5904 4209 1300 540 625
5935 4347 1300 540 407
7340 6295 1360 520 56
7426 6348 1370 520 89
7443 6357 1390 520 148
7451 6357 1400 520 228
7451 6342 1410 510 274
7446 6324 1410 510 312
7438 6289 1430 510 339
7427 6243 1430 510 371
7416 6188 1430 510 409
7403 6110 1440 500 443
7387 6016 1440 500 491
7367 5893 1440 500 522
7346 5757 1430 510 560
7323 5612 1430 510 608
7294 5451 1430 510 643
7258 5260 1420 520 673
7218 5050 1420 520 694
7179 4855 1410 520 707
7145 4691 1410 520 722
7119 4548 1400 530 740
7096 4436 1390 540 750
7076 4349 1390 540 765
7061 4280 1370 540 777
7051 4251 1360 550 791
7051 4246 1350 550 800
7045 4257 1340 560 806
7040 4314 1340 560 800
7040 4411 1320 570 799
7065 4536 1320 570 797
7100 4680 1310 570 791
7151 4828 1310 570 794
7212 4980 1310 570 783
7279 5084 1310 570 783
7355 5172 1320 570 796
7434 5250 1320 570 791
7519 5320 1310 560 794
7604 5372 1310 560 788
7687 5413 1310 560 788
7768 5431 1320 550 787
7845 5424 1320 550 788
7912 5400 1320 550 790
7971 5352 1340 550 794
8016 5299 1350 550 796
8042 5234 1350 550 784
8055 5160 1360 550 784
8041 5075 1360 550 784
7994 4971 1360 550 787
7926 4856 1360 550 783
7823 4735 1360 550 788
7706 4618 1360 550 793
7579 4503 1350 550 796
7463 4406 1350 550 794
7363 4323 1350 550 797
7274 4273 1360 560 796
7211 4254 1350 570 794
7175 4254 1350 570 790
7157 4278 1350 570 785
7157 4337 1350 570 736
7198 4420 1340 560 671
7256 4523 1320 570 603
7355 4627 1320 570 516
7457 4731 1310 560 336
8492 5345 1340 550 13
8615 5384 1340 550 54
8644 5396 1340 550 120
8655 5390 1350 550 240
8655 5375 1350 550 312
8641 5344 1360 550 376
8619 5290 1360 550 442
8588 5222 1360 550 526
8550 5129 1360 550 614
8511 5000 1360 550 671
8468 4846 1360 550 702
8422 4687 1380 550 705
8405 4563 1360 560 713
8405 4462 1360 560 719
8405 4380 1360 560 721
8419 4320 1350 570 711
8431 4276 1350 570 700
8446 4259 1350 570 687
8466 4271 1340 570 594
8488 4302 1340 570 468
8514 4384 1340 570 277
8567 5054 1320 580 139
8649 5491 1320 580 281
8676 5625 1320 580 361
8698 5701 1320 580 443
8717 5743 1310 570 488
8740 5765 1320 570 502
8767 5775 1320 570 512
8799 5775 1320 570 514
8832 5756 1320 570 510
8882 5727 1320 570 458
8940 5683 1340 560 339
9003 5617 1340 560 101
9231 5059 1380 570 168
9257 4892 1380 570 257
9257 4811 1380 570 359
9267 4733 1380 570 425
9288 4681 1390 570 481
9315 4639 1390 570 516
9349 4604 1390 570 559
9397 4588 1380 580 591
9454 4596 1380 580 619
9529 4620 1380 580 634
9606 4653 1380 580 639
9683 4698 1380 580 639
9761 4751 1350 580 639
9837 4824 1350 580 645
9913 4913 1350 580 644
9978 5013 1350 580 645
10035 5110 1360 580 647
10069 5201 1360 580 636
10069 5287 1360 580 637
10054 5335 1360 580 638
10016 5363 1360 580 640
9953 5379 1390 580 643
9872 5364 1390 580 652
9773 5319 1390 580 675
9679 5254 1400 580 705
9588 5170 1400 580 728
9531 5060 1400 580 750
9479 4934 1420 570 790
9437 4767 1420 570 811
9443 4623 1420 570 824
9480 4494 1420 570 845
9554 4386 1420 570 869
9678 4311 1400 580 903
9834 4257 1400 580 894
10045 4238 1390 570 911
10253 4244 1390 570 917
10460 4267 1380 580 918
10677 4311 1380 580 908
10885 4357 1380 580 855
11087 4405 1380 590 652