264
2480 4428 96 1260 580
2497 4330 144 1260 580
2497 4330 172 1260 580
2506 4361 232 1240 580
2511 4355 324 1240 580
2523 4355 425 1230 590
2533 4367 509 1230 590
2542 4380 550 1230 590
2554 4408 594 1230 590
2567 4445 620 1230 590
2579 4482 638 1230 590
2579 4518 668 1230 590
2579 4554 690 1230 590
2568 4591 690 1210 590
2545 4621 708 1210 590
2513 4650 719 1210 590
2468 4650 731 1210 590
2394 4639 725 1210 590
2301 4566 727 1210 590
2187 4439 748 1210 590
2067 4277 784 1210 590
1944 4098 832 1210 590
1851 3895 861 1210 590
1784 3676 875 1190 600
1733 3512 882 1190 600
1718 3397 893 1190 600
1730 3316 893 1180 600
1761 3288 902 1180 600
1816 3309 908 1180 600
1912 3364 908 1160 600
2034 3502 905 1160 600
2213 3692 875 1160 600
2396 3916 849 1160 600
2593 4178 809 1160 600
2798 4485 782 1160 600
2963 4822 767 1160 600
3105 5165 760 1160 600
3231 5499 762 1160 600
3309 5826 790 1180 600
3346 6045 821 1190 600
3355 6142 837 1210 590
3342 6158 854 1230 590
3311 6158 860 1250 590
3267 6067 864 1270 590
3170 5918 903 1300 580
3050 5657 932 1310 570
2914 5336 947 1320 570
2782 4975 970 1320 570
2650 4568 987 1340 560
2550 4207 1014 1340 560
2471 3877 1023 1320 570
2420 3589 1023 1320 570
2402 3381 1023 1320 570
2407 3227 1023 1310 570
2438 3141 1023 1300 580
2489 3104 1023 1280 580
2554 3099 1023 1270 590
2645 3147 1023 1240 600
2754 3237 1023 1220 600
2874 3354 1018 1200 600
2999 3469 988 1160 600
3127 3583 978 1140 610
3233 3681 978 1140 610
3323 3768 978 1140 610
3393 3835 977 1140 610
3456 3891 977 1140 610
3515 3940 994 1140 610
3582 3995 989 1140 610
3654 4065 979 1140 610
3733 4144 979 1160 600
3789 4223 977 1160 600
3829 4293 977 1160 600
3849 4338 979 1180 600
3849 4371 982 1180 600
3826 4400 989 1180 590
3794 4429 997 1180 590
3745 4453 981 1180 590
3684 4470 1000 1200 580
3614 4459 1014 1200 580
3543 4431 1023 1200 580
3470 4366 1023 1210 580
3397 4255 1023 1210 580
3331 4113 1023 1200 580
3270 3954 1023 1200 580
3251 3792 1023 1200 580
3274 3662 1023 1200 580
3324 3556 1023 1180 590
3400 3473 1023 1180 590
3500 3420 1023 1180 590
3616 3388 1023 1180 600
3741 3388 1023 1160 600
3856 3418 1023 1160 600
3956 3460 1023 1140 610
4050 3495 1023 1140 610
4123 3526 1023 1130 610
4186 3549 900 1130 610
4241 3571 636 1110 610
5082 5893 422 1320 480
5181 5958 488 1320 480
5164 5982 488 1320 480
5139 5976 540 1340 480
5151 5869 581 1340 480
5161 5706 638 1350 490
5171 5517 702 1350 500
5160 5270 756 1350 500
5134 4985 794 1360 500
5073 4690 814 1350 510
4983 4419 822 1360 510
4874 4165 853 1350 520
4764 3941 899 1360 520
4659 3786 926 1350 530
4605 3677 945 1340 540
4583 3658 933 1330 540
4589 3658 935 1310 550
4596 3675 938 1290 560
4631 3754 935 1270 560
4684 3870 935 1260 570
4764 4010 941 1240 570
4849 4146 947 1240 570
4944 4256 955 1230 580
5042 4348 958 1230 580
5138 4380 970 1210 580
5226 4380 989 1210 580
5310 4350 988 1210 580
5370 4299 1021 1210 580
5405 4230 1023 1230 580
5422 4150 1023 1230 580
5401 4041 1023 1240 580
5334 3903 1023 1240 580
5236 3747 1023 1240 580
5109 3605 1023 1250 590
4972 3479 1023 1240 600
4828 3363 1023 1240 600
4675 3292 1023 1240 600
4563 3268 1023 1220 600
4478 3275 1023 1220 600
4427 3315 1023 1210 590
4408 3394 1023 1190 600
4408 3500 977 1190 600
4457 3633 863 1170 590
4536 3784 743 1170 590
4638 3947 561 1170 590
4773 4086 160 1160 580
6099 5911 488 1290 560
6201 6069 572 1300 550
6211 6163 614 1320 550
6211 6186 610 1350 540
6216 6163 659 1360 550
6241 6127 713 1370 540
6266 6029 767 1390 540
6291 5890 827 1400 540
6291 5699 866 1410 530
6275 5474 900 1410 530
6234 5227 942 1420 540
6170 4947 946 1410 550
6090 4680 982 1410 550
6011 4423 993 1410 560
5937 4194 1023 1400 560
5873 4029 1023 1390 570
5826 3908 1023 1380 580
5790 3831 1023 1360 580
5785 3811 1023 1350 590
5785 3828 1023 1340 600
5793 3828 1023 1320 600
5802 3891 1023 1310 610
5861 3994 1023 1290 610
5965 4142 1023 1290 610
6098 4279 1023 1270 620
6261 4409 1023 1260 610
6425 4465 1023 1240 620
6566 4472 1023 1240 620
6692 4447 1023 1240 620
6789 4375 1023 1260 620
6845 4271 1023 1270 620
6874 4145 1023 1270 620
6857 4004 1023 1290 630
6788 3846 1023 1290 630
6685 3676 1023 1270 630
6557 3536 1023 1270 630
6411 3421 1023 1270 630
6252 3324 1023 1250 640
6112 3282 1023 1250 640
6016 3292 1023 1250 640
5949 3337 1023 1240 640
5911 3431 1023 1240 640
5911 3574 1023 1240 640
5939 3751 1023 1240 640
6004 3927 914 1220 630
6084 4038 705 1220 630
6175 4106 187 1220 630
7552 4324 344 1340 580
7635 4311 450 1340 580
7602 4378 499 1340 580
7593 4406 535 1340 580
7601 4406 577 1340 580
7608 4419 652 1340 580
7608 4424 716 1340 580
7608 4424 765 1340 580
7608 4411 834 1320 590
7608 4329 876 1320 590
7583 4199 900 1320 590
7544 4047 924 1320 590
7494 3901 944 1320 590
7444 3760 950 1310 600
7417 3662 933 1310 600
7406 3609 951 1310 600
7406 3586 939 1290 600
7413 3586 906 1290 600
7423 3580 879 1280 610
7436 3609 817 1280 610
7478 3660 694 1260 610
7532 3767 519 1260 610
7594 3899 148 1260 610
7692 4740 456 1260 610
7659 4968 605 1280 610
7631 5055 691 1280 610
7604 5105 760 1290 600
7591 5130 784 1310 600
7591 5141 785 1310 600
7591 5141 784 1320 590
7603 5126 779 1350 590
7623 5095 754 1360 580
7660 5045 708 1360 580
7706 4983 637 1360 580
7750 4909 589 1380 580
7784 4814 580 1380 580
7812 4704 583 1380 580
7824 4603 594 1380 580
7838 4502 617 1380 580
7855 4406 656 1380 580
7894 4315 700 1390 580
7947 4233 750 1380 590
8018 4175 814 1380 590
8109 4133 853 1380 590
8214 4101 896 1380 590
8341 4089 941 1360 600
8481 4089 964 1360 600
8629 4113 995 1360 600
8782 4152 1008 1380 600
8938 4201 1023 1360 610
9067 4260 1023 1360 610
9177 4319 1023 1380 610
9239 4377 1023 1380 610
9251 4421 1023 1400 620
9229 4464 1023 1400 620
9156 4507 1023 1400 620
9024 4521 1023 1400 620
8853 4487 1023 1410 630
8656 4420 1023 1410 630
8480 4302 1023 1400 630
8319 4173 1023 1400 630
8212 4038 1023 1400 630
8174 3908 1023 1400 630
8182 3791 1023 1400 630
8250 3684 1023 1380 640
8379 3610 1023 1380 640
8548 3569 1023 1380 640
8761 3551 1023 1370 650
9010 3579 1023 1370 650
9283 3635 1023 1350 650
9555 3711 1023 1350 650
9775 3786 1023 1330 660
9960 3837 852 1330 660
10081 3872 245 1310 670