301
3856 4863 317 1530 560
3906 4964 362 1500 550
3911 5065 371 1490 550
3893 5102 367 1460 550
3879 5159 344 1450 560
3860 5229 339 1440 570
3836 5270 334 1440 570
3795 5308 344 1420 570
3735 5337 349 1420 570
3662 5332 353 1400 580
3569 5306 353 1400 580
3444 5207 354 1390 580
3297 5069 361 1390 580
3147 4906 364 1410 590
3023 4715 361 1390 600
2916 4535 367 1390 610
2836 4362 371 1400 620
2793 4203 372 1400 620
2775 4092 372 1400 620
2784 4012 369 1380 630
2822 3954 374 1380 630
2878 3929 374 1380 630
2956 3929 374 1380 630
3054 3958 374 1380 630
3166 4033 369 1370 630
3301 4138 369 1370 630
3451 4301 333 1370 630
3611 4503 294 1350 640
3800 4730 235 1330 630
3979 5014 163 1330 630
4152 5311 131 1330 630
4349 5617 149 1330 630
4527 5896 202 1330 630
4692 6121 247 1370 630
4812 6311 276 1380 630
4888 6459 296 1400 620
4934 6550 306 1410 630
4956 6602 317 1430 620
4956 6602 314 1440 610
4938 6589 305 1470 610
4903 6566 332 1470 610
4822 6483 341 1480 600
4711 6316 356 1490 590
4566 6092 363 1500 580
4421 5765 368 1500 580
4274 5396 361 1500 580
4137 4998 346 1510 580
4008 4629 339 1500 580
3925 4367 343 1500 580
3869 4177 353 1490 590
3831 4045 362 1480 600
3814 3950 381 1470 610
3821 3881 381 1470 610
3845 3824 382 1440 610
3891 3784 386 1430 620
3943 3756 398 1410 630
4007 3756 404 1380 630
4099 3804 417 1370 630
4208 3880 439 1370 630
4336 3987 465 1330 630
4484 4114 466 1320 640
4644 4254 465 1320 640
4813 4406 461 1330 650
4968 4548 440 1330 650
5092 4684 444 1330 650
5198 4803 440 1330 650
5257 4903 427 1350 650
5285 4990 414 1350 650
5293 5060 418 1350 650
5266 5103 417 1350 650
5201 5129 417 1380 650
5111 5120 422 1380 650
5004 5055 417 1380 650
4888 4952 418 1400 650
4765 4782 418 1400 650
4649 4607 420 1400 650
4588 4475 427 1410 640
4564 4374 458 1410 640
4592 4334 492 1410 640
4664 4307 510 1410 640
4765 4290 519 1410 640
4887 4290 516 1400 650
5015 4303 526 1380 640
5151 4321 546 1380 640
5291 4343 554 1370 650
5406 4366 565 1370 650
5504 4390 561 1370 650
5554 4397 561 1350 650
5583 4402 560 1350 650
5598 4402 561 1350 650
5598 4394 563 1330 660
5598 4389 567 1350 670
5583 4389 569 1350 670
5578 4389 570 1350 670
5573 4389 574 1370 670
5568 4384 581 1370 670
5563 4384 588 1370 670
5558 4384 592 1370 670
5553 4384 578 1370 670
5553 4393 502 1370 670
5546 4406 317 1370 670
6524 6034 186 1560 590
6553 6047 249 1570 590
6546 6121 270 1570 590
6541 6165 286 1570 590
6541 6190 282 1570 590
6541 6181 296 1570 590
6541 6167 346 1570 600
6549 6104 417 1570 600
6532 6010 456 1570 600
6499 5809 464 1560 610
6442 5602 472 1560 610
6378 5366 478 1550 620
6309 5112 481 1550 620
6247 4908 490 1540 630
6190 4747 489 1540 630
6146 4614 499 1530 630
6108 4522 502 1510 640
6082 4455 504 1510 640
6060 4405 507 1500 650
6045 4371 512 1490 660
6031 4349 519 1460 660
6023 4334 513 1440 670
6023 4334 520 1440 670
6023 4348 501 1420 680
6028 4371 488 1410 680
6061 4458 488 1410 680
6112 4578 483 1410 680
6187 4721 485 1370 690
6284 4882 486 1370 690
6396 5001 491 1370 690
6496 5093 492 1370 690
6586 5141 505 1370 690
6668 5160 512 1410 680
6742 5160 530 1410 680
6800 5134 539 1410 680
6848 5087 554 1410 680
6867 5025 559 1420 680
6845 4938 562 1450 680
6796 4831 564 1450 680
6719 4711 560 1450 680
6626 4604 569 1450 680
6521 4507 577 1480 680
6421 4417 592 1480 680
6321 4352 609 1470 690
6240 4311 616 1470 690
6172 4285 619 1470 690
6125 4276 606 1450 700
6094 4282 559 1450 700
6074 4299 415 1450 700
6067 4353 53 1430 690
7572 6150 246 1580 640
7674 6136 356 1590 640
7693 6190 366 1600 630
7688 6215 367 1620 630
7700 6221 394 1630 620
7717 6174 431 1630 620
7736 6054 465 1630 620
7723 5886 496 1630 620
7687 5673 515 1650 620
7635 5460 527 1640 630
7565 5225 535 1630 640
7513 4975 540 1630 640
7472 4770 537 1620 650
7413 4625 543 1620 660
7372 4519 543 1610 670
7343 4437 546 1580 670
7322 4381 546 1580 670
7305 4343 537 1560 680
7289 4326 533 1550 690
7272 4326 516 1520 700
7247 4326 502 1520 700
7224 4358 488 1500 710
7209 4423 464 1480 710
7202 4511 469 1440 720
7228 4623 473 1440 720
7276 4759 463 1440 720
7361 4912 465 1440 720
7466 5040 463 1440 720
7584 5163 468 1440 720
7705 5253 474 1440 720
7824 5323 488 1440 720
7930 5359 502 1440 720
8027 5350 522 1460 710
8100 5311 537 1480 710
8155 5242 543 1480 710
8199 5138 550 1500 710
8218 5011 554 1500 710
8218 4864 556 1500 710
8201 4715 557 1530 710
8181 4594 562 1530 710
8156 4493 559 1530 710
8128 4421 559 1550 710
8095 4366 561 1550 710
8061 4323 561 1540 720
8027 4299 559 1540 720
7998 4293 554 1540 720
7967 4299 551 1520 730
7934 4322 554 1520 730
7906 4355 562 1550 740
7885 4394 561 1540 740
7901 4452 550 1540 740
7940 4547 546 1540 740
8020 4668 530 1540 740
8117 4812 532 1540 740
8226 4955 535 1540 740
8357 5067 532 1540 740
8488 5158 532 1540 740
8617 5232 532 1540 740
8726 5274 532 1550 740
8824 5295 530 1550 740
8908 5295 540 1550 740
8976 5262 561 1550 740
9034 5213 594 1570 730
9071 5117 614 1600 730
9091 4965 647 1600 730
9099 4775 656 1600 730
9091 4570 668 1600 730
9091 4364 667 1600 730
9085 4186 688 1600 730
9101 4028 702 1630 730
9119 3921 696 1620 740
9139 3845 697 1620 740
9158 3790 702 1620 740
9171 3758 675 1640 750
9181 3758 624 1640 750
9181 3772 455 1640 750
9181 3815 41 1630 760
8685 5771 611 1640 690
8768 5720 664 1650 680
8768 5728 659 1650 680
8768 5760 622 1650 670
8812 5724 565 1650 670
8881 5682 499 1680 680
8938 5651 440 1680 680
8980 5629 320 1680 680
9012 5620 101 1700 680
9295 5064 193 1590 710
9282 4953 344 1570 710
9282 4940 364 1570 710
9282 4956 393 1570 710
9308 4933 389 1570 710
9356 4923 418 1580 720
9421 4923 465 1580 720
9501 4932 504 1580 720
9586 4951 530 1580 720
9680 4976 537 1610 720
9776 5008 537 1610 720
9874 5043 542 1610 720
9970 5081 548 1610 720
10051 5100 550 1610 720
10123 5150 550 1630 730
10168 5220 545 1630 730
10187 5287 537 1630 730
10187 5363 546 1630 730
10160 5446 537 1660 740
10103 5514 559 1660 740
10026 5556 578 1660 740
9944 5580 592 1670 730
9846 5567 589 1670 730
9738 5516 609 1670 730
9627 5439 634 1670 730
9524 5339 646 1640 720
9438 5227 671 1640 720
9397 5106 676 1640 720
9387 5001 685 1640 720
9415 4899 694 1640 720
9465 4799 710 1640 720
9530 4705 728 1640 720
9628 4636 749 1630 730
9759 4583 760 1630 730
9911 4547 760 1600 730
10077 4530 750 1590 740
10237 4530 754 1590 740
10391 4530 763 1590 740
10531 4530 777 1610 750
10658 4544 780 1610 750
10765 4557 790 1610 750
10849 4572 788 1590 760
10917 4596 793 1630 760
10963 4626 796 1630 760
10995 4647 785 1630 760
11018 4666 797 1620 770
11027 4679 809 1660 780
11032 4687 820 1660 780
11032 4687 832 1660 780
11039 4694 825 1710 780
11039 4694 831 1710 780
11039 4694 837 1710 780
11039 4694 840 1710 780
11044 4694 842 1710 780
11044 4694 845 1710 780
11044 4694 845 1750 780
11049 4694 842 1750 780
11049 4694 840 1750 780
11049 4694 839 1750 780
11049 4694 839 1750 780
11049 4694 834 1750 780
11054 4694 824 1750 780
11054 4694 740 1760 770
11054 4700 242 1760 770