260
1878 4186 30 1310 480
1902 4221 61 1310 480
1902 4249 101 1320 490
1895 4276 139 1320 490
1887 4307 172 1330 500
1870 4340 180 1330 500
1843 4377 186 1340 500
1810 4414 186 1340 500
1765 4451 187 1340 500
1703 4483 171 1340 500
1629 4510 195 1340 500
1546 4510 212 1340 500
1466 4490 207 1340 500
1392 4428 228 1340 500
1321 4305 247 1330 500
1258 4142 242 1330 500
1202 3960 247 1320 490
1160 3763 262 1320 490
1126 3556 279 1310 480
1096 3353 276 1310 480
1088 3163 281 1300 480
1094 2981 289 1300 480
1139 2884 297 1280 470
1200 2845 310 1280 470
1271 2845 337 1270 460
1356 2905 339 1260 470
1464 3036 344 1260 470
1586 3215 349 1260 470
1714 3455 353 1270 480
1844 3731 349 1270 480
1979 4031 353 1280 480
2129 4394 351 1290 490
2286 4732 351 1290 490
2409 5053 348 1300 500
2506 5348 348 1300 500
2586 5568 344 1320 500
2624 5738 346 1330 500
2630 5806 339 1340 500
2615 5820 310 1340 500
2590 5798 309 1360 500
2553 5730 309 1360 500
2509 5604 314 1370 500
2456 5439 339 1370 500
2396 5197 356 1370 500
2332 4910 382 1380 490
2276 4594 388 1380 490
2224 4252 418 1380 490
2180 3905 422 1390 480
2144 3597 417 1380 490
2154 3318 427 1380 490
2192 3115 422 1380 490
2261 2988 428 1370 500
2355 2913 438 1370 500
2466 2898 444 1370 500
2600 2949 444 1360 500
2740 3043 449 1360 500
2884 3197 448 1350 510
3031 3394 449 1350 510
3178 3619 449 1350 510
3301 3848 439 1340 500
3407 4065 439 1340 500
3490 4273 439 1330 510
3536 4432 448 1330 510
3556 4526 443 1330 510
3537 4578 431 1330 510
3490 4597 420 1330 510
3424 4583 418 1340 500
3348 4548 414 1340 500
3269 4478 415 1340 500
3189 4367 418 1340 500
3110 4229 441 1340 500
3054 4066 455 1340 500
3012 3874 468 1340 500
3002 3662 477 1340 500
3024 3488 488 1340 500
3067 3314 495 1340 500
3136 3141 496 1340 500
3220 3038 488 1340 500
3313 2982 498 1340 500
3425 2958 488 1330 510
3541 2981 443 1330 510
3679 3049 348 1330 510
3830 3147 91 1330 510
5254 5984 36 1380 460
5273 6121 61 1380 460
5273 6187 51 1380 460
5273 6187 78 1400 460
5287 6141 144 1400 460
5287 6052 183 1400 460
5273 5885 223 1410 450
5244 5677 244 1400 460
5201 5441 277 1410 460
5154 5148 287 1410 460
5104 4852 304 1400 470
5056 4577 316 1400 470
5008 4317 310 1420 470
4961 4066 317 1400 480
4918 3855 322 1400 480
4881 3671 332 1390 480
4851 3568 342 1380 490
4833 3518 366 1380 490
4828 3503 382 1370 500
4828 3517 376 1360 500
4841 3594 387 1350 510
4877 3714 376 1350 510
4932 3920 384 1340 510
5029 4116 384 1330 510
5150 4306 382 1330 510
5287 4439 382 1330 510
5399 4506 379 1330 510
5491 4529 377 1330 510
5570 4518 377 1330 510
5649 4482 377 1330 510
5722 4429 381 1340 510
5791 4341 381 1340 510
5828 4230 387 1340 510
5828 4103 394 1340 510
5813 3956 391 1350 520
5755 3799 402 1350 520
5675 3635 415 1350 520
5580 3513 425 1350 520
5480 3409 423 1350 520
5379 3318 436 1340 520
5277 3265 449 1340 520
5186 3265 436 1340 520
5123 3299 413 1340 520
5079 3376 339 1330 530
5062 3493 215 1330 530
5095 3637 61 1330 530
6560 5641 53 1420 480
6593 5703 63 1420 480
6605 5769 68 1420 480
6623 5787 65 1420 480
6653 5781 55 1410 490
6683 5760 89 1410 490
6713 5719 141 1410 490
6746 5645 173 1400 500
6770 5549 211 1400 500
6788 5407 239 1400 500
6796 5244 270 1400 500
6791 5066 297 1400 500
6777 4853 312 1380 500
6749 4637 314 1380 500
6713 4418 335 1380 500
6672 4183 336 1370 510
6630 3967 346 1370 510
6588 3765 356 1360 510
6550 3589 373 1360 510
6518 3445 376 1360 510
6490 3323 389 1350 520
6467 3222 391 1350 520
6451 3163 415 1340 520
6440 3131 460 1340 520
6433 3131 472 1330 530
6427 3137 478 1330 530
6419 3153 483 1310 540
6411 3209 480 1310 540
6419 3299 483 1300 540
6450 3413 478 1300 540
6496 3542 473 1290 550
6567 3702 473 1290 550
6660 3882 477 1290 550
6768 4053 477 1290 550
6881 4198 480 1290 550
6985 4327 480 1290 550
7080 4433 480 1290 550
7172 4495 477 1300 550
7259 4529 478 1310 550
7330 4536 477 1310 550
7390 4515 475 1310 550
7434 4476 478 1310 550
7460 4398 485 1310 550
7473 4285 483 1310 550
7464 4150 488 1320 550
7431 4003 490 1320 550
7381 3851 488 1320 550
7318 3691 495 1340 550
7243 3562 496 1340 550
7159 3452 498 1320 550
7084 3360 488 1320 550
7013 3300 488 1320 550
6952 3262 491 1320 550
6902 3262 491 1340 560
6865 3277 495 1320 570
6836 3307 475 1320 570
6836 3345 433 1320 570
6860 3400 358 1320 570
6908 3466 216 1310 570
6988 3549 1 1310 570
7732 4024 53 1300 520
7654 4033 54 1310 520
7632 4061 56 1310 520
7622 4100 50 1310 520
7632 4146 93 1310 520
7660 4219 119 1310 520
7701 4293 153 1310 520
7754 4369 186 1330 530
7809 4413 183 1340 520
7866 4436 195 1340 520
7915 4445 217 1350 530
7959 4427 225 1350 530
8000 4376 247 1360 540
8032 4303 276 1360 540
8058 4194 310 1360 540
8070 4060 330 1370 540
8070 3909 339 1370 540
8054 3759 348 1370 540
8040 3639 349 1360 550
8026 3540 351 1380 550
8015 3474 353 1380 550
8007 3448 349 1360 560
8007 3448 272 1360 560
8007 3503 178 1380 570
8035 5129 240 1350 540
8081 5095 247 1360 540
8081 5108 242 1370 530
8081 5103 244 1370 520
8081 5085 244 1370 520
8091 5051 247 1380 510
8105 5017 247 1380 510
8121 4984 247 1400 510
8140 4953 247 1400 510
8164 4917 233 1400 510
8197 4876 130 1420 500
8377 4151 285 1400 530
8450 4014 274 1400 530
8467 3988 282 1400 530
8467 3967 289 1400 530
8504 3939 294 1390 540
8538 3907 312 1390 540
8589 3907 315 1390 540
8651 3941 334 1390 540
8728 3991 342 1390 540
8829 4076 333 1390 540
8947 4185 336 1390 540
9044 4310 339 1390 540
9136 4455 339 1390 540
9224 4574 339 1400 540
9285 4675 338 1390 550
9307 4742 339 1390 550
9307 4782 336 1390 550
9254 4803 336 1400 550
9169 4795 338 1400 550
9060 4757 338 1400 550
8932 4700 339 1400 550
8807 4629 359 1400 550
8684 4531 381 1390 560
8599 4414 402 1390 560
8534 4256 430 1400 560
8482 4095 456 1400 560
8451 3928 467 1400 560
8451 3757 485 1400 560
8465 3632 495 1390 560
8522 3539 491 1390 560
8617 3473 499 1390 560
8736 3440 502 1380 570
8923 3430 501 1380 570
9152 3483 502 1380 570
9410 3573 498 1380 570
9721 3687 299 1380 570