233
4215 4205 83 1390 440
4185 4165 151 1400 450
4172 4165 176 1400 450
4172 4172 216 1400 450
4189 4183 280 1390 450
4217 4207 309 1400 460
4267 4240 334 1400 460
4332 4274 368 1400 460
4424 4317 389 1400 460
4522 4366 409 1400 460
4640 4411 418 1410 460
4770 4452 435 1410 460
4870 4471 443 1410 460
4951 4477 449 1430 460
5020 4452 450 1430 460
5064 4400 464 1430 460
5093 4330 475 1440 470
5113 4246 490 1440 470
5119 4159 502 1440 470
5119 4064 514 1440 470
5106 3963 512 1450 470
5084 3846 526 1450 470
5055 3719 535 1450 470
5020 3623 538 1440 480
4987 3541 541 1450 480
4955 3469 536 1450 480
4927 3423 545 1450 480
4907 3405 562 1450 480
4896 3405 567 1450 480
4886 3432 570 1450 480
4877 3480 570 1440 490
4884 3543 570 1440 490
4897 3595 565 1440 490
4921 3643 565 1440 490
4948 3675 565 1440 490
4975 3698 567 1440 490
5004 3709 567 1430 500
5035 3715 567 1430 500
5067 3710 565 1430 500
5098 3695 562 1430 500
5127 3666 564 1430 500
5150 3629 567 1430 500
5169 3577 570 1430 500
5169 3504 560 1430 500
5158 3416 563 1430 500
5134 3308 566 1430 500
5097 3200 566 1420 490
5060 3095 567 1420 490
5024 3000 567 1420 490
4991 2909 567 1420 490
4969 2831 567 1430 490
4958 2767 567 1430 490
4958 2712 569 1430 490
4958 2684 575 1420 490
4971 2674 594 1420 490
4983 2674 592 1420 490
5010 2692 605 1420 490
5048 2723 619 1420 490
5103 2764 611 1420 490
5164 2805 617 1440 490
5235 2850 617 1440 490
5311 2897 624 1440 490
5389 2949 624 1440 490
5457 3005 622 1440 490
5517 3063 619 1440 490
5558 3107 580 1430 490
5579 3129 488 1420 490
5586 3137 366 1420 490
5586 3131 88 1420 490
5972 4281 107 1410 460
5972 4281 148 1410 460
5968 4309 144 1410 460
5968 4304 149 1430 460
5974 4295 212 1430 460
5980 4280 250 1430 460
5991 4242 292 1440 470
6004 4191 317 1440 470
6019 4127 340 1440 470
6032 4061 343 1440 470
6044 3993 356 1450 470
6050 3931 363 1450 470
6050 3873 368 1450 470
6050 3836 371 1450 470
6050 3820 399 1460 480
6050 3820 409 1460 480
6050 3828 413 1460 480
6050 3868 415 1460 480
6058 3929 417 1460 480
6067 4000 418 1460 480
6084 4077 422 1460 480
6111 4157 415 1470 470
6147 4227 422 1460 480
6208 4298 448 1460 480
6286 4369 453 1460 480
6389 4441 471 1460 480
6496 4507 467 1460 480
6611 4565 480 1460 480
6729 4616 483 1460 480
6852 4657 488 1460 480
6943 4688 490 1460 480
7010 4702 493 1470 480
7068 4702 490 1460 490
7111 4694 486 1460 490
7144 4678 478 1460 490
7160 4642 473 1470 490
7152 4595 455 1470 490
7127 4525 418 1470 490
7075 4434 376 1470 490
7002 4329 327 1470 490
6916 4228 282 1480 500
6816 4135 221 1480 500
6719 4048 180 1480 500
6623 3972 167 1480 500
6552 3908 161 1480 500
6486 3851 161 1480 500
6430 3809 182 1470 490
6379 3780 222 1480 480
6353 3759 282 1480 480
6342 3759 309 1480 480
6342 3759 334 1470 480
6364 3776 359 1470 480
6402 3817 381 1470 480
6474 3876 398 1470 480
6560 3948 394 1460 480
6654 4017 405 1470 470
6743 4086 409 1470 470
6815 4141 412 1470 470
6876 4188 412 1470 470
6904 4217 396 1470 470
6916 4227 377 1460 480
6916 4227 369 1470 480
6905 4215 353 1470 480
6876 4186 346 1470 480
6836 4145 344 1470 480
6787 4096 346 1470 480
6739 4044 348 1470 480
6697 3972 359 1470 480
6660 3889 367 1470 480
6622 3769 376 1470 480
6578 3648 382 1470 480
6532 3537 389 1460 490
6491 3433 399 1460 490
6451 3326 394 1460 490
6429 3244 400 1460 490
6419 3180 405 1460 490
6419 3149 407 1450 480
6419 3136 417 1440 490
6419 3136 420 1440 490
6427 3136 422 1440 490
6434 3173 420 1440 490
6456 3228 418 1420 490
6488 3318 418 1420 490
6537 3409 422 1420 490
6591 3501 420 1410 500
6652 3579 422 1410 500
6720 3655 422 1410 500
6794 3715 422 1410 500
6847 3764 420 1410 500
6886 3782 417 1410 500
6905 3777 420 1420 500
6918 3758 428 1430 500
6928 3715 436 1430 500
6922 3667 444 1430 500
6892 3599 442 1430 500
6846 3519 443 1430 500
6771 3432 448 1430 500
6695 3344 452 1430 500
6619 3267 456 1430 500
6544 3198 468 1430 500
6494 3154 475 1430 500
6461 3136 477 1430 500
6461 3136 485 1430 500
6482 3142 490 1430 500
6519 3174 486 1430 500
6600 3224 483 1420 500
6706 3297 485 1420 500
6828 3360 480 1420 500
6916 3416 465 1420 500
6969 3424 444 1420 500
6999 3399 415 1420 500
6999 3353 412 1420 500
6955 3257 410 1420 500
6892 3155 412 1420 500
6801 3043 420 1420 500
6703 2926 439 1420 500
6600 2803 477 1420 500
6518 2710 497 1430 510
6489 2637 504 1430 510
6495 2610 515 1430 510
6526 2605 533 1430 510
6581 2614 536 1430 510
6651 2659 536 1430 510
6741 2732 537 1430 510
6835 2825 542 1430 510
6932 2921 551 1430 510
7010 3016 556 1430 510
7077 3109 556 1430 510
7137 3212 554 1430 510
7182 3320 548 1430 510
7210 3437 537 1440 510
7227 3553 507 1440 510
7213 3680 474 1440 510
7177 3814 449 1440 510
7125 3959 444 1460 520
7063 4080 440 1460 520
6999 4185 441 1460 520
6933 4269 436 1460 520
6878 4336 440 1460 520
6823 4391 440 1470 510
6783 4415 441 1470 510
6752 4422 441 1470 510
6744 4417 431 1470 510
6744 4410 436 1450 510
6751 4397 443 1450 510
6764 4350 443 1460 500
6782 4282 468 1450 500
6799 4196 486 1450 500
6815 4091 489 1450 500
6822 3973 512 1460 490
6822 3829 526 1450 500
6822 3670 554 1440 490
6822 3502 561 1440 490
6822 3298 569 1440 490
6832 3071 575 1440 490
6849 2830 584 1430 500
6882 2584 580 1440 500
6906 2388 575 1430 510
6923 2225 574 1430 510
6935 2091 572 1430 520
6949 1987 561 1430 520
6965 1902 519 1430 530
6977 1844 443 1430 530
6987 1821 369 1420 540