222
4388 4972 217 1660 370
4380 4851 228 1610 370
4301 4844 235 1570 380
4213 4886 239 1510 370
4120 4854 240 1510 380
4043 4838 249 1510 390
3971 4832 304 1500 400
3925 4862 327 1490 410
3895 4891 333 1480 410
3895 4950 346 1470 420
3914 5031 351 1470 430
3952 5094 359 1460 440
4011 5156 369 1450 440
4090 5213 366 1440 460
4182 5269 384 1430 460
4283 5315 388 1420 470
4383 5352 394 1400 480
4483 5367 402 1400 480
4584 5367 407 1400 480
4686 5348 413 1400 480
4789 5302 415 1420 480
4855 5238 427 1420 480
4895 5130 442 1420 480
4918 4964 465 1420 480
4903 4759 486 1420 480
4863 4552 489 1410 490
4815 4327 512 1410 490
4748 4118 513 1420 490
4668 3925 527 1420 490
4591 3762 546 1410 500
4519 3657 543 1410 500
4466 3592 548 1400 500
4424 3563 548 1400 500
4401 3558 546 1380 500
4378 3569 539 1380 500
4357 3601 540 1380 500
4337 3643 536 1370 510
4337 3693 537 1370 510
4353 3745 539 1370 510
4381 3795 536 1370 510
4424 3845 537 1360 500
4464 3864 539 1360 500
4501 3857 540 1360 500
4535 3832 543 1360 500
4564 3770 556 1360 500
4590 3677 559 1350 500
4596 3564 567 1350 500
4588 3427 561 1360 500
4571 3279 566 1360 500
4558 3125 578 1360 500
4544 3024 594 1360 500
4529 2923 594 1360 500
4523 2838 588 1370 500
4528 2764 589 1370 510
4542 2721 595 1370 510
4578 2696 603 1370 510
4627 2684 616 1370 510
4708 2696 620 1360 510
4806 2747 617 1360 510
4914 2824 622 1360 510
5021 2903 622 1360 510
5109 2957 620 1370 520
5185 2994 613 1370 520
5247 3017 572 1370 520
5297 3038 394 1370 520
6096 5501 56 1460 480
6061 5525 103 1460 480
6055 5545 130 1460 480
6049 5570 134 1470 480
6049 5570 134 1470 480
6049 5542 198 1480 480
6060 5500 270 1480 480
6075 5424 304 1490 490
6092 5315 339 1490 490
6111 5184 341 1490 490
6134 5060 346 1500 500
6152 4969 354 1500 500
6166 4899 354 1500 500
6175 4869 356 1500 500
6175 4860 349 1500 500
6175 4866 309 1500 500
6409 5508 66 1510 490
6456 5515 89 1510 490
6482 5555 96 1510 490
6513 5582 139 1500 500
6564 5622 202 1500 500
6628 5671 254 1500 500
6709 5739 276 1500 500
6811 5813 307 1510 500
6926 5891 317 1510 500
7033 5950 342 1510 500
7142 5980 353 1530 500
7254 5990 368 1530 500
7353 5977 366 1530 500
7442 5940 384 1550 490
7498 5887 413 1550 490
7541 5815 440 1550 490
7574 5740 463 1560 500
7589 5662 475 1570 490
7573 5562 486 1570 490
7537 5441 490 1580 490
7458 5305 486 1580 490
7355 5173 480 1580 490
7235 5053 468 1580 490
7142 4940 461 1570 500
7085 4867 422 1570 500
7052 4828 362 1570 500
7029 4811 285 1570 510
7007 4823 88 1570 510
6596 4676 139 1540 520
6530 4605 256 1540 520
6507 4605 274 1540 520
6507 4612 284 1530 520
6532 4622 292 1520 530
6598 4668 330 1520 530
6717 4737 344 1520 530
6870 4854 356 1500 520
7010 4966 359 1500 520
7110 5031 361 1500 520
7183 5068 363 1500 520
7206 5068 371 1520 530
7206 5041 367 1520 530
7179 4999 376 1520 530
7119 4913 396 1520 530
7045 4798 425 1520 530
6962 4665 466 1520 530
6883 4533 495 1530 530
6807 4382 492 1530 530
6751 4218 514 1530 530
6707 4073 527 1530 530
6678 3971 541 1530 530
6664 3898 544 1530 530
6664 3865 544 1530 530
6664 3853 540 1530 530
6664 3853 539 1520 530
6664 3866 544 1520 530
6683 3916 521 1520 530
6706 3993 512 1510 530
6733 4095 504 1490 530
6760 4194 510 1490 530
6786 4272 509 1490 530
6812 4336 510 1490 530
6858 4390 515 1490 530
6921 4441 520 1490 530
6994 4488 513 1490 530
7065 4497 521 1490 530
7124 4482 538 1490 530
7175 4419 546 1490 530
7202 4319 543 1510 530
7202 4195 543 1510 530
7194 4071 556 1510 530
7160 3956 567 1510 530
7112 3874 561 1510 530
7054 3811 568 1520 540
6988 3753 567 1520 540
6914 3725 567 1510 540
6835 3718 557 1510 540
6782 3748 546 1510 540
6770 3808 546 1510 540
6784 3888 544 1510 540
6851 3975 546 1510 540
6931 4053 537 1510 540
7019 4100 536 1510 540
7092 4128 537 1510 540
7135 4112 539 1510 540
7159 4063 539 1510 540
7154 3992 543 1510 540
7109 3872 543 1510 540
7038 3734 548 1510 540
6950 3584 553 1510 540
6853 3456 561 1510 540
6750 3341 564 1510 540
6675 3235 564 1510 540
6638 3176 568 1510 540
6625 3146 572 1500 540
6632 3135 578 1490 550
6671 3135 586 1490 550
6732 3151 591 1490 550
6845 3179 594 1490 550
6976 3255 585 1490 550
7119 3354 600 1460 550
7265 3469 620 1460 550
7409 3561 619 1460 550
7534 3649 622 1450 560
7648 3733 619 1450 560
7736 3797 619 1450 560
7787 3846 617 1450 560
7813 3890 616 1450 560
7813 3939 616 1480 560
7796 3992 574 1480 560
7761 4049 461 1480 560
7697 4106 101 1490 560
6966 5014 110 1520 530
6980 5137 136 1530 520
6961 5173 172 1530 520
6949 5186 217 1510 510
6936 5197 274 1520 510
6918 5204 310 1520 510
6897 5204 339 1520 510
6878 5187 354 1520 510
6852 5149 377 1530 500
6821 5071 405 1530 500
6804 4948 441 1530 500
6817 4796 491 1540 500
6849 4590 554 1530 510
6894 4317 581 1530 510
6941 3999 589 1530 510
6987 3630 602 1530 520
7032 3310 619 1530 520
7074 3022 661 1530 520
7097 2739 691 1520 530
7105 2481 713 1520 530
7124 2240 724 1520 530
7141 1997 743 1490 530
7156 1736 748 1500 540
7164 1464 757 1490 550
7174 1244 758 1470 560
7186 1093 755 1440 580
7196 989 754 1450 590
7196 945 748 1420 610
7196 932 703 1400 620
7196 941 394 1380 630