167
5853 3102 1330 470 627
5759 3009 1330 480 643
5692 3048 1330 480 671
5663 3082 1320 490 727
5663 3112 1300 500 756
5658 3118 1300 500 756
5658 3123 1300 500 754
5665 3123 1300 500 760
5735 3172 1300 510 768
5848 3247 1300 510 770
5945 3315 1300 510 773
6045 3363 1320 510 771
6133 3399 1320 510 767
6211 3399 1320 510 773
6280 3373 1330 520 782
6321 3324 1330 520 787
6344 3218 1330 520 802
6317 3073 1340 520 811
6268 2901 1340 520 803
6204 2725 1340 520 797
6135 2591 1340 520 793
6069 2485 1340 520 787
6014 2408 1330 530 787
5964 2379 1340 540 790
5934 2379 1340 540 779
5906 2394 1340 540 750
5912 2446 1340 540 737
5940 2525 1340 540 736
5989 2603 1340 540 733
6030 2633 1340 540 739
6066 2633 1330 540 770
6099 2586 1330 540 796
6119 2466 1330 540 820
6129 2296 1330 540 830
6118 2136 1330 540 832
6111 2022 1330 540 827
6111 1940 1330 540 817
6120 1898 1330 540 800
6136 1880 1330 540 790
6160 1880 1330 540 751
6238 1941 1340 540 628
6351 2072 1340 540 361
6794 3070 1340 540 602
6967 3421 1340 540 699
6967 3427 1350 530 802
6967 3427 1350 530 851
6967 3427 1360 540 860
6967 3427 1350 540 858
6967 3420 1350 540 858
6955 3370 1350 540 853
6943 3289 1360 550 851
6943 3194 1360 550 820
6943 3100 1360 550 727
6943 3013 1360 550 592
6943 2930 1380 550 497
6951 2888 1380 550 490
6964 2880 1390 550 490
6979 2894 1390 550 504
6998 2950 1390 550 532
7042 3047 1390 550 588
7101 3172 1390 550 646
7205 3315 1390 550 713
7312 3437 1390 550 737
7428 3544 1390 550 768
7550 3634 1390 550 774
7647 3703 1390 550 774
7728 3758 1380 550 773
7799 3795 1380 550 767
7843 3809 1360 550 759
7857 3809 1360 550 762
7850 3809 1360 550 762
7850 3772 1370 540 760
7821 3713 1360 550 756
7776 3641 1360 550 710
7716 3556 1360 550 640
7649 3462 1360 550 574
7576 3343 1360 550 570
7496 3202 1360 550 570
7405 3046 1360 550 606
7307 2880 1360 550 681
7215 2745 1360 550 737
7158 2632 1370 540 750
7125 2576 1370 540 767
7112 2545 1360 550 759
7112 2530 1360 550 753
7112 2530 1360 550 757
7120 2530 1360 550 761
7145 2556 1350 550 763
7184 2595 1350 550 757
7233 2656 1350 550 754
7301 2750 1350 550 752
7381 2866 1350 550 749
7479 2972 1350 550 749
7564 3036 1350 550 754
7640 3073 1350 550 754
7698 3081 1350 550 758
7739 3071 1350 550 753
7768 3048 1350 550 756
7777 3020 1340 550 776
7767 2967 1340 550 782
7743 2898 1350 540 780
7689 2809 1350 540 777
7626 2726 1350 540 770
7558 2646 1350 540 767
7493 2590 1360 550 768
7434 2558 1370 540 767
7392 2542 1360 550 762
7358 2542 1360 550 756
7339 2562 1350 540 757
7355 2594 1350 540 758
7395 2647 1350 540 754
7451 2681 1340 550 761
7506 2703 1340 550 750
7561 2693 1340 550 762
7599 2659 1340 550 773
7618 2610 1320 550 785
7625 2528 1320 550 788
7599 2424 1320 550 791
7539 2306 1320 550 783
7456 2169 1320 550 790
7350 2048 1320 550 808
7244 1937 1340 560 851
7192 1885 1340 560 848
7175 1871 1340 560 839
7175 1882 1350 550 839
7210 1882 1350 550 845
7267 1926 1350 550 846
7398 1997 1350 550 848
7522 2104 1350 550 849
7641 2222 1360 550 846
7739 2347 1360 550 833
7802 2453 1360 550 793
7841 2564 1360 550 644
7819 2679 1360 550 447
7773 2832 1360 550 47
7592 3245 1360 550 112
7571 3453 1360 550 211
7571 3514 1360 550 344
7571 3553 1360 550 490
7571 3569 1360 550 591
7571 3569 1360 550 644
7571 3569 1350 540 678
7571 3569 1350 540 702
7571 3569 1350 540 699
7571 3569 1350 540 716
7571 3569 1350 540 722
7571 3569 1350 540 740
7571 3541 1350 540 785
7571 3479 1350 540 860
7581 3361 1350 540 887
7581 3205 1350 540 937
7566 3011 1350 540 989
7532 2723 1350 540 990
7498 2372 1340 550 1008
7464 1995 1320 550 1009
7454 1669 1310 560 1012
7462 1378 1300 560 1012
7476 1131 1300 580 1020
7485 987 1270 590 1017
7490 913 1250 590 1021
7490 906 1220 600 1023
7490 906 1200 600 1023
7490 901 1200 620 1023
7490 901 1160 630 1023
7490 901 1150 630 987
7490 901 1110 640 845
7490 901 1090 640 180