174
5068 4126 1340 470 404
5017 4058 1340 470 415
4969 4101 1350 470 440
4920 4113 1360 470 521
4920 4120 1360 470 597
4920 4120 1360 480 642
4920 4120 1360 480 646
4926 4129 1360 480 652
4934 4139 1360 480 661
5006 4231 1370 480 670
5121 4319 1370 480 671
5203 4352 1370 480 670
5287 4352 1370 480 678
5378 4278 1380 490 702
5472 4142 1380 490 697
5531 3962 1380 490 696
5538 3758 1380 490 707
5510 3609 1370 500 705
5456 3498 1370 500 707
5398 3400 1370 500 694
5338 3336 1370 500 690
5271 3294 1360 500 690
5207 3284 1360 500 684
5172 3316 1360 500 647
5156 3376 1360 500 644
5177 3449 1360 500 641
5204 3464 1350 510 640
5260 3441 1350 510 665
5334 3329 1350 510 671
5389 3154 1350 510 666
5432 2938 1350 510 666
5467 2706 1350 510 667
5508 2558 1350 510 678
5543 2466 1350 510 679
5567 2444 1350 510 693
5584 2444 1350 520 734
5617 2466 1350 520 754
5680 2552 1350 520 746
5763 2700 1350 520 731
5852 2890 1350 520 431
6431 4316 1380 510 526
6578 4155 1400 520 537
6583 4201 1400 520 560
6548 4175 1410 510 595
6548 4100 1410 510 616
6548 4026 1430 510 613
6548 3923 1430 510 602
6541 3800 1430 510 594
6533 3668 1440 500 507
6759 4125 1430 520 507
6926 4252 1430 520 512
6976 4284 1430 520 532
7099 4319 1430 520 554
7204 4369 1450 530 567
7297 4428 1450 530 570
7407 4481 1450 530 570
7495 4508 1450 530 574
7567 4517 1450 530 588
7612 4492 1450 530 611
7623 4443 1450 530 619
7611 4378 1460 520 630
7559 4243 1460 520 619
7453 4103 1460 520 574
7312 3957 1460 520 440
7141 3810 1460 530 340
7000 3685 1460 530 251
6879 3606 1460 530 255
6761 3559 1450 540 392
6708 3538 1450 540 521
6697 3533 1430 530 561
6705 3540 1420 540 650
6779 3560 1420 540 676
6898 3619 1410 530 693
7013 3704 1420 540 699
7134 3788 1420 540 691
7264 3869 1420 540 685
7396 3941 1420 540 666
7473 3983 1420 540 647
7512 4007 1410 530 613
7512 4007 1410 530 589
7467 3977 1410 530 591
7405 3934 1410 530 599
7366 3893 1410 530 614
7317 3844 1420 540 625
7262 3784 1420 540 650
7191 3695 1420 540 707
7132 3585 1420 540 742
7082 3430 1430 530 753
7042 3266 1430 530 770
7002 3097 1450 540 774
6988 3022 1450 540 773
6988 2989 1450 540 770
6994 2984 1450 540 771
6994 2984 1450 540 773
6994 2984 1440 540 767
7028 3032 1440 540 754
7077 3141 1440 540 731
7139 3257 1440 540 725
7188 3377 1440 540 721
7227 3420 1430 550 725
7246 3433 1430 550 739
7268 3427 1410 550 751
7293 3401 1410 550 750
7311 3357 1410 550 763
7318 3300 1410 550 750
7318 3232 1410 550 761
7290 3173 1410 550 751
7248 3121 1410 550 737
7197 3066 1410 550 716
7135 3015 1400 540 703
7079 2990 1400 540 707
7051 2981 1400 540 710
7040 2981 1400 540 711
7040 2981 1410 550 699
7054 2981 1410 550 702
7067 2991 1410 550 703
7108 2991 1410 550 707
7135 2991 1410 550 707
7152 2974 1410 550 711
7152 2923 1410 550 716
7113 2852 1410 550 716
7057 2742 1410 550 717
6980 2630 1410 550 730
6905 2558 1410 550 730
6877 2514 1410 550 728
6877 2504 1410 550 720
6895 2504 1410 550 742
6976 2504 1400 550 746
7100 2552 1400 550 746
7274 2631 1400 550 751
7424 2730 1400 550 755
7559 2814 1400 550 757
7631 2872 1400 550 771
7655 2912 1400 550 785
7648 2952 1400 550 779
7604 3020 1400 550 727
7524 3108 1390 550 620
7421 3199 1390 550 322
7309 3334 1390 550 75
7123 4039 1400 540 42
7104 4153 1400 540 345
7098 4153 1400 540 348
7098 4153 1410 530 374
7098 4153 1410 530 392
7098 4153 1420 540 412
7098 4153 1420 540 433
7098 4153 1430 530 478
7098 4153 1430 530 537
7098 4153 1430 530 594
7098 4153 1430 530 616
7098 4153 1430 530 628
7098 4153 1450 530 662
7098 4114 1450 530 693
7088 4047 1450 530 752
7088 3927 1450 530 773
7088 3739 1450 530 828
7095 3507 1450 530 870
7095 3129 1430 530 882
7090 2748 1430 530 896
7115 2365 1420 540 905
7156 1988 1410 550 892
7214 1665 1400 550 900
7236 1379 1390 560 915
7236 1223 1360 570 921
7231 1121 1340 580 930
7231 1055 1320 590 938
7226 1018 1290 600 942
7226 1006 1260 610 944
7226 1011 1230 620 944
7226 1011 1210 630 947
7226 1011 1170 630 939
7226 1011 1140 640 914
7226 1006 1120 640 790
7226 1012 1100 650 106