221
3615 4455 1410 440 49
3638 4484 1400 450 55
3633 4508 1410 450 88
3628 4514 1400 460 91
3628 4507 1410 460 119
3628 4499 1400 470 173
3628 4490 1420 470 237
3617 4477 1420 470 262
3590 4460 1420 470 277
3559 4438 1400 480 299
3524 4414 1400 480 316
3487 4391 1400 480 312
3450 4370 1400 480 317
3412 4351 1400 480 330
3372 4342 1390 470 338
3344 4342 1390 470 361
3320 4342 1390 470 369
3307 4358 1390 470 374
3300 4383 1390 470 374
3314 4418 1390 470 372
3340 4480 1390 470 374
3392 4555 1390 470 371
3462 4638 1390 470 371
3544 4727 1390 470 371
3643 4829 1400 470 374
3746 4940 1400 470 376
3852 5028 1420 470 379
3940 5077 1420 470 381
4012 5101 1420 470 381
4073 5076 1420 470 384
4126 5006 1430 460 393
4166 4907 1430 460 404
4197 4753 1430 460 418
4209 4588 1440 470 428
4198 4416 1440 470 466
4172 4225 1440 470 490
4127 4054 1440 470 514
4071 3896 1440 470 513
4008 3719 1440 470 526
3960 3594 1440 470 544
3912 3504 1430 480 543
3864 3452 1430 480 546
3845 3431 1430 480 551
3828 3431 1420 480 545
3814 3450 1420 480 540
3814 3497 1420 480 524
3829 3564 1390 480 526
3872 3626 1390 480 526
3916 3682 1390 480 526
3960 3704 1390 480 524
3993 3704 1380 490 527
4019 3679 1380 490 529
4041 3628 1380 490 532
4054 3561 1380 490 537
4062 3468 1380 490 541
4048 3334 1380 490 537
4021 3172 1380 490 544
3986 3001 1380 490 543
3934 2858 1380 490 545
3899 2733 1380 490 550
3874 2643 1380 490 578
3855 2606 1380 490 584
3855 2606 1380 490 594
3879 2600 1370 500 586
3941 2600 1370 500 591
4054 2618 1370 500 589
4200 2647 1370 500 586
4334 2679 1370 500 592
4437 2709 1370 500 569
4518 2721 1370 500 489
4564 2721 1380 500 262
5536 5108 1520 460 463
5555 5053 1510 470 455
5563 5080 1500 480 455
5563 5023 1490 490 455
5563 4871 1480 480 456
5563 4657 1490 480 463
5571 4472 1490 480 466
5557 4329 1490 480 469
5527 4214 1480 470 473
5527 4177 1470 480 464
5540 4163 1470 480 468
5560 4163 1470 480 417
5590 4185 1470 480 163
6014 5164 1480 480 95
6112 5190 1490 480 105
6155 5250 1500 480 115
6190 5323 1500 480 153
6259 5385 1500 480 228
6345 5459 1500 480 301
6443 5541 1500 480 363
6544 5607 1490 490 415
6654 5654 1490 490 456
6770 5688 1510 490 486
6867 5688 1510 490 509
6931 5651 1520 490 527
6974 5599 1520 490 545
7010 5532 1530 500 568
7033 5460 1530 500 572
7047 5376 1540 500 578
7032 5285 1540 500 583
6981 5179 1540 500 581
6906 5069 1540 500 548
6802 4942 1540 500 473
6689 4807 1540 500 377
6569 4682 1540 500 267
6453 4568 1540 500 112
6170 4264 1530 510 99
6114 4253 1530 510 161
6094 4253 1520 510 222
6082 4253 1510 510 250
6077 4258 1510 510 260
6077 4268 1500 510 264
6106 4284 1500 510 272
6143 4327 1500 510 277
6202 4386 1500 510 282
6277 4456 1500 510 282
6362 4522 1500 510 314
6440 4586 1500 510 324
6499 4626 1500 510 327
6546 4652 1500 510 317
6567 4652 1490 510 316
6580 4633 1490 510 276
6587 4608 1490 510 280
6575 4566 1490 510 284
6541 4503 1490 510 277
6493 4426 1490 510 327
6434 4314 1490 510 374
6374 4198 1490 510 415
6314 4074 1490 510 449
6266 3945 1490 510 455
6221 3816 1490 510 496
6184 3687 1490 510 514
6162 3628 1490 510 515
6149 3593 1490 510 521
6140 3574 1490 510 522
6140 3574 1490 520 524
6150 3581 1490 520 496
6169 3619 1490 520 399
6204 3681 1490 520 285
6250 3794 1490 520 239
6291 3913 1490 520 247
6328 4035 1490 520 274
6363 4108 1490 520 282
6400 4150 1490 520 291
6442 4172 1490 520 310
6494 4178 1490 520 353
6542 4161 1490 520 389
6585 4130 1490 520 438
6613 4068 1490 520 455
6624 3983 1490 520 472
6624 3882 1490 520 481
6594 3754 1490 520 505
6539 3648 1490 520 544
6466 3556 1490 520 551
6377 3486 1490 520 553
6283 3438 1490 520 556
6185 3404 1490 520 562
6108 3404 1490 520 562
6064 3423 1480 530 556
6043 3464 1480 530 545
6053 3530 1480 530 545
6113 3608 1480 530 543
6206 3693 1470 520 546
6325 3769 1470 520 545
6444 3840 1470 520 548
6523 3848 1460 530 548
6575 3817 1460 530 548
6597 3761 1460 530 546
6589 3684 1460 530 550
6560 3593 1470 520 551
6493 3477 1470 520 554
6410 3344 1460 530 562
6317 3201 1460 530 570
6225 3065 1460 530 591
6142 2942 1460 530 592
6116 2829 1460 530 594
6124 2709 1460 530 613
6150 2662 1460 530 611
6221 2662 1460 530 614
6321 2696 1460 530 614
6471 2782 1450 540 622
6647 2906 1460 540 625
6839 3040 1460 540 633
7003 3171 1460 540 639
7133 3298 1460 540 641
7240 3392 1470 550 641
7293 3465 1470 550 639
7308 3516 1470 550 636
7298 3579 1470 550 633
7253 3650 1470 550 622
7173 3754 1470 550 613
7070 3894 1470 550 597
6948 4059 1490 550 588
6810 4232 1490 550 588
6661 4411 1500 540 588
6554 4593 1500 540 592
6477 4715 1500 540 592
6421 4797 1510 530 592
6384 4852 1510 530 595
6367 4878 1500 520 594
6362 4888 1510 510 591
6362 4888 1510 510 591
6362 4877 1520 510 603
6380 4805 1510 500 622
6404 4693 1510 500 637
6421 4502 1520 490 658
6433 4214 1520 490 669
6442 3862 1520 490 708
6460 3485 1510 490 719
6488 3017 1500 500 728
6522 2489 1500 500 730
6522 1999 1490 510 743
6522 1563 1470 520 751
6511 1163 1470 530 763
6511 877 1450 550 773
6511 689 1430 560 784
6504 567 1420 580 780
6504 525 1390 600 757
6504 516 1360 610 699
6504 528 1350 630 522