95
2459 5143 492 1650 650
2588 5290 510 1650 650
2659 5503 517 1650 650
2840 5743 517 1650 650
3022 5911 512 1650 650
3213 6032 518 1650 650
3411 6098 533 1650 650
3554 6137 546 1650 650
3663 6159 574 1650 650
3750 6126 619 1650 650
3805 6001 633 1650 650
3833 5816 652 1650 650
3843 5475 670 1620 650
3814 5022 673 1610 640
3774 4494 666 1600 630
3727 4027 669 1590 610
3704 3708 669 1580 600
3704 3488 664 1570 590
3709 3409 671 1550 580
3709 3386 658 1540 570
3714 3400 449 1530 560
2664 3923 553 1430 480
2806 3929 589 1430 480
2927 4064 609 1430 480
3043 4265 613 1430 480
3329 4407 614 1430 460
3635 4511 611 1430 460
3953 4556 624 1430 460
4144 4523 633 1430 460
4233 4438 638 1430 460
4255 4260 636 1430 460
4183 4004 644 1430 460
4047 3695 645 1430 460
3868 3385 647 1440 470
3701 3084 641 1440 470
3589 2789 649 1450 470
3513 2633 670 1450 470
3521 2557 693 1460 480
3591 2535 728 1460 480
3701 2525 739 1450 480
3899 2559 740 1460 490
4145 2622 731 1460 490
4424 2741 728 1460 490
4707 2872 641 1470 490
6986 5248 468 1600 450
7032 5357 475 1600 450
7015 5418 486 1600 450
7026 5456 496 1620 450
7047 5296 522 1640 450
7074 5003 540 1660 450
7074 4622 556 1680 450
7046 4216 557 1670 460
7000 3856 561 1660 480
6949 3527 562 1660 490
6903 3333 559 1640 510
6863 3220 551 1630 520
6826 3161 515 1630 520
6792 3194 117 1610 520
6646 5382 595 1550 510
6923 5511 561 1550 510
7103 5727 580 1550 500
7280 6055 594 1550 500
7482 6200 605 1560 500
7701 6235 617 1560 500
7905 6197 622 1570 490
8076 6083 636 1590 480
8226 5876 673 1600 470
8356 5606 708 1600 470
8415 5229 742 1610 460
8426 4777 762 1610 460
8398 4275 768 1620 470
8376 3847 780 1620 470
8357 3540 791 1630 470
8337 3314 796 1630 480
8297 3156 794 1640 480
8244 3073 785 1630 490
8170 3040 762 1630 490
8069 3058 699 1630 500
7950 3134 443 1620 510
5969 3748 532 1560 530
5891 3776 575 1560 530
6003 3913 614 1550 520
6185 4012 639 1560 510
6529 4099 647 1550 510
7025 4178 661 1550 510
7621 4274 667 1550 500
8192 4376 665 1550 500
8607 4482 655 1550 500
8918 4550 624 1570 510
9042 4594 465 1570 510
7878 5474 420 1630 500
7610 5241 447 1630 500
7527 5193 474 1630 490
7476 5130 474 1630 490
7489 5001 446 1630 490