102
3386 5004 391 1570 470
3358 4954 417 1560 460
3317 5085 425 1540 470
3292 5173 423 1510 470
3354 5232 414 1490 470
3475 5329 418 1490 470
3691 5457 433 1470 470
3916 5606 460 1470 470
4146 5691 496 1460 470
4308 5691 524 1460 470
4403 5642 562 1460 470
4453 5491 592 1450 460
4460 5250 599 1450 460
4445 4948 606 1440 470
4416 4605 620 1440 470
4390 4293 613 1440 470
4369 4003 616 1440 470
4357 3768 619 1430 480
4351 3613 616 1430 480
4351 3512 602 1430 480
4361 3446 430 1430 480
3475 3867 616 1420 490
3584 3783 617 1420 490
3638 3967 633 1420 490
3671 4118 631 1420 490
3869 4247 634 1420 490
4125 4296 647 1420 490
4419 4316 637 1420 490
4622 4316 646 1420 490
4740 4255 652 1430 500
4802 4132 655 1440 490
4796 3968 650 1440 490
4721 3710 655 1440 490
4599 3451 659 1440 490
4447 3177 662 1440 490
4289 2893 667 1440 490
4126 2668 675 1440 490
4020 2541 691 1440 490
3980 2479 705 1440 490
3985 2457 767 1440 490
4036 2462 799 1440 490
4202 2486 809 1440 490
4445 2589 799 1430 500
4757 2759 800 1430 500
5072 2973 797 1440 500
5390 3129 720 1440 500
5642 3215 396 1440 500
7494 5363 566 1490 510
7651 5484 595 1490 510
7651 5572 591 1490 510
7633 5461 602 1490 510
7610 5217 614 1490 510
7591 4898 620 1480 500
7572 4531 617 1470 490
7563 4133 624 1470 480
7575 3841 622 1460 470
7566 3644 627 1470 470
7531 3511 624 1460 480
7485 3428 617 1470 480
7412 3396 560 1480 480
7320 3396 382 1470 490
7215 4976 443 1500 520
7393 5383 423 1520 530
7551 5594 447 1520 530
7714 5863 483 1520 530
7919 6063 504 1520 530
8152 6218 519 1530 520
8359 6247 540 1550 510
8537 6173 567 1550 500
8696 6030 599 1560 500
8812 5764 649 1560 500
8890 5420 694 1580 490
8943 5023 716 1580 490
8962 4568 731 1590 480
8962 4160 746 1600 480
8942 3783 753 1590 490
8915 3531 773 1610 490
8890 3345 779 1620 500
8854 3202 779 1610 500
8810 3109 773 1620 510
8750 3064 754 1620 520
8663 3051 675 1620 520
8558 3079 381 1620 520
6556 3756 524 1580 530
6556 3794 564 1580 530
6666 4022 594 1570 520
6811 4179 603 1570 520
7142 4288 614 1570 510
7564 4351 614 1570 510
8047 4410 619 1570 510
8499 4471 610 1570 500
8862 4535 613 1570 500
9165 4591 619 1590 500
9287 4624 605 1590 500
9314 4641 491 1590 500
8050 5292 282 1620 510
7814 5106 427 1620 510
7756 5132 468 1620 510
7740 5157 474 1630 500
7781 5118 466 1630 500
7861 5036 449 1620 500
7955 4914 171 1620 500