134
2990 5538 217 1400 510
2892 5507 228 1400 500
2856 5557 247 1370 480
2856 5612 249 1380 480
2868 5659 251 1380 480
2925 5721 254 1380 480
3018 5793 249 1390 470
3136 5866 272 1390 470
3263 5924 282 1390 470
3376 5929 285 1390 470
3479 5904 277 1390 470
3566 5828 297 1380 480
3633 5721 310 1380 480
3687 5594 351 1390 480
3719 5398 384 1390 480
3732 5154 405 1390 480
3732 4877 428 1390 480
3723 4577 453 1390 480
3714 4276 453 1390 480
3707 3999 463 1380 480
3701 3739 466 1370 480
3709 3558 474 1370 480
3709 3423 473 1370 480
3701 3318 468 1350 490
3693 3269 441 1350 490
3678 3263 304 1340 490
3640 3285 141 1340 490
3255 4168 68 1320 490
3114 4339 129 1320 490
3051 4400 188 1320 490
3022 4446 223 1320 490
3013 4488 239 1330 500
3031 4524 249 1330 500
3106 4568 267 1340 490
3218 4617 280 1340 490
3347 4653 287 1340 490
3477 4685 279 1340 490
3608 4685 284 1340 490
3720 4675 289 1350 490
3819 4621 291 1350 490
3882 4515 292 1350 490
3909 4374 292 1350 490
3909 4194 286 1360 490
3866 3993 287 1360 490
3775 3777 285 1360 490
3652 3575 276 1360 490
3505 3381 281 1360 490
3359 3192 312 1360 490
3225 3041 340 1360 490
3098 2918 373 1360 490
3004 2813 399 1360 490
2971 2752 413 1370 500
2979 2716 422 1370 500
3029 2698 433 1370 500
3129 2698 439 1370 500
3263 2728 442 1370 500
3421 2784 445 1370 500
3628 2874 442 1370 500
3868 2981 443 1360 500
4106 3099 443 1360 500
4351 3232 441 1360 500
4600 3359 361 1360 500
4822 3483 95 1350 510
6887 6186 153 1400 460
6848 6331 153 1400 460
6832 6337 144 1400 460
6832 6319 161 1400 460
6832 6233 190 1400 460
6838 6103 228 1410 460
6838 5909 269 1410 460
6832 5691 296 1430 460
6826 5456 325 1430 460
6811 5167 344 1440 470
6796 4861 344 1430 480
6764 4543 338 1440 480
6720 4228 334 1440 480
6690 3937 334 1430 490
6655 3663 334 1420 490
6617 3487 337 1420 490
6598 3362 287 1410 500
6585 3272 183 1400 510
6984 6134 25 1400 510
7177 6345 51 1410 500
7317 6438 104 1410 500
7457 6493 141 1430 500
7578 6523 172 1430 500
7687 6485 188 1430 500
7777 6402 220 1440 490
7854 6289 242 1440 490
7921 6153 264 1450 500
7971 5971 286 1460 490
8017 5759 317 1460 490
8061 5549 353 1460 500
8098 5301 376 1460 500
8135 5027 399 1460 500
8165 4735 415 1450 510
8191 4470 431 1470 510
8215 4222 443 1470 510
8229 3957 450 1460 520
8235 3688 466 1460 520
8248 3454 473 1450 530
8259 3245 464 1450 530
8268 3056 464 1430 530
8268 2904 464 1430 530
8268 2777 464 1440 540
8253 2698 465 1440 540
8225 2662 474 1430 550
8183 2654 461 1430 550
8116 2675 407 1410 560
8031 2742 250 1410 560
5733 3919 334 1380 510
5692 3947 336 1380 510
5718 4000 346 1380 500
5757 4079 346 1370 500
5938 4104 349 1370 500
6172 4135 351 1370 480
6440 4194 354 1370 480
6735 4270 356 1370 480
7039 4373 359 1370 480
7350 4471 361 1360 490
7649 4543 359 1370 500
7890 4600 358 1370 500
8092 4635 351 1360 500
8227 4660 339 1370 510
8318 4678 246 1370 520
7503 4756 417 1410 550
7357 4627 431 1410 550
7299 4647 436 1410 550
7269 4703 438 1410 550
7293 4761 440 1410 550
7367 4891 443 1400 540
7473 5070 441 1400 540
7607 5271 427 1410 530
7788 5503 286 1410 530