110
3904 6259 1350 800 207
4006 6323 1350 800 240
4042 6349 1350 800 244
4106 6372 1350 800 251
4180 6396 1350 800 251
4260 6420 1350 800 242
4333 6408 1350 800 285
4411 6371 1350 800 358
4470 6264 1350 800 417
4513 6080 1350 800 446
4530 5844 1350 800 448
4537 5485 1350 800 453
4537 5125 1310 790 460
4537 4846 1280 790 469
4545 4622 1290 770 496
4545 4505 1260 770 502
4545 4430 1230 760 501
4552 4384 1210 750 440
4552 4352 1220 740 315
3945 4909 1150 630 369
3949 5033 1150 630 473
3958 5080 1160 630 473
4034 5163 1160 630 475
4155 5227 1180 620 477
4296 5279 1180 620 483
4476 5305 1170 610 496
4681 5298 1200 620 493
4859 5270 1200 620 490
4977 5204 1200 620 490
5055 5135 1220 610 488
5097 5038 1230 620 491
5083 4922 1230 620 490
5032 4782 1230 620 488
4944 4645 1220 630 492
4817 4509 1220 630 513
4663 4352 1220 630 580
4491 4213 1200 640 637
4368 4085 1200 640 664
4277 4026 1190 640 664
4258 4016 1190 640 669
4297 4039 1170 650 687
4375 4080 1170 650 696
4533 4152 1150 650 724
4742 4244 1150 650 728
4984 4364 1130 650 731
5234 4453 1140 660 730
5460 4522 1140 660 700
5669 4573 1140 660 611
5845 4622 1150 670 441
5986 4670 1150 670 24
6444 6424 1330 690 486
6591 6689 1350 680 617
6613 6728 1370 670 633
6599 6699 1390 670 638
6640 6626 1390 670 652
6682 6406 1400 660 659
6726 6109 1400 660 668
6740 5761 1440 660 675
6734 5412 1440 660 678
6727 5058 1440 660 675
6727 4826 1420 660 667
6735 4678 1440 670 647
6750 4612 1420 680 522
6766 4589 1410 680 183
6782 5702 1350 730 349
6907 6205 1350 730 418
6997 6462 1350 730 443
7140 6684 1370 730 444
7297 6810 1370 730 444
7462 6873 1400 720 444
7600 6864 1440 720 450
7709 6786 1460 710 505
7798 6663 1480 700 581
7854 6453 1500 710 664
7889 6097 1520 700 722
7909 5644 1520 700 742
7940 5154 1520 700 757
7988 4756 1520 700 753
8048 4420 1500 710 756
8102 4165 1480 710 757
8132 4004 1470 720 754
8145 3906 1450 730 720
8118 3866 1430 750 639
8052 3878 1410 760 468
7961 3924 1380 770 98
6445 4786 1120 770 541
5983 4858 1120 770 637
5833 4879 1160 770 681
5758 4949 1140 760 685
5734 4998 1180 750 679
5841 5033 1210 750 685
6058 5149 1220 740 700
6348 5274 1250 730 691
6711 5404 1260 720 700
7073 5508 1280 710 694
7434 5610 1310 710 700
7765 5711 1330 710 694
8077 5816 1330 710 664
8308 5924 1370 710 603
8469 5999 1370 710 488
8582 6053 1400 720 205
7601 6273 1530 710 513
7314 6262 1530 710 646
7251 6274 1530 710 671
7223 6268 1540 700 663
7217 6249 1540 700 669
7266 6139 1540 700 675
7346 6027 1530 690 675
7447 5951 1530 690 670
7546 5901 1520 700 497