182
2542 6693 39 1480 470
2457 6687 101 1480 480
2425 6687 183 1480 480
2394 6687 244 1480 480
2366 6679 310 1490 490
2345 6679 371 1490 490
2338 6679 384 1490 490
2338 6679 389 1500 500
2347 6679 430 1500 500
2400 6687 466 1500 500
2484 6702 486 1500 500
2645 6751 505 1500 500
2832 6821 527 1500 500
3037 6904 546 1500 500
3253 6977 565 1510 500
3456 7031 564 1510 500
3650 7072 569 1520 490
3835 7087 574 1520 490
3962 7073 575 1520 490
4049 7041 575 1540 490
4130 6987 581 1540 490
4198 6901 592 1540 490
4258 6794 599 1540 490
4288 6670 614 1540 490
4288 6505 642 1540 490
4276 6313 646 1540 490
4237 6081 667 1540 490
4183 5815 685 1540 490
4118 5526 699 1530 500
4068 5203 721 1530 500
4023 4878 763 1520 510
3987 4553 782 1510 510
3957 4272 784 1510 510
3934 4029 790 1500 520
3922 3811 793 1490 530
3922 3664 800 1480 540
3922 3579 797 1470 550
3939 3536 794 1450 550
3953 3522 790 1440 560
3966 3530 782 1440 560
3979 3554 755 1430 560
3979 3639 697 1430 560
3979 3763 609 1420 570
3971 3914 316 1420 570
2545 4943 428 1370 510
2565 4899 443 1370 510
2536 4923 447 1380 500
2605 4972 473 1370 500
2739 5022 524 1370 500
2938 5082 584 1380 490
3159 5149 620 1400 500
3394 5201 647 1400 500
3686 5250 655 1400 500
3980 5292 662 1410 500
4276 5314 665 1420 500
4555 5323 665 1420 500
4755 5307 665 1430 510
4901 5274 668 1450 510
4984 5231 673 1470 510
5034 5166 675 1480 510
5063 5077 691 1490 520
5041 4971 693 1490 520
4972 4825 708 1490 530
4872 4668 727 1490 530
4717 4503 733 1490 530
4522 4297 751 1490 530
4300 4091 756 1490 530
4081 3897 767 1480 540
3913 3711 773 1480 540
3779 3568 780 1480 540
3676 3456 791 1470 550
3623 3365 796 1470 550
3603 3309 788 1470 550
3618 3277 806 1460 550
3690 3261 821 1450 550
3801 3285 818 1450 550
3948 3348 834 1440 560
4138 3438 839 1430 550
4357 3536 840 1430 550
4597 3634 837 1430 550
4830 3733 842 1410 560
5058 3830 846 1410 560
5224 3892 848 1410 560
5349 3931 849 1430 560
5447 3953 851 1430 560
5496 3961 851 1430 560
5509 3961 860 1440 570
5499 3955 861 1450 560
5490 3955 857 1450 560
5472 3955 823 1450 560
5447 3955 624 1470 560
7263 6096 369 1580 420
7318 6123 414 1580 420
7294 6165 422 1570 420
7265 6228 438 1560 420
7232 6174 485 1540 430
7250 6052 561 1540 430
7262 5884 619 1540 440
7269 5648 697 1540 450
7303 5344 730 1540 450
7337 4996 758 1530 470
7374 4631 780 1520 480
7374 4335 785 1510 480
7353 4085 794 1510 490
7328 3898 797 1520 490
7303 3788 796 1510 500
7294 3730 796 1510 500
7294 3730 788 1500 510
7301 3798 694 1490 520
7318 3911 423 1480 530
7121 6178 499 1460 540
7103 6308 521 1460 540
7083 6416 533 1470 530
7057 6534 537 1480 530
7088 6618 540 1490 520
7158 6703 542 1490 520
7263 6789 559 1500 510
7418 6867 567 1510 500
7607 6943 586 1520 490
7820 7012 588 1540 490
8033 7072 605 1550 480
8235 7109 614 1550 480
8428 7132 616 1570 480
8614 7115 616 1570 470
8765 7043 610 1570 470
8892 6934 624 1590 460
8994 6791 637 1590 460
9062 6647 691 1600 460
9106 6444 727 1610 460
9136 6201 771 1610 460
9158 5897 794 1620 480
9175 5548 824 1630 480
9175 5168 869 1630 480
9175 4733 893 1630 490
9175 4334 923 1630 500
9186 3960 930 1620 510
9180 3625 950 1630 520
9165 3399 947 1620 530
9142 3245 961 1620 540
9123 3137 976 1610 550
9112 3093 997 1600 550
9106 3093 995 1610 570
9094 3123 991 1600 580
9055 3201 986 1590 590
9002 3312 977 1580 600
8895 3441 965 1570 600
8744 3608 947 1560 610
8564 3800 933 1560 610
8373 4052 899 1560 610
8188 4284 708 1540 600
6403 4676 237 1450 480
6319 4656 297 1440 480
6319 4656 369 1440 480
6319 4656 415 1440 480
6319 4656 491 1430 490
6377 4656 557 1430 490
6452 4689 609 1430 490
6616 4740 646 1440 490
6861 4836 666 1440 490
7159 4939 681 1440 490
7551 5048 688 1450 500
7965 5137 691 1450 500
8394 5211 688 1450 510
8818 5276 690 1450 510
9169 5338 690 1470 510
9471 5394 687 1480 510
9712 5433 679 1490 520
9877 5464 670 1500 520
9991 5479 550 1520 530
10035 5474 316 1520 530
8891 6095 141 1600 480
8950 6150 344 1600 480
8950 6214 465 1610 470
8933 6249 541 1610 470
8917 6264 591 1610 470
8902 6272 622 1610 470
8854 6272 640 1600 480
8784 6227 656 1600 480
8666 6150 658 1600 480
8526 6028 656 1600 480
8370 5882 638 1600 480
8141 5720 466 1590 490