118
5472 4581 1350 800 611
5437 4665 1350 800 630
5390 4743 1350 800 636
5390 4743 1350 800 636
5390 4743 1350 800 646
5390 4743 1350 800 668
5396 4613 1310 790 675
5420 4416 1320 780 731
5457 4130 1320 770 728
5476 3844 1320 740 743
5476 3535 1330 730 751
5476 3210 1310 710 751
5476 2966 1310 690 748
5491 2788 1310 680 746
5512 2654 1300 660 742
5528 2598 1300 650 728
5540 2578 1290 630 727
5540 2583 1280 610 724
5540 2583 1280 590 675
5540 2690 1270 570 630
5560 2859 1270 560 475
5567 3126 1270 550 379
5567 3444 1260 540 207
5561 3795 1270 530 275
5556 4109 1270 530 398
5550 4310 1270 530 522
5556 4437 1270 530 565
5567 4481 1270 530 578
5580 4501 1270 530 592
5612 4506 1280 530 606
5686 4474 1280 530 616
5787 4380 1280 530 617
5870 4245 1290 520 620
5923 4089 1300 530 631
5957 3944 1300 530 627
5957 3807 1310 520 619
5941 3661 1310 520 617
5906 3555 1330 530 619
5853 3477 1330 530 617
5794 3423 1330 530 613
5732 3398 1330 530 606
5668 3392 1330 530 606
5620 3413 1330 530 613
5583 3433 1330 530 634
5559 3453 1310 540 670
5553 3462 1310 540 673
5559 3462 1310 540 679
5573 3448 1310 540 700
5630 3393 1300 540 721
5716 3302 1290 530 727
5805 3188 1290 530 750
5897 3077 1290 530 760
5993 2965 1290 530 767
6087 2858 1290 530 762
6164 2782 1290 530 759
6231 2725 1290 530 754
6286 2682 1290 530 754
6323 2664 1290 530 739
6347 2664 1290 530 713
6376 2664 1290 530 443
6366 3699 1310 540 721
6425 3651 1310 540 719
6425 3633 1310 540 730
6450 3640 1290 530 727
6471 3624 1290 530 730
6492 3590 1290 530 725
6531 3544 1290 530 478
6572 3344 1310 540 752
6585 3167 1310 540 760
6539 3138 1310 540 767
6533 3093 1310 540 773
6533 3059 1310 540 763
6544 3032 1330 530 757
6560 2978 1330 530 664
6591 2937 1330 530 284
7100 3552 1290 520 620
7122 3513 1290 520 627
7067 3496 1290 520 667
7056 3452 1300 530 731
7038 3367 1300 530 760
7017 3255 1300 530 768
6997 3178 1300 530 768
7009 3100 1310 540 773
7027 3057 1310 540 791
7093 3038 1310 540 809
7188 3038 1330 540 822
7355 3078 1310 550 849
7525 3145 1310 550 849
7696 3234 1310 550 857
7842 3311 1310 560 849
7961 3379 1310 560 852
8063 3428 1310 560 848
8114 3474 1320 570 845
8114 3518 1320 570 836
8085 3561 1320 570 825
8035 3575 1320 570 818
7960 3550 1320 570 828
7867 3498 1320 570 837
7774 3424 1320 570 849
7699 3349 1320 570 863
7636 3280 1320 570 863
7612 3217 1320 570 863
7618 3175 1320 570 866
7645 3129 1320 570 867
7756 3122 1320 570 861
7933 3143 1320 570 866
8154 3199 1320 570 872
8436 3264 1320 570 870
8690 3336 1320 570 870
8924 3374 1320 570 870
9059 3395 1320 570 875
9123 3405 1320 570 890
9123 3405 1320 570 942
9123 3405 1320 570 988
9123 3405 1320 570 1023
9123 3405 1320 570 1014
9092 3399 1320 570 981
9038 3417 1340 570 671