112
6518 4402 1300 530 550
6518 4402 1300 530 569
6507 4467 1300 530 574
6496 4493 1300 530 580
6507 4493 1300 530 595
6520 4485 1300 530 639
6536 4355 1350 510 681
6554 4145 1390 480 740
6577 3890 1360 430 785
6585 3588 1320 380 793
6585 3256 1250 340 803
6570 2912 1180 300 800
6592 2653 1200 320 802
6637 2450 1200 340 796
6677 2340 1200 360 787
6706 2292 1210 380 780
6727 2285 1220 390 773
6737 2285 1230 410 721
6750 2385 1240 430 691
6765 2546 1230 450 540
6781 2768 1250 460 340
6781 3385 1290 510 305
6793 4018 1300 530 430
6805 4212 1300 540 569
6813 4266 1290 550 586
6813 4283 1290 550 600
6835 4275 1290 550 627
6880 4248 1300 550 656
6944 4143 1310 550 664
7006 3987 1310 550 664
7044 3795 1310 550 663
7066 3634 1330 540 663
7066 3495 1340 550 663
7038 3384 1340 550 671
6998 3276 1340 550 659
6939 3170 1350 540 650
6862 3096 1360 550 644
6772 3070 1350 550 643
6715 3075 1350 550 637
6661 3094 1350 550 646
6635 3113 1350 550 667
6628 3132 1350 550 670
6628 3132 1350 550 693
6688 3084 1340 560 750
6779 3009 1320 550 824
6914 2886 1320 550 846
7052 2736 1320 550 855
7195 2568 1320 550 867
7344 2459 1320 550 863
7449 2398 1320 550 852
7526 2369 1310 560 851
7588 2354 1300 550 842
7631 2354 1300 550 831
7661 2364 1300 550 827
7677 2395 1300 550 702
7709 2508 1310 560 110
7641 3530 1310 560 750
7740 3540 1310 560 750
7748 3497 1310 560 763
7748 3497 1310 560 773
7745 3450 1310 560 768
7772 3406 1310 560 733
7816 3325 1310 560 175
7883 3041 1300 540 784
7861 2829 1310 550 788
7830 2775 1310 550 821
7830 2761 1310 550 827
7825 2725 1310 550 837
7825 2684 1310 550 834
7831 2627 1310 560 818
7860 2561 1310 560 794
7903 2501 1310 560 659
7980 2473 1310 560 115
8350 3258 1340 570 561
8337 3334 1320 570 685
8300 3323 1320 570 697
8291 3303 1340 570 727
8268 3243 1340 570 740
8235 3156 1340 570 760
8223 3063 1340 570 757
8213 2968 1320 570 767
8249 2877 1320 570 767
8315 2812 1320 570 793
8439 2760 1340 560 817
8602 2745 1340 560 839
8790 2765 1340 560 851
9013 2808 1340 560 857
9185 2857 1340 560 854
9323 2903 1350 570 867
9436 2945 1350 570 866
9491 2984 1350 570 897
9506 3013 1350 570 899
9483 3036 1350 570 894
9422 3105 1350 570 854
9336 3134 1350 570 854
9225 3134 1360 570 858
9118 3085 1360 570 855
9044 3015 1360 570 861
8990 2932 1360 570 869
8999 2864 1380 580 879
9058 2777 1380 580 888
9149 2714 1380 580 897
9299 2675 1380 580 917
9508 2711 1360 580 920
9757 2770 1360 580 920
9978 2844 1360 580 923
10134 2880 1360 580 923
10247 2894 1360 580 918
10296 2894 1360 580 920
10309 2889 1360 580 914
10297 2889 1360 580 909
10290 2881 1360 580 717