142
2617 4549 317 1130 630
2645 4641 322 1130 610
2631 4655 329 1120 580
2640 4655 363 1120 560
2652 4638 420 1100 540
2671 4580 465 1100 520
2695 4491 524 1110 510
2720 4312 567 1110 510
2746 4114 588 1110 510
2771 3904 630 1130 520
2789 3645 656 1140 530
2804 3422 670 1120 530
2811 3223 668 1130 540
2820 3077 668 1140 550
2832 2996 656 1130 560
2848 2958 658 1140 570
2856 2958 637 1140 570
2856 3017 616 1130 580
2849 3114 412 1130 580
2759 3900 58 1100 580
2766 4262 67 1100 580
2791 4396 73 1100 580
2827 4497 149 1100 580
2874 4576 215 1100 580
2923 4616 275 1120 580
2973 4637 322 1110 570
3045 4646 364 1130 570
3132 4646 399 1130 570
3229 4619 420 1140 570
3311 4576 466 1140 570
3368 4508 504 1160 560
3408 4424 524 1150 550
3424 4329 550 1150 550
3409 4226 570 1160 550
3373 4122 595 1160 550
3307 4018 595 1160 550
3219 3914 606 1170 550
3116 3822 606 1160 550
3011 3739 610 1160 550
2913 3695 614 1160 550
2828 3686 624 1150 550
2764 3700 634 1150 550
2714 3721 645 1150 550
2692 3738 638 1160 560
2692 3746 638 1160 560
2692 3746 646 1160 560
2733 3746 653 1160 560
2805 3715 667 1160 560
2901 3666 681 1140 570
3030 3588 694 1140 570
3158 3496 720 1140 570
3283 3394 759 1130 570
3385 3308 780 1130 570
3473 3235 790 1110 570
3552 3172 797 1110 570
3610 3129 800 1110 570
3655 3103 800 1110 570
3678 3089 797 1110 570
3687 3089 796 1110 570
3687 3096 784 1090 570
3687 3108 751 1090 570
3687 3161 589 1090 570
3783 4229 281 1100 560
3867 4342 314 1100 550
3877 4366 389 1110 550
3892 4366 491 1110 550
3905 4366 588 1120 550
3917 4353 625 1120 540
3927 4316 633 1130 540
3938 4265 625 1130 540
3938 4207 619 1130 540
3938 4150 513 1140 530
3941 3979 242 1180 540
3964 3870 363 1190 540
3969 3771 468 1170 550
3985 3676 616 1170 550
4008 3583 702 1170 550
4033 3486 763 1160 550
4061 3385 785 1160 550
4092 3280 796 1160 550
4125 3177 794 1150 550
4159 3106 787 1150 550
4196 3057 793 1150 550
4222 3040 767 1130 560
4241 3061 646 1130 560
4892 4030 158 1150 550
4909 4116 270 1150 550
4894 4140 362 1160 550
4873 4168 450 1160 550
4847 4173 513 1180 560
4810 4161 561 1180 560
4766 4139 592 1180 560
4721 4106 617 1200 550
4678 4052 638 1200 550
4642 3985 661 1210 560
4616 3908 662 1210 560
4616 3827 673 1210 560
4621 3736 685 1210 560
4653 3660 697 1190 560
4704 3595 691 1180 560
4768 3537 705 1180 560
4839 3495 713 1170 560
4912 3465 721 1170 560
4994 3456 720 1170 560
5084 3474 720 1160 560
5183 3509 725 1160 560
5277 3563 727 1160 560
5367 3626 727 1160 560
5441 3696 727 1140 570
5504 3785 728 1140 570
5559 3876 730 1140 570
5599 3969 730 1140 570
5620 4055 730 1160 560
5629 4118 736 1160 560
5615 4165 740 1160 560
5590 4183 748 1160 560
5557 4183 752 1160 560
5519 4173 760 1160 560
5480 4149 750 1170 560
5440 4111 754 1170 560
5405 4063 760 1180 560
5374 4002 768 1180 560
5361 3937 774 1180 560
5361 3864 780 1200 550
5381 3785 790 1200 550
5423 3706 788 1190 540
5478 3643 806 1190 540
5559 3590 817 1190 540
5669 3554 834 1180 560
5798 3546 861 1180 560
5921 3557 864 1180 560
6063 3596 876 1180 560
6217 3674 885 1180 570
6396 3777 888 1180 570
6568 3905 890 1180 570
6734 4032 887 1180 570
6896 4156 894 1190 580
7018 4276 891 1190 580
7112 4391 885 1190 580
7194 4478 869 1200 580
7248 4547 821 1200 580
7282 4584 490 1200 580