122
6562 3745 486 1350 800
6511 3842 488 1350 800
6457 3905 553 1350 790
6434 3961 694 1320 770
6418 3978 708 1350 750
6406 3972 724 1350 730
6406 3972 750 1330 710
6406 3843 784 1350 690
6417 3624 800 1330 670
6417 3332 818 1330 660
6417 3059 817 1330 650
6417 2800 808 1320 630
6417 2547 805 1320 610
6444 2358 797 1340 600
6468 2212 796 1320 580
6491 2171 774 1320 570
6491 2161 760 1320 550
6491 2161 748 1310 550
6491 2222 696 1300 540
6523 2359 670 1300 540
6523 2554 614 1290 550
6503 2798 537 1290 550
6503 3079 540 1290 550
6496 3386 567 1290 550
6514 3636 658 1290 550
6546 3778 690 1290 550
6574 3849 724 1290 550
6603 3882 725 1290 550
6635 3882 739 1290 550
6676 3868 762 1290 550
6743 3812 773 1300 540
6823 3713 784 1310 550
6878 3586 784 1310 550
6902 3464 784 1310 550
6902 3341 780 1310 550
6880 3217 779 1310 550
6831 3092 770 1310 550
6767 2978 773 1310 550
6687 2894 773 1320 550
6614 2831 770 1320 550
6545 2809 762 1320 550
6506 2809 762 1320 550
6475 2819 762 1320 550
6450 2833 763 1320 550
6450 2841 757 1320 550
6450 2841 771 1320 550
6486 2814 784 1320 550
6543 2772 791 1320 550
6638 2691 793 1320 550
6766 2610 799 1310 550
6916 2514 809 1310 550
7053 2409 818 1310 550
7161 2340 812 1310 550
7250 2292 817 1300 550
7316 2257 808 1300 550
7362 2237 802 1300 550
7394 2228 793 1300 550
7404 2228 797 1300 550
7404 2228 613 1300 560
7396 2297 254 1300 560
7360 3224 636 1300 560
7430 3157 645 1310 560
7442 3144 658 1310 560
7442 3178 673 1320 570
7470 3145 670 1320 570
7501 3098 655 1320 570
7541 3042 498 1320 570
7573 2965 12 1320 570
7606 2874 731 1320 570
7584 2695 761 1320 570
7569 2682 809 1320 570
7550 2651 857 1320 570
7529 2609 887 1320 570
7529 2577 893 1320 570
7540 2529 887 1310 570
7550 2474 861 1310 570
7562 2421 834 1300 560
7599 2378 559 1300 560
8043 3030 693 1290 560
8050 2978 721 1300 560
8009 2998 782 1300 560
8001 2989 799 1300 560
7974 2962 830 1300 560
7935 2848 828 1300 560
7925 2757 828 1310 560
7925 2682 824 1310 560
7925 2611 821 1300 560
7944 2565 818 1300 560
7985 2537 817 1310 570
8039 2515 821 1310 570
8123 2505 824 1310 570
8226 2505 830 1320 580
8341 2515 840 1320 580
8443 2533 848 1320 580
8529 2556 861 1310 580
8604 2597 860 1310 580
8674 2647 855 1310 580
8724 2703 837 1310 580
8761 2799 834 1310 580
8761 2895 830 1310 580
8732 2992 833 1310 580
8684 3045 839 1310 580
8642 3067 851 1310 580
8584 3067 855 1310 580
8516 3010 884 1310 580
8460 2918 894 1320 580
8431 2790 911 1320 580
8419 2680 929 1320 580
8447 2582 933 1320 580
8523 2483 930 1320 580
8631 2426 926 1340 570
8765 2396 923 1340 570
8917 2406 918 1340 570
9081 2423 920 1340 570
9199 2444 923 1340 570
9262 2451 921 1340 570
9287 2451 941 1320 580
9287 2451 943 1320 580
9281 2451 973 1320 580
9281 2451 977 1320 580
9281 2446 965 1320 580
9276 2446 824 1320 580