136
2931 5286 337 1160 500
2877 5255 339 1160 500
2871 5255 348 1160 490
2871 5255 377 1170 490
2871 5202 449 1170 490
2871 5098 515 1180 490
2871 4962 577 1190 490
2864 4744 622 1190 490
2859 4520 655 1200 500
2847 4248 667 1200 500
2830 3947 684 1200 510
2830 3699 687 1200 510
2830 3535 690 1200 520
2840 3427 685 1180 530
2851 3360 681 1180 540
2860 3334 667 1170 550
2860 3334 647 1160 550
2854 3375 551 1150 550
2812 4596 68 1120 560
2891 5009 61 1120 560
2932 5154 78 1120 560
2975 5257 144 1120 550
3031 5331 200 1140 550
3102 5412 256 1140 550
3183 5479 284 1150 540
3262 5504 307 1170 540
3344 5504 342 1180 540
3433 5480 372 1180 530
3521 5418 389 1200 520
3592 5332 443 1200 520
3653 5229 469 1210 520
3681 5120 491 1220 530
3669 5008 519 1220 530
3631 4868 532 1230 520
3561 4729 544 1230 520
3469 4597 540 1220 530
3362 4485 548 1220 530
3257 4381 550 1220 530
3153 4318 550 1210 530
3054 4298 557 1210 530
2974 4308 562 1210 530
2906 4351 580 1210 530
2870 4393 585 1190 530
2855 4406 595 1190 530
2855 4400 591 1190 530
2875 4400 603 1180 540
2934 4355 614 1180 540
3020 4290 630 1180 540
3149 4207 653 1180 540
3281 4100 679 1170 540
3418 3977 705 1170 540
3557 3859 725 1170 540
3697 3755 757 1170 540
3810 3661 765 1170 540
3905 3595 777 1150 540
3981 3548 782 1150 540
4035 3513 782 1150 540
4074 3497 779 1140 550
4090 3497 773 1140 550
4090 3497 750 1140 550
4090 3532 624 1140 550
4242 4875 208 1140 530
4348 5000 225 1140 530
4358 5025 257 1150 520
4368 5046 358 1160 520
4375 5039 430 1170 520
4375 5006 435 1170 520
4375 4956 425 1190 510
4360 4867 402 1200 510
4347 4767 122 1200 510
4313 4436 137 1210 520
4329 4319 251 1200 520
4329 4235 353 1200 520
4320 4143 485 1200 520
4320 4051 620 1180 530
4330 3960 681 1180 530
4340 3839 746 1180 530
4355 3718 784 1170 530
4374 3608 794 1170 530
4396 3506 794 1160 530
4421 3433 794 1160 530
4451 3390 787 1140 530
4473 3366 793 1140 530
4491 3375 749 1130 540
4511 3430 485 1130 540
5501 4544 56 1140 530
5576 4648 179 1160 530
5561 4658 287 1160 530
5526 4663 376 1170 540
5488 4657 463 1180 540
5435 4629 538 1180 540
5371 4586 580 1180 540
5303 4520 616 1180 540
5238 4434 667 1190 530
5180 4334 679 1190 530
5150 4230 694 1200 540
5138 4141 694 1200 540
5148 4062 700 1200 540
5162 3987 710 1200 540
5199 3924 713 1200 540
5250 3868 721 1200 540
5313 3833 730 1200 540
5390 3821 727 1200 540
5475 3821 737 1200 540
5571 3846 740 1200 540
5680 3885 743 1200 540
5798 3936 749 1210 550
5893 3991 751 1210 550
5980 4058 757 1230 550
6062 4132 758 1230 550
6139 4223 755 1230 550
6204 4320 754 1240 550
6262 4421 752 1240 550
6299 4491 758 1240 550
6309 4530 760 1240 550
6301 4548 761 1240 550
6274 4556 758 1220 560
6233 4556 758 1220 560
6182 4541 760 1220 560
6136 4509 761 1220 560
6090 4457 763 1230 560
6061 4402 750 1230 560
6044 4339 754 1230 560
6056 4274 763 1230 560
6091 4207 784 1220 560
6141 4149 796 1220 560
6237 4097 829 1220 560
6363 4060 849 1220 560
6510 4045 861 1220 560
6679 4045 873 1240 550
6866 4070 882 1240 550
7065 4128 885 1250 560
7285 4208 882 1250 560
7511 4321 872 1250 560
7737 4435 855 1250 560
7962 4549 606 1260 570