136
4511 4902 3 1370 440
4511 4902 27 1370 440
4520 4852 63 1370 440
4506 4768 80 1370 440
4498 4657 110 1360 450
4491 4518 148 1360 450
4491 4346 183 1360 450
4491 4152 217 1360 460
4496 3956 218 1360 460
4496 3755 223 1360 460
4496 3583 233 1350 460
4496 3432 240 1350 460
4496 3278 244 1340 470
4489 3166 242 1350 470
4489 3082 246 1340 480
4489 3047 246 1340 480
4489 3040 191 1330 480
4489 3053 46 1330 480
4404 4222 51 1300 500
4411 4444 56 1300 500
4431 4560 67 1320 490
4465 4648 63 1320 490
4527 4721 78 1320 490
4594 4781 96 1330 480
4671 4818 90 1320 480
4752 4841 103 1330 470
4827 4841 115 1340 480
4883 4811 130 1350 470
4930 4763 148 1350 470
4965 4696 139 1360 480
4976 4609 146 1370 470
4970 4510 148 1370 470
4942 4392 151 1380 480
4896 4266 151 1390 470
4837 4136 144 1390 470
4766 4029 139 1390 470
4692 3951 137 1390 470
4616 3892 139 1400 480
4561 3874 136 1400 480
4533 3889 132 1400 480
4523 3925 132 1400 480
4528 3964 131 1400 480
4536 4000 131 1400 480
4547 4016 144 1400 480
4552 4016 144 1400 480
4552 4010 148 1400 480
4565 3993 144 1390 470
4583 3962 170 1390 470
4615 3920 190 1390 470
4657 3858 228 1390 470
4727 3783 267 1390 470
4815 3693 294 1390 470
4902 3607 310 1390 470
4992 3525 320 1390 470
5090 3438 335 1380 480
5196 3356 333 1390 480
5308 3278 344 1390 480
5407 3221 354 1390 480
5498 3180 358 1390 480
5563 3150 358 1400 500
5609 3127 356 1400 500
5641 3111 333 1400 500
5650 3101 307 1400 500
5650 3096 177 1400 500
5732 3902 63 1370 470
5752 3938 104 1380 480
5752 3960 108 1380 480
5742 3960 110 1380 480
5750 3955 137 1380 480
5759 3923 185 1380 480
5770 3849 223 1380 480
5780 3746 245 1390 480
5787 3649 255 1390 480
5787 3557 260 1390 480
5799 3468 262 1410 490
5804 3392 260 1400 500
5804 3335 237 1400 500
5810 3291 144 1400 500
5689 4246 81 1400 510
5660 4362 112 1380 500
5648 4411 148 1380 500
5648 4428 134 1380 500
5655 4428 151 1400 500
5674 4411 170 1380 490
5700 4394 173 1380 490
5730 4369 172 1390 480
5763 4338 153 1380 480
5796 4305 75 1380 480
6673 4147 3 1430 490
6654 4231 73 1430 490
6636 4259 119 1430 490
6619 4272 137 1430 490
6604 4272 160 1430 490
6582 4264 178 1430 490
6554 4225 211 1440 490
6523 4166 247 1440 490
6495 4082 285 1440 490
6474 3993 294 1450 480
6463 3899 314 1450 480
6463 3806 309 1450 480
6463 3728 327 1440 490
6493 3661 349 1440 490
6534 3614 376 1440 490
6599 3589 397 1440 490
6698 3578 415 1430 500
6819 3597 418 1430 500
6934 3633 415 1440 500
7039 3680 415 1440 500
7137 3743 415 1440 500
7234 3821 420 1440 500
7312 3909 407 1450 510
7378 3991 394 1450 510
7414 4068 382 1450 510
7425 4126 371 1460 520
7420 4173 361 1460 520
7391 4204 359 1460 520
7346 4212 359 1460 520
7290 4206 361 1470 520
7240 4181 359 1470 520
7205 4151 359 1480 510
7180 4111 361 1490 520
7162 4064 369 1490 520
7162 4011 371 1500 510
7162 3952 384 1500 510
7183 3891 399 1500 510
7221 3827 400 1500 510
7272 3761 425 1500 510
7351 3709 438 1500 510
7459 3666 445 1500 510
7587 3643 453 1490 520
7749 3643 448 1490 520
7935 3659 448 1490 520
8136 3700 439 1490 520
8344 3746 422 1490 520
8522 3795 336 1490 520
8679 3815 80 1500 520