137
2572 5275 369 1020 580
2586 5234 382 1030 580
2546 5229 387 1050 580
2546 5240 389 1080 580
2524 5082 425 1090 570
2486 4784 443 1130 570
2474 4393 465 1140 570
2468 3978 468 1170 560
2479 3563 480 1180 560
2500 3147 494 1210 550
2500 2953 504 1240 540
2507 2849 509 1260 540
2517 2805 509 1280 540
2517 2762 488 1300 530
2522 2746 358 1310 520
2427 4247 279 1350 520
2527 4435 277 1360 510
2576 4609 274 1360 510
2630 4756 276 1370 510
2748 4885 282 1370 510
2868 5010 302 1400 510
3015 5109 327 1410 500
3178 5192 351 1410 500
3324 5217 371 1420 490
3434 5175 404 1420 490
3521 5088 440 1420 490
3575 4952 468 1430 490
3582 4775 478 1430 490
3558 4570 480 1430 490
3478 4377 490 1430 490
3376 4197 498 1430 490
3260 4078 488 1430 490
3132 3996 496 1430 490
3002 3942 496 1430 490
2871 3922 491 1430 490
2784 3922 502 1430 490
2741 3935 499 1430 490
2728 3935 489 1430 490
2734 3935 497 1430 490
2776 3869 514 1430 490
2841 3771 518 1420 490
2948 3626 540 1430 500
3085 3476 546 1430 500
3241 3319 550 1420 500
3364 3160 567 1420 500
3462 3066 586 1420 500
3542 2993 594 1420 500
3597 2934 594 1410 510
3629 2881 591 1410 510
3646 2843 581 1410 510
3651 2814 569 1410 510
3651 2805 450 1400 520
4377 4352 58 1410 490
4453 4293 110 1420 490
4429 4283 177 1420 490
4461 4288 230 1420 490
4529 4252 287 1420 490
4590 4215 344 1420 490
4649 4181 376 1430 500
4696 4160 394 1430 500
4735 4147 392 1430 500
4761 4139 398 1430 500
4775 4132 381 1440 500
4780 4126 269 1440 500
4549 3850 94 1460 520
4549 3704 203 1460 520
4549 3674 249 1460 520
4549 3617 304 1450 530
4549 3542 371 1450 530
4549 3390 407 1450 530
4549 3235 422 1430 520
4549 3079 458 1430 520
4549 2966 465 1420 530
4549 2897 472 1420 530
4556 2857 468 1420 530
4563 2825 474 1420 530
4569 2810 435 1420 530
4579 2810 178 1420 530
5687 3703 61 1480 510
5715 3766 183 1480 510
5715 3805 239 1470 520
5720 3851 269 1480 530
5720 3874 302 1480 530
5711 3886 341 1480 530
5701 3892 371 1480 530
5683 3900 396 1480 530
5659 3905 397 1480 530
5632 3905 412 1480 530
5606 3886 414 1480 530
5588 3856 441 1480 530
5547 3799 448 1480 530
5487 3716 474 1470 520
5442 3617 485 1470 520
5401 3512 494 1470 520
5368 3407 522 1470 520
5355 3310 526 1470 520
5355 3219 537 1470 520
5379 3149 540 1470 520
5434 3098 556 1460 530
5509 3061 559 1460 530
5604 3044 568 1460 530
5720 3063 563 1460 530
5851 3105 567 1450 540
5965 3183 569 1450 540
6076 3288 569 1460 540
6185 3411 570 1450 550
6294 3528 574 1450 550
6379 3627 574 1450 550
6449 3714 574 1460 550
6492 3783 578 1460 550
6511 3828 580 1460 550
6511 3857 584 1460 550
6511 3882 580 1460 550
6486 3903 580 1490 550
6451 3916 581 1490 550
6402 3908 580 1490 550
6349 3887 581 1490 550
6294 3840 586 1490 550
6254 3776 584 1490 550
6237 3701 592 1510 540
6237 3637 594 1510 540
6254 3573 616 1510 540
6302 3519 628 1510 540
6368 3473 636 1510 540
6457 3439 658 1510 540
6563 3419 667 1510 540
6681 3409 678 1500 550
6834 3418 679 1500 550
7011 3452 685 1500 550
7204 3502 685 1500 550
7443 3582 685 1500 550
7655 3677 685 1490 560
7850 3783 685 1510 560
7979 3860 688 1510 560
8039 3896 681 1510 560
8053 3904 666 1520 570
8046 3904 447 1520 570