120
6505 4061 466 1180 480
6487 4111 474 1200 480
6397 4198 488 1220 480
6390 4240 584 1240 500
6385 4253 614 1260 500
6385 4248 625 1260 500
6385 4238 697 1280 500
6391 4055 740 1290 510
6397 3760 787 1300 520
6402 3403 796 1330 520
6402 3034 799 1340 520
6402 2657 806 1340 520
6421 2378 802 1350 530
6457 2175 797 1350 530
6503 2022 790 1340 520
6530 1964 790 1340 520
6540 1950 803 1340 520
6540 1966 834 1330 530
6540 1966 796 1330 530
6521 2095 793 1330 530
6498 2310 691 1330 530
6460 2528 564 1310 540
6440 2820 418 1310 540
6433 3162 397 1310 540
6433 3509 450 1310 540
6462 3752 521 1310 540
6503 3926 554 1310 540
6542 3997 568 1310 540
6578 4025 580 1310 540
6623 4025 592 1310 540
6674 3997 624 1330 530
6747 3895 645 1330 530
6814 3744 644 1330 530
6846 3602 647 1330 530
6856 3467 668 1330 530
6843 3338 661 1340 540
6796 3196 659 1340 540
6726 3077 652 1350 530
6644 2973 649 1350 530
6564 2884 646 1350 530
6488 2846 647 1350 530
6442 2841 649 1350 530
6414 2857 650 1350 530
6405 2882 662 1350 530
6412 2914 669 1350 530
6430 2914 696 1350 530
6511 2901 736 1350 530
6596 2845 751 1350 530
6687 2759 794 1350 530
6805 2643 784 1350 530
6942 2526 788 1350 530
7052 2433 784 1350 530
7134 2356 787 1350 530
7198 2317 793 1350 530
7261 2295 782 1340 540
7304 2284 762 1340 540
7333 2284 688 1340 540
7359 2335 99 1340 540
7492 3512 779 1360 540
7544 3353 794 1360 540
7551 3339 790 1360 540
7577 3301 788 1360 540
7595 3247 794 1370 530
7617 3165 515 1370 530
7605 2993 779 1360 550
7584 2808 787 1360 550
7559 2750 811 1360 550
7552 2683 827 1360 550
7552 2636 822 1360 550
7557 2602 832 1360 550
7571 2531 820 1360 550
7594 2473 800 1360 550
7618 2425 757 1350 550
7640 2350 560 1350 550
7673 2334 46 1350 550
7996 3068 384 1320 550
8050 3024 794 1320 550
8033 3006 799 1320 550
8044 3032 823 1320 550
8032 2958 831 1340 550
8005 2875 846 1340 550
7992 2786 840 1350 550
7978 2673 848 1350 550
7994 2603 851 1350 550
8031 2562 855 1350 550
8083 2514 864 1350 550
8169 2502 853 1350 550
8278 2513 853 1360 560
8418 2560 861 1360 560
8549 2629 849 1360 560
8674 2713 842 1360 570
8769 2809 831 1360 570
8834 2910 791 1360 570
8879 3014 756 1360 570
8863 3105 780 1350 570
8816 3145 794 1350 570
8748 3152 809 1350 570
8679 3129 821 1350 570
8603 3064 836 1350 570
8522 2971 849 1350 570
8474 2880 855 1360 560
8465 2788 864 1360 560
8481 2695 857 1360 560
8532 2617 878 1360 560
8628 2566 909 1360 560
8755 2533 914 1360 560
8954 2549 935 1360 560
9147 2579 943 1380 570
9335 2619 947 1380 570
9498 2650 953 1380 570
9604 2674 955 1380 570
9672 2685 953 1360 570
9694 2685 964 1360 570
9699 2685 982 1360 570
9692 2685 1015 1350 580
9692 2685 1023 1350 580
9687 2685 1023 1350 580
9687 2685 1023 1350 580
9680 2685 934 1340 570
9680 2685 17 1340 570