196
3050 6122 1280 650 203
3086 6170 1300 620 217
3053 6231 1320 590 217
3064 6231 1320 570 220
3093 6202 1340 550 214
3133 6162 1340 520 233
3168 6106 1340 500 251
3204 6047 1350 490 244
3241 5982 1340 470 250
3279 5914 1350 460 252
3317 5841 1350 450 250
3346 5766 1360 460 223
3369 5694 1370 450 98
2731 5225 1340 460 320
2674 5157 1330 460 325
2664 5222 1330 460 325
2664 5250 1330 460 325
2724 5297 1330 460 325
2817 5358 1330 460 330
2931 5440 1330 460 332
3070 5496 1330 460 334
3207 5535 1330 460 334
3339 5540 1330 460 337
3448 5509 1330 460 337
3546 5453 1330 460 339
3635 5359 1330 460 339
3709 5259 1330 460 342
3773 5124 1340 470 344
3797 4968 1340 470 342
3785 4760 1340 470 333
3750 4566 1340 470 334
3673 4381 1340 470 336
3582 4190 1340 470 338
3481 4032 1330 460 339
3373 3895 1330 460 344
3262 3789 1330 460 346
3150 3735 1330 460 363
3041 3716 1330 460 387
2965 3755 1330 460 409
2910 3823 1320 470 422
2895 3911 1330 470 420
2912 4000 1330 470 422
2950 4089 1330 470 425
3015 4181 1320 480 425
3110 4276 1320 480 428
3226 4382 1320 480 428
3355 4482 1320 480 430
3510 4573 1320 480 430
3682 4638 1310 480 430
3847 4686 1310 480 433
3996 4699 1310 480 433
4133 4699 1300 480 436
4254 4682 1300 480 436
4353 4671 1300 480 438
4436 4677 1280 480 436
4505 4695 1280 480 433
4564 4754 1280 480 431
4615 4861 1270 480 433
4650 5001 1270 480 436
4665 5135 1280 470 436
4665 5274 1280 470 436
4665 5416 1280 470 438
4657 5520 1280 470 441
4657 5571 1280 470 443
4657 5588 1270 460 440
4657 5588 1270 460 443
4657 5578 1290 460 441
4667 5523 1290 460 444
4679 5437 1290 460 448
4691 5299 1300 470 453
4699 5158 1300 470 466
4705 4996 1300 470 458
4705 4821 1300 470 458
4712 4665 1280 470 456
4730 4565 1280 470 461
4754 4502 1280 470 463
4779 4486 1270 480 473
4808 4528 1270 480 474
4861 4609 1280 480 458
4930 4781 1280 480 448
5020 5024 1280 480 449
5121 5315 1290 490 443
5228 5623 1290 490 438
5321 5893 1290 490 435
5407 6139 1290 490 436
5487 6295 1290 490 438
5526 6384 1320 490 438
5544 6428 1320 490 431
5544 6428 1320 490 438
5553 6372 1330 480 442
5558 6287 1330 480 461
5563 6115 1340 490 463
5568 5895 1350 490 468
5576 5643 1350 490 475
5583 5357 1350 490 478
5588 5008 1360 480 491
5579 4618 1360 480 488
5579 4194 1350 490 495
5558 3780 1350 490 483
5531 3374 1340 490 458
5519 2998 1330 500 418
5508 2673 1320 500 329
5508 2381 1300 510 37
7590 6364 1430 410 55
7644 6550 1420 410 53
7644 6550 1430 420 63
7631 6532 1420 420 61
7604 6488 1420 430 47
7570 6430 1420 430 103
7522 6333 1420 440 148
7464 6197 1410 450 160
7365 6034 1420 450 172
7229 5828 1420 450 172
7067 5651 1410 460 173
6922 5494 1410 460 173
6777 5347 1410 460 170
6684 5278 1400 470 146
6625 5260 1400 470 65
7371 6027 1360 480 49
7494 5998 1360 480 100
7512 5927 1360 480 163
7512 5773 1360 480 190
7491 5617 1370 480 215
7463 5446 1380 480 216
7430 5267 1380 480 221
7406 5122 1380 480 223
7387 5007 1390 480 216
7377 4913 1390 480 148
8294 6310 1370 480 178
8593 6529 1370 480 149
8593 6572 1390 480 136
8603 6561 1390 480 139
8610 6514 1390 480 141
8610 6458 1400 480 161
8601 6397 1400 480 220
8582 6305 1430 480 259
8540 6193 1430 480 282
8482 6044 1430 480 292
8389 5874 1440 470 296
8274 5689 1450 470 297
8143 5530 1450 470 277
8016 5366 1450 470 237
7891 5249 1440 480 160
7868 6117 1410 490 144
7965 6123 1410 490 182
7977 6123 1420 480 187
7990 6129 1420 480 190
8005 6077 1430 480 207
8024 5998 1430 480 249
8046 5902 1430 480 280
8070 5793 1450 470 310
8121 5692 1450 470 361
8189 5602 1450 470 405
8302 5508 1450 470 422
8435 5413 1440 480 431
8582 5316 1440 480 440
8721 5231 1440 480 440
8864 5155 1440 480 430
9011 5103 1430 490 377
9155 5086 1430 490 250
9298 5092 1440 490 1
7386 4674 1390 480 251
7283 4483 1390 480 284
7196 4446 1380 480 276
7213 4422 1380 480 287
7276 4385 1380 480 307
7369 4339 1360 480 335
7489 4323 1360 480 358
7639 4338 1360 480 376
7810 4374 1350 490 398
8001 4439 1360 490 397
8191 4520 1360 490 407
8381 4611 1350 500 407
8562 4693 1360 500 402
8699 4773 1360 500 376
8806 4848 1370 510 334
8846 4911 1370 510 249
8837 4965 1370 510 160
8795 5026 1380 510 117
8713 5086 1380 510 103
8621 5146 1380 510 113
8522 5209 1380 510 187
8436 5244 1380 510 225
8364 5262 1380 510 247
8301 5240 1380 510 284
8256 5173 1380 510 309
8216 5077 1400 510 359
8196 4927 1410 510 398
8188 4727 1410 510 420
8188 4493 1410 510 441
8179 4172 1420 500 448
8179 3831 1410 510 447
8164 3476 1410 510 435
8148 3126 1400 520 394
8148 2788 1400 520 316
8156 2458 1390 520 132