189
2852 6579 163 1230 420
2864 6698 205 1250 430
2864 6717 242 1260 440
2882 6729 285 1270 450
2906 6739 338 1290 450
2947 6739 366 1290 450
2998 6723 394 1300 460
3067 6689 404 1310 460
3145 6632 422 1300 470
3229 6555 452 1310 470
3298 6465 467 1310 470
3348 6355 478 1320 480
3384 6254 477 1330 480
3416 6159 473 1330 480
3434 6086 468 1330 480
3443 6023 474 1330 480
3423 5966 474 1330 480
3366 5890 471 1320 490
3283 5813 473 1320 490
3186 5736 464 1320 490
3082 5668 467 1300 500
2974 5611 494 1300 500
2902 5563 535 1290 500
2871 5554 544 1290 500
2866 5554 536 1280 500
2866 5554 545 1280 500
2906 5580 546 1270 510
2966 5607 550 1270 510
3066 5638 553 1260 510
3175 5648 557 1260 510
3290 5629 565 1240 520
3383 5590 567 1240 520
3456 5508 585 1230 520
3515 5384 603 1230 520
3544 5232 613 1220 530
3539 5070 636 1220 530
3511 4903 643 1220 530
3455 4734 659 1220 530
3371 4566 663 1210 530
3267 4423 678 1210 530
3144 4302 688 1210 530
3023 4197 697 1190 530
2902 4172 699 1190 530
2818 4213 694 1190 530
2740 4299 696 1180 540
2687 4434 703 1180 540
2648 4530 703 1180 540
2658 4601 705 1180 540
2709 4644 710 1170 540
2787 4660 716 1170 540
2901 4660 728 1170 540
3056 4620 725 1170 540
3239 4558 742 1170 540
3415 4479 746 1170 540
3595 4389 746 1170 540
3785 4311 749 1170 540
3944 4241 748 1170 540
4081 4201 748 1150 540
4218 4201 736 1150 540
4322 4216 700 1150 540
4403 4286 557 1150 540
4464 4414 141 1150 540
4460 5397 247 1160 530
4465 5497 317 1160 530
4446 5522 304 1160 520
4446 5522 335 1160 520
4461 5512 418 1160 520
4488 5474 477 1170 520
4516 5378 520 1170 510
4546 5243 524 1170 510
4576 5099 526 1180 510
4601 4954 515 1190 510
4622 4842 522 1190 510
4643 4752 514 1190 510
4664 4741 504 1190 510
4687 4795 468 1190 510
4712 4892 336 1190 510
4741 5043 101 1190 510
4912 6271 88 1200 520
5020 6661 172 1210 520
5061 6715 218 1220 510
5093 6734 282 1220 510
5121 6734 324 1230 510
5147 6717 376 1240 520
5171 6659 427 1260 510
5186 6541 473 1270 510
5201 6382 521 1280 500
5216 6163 557 1280 500
5234 5867 591 1290 500
5244 5520 622 1290 500
5244 5121 658 1290 500
5266 4716 670 1300 510
5289 4308 681 1290 510
5321 3938 676 1280 520
5360 3665 679 1270 520
5404 3458 669 1250 530
5447 3340 625 1230 530
5488 3298 430 1220 540
7070 6656 134 1370 480
7112 6711 216 1370 480
7105 6704 257 1370 480
7098 6704 306 1370 480
7066 6668 348 1370 480
7016 6614 377 1370 480
6938 6519 409 1370 480
6828 6384 417 1370 480
6696 6223 441 1370 480
6586 6098 442 1370 480
6505 5999 450 1370 480
6442 5918 448 1370 480
6408 5871 435 1370 480
6408 5871 422 1370 480
6431 5893 341 1370 480
6471 5958 275 1370 480
6529 6044 254 1360 480
6598 6144 254 1360 480
6676 6223 241 1360 480
6755 6255 255 1360 480
6824 6255 294 1360 480
6886 6201 374 1360 480
6934 6095 455 1360 480
6976 5957 522 1350 490
7013 5810 537 1350 490
7041 5679 543 1340 490
7068 5567 535 1350 500
7095 5463 517 1340 500
7131 5417 212 1340 500
7940 6332 215 1310 520
8097 6477 259 1310 520
8133 6515 392 1330 530
8150 6515 492 1330 530
8150 6515 561 1330 530
8134 6487 574 1330 530
8076 6441 578 1340 520
7991 6372 578 1350 520
7882 6303 570 1350 520
7758 6234 568 1350 520
7625 6172 556 1360 510
7516 6134 522 1360 510
7456 6113 281 1360 510
7449 6387 29 1380 500
7505 6444 125 1380 500
7530 6426 254 1380 500
7556 6377 356 1380 500
7594 6307 486 1370 500
7648 6221 560 1370 500
7713 6117 617 1370 500
7803 6002 638 1370 500
7927 5887 640 1370 500
8074 5816 652 1360 500
8239 5775 655 1370 510
8416 5775 649 1370 510
8601 5785 649 1360 510
8757 5805 638 1360 510
8873 5817 614 1350 520
8961 5817 556 1360 520
8985 5799 373 1350 530
7051 4855 255 1310 550
6733 4647 267 1310 550
6637 4589 272 1300 540
6574 4554 297 1300 540
6584 4535 374 1290 530
6664 4535 427 1290 530
6790 4555 464 1290 530
6988 4593 530 1270 530
7237 4646 603 1270 530
7521 4713 644 1270 530
7833 4789 669 1250 540
8100 4852 699 1250 540
8338 4910 708 1250 540
8550 4960 710 1250 540
8714 5008 707 1270 530
8845 5052 694 1280 540
8923 5078 676 1280 540
8934 5093 512 1280 540
8118 5364 302 1310 540
8113 5404 312 1310 540
8107 5394 336 1310 540
8107 5367 414 1310 540
8102 5289 538 1310 540
8102 5145 627 1310 540
8111 4958 693 1300 540
8116 4648 746 1300 540
8116 4276 763 1300 540
8116 3863 762 1290 550
8116 3457 768 1290 550
8116 3095 765 1290 550
8116 2763 757 1270 550
8130 2542 649 1260 560