148
2822 5813 405 1290 510
3044 5840 425 1300 510
3082 5942 427 1300 510
3067 5982 417 1320 500
3125 5982 386 1330 500
3188 5919 183 1340 500
2791 4992 205 1390 560
2748 4986 239 1390 560
2733 5030 240 1390 570
2775 5080 242 1390 570
2853 5103 246 1380 580
2964 5103 253 1380 580
3092 5086 254 1380 580
3231 5028 280 1380 580
3340 4894 279 1360 580
3409 4710 281 1360 580
3452 4514 277 1360 580
3452 4320 279 1350 590
3423 4179 284 1350 590
3379 4072 294 1350 590
3308 3995 309 1350 590
3213 3930 314 1340 600
3102 3874 312 1340 600
3001 3854 311 1340 600
2906 3873 312 1320 600
2832 3917 311 1320 600
2771 4001 312 1320 600
2740 4117 307 1320 600
2764 4255 339 1310 610
2824 4372 344 1310 610
2939 4451 358 1310 610
3095 4505 367 1310 610
3278 4514 387 1310 610
3464 4497 389 1310 610
3653 4464 392 1310 610
3850 4415 397 1310 610
3992 4379 396 1320 600
4096 4351 394 1320 600
4176 4341 389 1310 600
4225 4346 398 1290 600
4253 4360 339 1290 600
4262 4405 254 1290 600
4269 4498 91 1290 600
4280 4798 129 1290 600
4280 5148 307 1310 610
4275 5215 373 1320 600
4275 5228 367 1320 600
4268 5206 394 1320 600
4290 5152 400 1320 600
4306 5050 407 1350 600
4319 4915 407 1350 600
4342 4765 409 1350 600
4362 4679 409 1350 600
4381 4635 409 1350 600
4391 4617 413 1350 600
4403 4626 391 1350 600
4419 4652 173 1350 600
4622 5678 188 1360 600
4782 5892 418 1360 600
4805 5900 430 1360 600
4789 5905 463 1360 600
4818 5798 504 1380 590
4847 5616 542 1390 600
4867 5234 561 1390 600
4882 4800 570 1390 600
4888 4332 561 1410 590
4905 3896 570 1410 600
4926 3555 574 1410 600
4946 3278 575 1410 600
4964 3048 572 1390 610
4983 2886 532 1400 620
5006 2769 412 1380 630
5048 2722 144 1380 630
6789 6028 638 1330 660
6930 6087 652 1350 650
6887 6137 649 1370 650
6865 6119 647 1400 650
6793 6055 650 1430 630
6688 5872 650 1440 620
6585 5675 656 1460 620
6489 5468 650 1460 620
6375 5283 641 1470 610
6248 5143 627 1480 600
6179 5032 563 1500 600
6156 4986 466 1500 600
6164 4969 307 1500 600
6199 4969 75 1480 610
6331 5125 146 1460 620
6489 5340 245 1460 620
6543 5368 335 1440 620
6580 5359 417 1440 620
6621 5289 443 1410 630
6644 5158 452 1410 630
6656 4986 448 1410 630
6662 4797 440 1400 630
6685 4677 425 1400 630
6719 4604 391 1400 630
6749 4579 260 1380 640
7792 6062 655 1420 650
7910 6072 682 1450 650
7898 6122 687 1450 650
7851 6052 687 1470 650
7780 5903 684 1480 650
7688 5680 691 1480 650
7595 5488 691 1510 640
7500 5318 693 1510 640
7371 5188 691 1530 630
7278 5108 670 1530 630
7210 5062 570 1530 630
7160 5046 251 1530 630
7224 5939 161 1480 650
7341 5971 443 1480 650
7361 5956 481 1460 640
7379 5887 538 1460 640
7429 5782 548 1480 630
7500 5620 554 1480 630
7598 5466 560 1480 630
7703 5318 585 1480 630
7820 5242 611 1480 630
7941 5200 616 1480 630
8054 5180 603 1480 630
8143 5190 539 1500 640
8221 5195 398 1500 640
6756 4363 520 1460 660
6559 4139 605 1460 660
6457 4139 614 1460 660
6435 4139 616 1440 660
6465 4139 613 1440 660
6593 4134 613 1420 660
6795 4173 609 1400 660
7045 4242 616 1400 660
7290 4314 614 1400 660
7536 4374 600 1380 650
7723 4425 538 1380 650
7871 4459 418 1390 670
7970 4491 144 1390 670
7576 4754 337 1430 690
7361 4860 473 1450 680
7299 4870 489 1470 690
7258 4870 526 1470 690
7218 4704 540 1480 680
7178 4435 556 1480 680
7165 4095 561 1480 680
7158 3702 570 1480 680
7164 3334 563 1480 680
7180 2984 533 1470 690
7203 2644 453 1470 690
7216 2421 181 1450 700