183
3347 6170 603 1580 540
3431 6126 613 1580 540
3423 6210 617 1580 530
3433 6267 616 1560 530
3456 6307 606 1560 510
3552 6273 562 1530 520
3664 6212 485 1530 520
3786 6132 382 1520 530
3848 6070 222 1520 530
3220 5121 324 1430 560
3106 5011 399 1430 560
3056 5061 407 1420 570
3089 5098 402 1420 570
3176 5160 392 1400 580
3337 5239 391 1390 570
3528 5305 392 1380 580
3740 5329 394 1380 580
3901 5324 397 1380 580
4028 5244 404 1360 580
4131 5114 404 1360 580
4201 4950 404 1360 580
4229 4740 404 1360 580
4229 4543 404 1350 590
4180 4355 405 1350 590
4094 4196 415 1350 590
3982 4066 423 1340 600
3844 3956 418 1340 600
3679 3847 425 1340 600
3495 3786 430 1340 600
3362 3756 427 1320 600
3260 3818 414 1320 600
3178 3944 418 1320 600
3135 4112 444 1320 600
3163 4277 463 1320 600
3239 4406 473 1310 610
3367 4510 475 1310 610
3552 4578 496 1310 610
3776 4608 514 1310 610
4011 4614 522 1310 610
4245 4572 532 1310 610
4471 4512 535 1310 610
4649 4441 533 1310 610
4802 4392 538 1310 610
4888 4368 537 1310 610
4943 4360 532 1310 610
4976 4371 515 1320 610
5008 4430 465 1320 610
5043 4521 361 1320 610
5083 4674 193 1320 610
5113 4906 93 1330 620
5137 5191 223 1330 620
5156 5493 425 1330 620
5162 5662 537 1350 630
5162 5743 536 1350 630
5162 5754 546 1350 630
5171 5732 548 1380 630
5205 5688 567 1380 630
5253 5595 594 1380 630
5276 5462 592 1380 630
5290 5303 594 1400 620
5299 5151 603 1400 620
5325 5074 613 1400 620
5350 5048 613 1400 620
5373 5042 624 1410 610
5413 5082 619 1410 610
5480 5153 570 1410 610
5565 5306 472 1410 610
5643 5531 376 1410 610
5717 5805 364 1400 620
5787 6133 458 1400 620
5849 6404 546 1410 630
5890 6638 597 1430 620
5916 6747 605 1430 620
5924 6780 597 1430 620
5932 6762 614 1460 620
5941 6725 655 1460 620
5960 6558 707 1460 620
5937 6304 731 1470 610
5885 5793 736 1480 610
5792 5189 727 1480 610
5751 4524 727 1500 600
5745 3998 730 1500 600
5771 3599 746 1480 610
5797 3284 748 1480 610
5814 3012 740 1480 610
5823 2795 713 1470 620
5841 2615 634 1460 630
5861 2543 456 1450 640
5886 2537 148 1420 650
7671 6753 489 1520 600
7640 6695 560 1540 580
7564 6706 574 1570 580
7549 6758 588 1570 570
7463 6640 603 1600 560
7329 6387 603 1600 560
7170 6044 603 1600 560
7011 5673 602 1600 560
6891 5417 602 1600 560
6796 5237 602 1590 570
6751 5151 595 1590 570
6731 5105 539 1580 580
6731 5085 422 1560 590
6737 5085 161 1550 600
6931 5442 101 1490 630
7092 5733 260 1460 630
7165 5757 366 1460 630
7187 5722 461 1450 640
7209 5647 488 1430 630
7231 5484 497 1410 640
7225 5295 504 1410 640
7216 5089 509 1410 640
7206 4963 504 1430 640
7211 4889 502 1430 640
7221 4851 496 1430 640
7241 4830 391 1430 640
7296 4855 15 1450 650
8211 6262 488 1480 650
8521 6459 578 1480 650
8549 6484 591 1510 640
8506 6484 608 1510 640
8493 6383 617 1530 630
8416 6216 614 1530 630
8297 6008 613 1530 630
8165 5795 613 1540 630
8037 5579 614 1540 630
7911 5460 616 1540 630
7833 5392 609 1540 630
7788 5359 509 1540 630
7764 5350 175 1540 630
7766 6110 286 1500 640
7871 6301 376 1500 640
7859 6290 399 1500 640
7872 6280 443 1500 640
7902 6187 488 1480 630
7937 6038 504 1490 630
7973 5835 521 1490 630
8010 5658 561 1490 630
8078 5499 636 1510 630
8168 5400 681 1510 630
8277 5328 699 1510 630
8403 5275 705 1510 630
8540 5252 705 1510 630
8685 5267 702 1500 640
8841 5307 696 1500 640
9005 5376 697 1480 650
9104 5430 670 1500 650
9160 5473 595 1490 660
9186 5486 414 1490 660
9163 5468 191 1480 670
7379 4285 515 1460 670
7092 4004 589 1460 670
6977 3996 592 1450 680
6951 3973 591 1450 680
7002 3948 586 1450 680
7105 3948 583 1420 680
7287 3972 589 1410 680
7507 4029 595 1410 680
7751 4090 602 1410 680
8004 4154 610 1390 680
8204 4211 617 1370 690
8368 4268 611 1390 690
8503 4325 567 1390 690
8578 4364 486 1390 690
8614 4389 369 1390 690
8596 4404 219 1410 700
8529 4435 136 1410 700
8429 4482 110 1410 700
8301 4539 156 1430 700
8179 4609 228 1430 700
8062 4684 336 1430 700
7989 4762 414 1430 700
7941 4780 443 1460 710
7909 4749 509 1460 710
7900 4685 567 1460 710
7891 4512 599 1480 700
7880 4257 628 1480 700
7868 3948 650 1480 700
7868 3627 673 1480 700
7884 3331 671 1460 710
7910 3077 655 1460 710
7941 2844 614 1460 710
7970 2700 540 1440 720
7988 2622 269 1440 720