247
2401 6212 1400 510 143
2405 6337 1360 510 153
2370 6356 1330 520 153
2370 6331 1300 520 167
2370 6323 1300 520 216
2378 6314 1290 510 269
2383 6290 1300 510 309
2383 6257 1320 510 362
2390 6207 1330 510 415
2390 6121 1330 510 465
2397 6010 1330 510 514
2397 5834 1320 510 567
2389 5655 1320 510 619
2382 5474 1320 510 649
2373 5244 1300 520 688
2362 4998 1300 520 694
2362 4741 1290 520 691
2362 4543 1280 530 696
2362 4382 1270 530 696
2362 4246 1250 540 691
2362 4148 1240 540 696
2355 4104 1230 550 643
2355 4096 1210 550 527
2341 4152 1190 540 312
2266 4886 1130 560 117
2281 5000 1130 560 134
2281 5029 1130 560 213
2307 5058 1130 560 272
2341 5085 1130 560 338
2397 5110 1160 560 386
2479 5128 1160 560 427
2579 5145 1170 560 468
2713 5163 1170 560 498
2836 5188 1180 560 502
2952 5218 1180 560 501
3059 5249 1180 560 494
3142 5282 1200 550 453
3210 5316 1200 550 182
3273 6374 1240 530 160
3310 6466 1250 530 206
3310 6476 1270 520 249
3310 6455 1280 520 339
3305 6409 1280 520 428
3294 6319 1290 510 488
3279 6201 1290 510 566
3271 6041 1290 510 614
3262 5834 1300 510 658
3253 5596 1290 510 691
3244 5334 1290 510 730
3233 5031 1280 520 734
3221 4700 1280 530 742
3221 4466 1270 530 751
3221 4278 1250 540 749
3226 4121 1240 540 737
3239 4030 1230 550 665
3254 3996 1210 550 439
4432 4715 1200 520 103
4432 4715 1200 520 134
4432 4715 1210 520 191
4413 4743 1210 520 270
4403 4764 1210 520 349
4395 4787 1200 520 405
4390 4812 1200 520 443
4390 4839 1200 520 473
4390 4867 1200 520 478
4390 4894 1200 520 478
4390 4930 1200 520 480
4377 4973 1200 520 485
4361 5013 1200 520 483
4342 5050 1210 530 486
4317 5080 1210 530 491
4289 5101 1210 530 498
4263 5114 1220 530 504
4236 5120 1220 530 520
4210 5120 1220 530 521
4187 5094 1220 530 521
4157 5052 1220 530 538
4123 4974 1220 530 545
4087 4876 1230 520 560
4056 4764 1220 530 591
4034 4667 1220 530 617
4027 4591 1220 530 628
4027 4530 1210 520 639
4047 4489 1200 520 647
4068 4472 1200 520 662
4099 4472 1200 520 666
4139 4501 1180 530 667
4191 4560 1180 530 669
4249 4638 1180 530 666
4296 4726 1170 520 671
4336 4815 1170 520 662
4370 4904 1170 520 663
4397 4955 1170 520 663
4410 4979 1180 530 664
4410 4984 1180 530 666
4415 4984 1180 530 675
4422 4962 1180 530 690
4435 4929 1180 530 710
4452 4880 1180 530 736
4476 4818 1200 520 761
4516 4748 1210 530 759
4567 4695 1210 530 763
4627 4664 1210 530 762
4690 4647 1210 530 760
4754 4661 1210 530 755
4817 4702 1220 540 676
4874 4761 1220 540 548
5078 5246 1220 540 222
5088 5311 1230 550 269
5088 5324 1230 550 312
5074 5324 1230 550 322
5074 5324 1230 550 324
5069 5311 1230 550 339
5064 5290 1230 550 342
5058 5270 1240 540 341
5058 5250 1240 540 362
5058 5231 1240 540 407
5058 5207 1240 540 466
5064 5172 1240 540 517
5069 5119 1240 540 554
5074 5055 1240 540 583
5083 4989 1240 540 622
5093 4898 1240 540 646
5101 4790 1250 550 675
5096 4645 1240 550 690
5083 4448 1240 550 694
5045 4216 1240 550 699
5005 3987 1240 550 696
4963 3783 1220 560 702
4928 3596 1220 560 693
4896 3479 1210 560 691
4876 3416 1190 560 671
4863 3390 1180 570 512
4842 3404 1160 570 316
4844 4948 1150 550 66
4920 5039 1160 550 106
4957 5070 1170 540 149
5016 5099 1180 540 195
5090 5124 1180 540 254
5178 5146 1190 530 301
5263 5156 1210 530 344
5345 5149 1220 530 393
5413 5131 1220 530 442
5464 5096 1220 530 488
5503 5056 1240 530 524
5503 5006 1240 530 545
5465 4933 1240 530 592
5400 4845 1250 540 628
5308 4754 1250 540 639
5212 4690 1240 540 641
5114 4643 1240 540 638
5054 4623 1240 540 613
5026 4629 1230 550 433
5750 5113 1230 520 249
5750 5113 1220 510 244
5772 5162 1220 510 285
5808 5190 1220 510 317
5864 5190 1230 520 339
5918 5219 1230 520 371
5979 5272 1230 520 382
6053 5285 1230 520 396
6125 5280 1240 530 405
6195 5263 1240 530 450
6247 5211 1240 530 509
6277 5124 1250 540 562
6292 5014 1250 540 585
6283 4848 1260 540 627
6247 4652 1250 550 644
6193 4436 1250 550 663
6119 4183 1250 550 675
6043 3954 1250 550 685
5965 3742 1250 560 679
5910 3598 1250 560 681
5883 3521 1230 560 670
5875 3490 1220 570 633
5880 3490 1200 570 526
5890 3556 1190 580 316
6022 4713 1150 580 134
6060 4851 1160 570 168
6078 4892 1160 570 188
6113 4934 1180 570 242
6158 4973 1180 570 292
6212 5006 1190 560 324
6281 5016 1210 560 349
6360 5016 1220 560 396
6437 4999 1220 560 414
6502 4965 1240 550 456
6560 4919 1250 550 521
6594 4856 1250 550 548
6606 4791 1250 550 561
6606 4723 1260 540 572
6555 4651 1260 540 606
6478 4587 1250 550 641
6382 4529 1250 550 638
6288 4491 1250 550 636
6196 4474 1240 550 644
6131 4474 1240 550 625
6083 4488 1240 550 543
6077 4531 1220 560 388
6904 5165 1230 560 103
7014 5213 1250 560 168
7041 5221 1250 560 242
7060 5221 1260 570 322
7060 5221 1270 560 410
7060 5200 1270 560 466
7051 5167 1270 560 512
7037 5124 1300 560 562
7023 5069 1300 560 594
7014 4991 1300 560 638
7008 4898 1320 570 662
7008 4770 1310 570 675
7003 4655 1310 570 700
7003 4550 1310 570 699
7003 4467 1300 580 700
7017 4408 1300 580 705
7030 4364 1280 580 705
7044 4352 1280 580 707
7044 4352 1280 580 700
7093 4395 1270 590 694
7138 4467 1270 590 658
7191 4563 1270 590 595
7248 4674 1250 590 524
7312 4826 1250 590 467
7374 4968 1240 580 465
7431 5103 1240 580 469
7468 5185 1240 580 475
7491 5239 1240 580 512
7499 5275 1240 580 577
7499 5288 1260 580 611
7487 5296 1270 590 634
7474 5296 1270 590 637
7457 5270 1280 580 668
7438 5233 1280 580 685
7408 5172 1280 580 700
7375 5084 1300 580 719
7339 4979 1300 580 730
7297 4837 1300 580 721
7240 4662 1310 570 736
7172 4464 1300 580 737
7075 4181 1300 580 736
6973 3895 1300 580 755
6868 3607 1280 580 754
6772 3418 1270 590 763
6696 3253 1270 590 736
6633 3103 1250 590 693
6580 3005 1240 600 583
6534 2941 1220 600 312