170
3146 6554 553 1330 500
3129 6525 560 1330 500
3090 6506 564 1340 500
3057 6399 574 1340 500
3028 6232 578 1360 500
3028 5904 586 1360 500
3028 5573 592 1360 510
3022 5259 594 1350 520
3017 4957 591 1350 530
3012 4684 586 1340 540
3007 4520 561 1320 550
3013 4430 498 1320 570
3034 4370 304 1300 580
3040 4963 464 1170 650
3100 5046 514 1170 650
3119 5051 515 1170 650
3158 5077 543 1170 650
3252 5102 581 1170 650
3375 5128 605 1170 650
3510 5168 616 1190 640
3638 5217 613 1190 640
3762 5258 594 1200 650
3842 5299 540 1220 650
3909 5354 415 1220 650
3966 5418 148 1220 650
4025 6292 195 1270 630
4054 6578 501 1270 630
4061 6590 541 1290 630
4048 6567 634 1290 630
4054 6397 678 1300 620
4054 6075 693 1300 620
4045 5652 700 1320 610
4020 5188 696 1320 610
3990 4750 690 1320 610
3964 4329 684 1320 610
3947 3994 655 1320 610
3939 3766 578 1300 620
3955 3610 287 1290 630
5225 4612 468 1140 660
5337 4799 472 1140 660
5275 4907 509 1160 660
5156 5011 559 1160 660
5085 5075 622 1190 660
5030 5115 658 1190 660
4986 5115 670 1210 660
4940 5048 700 1210 660
4892 4936 710 1230 650
4842 4717 719 1230 650
4797 4527 728 1220 650
4772 4356 730 1230 650
4759 4230 733 1230 650
4777 4162 728 1210 660
4815 4134 713 1210 660
4867 4134 687 1210 660
4948 4205 622 1190 660
5047 4323 556 1190 660
5157 4481 533 1190 660
5243 4635 535 1170 670
5302 4787 544 1170 670
5342 4843 570 1170 670
5365 4843 630 1170 670
5390 4810 675 1170 670
5420 4713 688 1170 670
5456 4600 688 1170 670
5499 4476 664 1170 670
5550 4364 603 1170 670
5610 4278 510 1170 670
5678 4210 277 1170 670
5753 5073 578 1160 640
5753 5174 617 1150 630
5727 5217 609 1160 630
5727 5260 595 1160 630
5805 5287 585 1150 620
5929 5310 589 1170 610
6065 5331 589 1170 610
6155 5293 600 1180 620
6213 5180 611 1200 620
6247 5018 624 1200 620
6240 4721 627 1190 630
6206 4401 627 1190 630
6159 4065 627 1200 640
6109 3735 645 1190 640
6057 3480 641 1180 650
6019 3275 637 1160 660
6000 3112 634 1150 670
5993 3031 556 1140 680
6000 3004 309 1110 690
6111 4652 480 1030 690
6249 4910 494 1050 680
6277 4916 522 1080 680
6353 4916 545 1080 680
6441 4881 594 1100 680
6537 4818 627 1120 670
6614 4722 662 1120 670
6665 4626 684 1150 670
6699 4527 702 1170 670
6691 4425 697 1170 670
6653 4318 696 1170 670
6594 4229 694 1190 660
6529 4152 696 1180 680
6464 4089 643 1180 680
6399 4059 537 1180 680
6364 4051 280 1160 680
6442 4814 247 1160 680
6625 5074 344 1160 680
6706 5154 399 1160 680
6816 5235 441 1160 680
6944 5298 465 1180 680
7069 5336 486 1180 680
7177 5364 516 1200 670
7274 5349 564 1200 670
7342 5279 622 1220 680
7371 5173 667 1240 670
7371 4964 681 1240 670
7324 4640 700 1240 670
7265 4240 696 1240 670
7198 3837 700 1230 690
7149 3514 702 1230 690
7124 3244 700 1210 690
7114 3021 700 1180 700
7103 2885 663 1160 700
7103 2807 554 1150 710
7111 2797 402 1150 710
7122 2836 22 1120 720
7156 4128 285 990 720
7277 4675 334 990 720
7322 4867 374 990 720
7373 4917 436 1020 720
7435 4922 502 1050 710
7511 4897 546 1080 710
7595 4838 589 1110 710
7666 4763 614 1110 710
7709 4677 646 1130 710
7733 4595 664 1160 700
7728 4513 687 1160 700
7693 4433 693 1150 690
7639 4350 690 1180 700
7576 4262 685 1180 700
7510 4182 653 1180 700
7443 4110 589 1180 700
7392 4064 450 1180 700
7370 4056 108 1180 700
7697 5119 335 1200 710
7920 5218 443 1200 710
7971 5179 540 1200 710
8028 5080 584 1220 700
8086 4955 599 1220 700
8142 4812 616 1220 700
8208 4701 619 1270 700
8274 4628 614 1270 700
8340 4580 616 1270 700
8393 4559 574 1270 700
8438 4573 513 1270 700
8487 4610 433 1280 710
8541 4688 317 1280 710
8600 4806 165 1280 710
8660 4952 142 1280 710
8731 5115 235 1280 710
8769 5194 386 1280 710
8785 5216 492 1280 710
8755 5167 603 1280 710
8674 4958 661 1260 720
8560 4643 685 1260 720
8420 4241 685 1260 720
8282 3812 681 1230 720
8145 3364 667 1230 720
8036 3009 661 1230 720
7929 2712 644 1210 730
7826 2455 606 1210 730
7747 2299 397 1180 730