293
3022 5050 1360 560 139
3006 5151 1380 550 219
2993 5196 1380 550 314
2979 5242 1380 550 399
2970 5274 1390 560 469
2963 5300 1400 550 512
2963 5309 1400 550 518
2958 5309 1400 550 529
2958 5296 1410 560 538
2949 5224 1410 560 548
2949 5112 1410 560 560
2949 4918 1410 560 585
2949 4696 1410 560 614
2958 4455 1400 560 640
2970 4180 1400 560 673
2984 3931 1400 560 670
2994 3699 1390 570 676
3001 3557 1390 570 675
3019 3462 1380 580 666
3038 3398 1380 580 608
3061 3372 1360 580 446
3056 3768 1320 590 173
2977 3977 1320 590 260
2933 4056 1320 590 368
2888 4105 1320 590 453
2874 4150 1320 590 546
2864 4172 1320 590 572
2864 4179 1320 590 595
2885 4198 1320 590 605
2921 4228 1340 580 616
2995 4266 1350 590 631
3096 4309 1350 590 644
3215 4360 1360 580 636
3333 4417 1360 580 640
3445 4470 1360 580 647
3552 4503 1360 580 642
3643 4524 1360 580 636
3703 4530 1360 580 625
3743 4530 1360 580 613
3755 4530 1350 580 543
3755 4530 1350 580 404
3713 5476 1350 550 272
3760 5637 1350 550 430
3760 5729 1350 550 455
3728 5779 1360 550 473
3728 5801 1360 550 494
3728 5801 1380 550 514
3728 5796 1380 550 546
3728 5729 1390 550 580
3717 5622 1390 550 628
3696 5427 1390 550 681
3679 5172 1390 550 716
3679 4877 1390 550 757
3686 4544 1400 550 784
3714 4174 1400 550 821
3753 3780 1410 560 827
3799 3423 1400 560 842
3822 3127 1400 580 857
3833 2873 1400 580 854
3833 2640 1390 580 879
3839 2485 1380 590 888
3839 2381 1360 600 890
3852 2312 1350 590 885
3865 2280 1340 600 882
3865 2280 1340 600 873
3865 2280 1320 600 866
3865 2280 1320 600 796
3858 2337 1310 610 522
4694 3910 1380 570 179
4696 3979 1380 570 207
4683 4012 1380 570 269
4672 4088 1380 570 327
4658 4192 1380 570 400
4641 4278 1380 570 473
4609 4358 1380 570 505
4576 4409 1380 570 537
4542 4443 1380 570 559
4471 4452 1380 570 569
4416 4437 1380 570 580
4371 4407 1360 560 589
4323 4347 1360 560 594
4278 4254 1360 560 592
4237 4140 1360 560 602
4215 4011 1360 560 616
4204 3890 1360 560 614
4213 3774 1360 560 619
4228 3686 1360 560 616
4257 3634 1360 560 624
4294 3607 1340 560 625
4342 3602 1340 560 633
4392 3626 1340 560 634
4446 3670 1340 560 628
4499 3746 1320 570 622
4543 3832 1340 570 624
4581 3925 1340 570 625
4610 3993 1340 570 630
4625 4029 1340 570 633
4630 4044 1340 570 633
4630 4044 1340 570 625
4630 4044 1320 570 625
4630 4014 1320 570 631
4630 3968 1320 570 633
4630 3912 1320 570 633
4641 3860 1350 570 636
4669 3816 1350 570 638
4707 3776 1350 570 639
4767 3753 1350 570 642
4828 3753 1360 560 645
4891 3764 1360 560 641
4943 3783 1380 570 639
4987 3800 1380 570 641
5018 3815 1380 570 641
5033 3822 1380 570 641
5038 3822 1390 570 636
5038 3822 1390 570 595
5027 3822 1390 570 418
5027 4324 1390 560 399
5016 4365 1380 570 409
5016 4399 1360 560 441
5044 4449 1360 560 475
5091 4509 1360 560 502
5140 4565 1380 570 538
5189 4619 1380 570 584
5240 4667 1380 570 619
5282 4707 1380 570 628
5319 4726 1380 570 634
5343 4732 1360 570 636
5367 4725 1380 580 637
5390 4699 1380 580 646
5412 4660 1380 580 649
5428 4612 1380 580 658
5440 4541 1380 580 664
5440 4454 1380 580 685
5440 4318 1380 580 707
5429 4152 1380 580 731
5429 3967 1390 580 753
5419 3739 1390 580 784
5409 3520 1380 590 826
5395 3306 1380 590 858
5370 3073 1380 590 884
5341 2861 1380 590 909
5309 2662 1360 600 915
5284 2532 1360 600 918
5264 2453 1380 600 918
5254 2407 1360 610 918
5254 2402 1360 610 912
5249 2425 1360 610 899
5249 2468 1350 620 815
5255 2553 1350 620 529
5317 4166 1380 590 519
5371 4230 1380 590 570
5304 4278 1390 580 595
5299 4305 1380 580 616
5334 4345 1390 570 645
5375 4393 1390 570 650
5419 4419 1390 570 670
5468 4441 1400 560 670
5524 4458 1400 560 678
5585 4458 1400 560 685
5639 4449 1400 560 688
5688 4412 1400 560 691
5733 4348 1420 570 700
5769 4267 1420 570 697
5787 4182 1420 570 716
5793 4097 1420 570 730
5774 4015 1420 570 754
5736 3935 1420 570 767
5686 3864 1420 570 791
5630 3803 1420 570 791
5567 3748 1420 570 805
5499 3721 1400 580 806
5451 3711 1400 580 803
5418 3711 1400 580 784
5395 3728 1400 580 670
5382 3779 1420 580 207
6110 4151 1410 530 492
6068 4153 1410 530 522
6042 4181 1410 530 540
6036 4190 1410 530 562
6044 4240 1410 550 583
6050 4294 1410 550 595
6072 4351 1410 550 606
6105 4410 1430 550 641
6149 4467 1430 550 663
6199 4509 1430 560 688
6258 4542 1430 560 700
6323 4565 1440 570 702
6387 4565 1440 570 690
6435 4558 1440 570 696
6474 4529 1440 570 703
6510 4466 1440 570 711
6534 4380 1460 570 725
6550 4261 1460 570 734
6555 4124 1460 570 752
6555 3975 1460 570 756
6545 3796 1460 570 779
6526 3612 1440 580 808
6501 3426 1440 580 833
6471 3241 1440 580 858
6432 3076 1440 580 876
6396 2946 1430 590 885
6368 2839 1430 590 884
6348 2769 1430 590 881
6348 2742 1430 590 876
6348 2742 1420 590 867
6362 2763 1420 590 825
6379 2831 1420 590 722
6412 2930 1410 600 282
6541 4248 1410 590 443
6520 4318 1410 590 515
6491 4368 1420 580 554
6491 4416 1420 580 599
6515 4463 1420 580 641
6547 4512 1430 570 664
6584 4551 1430 570 675
6628 4581 1430 570 690
6674 4602 1430 570 699
6721 4615 1440 570 700
6770 4607 1440 570 694
6819 4585 1440 570 702
6866 4534 1440 570 717
6895 4464 1460 570 724
6915 4381 1460 570 733
6915 4282 1460 570 758
6906 4186 1470 580 770
6884 4091 1470 580 788
6857 4006 1470 580 812
6826 3934 1470 580 830
6791 3871 1470 580 822
6762 3833 1470 580 831
6731 3811 1470 580 836
6701 3800 1470 580 839
6678 3800 1470 580 834
6663 3800 1470 580 827
6655 3811 1470 580 805
6655 3820 1470 580 664
6650 3837 1470 580 110
7097 4213 1450 560 233
7097 4213 1450 560 282
7080 4313 1450 560 374
7108 4384 1450 560 439
7152 4453 1450 560 514
7198 4513 1440 570 572
7246 4563 1440 570 614
7299 4594 1460 570 643
7347 4614 1460 570 655
7393 4614 1460 570 670
7431 4588 1460 570 672
7469 4545 1460 570 684
7510 4468 1440 580 693
7552 4375 1460 580 696
7588 4271 1460 580 714
7620 4162 1460 580 722
7650 4056 1460 580 737
7673 3965 1460 580 751
7691 3883 1460 580 758
7701 3819 1470 590 757
7709 3782 1470 590 757
7716 3764 1470 590 757
7716 3764 1470 590 748
7725 3790 1470 590 688
7740 3833 1470 590 394
8042 4480 1500 580 301
8101 4508 1500 580 402
8101 4528 1500 580 492
8109 4556 1500 580 583
8123 4566 1500 580 633
8123 4571 1520 590 661
8123 4571 1520 590 678
8108 4531 1520 590 696
8074 4474 1520 590 721
8027 4355 1520 590 760
7965 4210 1520 590 790
7903 4049 1520 590 832
7827 3845 1510 600 852
7741 3621 1510 600 885
7650 3383 1510 600 914
7560 3102 1510 600 933
7430 2830 1500 600 967
7274 2564 1500 600 978
7178 2359 1480 610 991
7106 2172 1470 610 991
7051 1996 1470 610 993
7013 1874 1460 620 994
6981 1798 1460 620 991
6968 1754 1460 620 991
6968 1746 1460 620 987
6968 1754 1430 620 977
6978 1773 1430 620 989
6992 1812 1430 620 964
7007 1856 1430 620 933
7023 1903 1430 620 843
7039 1967 1430 620 602