249
2275 6387 99 1300 540
2267 6517 214 1290 550
2267 6504 216 1270 550
2267 6497 233 1270 550
2274 6474 304 1270 550
2274 6441 379 1290 550
2274 6380 453 1290 550
2274 6314 522 1290 550
2265 6199 591 1300 540
2256 6054 636 1300 540
2244 5845 676 1300 540
2224 5609 724 1300 550
2203 5354 742 1300 550
2187 5044 761 1290 560
2176 4732 760 1270 560
2176 4518 763 1260 570
2181 4371 763 1240 570
2190 4231 762 1230 580
2190 4127 759 1210 580
2190 4047 751 1200 580
2190 4047 663 1180 590
2190 4091 546 1170 590
2197 4183 144 1150 600
2225 4752 108 1100 600
2257 4963 168 1100 600
2269 5029 252 1090 600
2292 5091 334 1090 600
2317 5134 409 1090 600
2349 5167 466 1090 600
2389 5191 513 1110 590
2463 5211 556 1110 590
2557 5233 578 1130 590
2686 5258 589 1130 590
2801 5281 586 1130 590
2907 5303 592 1140 590
3011 5323 594 1140 590
3103 5353 599 1160 580
3186 5391 599 1160 580
3247 5438 595 1160 580
3292 5497 589 1170 580
3325 5563 584 1170 580
3333 5648 515 1170 580
3328 5766 425 1170 580
3315 5906 405 1170 580
3301 6059 407 1170 580
3289 6191 409 1190 580
3283 6308 415 1190 580
3292 6421 415 1200 570
3310 6495 465 1220 570
3318 6542 522 1230 560
3318 6560 550 1220 560
3318 6560 561 1240 550
3318 6552 586 1240 550
3312 6507 606 1250 550
3301 6407 637 1260 540
3287 6270 676 1260 540
3274 6094 713 1260 540
3258 5845 731 1280 540
3239 5548 760 1280 540
3223 5202 767 1280 540
3213 4835 774 1280 540
3213 4453 773 1260 540
3225 4175 762 1260 560
3247 3959 756 1230 560
3268 3785 720 1220 570
3287 3694 609 1200 570
3304 3673 304 1190 580
4355 5076 191 1190 540
4355 5076 235 1190 540
4355 5076 244 1200 540
4355 5076 306 1200 540
4355 5076 366 1200 540
4355 5076 404 1200 540
4355 5076 414 1200 540
4355 5076 440 1200 540
4344 5120 442 1200 540
4344 5150 450 1200 540
4332 5185 453 1200 540
4313 5225 461 1200 540
4293 5264 488 1200 540
4271 5289 504 1200 540
4249 5306 515 1200 540
4227 5311 522 1200 540
4197 5290 526 1200 540
4161 5251 541 1200 540
4125 5173 554 1200 540
4087 5061 580 1200 540
4048 4926 614 1190 540
4022 4754 638 1190 540
4011 4625 641 1190 540
4011 4524 655 1170 550
4027 4459 671 1170 550
4048 4430 690 1170 540
4076 4430 697 1150 540
4122 4466 699 1150 540
4180 4545 699 1140 550
4241 4650 696 1140 550
4288 4767 690 1140 550
4325 4884 696 1140 550
4355 5002 694 1140 550
4370 5054 697 1140 550
4376 5076 702 1140 550
4376 5076 700 1140 550
4376 5076 697 1140 550
4376 5056 707 1140 550
4387 5020 713 1140 550
4400 4948 731 1140 550
4422 4850 725 1140 550
4455 4734 721 1150 540
4502 4635 722 1150 540
4557 4574 720 1150 540
4629 4539 690 1150 540
4706 4546 467 1150 540
5049 5273 212 1160 550
5014 5314 235 1170 550
5008 5341 254 1170 550
5027 5371 280 1170 550
5060 5416 307 1190 540
5111 5459 319 1190 540
5174 5499 339 1190 540
5244 5533 348 1200 550
5309 5550 372 1200 550
5358 5555 436 1200 550
5395 5539 515 1200 550
5418 5489 565 1200 550
5425 5416 591 1200 550
5420 5287 603 1200 550
5390 5118 624 1200 550
5348 4923 673 1200 550
5299 4685 667 1200 550
5243 4457 699 1180 560
5182 4236 691 1180 560
5117 4016 691 1190 560
5077 3847 694 1180 570
5052 3712 690 1180 570
5036 3639 702 1160 570
5036 3609 678 1150 580
5030 3609 630 1130 580
5030 3628 491 1120 580
5037 3708 1 1120 580
5185 5027 134 1110 570
5263 5122 132 1110 570
5287 5151 202 1130 570
5337 5178 247 1130 570
5393 5200 289 1140 570
5466 5213 315 1160 560
5549 5206 369 1170 560
5637 5186 415 1180 560
5722 5146 468 1180 560
5782 5102 526 1200 550
5826 5053 574 1210 560
5826 4984 589 1210 560
5780 4902 627 1220 560
5701 4807 650 1230 560
5593 4711 659 1220 570
5485 4641 659 1220 570
5377 4588 661 1220 570
5288 4556 649 1200 570
5236 4556 581 1200 570
5209 4567 364 1200 570
6258 5197 90 1190 560
6206 5185 136 1210 560
6201 5211 173 1210 560
6211 5266 233 1210 560
6242 5308 272 1220 570
6295 5354 277 1230 560
6362 5402 314 1230 560
6441 5446 324 1230 560
6520 5486 353 1230 560
6589 5502 425 1230 560
6650 5502 473 1230 560
6698 5477 538 1230 560
6720 5408 567 1230 560
6725 5311 594 1230 560
6704 5181 634 1230 560
6664 5003 655 1230 560
6610 4793 667 1230 560
6552 4570 681 1220 570
6494 4368 688 1220 570
6439 4181 699 1220 570
6388 4033 699 1200 570
6347 3928 699 1200 570
6316 3852 694 1190 580
6304 3836 649 1190 580
6304 3869 566 1170 580
6315 3935 368 1170 580
6473 4945 68 1160 580
6555 5097 80 1160 580
6604 5141 101 1170 580
6667 5171 168 1170 580
6735 5224 251 1190 580
6805 5237 294 1190 580
6876 5223 334 1210 580
6932 5185 409 1210 580
6977 5144 440 1210 580
7019 5095 504 1230 580
7039 5038 570 1240 580
7044 4969 600 1240 580
7013 4884 631 1260 580
6950 4790 656 1260 580
6865 4708 664 1270 590
6760 4647 665 1270 590
6661 4601 661 1250 590
6574 4586 655 1250 590
6516 4600 634 1250 590
6477 4633 533 1250 590
6487 4692 368 1240 580
7926 5386 70 1260 580
7926 5386 173 1270 590
7927 5352 262 1280 580
7902 5323 319 1280 580
7874 5278 381 1280 580
7847 5228 458 1290 590
7822 5152 535 1290 590
7800 5061 575 1290 590
7783 4953 599 1290 590
7769 4836 613 1290 590
7760 4713 614 1290 590
7760 4635 614 1280 590
7768 4590 614 1270 590
7786 4566 616 1270 590
7815 4566 614 1250 590
7848 4593 614 1250 590
7889 4635 617 1250 590
7934 4705 569 1240 600
7982 4810 497 1240 600
8035 4938 461 1240 600
8086 5055 448 1240 600
8132 5169 440 1240 600
8176 5249 448 1250 600
8202 5307 473 1250 600
8212 5322 537 1250 600
8212 5322 562 1250 600
8205 5322 581 1260 600
8186 5293 605 1280 610
8159 5248 624 1280 610
8127 5191 647 1280 610
8084 5101 653 1290 600
8033 4968 652 1290 600
7965 4806 653 1290 600
7874 4613 665 1290 600
7767 4417 663 1290 600
7654 4194 673 1290 600
7542 3954 681 1290 600
7433 3713 693 1280 610
7320 3527 681 1260 600
7197 3378 669 1250 600
7068 3250 614 1230 610
6948 3176 447 1230 610