249
2388 5664 48 1320 480
2351 5706 101 1320 480
2344 5723 95 1330 470
2344 5723 127 1330 470
2344 5701 170 1330 470
2344 5642 226 1340 480
2344 5511 275 1340 480
2344 5331 329 1340 480
2333 5127 348 1340 480
2333 4908 382 1340 480
2328 4680 420 1330 480
2328 4477 427 1330 480
2328 4259 453 1330 480
2328 4031 463 1330 480
2328 3822 465 1320 490
2338 3674 468 1320 490
2351 3568 469 1300 500
2368 3504 466 1290 500
2383 3455 427 1290 500
2394 3416 282 1280 500
2401 3402 63 1270 510
2377 4181 205 1230 520
2410 4200 221 1220 530
2387 4214 254 1210 520
2379 4261 245 1210 520
2379 4261 264 1210 520
2379 4261 312 1220 510
2400 4272 382 1220 510
2434 4302 409 1220 510
2506 4342 430 1230 510
2602 4390 450 1230 510
2715 4429 469 1230 510
2814 4469 474 1250 510
2913 4509 467 1250 510
3003 4543 468 1250 510
3086 4573 456 1270 510
3155 4600 392 1270 510
3201 4625 244 1270 510
3231 4659 1 1270 510
3368 5679 143 1280 500
3382 5799 202 1290 500
3344 5812 217 1290 500
3329 5773 245 1290 500
3316 5699 314 1300 500
3303 5545 382 1300 500
3288 5315 418 1300 500
3273 5035 443 1320 490
3262 4708 453 1320 490
3262 4412 460 1320 490
3273 4136 466 1320 490
3294 3876 465 1300 500
3319 3676 465 1300 500
3351 3516 447 1300 510
3386 3412 407 1290 510
3414 3341 221 1280 520
4706 4399 94 1230 490
4706 4399 148 1240 500
4713 4438 191 1240 500
4713 4449 233 1240 500
4707 4483 276 1250 500
4707 4527 309 1250 500
4707 4578 358 1250 500
4707 4631 377 1250 500
4700 4679 389 1250 500
4683 4719 409 1250 500
4653 4752 422 1250 500
4614 4765 423 1250 500
4571 4765 417 1250 500
4526 4738 418 1250 500
4479 4672 422 1260 490
4439 4580 427 1260 490
4404 4430 433 1260 490
4380 4253 441 1260 490
4365 4058 444 1260 490
4365 3926 443 1260 490
4381 3825 441 1250 500
4400 3744 443 1250 500
4421 3714 448 1250 500
4447 3714 463 1250 500
4478 3739 473 1240 500
4516 3821 465 1240 500
4559 3937 468 1240 500
4604 4076 472 1240 500
4651 4216 475 1240 500
4689 4342 477 1240 500
4721 4460 485 1230 510
4742 4528 490 1230 510
4752 4567 488 1230 510
4752 4586 496 1230 510
4752 4586 497 1230 510
4752 4576 509 1230 510
4752 4563 538 1250 510
4765 4502 561 1250 510
4780 4409 589 1260 510
4808 4279 595 1260 510
4841 4166 611 1260 510
4893 4064 616 1260 510
4944 3978 620 1280 520
4994 3909 620 1280 520
5049 3851 613 1270 520
5102 3816 616 1270 520
5149 3802 592 1270 520
5192 3802 541 1270 520
5218 3813 422 1270 520
5237 3844 68 1270 520
5568 4833 250 1290 510
5568 4833 233 1290 510
5528 4902 242 1290 510
5511 4933 255 1300 510
5505 4948 267 1290 510
5518 4958 277 1290 510
5536 4992 277 1290 510
5565 5042 307 1280 500
5605 5071 329 1280 500
5655 5080 364 1280 500
5708 5080 396 1280 500
5751 5017 417 1290 500
5787 4892 436 1300 510
5808 4722 452 1300 510
5819 4549 477 1300 510
5819 4344 489 1320 510
5814 4117 515 1320 510
5800 3884 522 1300 520
5782 3645 533 1300 520
5762 3445 540 1290 520
5747 3274 540 1290 520
5735 3103 536 1290 530
5723 2981 540 1280 540
5730 2891 519 1280 540
5739 2839 488 1260 540
5751 2824 420 1250 550
5760 2835 177 1240 550
5761 4489 156 1200 540
5783 4599 186 1200 540
5735 4639 187 1220 540
5723 4675 178 1220 540
5734 4712 206 1220 540
5764 4756 247 1220 530
5818 4818 307 1220 530
5888 4888 332 1230 520
5978 4943 346 1240 520
6056 4957 371 1260 510
6126 4943 394 1260 510
6185 4897 420 1270 520
6218 4807 427 1280 520
6233 4689 440 1280 520
6211 4576 439 1280 520
6166 4462 443 1280 520
6105 4348 452 1280 520
6038 4262 452 1280 520
5967 4189 443 1290 520
5894 4150 396 1290 520
5842 4130 245 1290 520
6509 4952 186 1280 520
6496 5040 180 1280 520
6478 5095 193 1280 520
6485 5161 207 1280 520
6506 5188 212 1280 520
6537 5216 244 1280 520
6582 5245 265 1280 520
6626 5260 294 1280 520
6670 5249 322 1280 520
6710 5220 371 1290 510
6756 5151 410 1290 510
6792 5010 436 1290 510
6822 4822 455 1290 510
6822 4589 488 1290 510
6811 4353 510 1290 510
6782 4094 524 1290 510
6747 3820 543 1290 520
6709 3563 546 1290 520
6668 3338 550 1280 530
6634 3135 551 1270 530
6605 2978 550 1250 540
6585 2855 550 1250 540
6578 2755 537 1240 540
6578 2674 505 1230 550
6587 2654 468 1210 550
6595 2675 423 1200 550
6602 2694 284 1200 550
6691 4823 30 1220 540
6691 4823 70 1220 540
6723 4866 129 1230 530
6754 4890 184 1230 530
6790 4923 215 1240 530
6833 4962 242 1250 540
6879 5003 259 1270 530
6927 5042 282 1270 530
6981 5080 317 1270 530
7044 5107 327 1280 530
7113 5130 339 1290 530
7189 5119 371 1290 530
7251 5087 377 1290 530
7305 5029 397 1300 530
7320 4944 418 1310 540
7296 4842 420 1310 540
7245 4714 443 1310 540
7162 4595 473 1310 540
7057 4481 496 1310 540
6938 4365 513 1310 540
6804 4268 537 1300 540
6695 4183 556 1300 540
6602 4139 561 1300 540
6553 4120 550 1290 550
6537 4120 483 1290 550
6544 4120 382 1280 540
6569 4145 98 1260 540
7657 5387 250 1280 520
7664 5321 259 1280 520
7644 5386 249 1290 520
7649 5378 260 1290 520
7669 5368 309 1300 520
7721 5309 381 1300 520
7765 5220 418 1300 520
7803 5072 435 1300 520
7842 4909 448 1300 520
7872 4737 453 1300 530
7896 4626 463 1300 530
7924 4546 473 1300 530
7953 4488 477 1300 540
7984 4470 499 1300 540
8021 4491 510 1290 550
8079 4538 512 1290 550
8151 4636 513 1300 550
8242 4768 512 1290 560
8336 4924 521 1290 560
8418 5072 521 1290 560
8490 5220 518 1290 560
8549 5366 516 1290 560
8596 5510 521 1290 560
8634 5635 519 1300 560
8665 5749 522 1300 560
8683 5838 532 1300 560
8693 5865 544 1300 560
8693 5851 567 1300 560
8693 5788 585 1290 560
8700 5671 595 1300 550
8678 5517 606 1300 550
8640 5328 619 1300 550
8592 5136 627 1310 550
8517 4867 641 1310 550
8423 4548 655 1310 550
8282 4127 658 1310 550
8126 3659 656 1310 550
7960 3160 641 1300 550
7788 2636 616 1300 550
7658 2253 574 1290 560
7555 1965 510 1270 560
7497 1742 312 1260 570