597
1277 7268 54 1290 500
1234 7247 244 1280 490
1229 7270 302 1280 490
1229 7325 364 1290 490
1229 7336 407 1290 490
1250 7350 468 1280 480
1283 7365 517 1280 480
1330 7373 538 1300 480
1389 7379 548 1300 480
1456 7362 572 1280 470
1523 7332 588 1300 480
1588 7277 619 1310 470
1645 7190 638 1320 480
1698 7081 665 1330 480
1733 6926 682 1320 490
1756 6741 705 1330 500
1772 6535 740 1330 510
1760 6241 754 1340 510
1740 5929 768 1330 520
1714 5604 790 1330 530
1677 5299 787 1330 530
1621 4973 806 1310 550
1552 4633 817 1310 560
1482 4396 828 1280 570
1413 4159 828 1260 580
1347 3921 827 1240 580
1286 3758 823 1210 590
1233 3672 782 1180 590
1185 3637 685 1170 590
1157 3677 504 1130 590
2550 7539 249 1340 520
2538 7500 282 1360 520
2526 7534 301 1360 520
2502 7609 339 1390 520
2519 7635 366 1390 520
2584 7685 407 1400 520
2680 7750 443 1400 520
2781 7796 480 1400 520
2901 7847 509 1400 520
3034 7902 512 1400 520
3171 7949 524 1400 520
3293 7995 543 1400 520
3406 8041 537 1410 510
3505 8073 546 1410 510
3597 8101 557 1410 510
3683 8123 564 1410 510
3760 8137 566 1410 510
3807 8137 572 1420 500
3835 8131 586 1420 500
3851 8123 600 1420 500
3860 8114 613 1430 500
3860 8104 639 1430 500
3860 8093 652 1430 500
3860 8084 668 1430 500
3853 8071 678 1440 490
3844 8054 691 1440 490
3829 8030 693 1440 490
3808 8000 710 1440 490
3782 7960 720 1440 490
3754 7910 739 1430 500
3725 7855 750 1430 500
3699 7800 773 1420 490
3676 7742 790 1410 500
3658 7680 794 1410 500
3641 7610 812 1410 500
3624 7532 826 1410 500
3610 7441 827 1400 510
3598 7342 842 1400 510
3589 7250 861 1400 510
3584 7156 857 1380 510
3584 7059 872 1380 510
3584 6959 882 1380 510
3590 6854 894 1370 520
3595 6752 900 1370 520
3601 6658 892 1360 520
3610 6554 896 1340 520
3620 6444 903 1340 520
3634 6322 911 1330 530
3646 6193 914 1330 530
3662 6060 914 1330 530
3679 5914 920 1310 540
3700 5759 924 1310 540
3724 5631 927 1300 540
3750 5497 930 1290 550
3776 5351 932 1290 550
3804 5196 935 1270 550
3830 5036 933 1260 560
3858 4861 932 1260 560
3886 4677 942 1250 560
3916 4518 939 1220 560
3943 4354 942 1220 560
3967 4178 942 1210 560
3996 3997 950 1220 570
4027 3812 944 1200 570
4063 3631 938 1200 570
4103 3454 941 1190 580
4145 3288 961 1160 570
4181 3100 961 1160 570
4215 2897 965 1160 570
4251 2751 967 1150 580
4277 2633 974 1150 580
4296 2535 979 1130 580
4306 2470 980 1130 580
4306 2434 988 1130 580
4306 2418 977 1130 580
4280 2437 947 1110 570
4216 2513 896 1110 570
4128 2626 806 1110 570
4016 2810 661 1110 570
3901 3023 131 1110 570
2480 6270 55 1320 510
2454 6243 93 1320 510
2438 6243 90 1330 520
2427 6248 117 1330 520
2418 6248 144 1340 520
2407 6248 217 1340 520
2398 6248 285 1340 520
2389 6254 329 1330 520
2380 6254 371 1330 520
2380 6254 388 1330 520
2374 6254 422 1330 520
2374 6254 441 1330 520
2368 6254 447 1330 520
2368 6259 467 1330 520
2360 6259 496 1330 520
2360 6259 510 1330 520
2360 6259 524 1330 520
2360 6259 527 1330 520
2360 6266 540 1330 520
2368 6290 546 1330 520
2404 6327 561 1330 520
2457 6373 595 1330 520
2523 6420 611 1330 520
2623 6481 619 1330 520
2745 6551 636 1330 520
2844 6606 645 1330 520
2943 6660 643 1330 520
3018 6693 644 1330 520
3076 6713 650 1330 520
3106 6722 655 1330 520
3114 6722 669 1330 520
3108 6722 697 1330 520
3108 6722 708 1330 520
3108 6722 722 1330 520
3101 6722 722 1330 520
3092 6722 724 1330 520
3080 6722 727 1330 520
3070 6722 727 1310 520
3063 6722 727 1310 520
3055 6722 728 1310 520
3050 6722 728 1310 520
3050 6722 727 1310 520
3050 6722 724 1310 520
3050 6722 722 1310 520
3050 6717 721 1310 520
3044 6717 721 1310 520
3037 6703 721 1310 520
3030 6687 721 1310 520
3018 6664 722 1310 520
3003 6635 724 1310 520
2984 6599 722 1310 520
2955 6544 722 1330 530
2919 6477 724 1330 530
2869 6374 727 1330 530
2813 6266 728 1330 530
2753 6161 733 1330 530
2696 6060 721 1330 530
2658 5975 734 1340 520
2632 5908 742 1340 520
2625 5853 748 1340 520
2625 5807 754 1330 530
2636 5779 763 1330 530
2654 5762 760 1310 540
2676 5751 773 1310 540
2712 5751 787 1300 540
2756 5761 793 1300 540
2818 5791 794 1290 550
2886 5830 796 1290 550
2955 5876 797 1290 550
3022 5900 783 1290 550
3083 5918 784 1290 550
3125 5918 783 1290 550
3154 5908 785 1290 550
3164 5889 790 1290 550
3151 5846 793 1270 550
3123 5787 794 1270 550
3078 5722 797 1270 550
3022 5655 797 1270 550
2958 5572 799 1270 550
2898 5480 800 1270 550
2844 5397 808 1270 550
2812 5333 820 1270 550
2791 5282 821 1270 550
2784 5256 829 1260 560
2791 5244 817 1260 560
2806 5244 825 1260 560
2832 5234 830 1250 560
2884 5247 833 1250 560
2954 5273 833 1230 560
3020 5298 834 1230 560
3071 5318 833 1220 570
3112 5318 834 1220 570
3131 5303 840 1220 570
3131 5273 846 1220 570
3109 5215 845 1220 570
3067 5138 846 1220 570
3009 5039 848 1220 570
2940 4925 860 1220 570
2884 4802 864 1220 570
2853 4683 878 1220 570
2838 4594 888 1200 570
2846 4524 896 1200 570
2859 4465 899 1200 570
2884 4424 906 1200 570
2917 4395 892 1190 580
2957 4387 894 1190 580
2998 4400 899 1190 580
3038 4426 899 1190 580
3075 4474 896 1170 580
3107 4536 897 1170 580
3136 4607 906 1170 580
3168 4691 897 1170 580
3194 4772 900 1160 580
3215 4851 896 1160 580
3231 4896 890 1160 580
3247 4923 887 1150 580
3263 4937 885 1150 580
3288 4943 888 1150 580
3317 4928 896 1160 570
3358 4899 906 1160 570
3406 4851 905 1160 570
3446 4798 912 1160 570
3479 4732 923 1160 570
3490 4659 921 1160 570
3465 4569 911 1180 570
3416 4461 834 1180 570
3349 4341 489 1180 570
5272 6515 61 1340 500
5211 6482 110 1340 500
5174 6482 179 1330 500
5164 6482 247 1320 500
5158 6482 281 1320 500
5158 6482 342 1320 500
5165 6492 413 1320 500
5212 6512 480 1320 500
5286 6557 537 1320 500
5411 6618 577 1320 500
5589 6695 602 1330 510
5801 6775 617 1330 510
5970 6858 631 1330 510
6100 6917 645 1330 510
6205 6955 638 1340 510
6272 6980 641 1350 510
6307 6994 637 1350 510
6320 7008 562 1350 510
6312 7026 356 1370 510
5894 7164 66 1400 500
5857 7222 165 1400 500
5844 7249 226 1410 490
5836 7260 274 1410 490
5836 7260 307 1410 490
5836 7260 334 1410 490
5836 7260 398 1410 490
5836 7253 431 1410 490
5836 7228 473 1410 490
5836 7190 499 1410 490
5836 7140 537 1410 490
5828 7069 567 1410 490
5818 6983 585 1410 490
5807 6886 620 1400 500
5800 6785 661 1400 500
5800 6677 688 1400 500
5800 6567 699 1380 500
5800 6454 730 1380 500
5805 6338 743 1380 500
5805 6237 761 1370 510
5798 6146 763 1370 510
5798 6071 779 1380 510
5798 6003 791 1380 510
5798 5940 787 1370 520
5798 5895 796 1370 520
5810 5864 808 1370 520
5822 5842 829 1370 530
5850 5850 821 1370 530
5889 5901 825 1370 530
5965 5982 828 1370 530
6042 6065 830 1370 530
6110 6142 831 1370 530
6172 6209 833 1370 530
6210 6245 833 1370 530
6224 6262 831 1370 530
6224 6262 826 1370 530
6208 6256 797 1370 530
6176 6251 749 1370 530
6131 6212 691 1370 530
6065 6159 606 1370 530
5991 6097 474 1370 530
5912 6025 240 1370 530
5066 5321 88 1210 530
5066 5321 89 1210 530
5066 5321 91 1210 530
5066 5321 149 1210 530
5066 5321 172 1210 530
5066 5321 176 1210 530
5066 5321 207 1210 530
5066 5321 249 1210 530
5066 5321 284 1210 530
5066 5321 309 1210 530
5081 5289 348 1210 530
5086 5279 388 1210 530
5092 5262 420 1210 530
5099 5237 473 1220 540
5107 5189 526 1220 540
5107 5127 583 1220 540
5113 5046 617 1220 540
5113 4965 670 1220 540
5120 4883 697 1220 540
5129 4797 730 1220 540
5142 4708 751 1220 540
5155 4624 762 1200 540
5165 4547 768 1200 540
5186 4486 770 1200 540
5213 4437 763 1190 540
5237 4403 746 1190 540
5260 4394 696 1170 550
5285 4402 645 1170 550
5313 4447 560 1170 550
5347 4515 504 1160 550
5373 4599 496 1160 550
5394 4669 496 1160 550
5420 4705 491 1150 550
5446 4718 532 1150 550
5472 4713 580 1150 550
5509 4691 624 1130 560
5552 4658 669 1130 560
5618 4623 711 1130 560
5696 4590 733 1130 560
5799 4564 736 1140 570
5897 4543 751 1140 570
5991 4549 758 1160 560
6094 4568 763 1160 560
6197 4596 754 1160 560
6291 4632 757 1160 570
6380 4674 756 1160 570
6439 4719 757 1160 570
6470 4783 751 1160 570
6483 4863 761 1160 570
6463 4953 761 1170 580
6419 5036 761 1170 580
6360 5096 758 1190 580
6288 5140 757 1190 580
6207 5153 763 1200 570
6120 5162 779 1200 570
6073 5162 790 1200 570
6068 5180 788 1220 570
6091 5199 790 1220 570
6175 5213 796 1220 570
6313 5278 800 1230 560
6486 5378 803 1230 560
6700 5438 802 1250 560
6907 5452 811 1260 570
7110 5435 830 1260 570
7254 5383 854 1270 560
7345 5297 900 1280 570
7400 5189 906 1280 570
7392 5066 915 1280 570
7336 4921 912 1280 570
7249 4762 896 1270 570
7154 4646 866 1280 580
7096 4577 761 1280 580
7063 4540 392 1280 580
8202 7330 15 1390 480
8248 7352 56 1390 480
8253 7352 149 1410 490
8253 7336 223 1410 490
8263 7306 309 1410 490
8272 7264 393 1410 490
8282 7198 455 1420 490
8293 7097 520 1420 490
8308 6973 567 1420 490
8325 6812 605 1410 500
8342 6680 627 1420 500
8356 6567 662 1420 500
8371 6452 663 1410 510
8380 6358 675 1410 510
8380 6277 675 1410 510
8394 6234 670 1400 520
8394 6213 671 1400 520
8394 6207 616 1390 520
8380 6220 546 1390 520
8341 6249 467 1390 520
8284 6288 417 1370 530
8213 6336 404 1370 530
8130 6379 397 1390 540
8040 6413 402 1370 540
7962 6436 417 1370 540
7887 6452 425 1370 540
7837 6465 452 1370 540
7801 6478 472 1370 540
7789 6492 473 1370 530
7796 6508 473 1370 530
7816 6535 480 1370 530
7886 6574 491 1370 530
7977 6622 499 1370 530
8082 6670 520 1370 530
8211 6717 527 1370 530
8341 6764 537 1370 530
8468 6796 544 1370 530
8556 6815 546 1370 530
8620 6826 540 1360 540
8652 6821 537 1360 540
8652 6812 546 1360 540
8642 6781 544 1360 540
8585 6737 544 1360 540
8496 6671 544 1360 540
8386 6602 546 1360 540
8274 6528 545 1370 540
8173 6465 561 1370 540
8126 6409 566 1370 540
8112 6399 560 1370 540
8122 6399 584 1370 540
8133 6394 592 1370 540
8198 6420 600 1370 540
8298 6473 600 1370 540
8439 6543 594 1390 540
8597 6609 589 1390 540
8767 6673 580 1400 540
8936 6714 580 1400 540
9065 6741 580 1400 540
9167 6756 580 1400 540
9269 6771 581 1400 540
9363 6785 586 1400 540
9452 6799 586 1410 550
9530 6814 586 1400 550
9585 6830 586 1400 550
9625 6839 589 1400 550
9635 6845 592 1400 550
9635 6845 594 1400 550
9635 6845 592 1400 550
9635 6854 592 1400 550
9635 6871 589 1400 550
9635 6885 589 1400 550
9629 6905 589 1400 550
9624 6929 588 1400 550
9617 6950 591 1400 550
9606 6964 588 1400 550
9592 6964 594 1410 550
9577 6970 600 1410 550
9567 6970 617 1430 550
9559 6970 640 1440 540
9551 6963 667 1440 540
9545 6950 716 1440 540
9528 6912 748 1450 540
9505 6858 760 1450 540
9483 6810 768 1450 540
9457 6760 767 1450 540
9409 6706 733 1450 540
9347 6642 580 1450 540
7650 5636 90 1270 560
7618 5619 171 1270 560
7609 5636 250 1270 560
7604 5636 334 1260 560
7599 5636 396 1260 560
7594 5636 435 1260 560
7594 5636 461 1250 550
7586 5636 489 1250 550
7586 5625 538 1250 550
7586 5614 578 1240 540
7608 5603 622 1240 540
7639 5603 662 1240 540
7700 5603 675 1240 540
7786 5623 681 1240 540
7888 5650 688 1240 540
7986 5680 687 1250 550
8086 5701 687 1250 550
8190 5719 688 1250 550
8296 5724 685 1260 560
8401 5724 679 1250 560
8511 5729 676 1250 560
8626 5756 673 1250 560
8767 5797 670 1260 570
8924 5847 675 1260 570
9045 5878 678 1280 570
9139 5896 684 1280 570
9214 5896 688 1310 570
9272 5891 693 1310 570
9321 5891 694 1340 570
9364 5884 693 1340 570
9392 5884 694 1360 570
9392 5884 645 1360 570
9378 5884 485 1380 570
9334 5890 156 1380 570
8384 5677 425 1390 560
8242 5592 518 1390 560
8193 5563 546 1390 560
8147 5532 610 1380 570
8129 5499 684 1360 560
8129 5469 733 1350 570
8136 5442 777 1350 570
8154 5406 802 1340 570
8192 5377 820 1340 570
8242 5354 830 1320 580
8317 5354 830 1310 570
8422 5384 821 1310 570
8547 5437 796 1300 580
8683 5494 779 1300 580
8823 5547 773 1300 580
8968 5577 779 1300 580
9089 5593 787 1300 580
9193 5601 799 1300 580
9318 5607 818 1300 580
9444 5607 861 1300 580
9570 5607 867 1300 580
9679 5598 869 1300 580
9779 5598 864 1300 580
9842 5587 857 1310 580
9868 5580 831 1310 580
9868 5568 771 1310 580
9841 5551 492 1310 580
7299 4050 304 1210 560
7187 4037 363 1210 560
7147 4043 369 1210 560
7123 4049 440 1210 560
7116 4060 466 1210 560
7121 4074 495 1210 560
7141 4088 513 1220 570
7209 4113 551 1220 570
7309 4133 572 1220 570
7468 4207 603 1220 570
7681 4319 636 1220 570
7931 4402 699 1220 570
8193 4481 710 1230 580
8503 4552 722 1230 580
8846 4617 727 1230 580
9147 4664 751 1230 580
9427 4699 767 1230 580
9692 4744 784 1230 580
9955 4788 821 1240 580
10171 4830 825 1240 580
10355 4859 837 1240 580
10544 4881 839 1250 590
10685 4903 837 1250 590
10794 4919 837 1250 590
10873 4929 825 1260 600
10914 4938 821 1260 600
10930 4949 762 1260 600
10920 4980 636 1260 600
10875 5026 494 1260 600
10807 5086 398 1260 600
10718 5165 277 1260 600
8752 7614 165 1360 550
8686 7658 251 1360 550
8679 7672 317 1370 540
8679 7677 305 1370 540
8679 7677 329 1370 540
8686 7667 333 1360 540
8700 7655 351 1360 540
8716 7640 363 1360 540
8733 7619 374 1360 540
8747 7595 397 1360 540
8758 7554 441 1360 540
8768 7501 473 1360 540
8778 7429 520 1360 540
8787 7342 537 1360 540
8787 7246 561 1350 530
8787 7134 592 1350 530
8787 6998 600 1350 530
8787 6847 611 1350 530
8778 6702 622 1340 540
8778 6553 641 1340 540
8772 6383 638 1340 540
8772 6202 665 1340 540
8772 6021 679 1330 540
8772 5827 700 1330 540
8772 5625 703 1330 540
8772 5432 716 1310 550
8780 5216 728 1310 550
8780 4984 730 1300 550
8785 4727 754 1300 550
8790 4477 762 1290 560
8804 4231 784 1270 560
8821 3972 785 1270 560
8855 3710 802 1260 570
8900 3465 818 1240 570
8945 3232 827 1240 570
8975 2962 817 1230 580
8995 2688 828 1230 580
9008 2412 837 1230 590
9015 2127 848 1210 590
9015 1841 855 1190 600
9021 1555 853 1180 600
9021 1297 861 1170 610
9016 1043 860 1150 620
9016 792 867 1140 620
9010 574 812 1130 630
9010 423 702 1110 640
9025 318 397 1090 640