504
2058 5797 1360 500 48
2038 5739 1360 500 73
2038 5690 1360 500 96
2038 5627 1360 500 127
2046 5554 1360 510 160
2060 5474 1360 510 195
2079 5361 1360 510 212
2100 5227 1360 510 253
2118 5056 1360 510 247
2125 4882 1360 510 252
2125 4686 1350 520 259
2099 4478 1350 520 260
2073 4286 1350 520 262
2032 4100 1350 520 262
1982 3928 1350 520 264
1924 3764 1340 520 264
1858 3617 1340 520 269
1787 3491 1340 520 265
1708 3378 1330 530 264
1634 3276 1330 530 260
1562 3219 1310 540 239
1518 3192 1300 530 100
2671 5690 1330 480 101
2671 5690 1330 480 109
2658 5716 1330 480 95
2651 5734 1330 480 96
2688 5748 1330 480 96
2731 5788 1330 480 105
2793 5845 1330 480 117
2865 5914 1330 480 134
2948 5981 1330 480 134
3053 6046 1340 490 146
3173 6109 1350 490 153
3289 6154 1350 490 153
3391 6178 1360 490 160
3483 6189 1360 490 161
3560 6172 1360 490 160
3619 6132 1370 480 170
3666 6078 1370 480 170
3701 5994 1370 480 190
3730 5881 1380 480 222
3756 5750 1380 480 225
3782 5618 1380 480 246
3804 5459 1370 480 245
3822 5281 1370 480 275
3841 5095 1370 480 279
3859 4879 1360 490 291
3876 4642 1350 490 317
3921 4382 1340 490 314
3951 4131 1330 500 312
3970 3886 1330 500 329
4007 3622 1320 500 339
4043 3401 1300 510 344
4078 3190 1290 510 339
4118 2973 1280 520 346
4159 2772 1280 520 344
4194 2634 1270 520 349
4231 2539 1250 530 354
4253 2463 1250 530 356
4265 2416 1240 530 354
4280 2389 1240 530 367
4280 2389 1240 530 389
4273 2407 1230 530 382
4240 2435 1230 530 376
4191 2514 1230 530 367
4131 2622 1230 530 356
4060 2750 1230 530 305
3988 2893 1230 530 226
3916 3043 1220 540 88
2620 4519 1260 490 13
2608 4555 1260 490 25
2601 4562 1270 500 24
2612 4567 1260 500 30
2650 4589 1260 500 53
2707 4622 1260 500 56
2766 4661 1270 510 88
2837 4711 1270 510 106
2916 4768 1270 510 93
2995 4835 1280 520 103
3073 4900 1280 520 110
3139 4959 1290 520 115
3197 5015 1290 520 117
3231 5066 1290 520 119
3245 5111 1290 520 129
3245 5151 1290 520 137
3231 5191 1290 520 148
3204 5230 1300 520 163
3170 5268 1300 520 173
3127 5300 1300 520 187
3087 5317 1300 520 180
3048 5325 1300 520 181
3022 5310 1320 510 183
2997 5263 1320 510 188
2974 5194 1320 510 191
2954 5095 1320 510 196
2938 4992 1320 510 195
2938 4902 1320 510 195
2948 4823 1320 510 198
2962 4755 1300 520 202
2982 4710 1300 520 202
3013 4681 1300 520 202
3051 4662 1300 520 202
3105 4667 1300 520 202
3167 4689 1300 520 203
3230 4735 1300 520 202
3291 4784 1290 520 203
3329 4834 1290 520 202
3353 4845 1290 520 203
3353 4832 1280 520 207
3342 4803 1280 520 210
3318 4731 1280 520 210
3274 4654 1270 520 213
3221 4567 1270 520 215
3162 4476 1270 520 222
3101 4387 1270 520 225
3055 4304 1270 520 230
3020 4226 1270 520 240
3003 4155 1270 520 239
3003 4086 1270 520 242
3003 4018 1270 520 240
3024 3950 1270 520 240
3047 3881 1270 520 240
3075 3807 1250 530 247
3103 3735 1250 530 246
3132 3689 1250 530 246
3153 3660 1240 530 246
3169 3647 1240 530 251
3177 3647 1240 530 247
3177 3647 1230 530 252
3182 3672 1230 530 255
3193 3720 1230 530 257
3205 3785 1230 530 260
3221 3847 1230 530 260
3241 3909 1230 530 264
3268 3969 1230 530 265
3299 4021 1230 530 267
3334 4065 1230 530 265
3370 4087 1230 530 267
3403 4095 1230 530 267
3434 4089 1230 530 272
3462 4054 1230 530 277
3482 4001 1230 530 284
3496 3925 1230 530 276
3490 3843 1230 530 291
3474 3753 1240 530 311
3450 3682 1240 530 317
3422 3623 1240 530 337
3395 3576 1240 530 351
3368 3548 1230 530 364
3362 3533 1230 530 371
3362 3533 1230 530 369
3375 3551 1220 540 367
3398 3576 1220 540 366
3449 3644 1220 540 339
3519 3754 1220 540 277
3612 3892 1220 540 205
3715 4039 1220 540 27
4285 5484 1310 470 93
4246 5400 1310 470 110
4229 5448 1310 470 117
4229 5448 1300 480 115
4245 5463 1300 480 132
4302 5482 1300 480 134
4385 5522 1300 480 158
4484 5575 1280 480 173
4611 5636 1290 490 187
4742 5697 1290 490 176
4855 5758 1290 490 173
4954 5823 1290 490 175
5040 5892 1300 500 175
5111 5949 1300 500 171
5173 6001 1320 490 170
5210 6045 1330 500 168
5218 6086 1330 500 122
5207 6123 1340 490 86
5174 6159 1340 490 61
5128 6192 1350 500 56
5073 6224 1360 490 60
5028 6253 1360 490 65
4989 6275 1370 500 86
4959 6293 1380 490 101
4941 6303 1380 490 119
4932 6303 1380 490 122
4932 6303 1390 480 127
4925 6273 1390 480 139
4925 6224 1390 480 151
4918 6141 1400 480 187
4911 6016 1400 480 207
4896 5864 1390 480 221
4879 5704 1390 480 242
4860 5545 1390 480 242
4843 5385 1400 500 255
4828 5234 1400 500 270
4818 5093 1380 500 282
4811 4984 1380 500 281
4811 4906 1380 500 291
4817 4850 1370 510 296
4828 4826 1370 510 304
4840 4826 1370 510 324
4868 4839 1360 510 339
4907 4886 1360 510 339
4967 4959 1350 520 345
5039 5049 1350 520 342
5120 5134 1340 520 340
5196 5206 1340 520 325
5253 5269 1340 520 228
5297 5314 1340 520 1
4335 4755 1260 480 67
4363 4732 1260 480 47
4340 4693 1250 480 50
4327 4606 1250 480 55
4311 4486 1250 480 73
4292 4359 1250 480 91
4266 4229 1260 490 104
4239 4096 1250 500 91
4211 3988 1260 500 109
4179 3889 1260 500 106
4145 3797 1250 510 103
4124 3730 1250 510 58
4593 4383 1230 520 12
4726 4482 1230 520 13
4752 4502 1230 520 36
4773 4480 1230 520 63
4786 4431 1230 520 106
4794 4357 1240 520 137
4794 4268 1250 530 165
4794 4168 1250 530 171
4794 4083 1250 530 183
4801 4025 1250 530 195
4823 3986 1270 530 207
4849 3968 1270 530 215
4882 3963 1270 530 206
4916 3963 1270 530 223
4947 3984 1280 540 232
4972 4009 1280 540 242
4993 4039 1280 540 241
5003 4077 1280 540 257
4998 4117 1280 540 255
4984 4158 1290 550 259
4957 4200 1290 550 260
4918 4248 1290 550 260
4870 4300 1290 550 262
4825 4361 1290 550 262
4783 4420 1290 550 265
4762 4474 1290 550 265
4753 4502 1280 540 267
4766 4514 1260 540 267
4799 4534 1260 540 267
4846 4552 1260 540 269
4904 4567 1260 540 269
4975 4583 1260 540 270
5055 4607 1260 540 270
5143 4635 1260 540 270
5234 4665 1260 540 274
5313 4693 1260 540 274
5384 4715 1260 540 274
5451 4727 1250 550 274
5511 4727 1250 550 275
5566 4727 1240 540 274
5624 4727 1240 540 274
5682 4721 1240 540 274
5741 4721 1250 550 279
5802 4726 1250 550 280
5859 4726 1250 550 279
5910 4726 1250 550 287
5959 4713 1250 550 291
6004 4677 1260 560 306
6039 4627 1260 560 317
6068 4560 1260 560 307
6084 4488 1260 560 310
6084 4405 1260 560 310
6071 4317 1270 560 309
6048 4225 1270 560 316
6022 4146 1270 560 274
5995 4075 1270 560 119
6683 6286 1390 450 24
6650 6138 1390 450 36
6635 6047 1390 450 41
6625 5960 1390 450 63
6618 5902 1390 450 61
6618 5863 1390 450 83
6618 5853 1390 450 108
6624 5853 1390 450 136
6629 5859 1390 450 172
6665 5883 1390 450 181
6722 5928 1400 460 202
6829 5988 1400 460 212
6949 6029 1400 460 215
7078 6073 1410 460 218
7230 6118 1410 460 220
7382 6172 1410 460 222
7529 6232 1410 460 220
7652 6297 1430 460 218
7762 6363 1420 470 218
7855 6425 1420 470 212
7907 6479 1420 470 184
7932 6515 1430 480 108
7925 6540 1430 480 56
7879 6551 1430 480 12
7808 6556 1420 480 1
7712 6550 1420 480 1
7599 6537 1420 480 1
7475 6520 1420 480 1
7347 6499 1420 480 5
7224 6472 1420 480 41
7104 6437 1420 480 68
7018 6392 1420 480 80
6956 6325 1420 480 95
6910 6244 1420 480 130
6887 6139 1420 480 134
6870 6025 1420 480 151
6875 5906 1420 480 161
6893 5806 1420 480 175
6918 5744 1410 490 173
6947 5707 1410 490 193
6982 5688 1400 500 210
7020 5688 1400 500 211
7062 5703 1380 500 214
7122 5751 1380 500 214
7195 5849 1380 500 216
7297 5980 1380 500 221
7403 6124 1370 510 223
7513 6268 1370 510 223
7606 6388 1370 510 223
7689 6492 1370 510 225
7745 6537 1370 510 225
7779 6537 1370 510 225
7798 6508 1370 510 228
7803 6444 1370 510 235
7790 6359 1370 510 239
7764 6261 1370 510 242
7746 6181 1380 500 249
7733 6111 1380 500 254
7728 6049 1400 500 241
7728 5994 1400 500 254
7743 5940 1410 490 254
7752 5886 1410 490 251
7757 5823 1400 500 251
7730 5740 1400 500 242
7666 5645 1400 500 239
7577 5520 1380 500 206
7465 5394 1380 500 206
7334 5266 1380 500 222
7191 5153 1370 510 209
7063 5050 1370 510 214
6939 4949 1370 510 235
6820 4859 1360 510 242
6730 4776 1360 510 260
6660 4731 1350 520 277
6635 4714 1350 520 292
6643 4714 1340 520 311
6674 4736 1340 520 314
6759 4804 1310 520 324
6888 4904 1310 520 335
7046 5013 1310 520 339
7228 5127 1330 520 340
7409 5245 1330 520 340
7583 5350 1330 520 344
7730 5450 1310 520 339
7864 5524 1330 530 332
7966 5581 1330 530 276
8029 5616 1330 530 177
7238 5435 1340 510 8
7167 5330 1340 510 53
7121 5209 1350 520 71
7068 5061 1350 520 103
7009 4896 1350 520 144
6948 4728 1350 520 180
6903 4605 1340 520 206
6868 4513 1350 530 235
6852 4440 1350 530 249
6860 4397 1340 540 249
6885 4374 1340 540 269
6923 4374 1340 540 284
6983 4410 1330 540 276
7057 4471 1330 540 279
7152 4565 1330 540 279
7249 4671 1330 540 282
7348 4784 1310 550 277
7412 4902 1310 550 279
7454 4983 1310 550 281
7470 5040 1310 550 281
7470 5059 1310 550 281
7449 5075 1310 550 281
7426 5083 1310 550 281
7398 5083 1330 540 282
7367 5083 1330 540 286
7333 5083 1330 540 287
7319 5078 1330 540 286
7319 5078 1330 530 291
7327 5078 1330 530 289
7359 5067 1340 520 292
7408 5052 1340 520 291
7471 5023 1340 520 292
7539 4986 1350 520 294
7617 4964 1350 520 296
7693 4956 1350 520 296
7768 4956 1350 520 294
7826 4956 1350 520 296
7853 4956 1350 520 301
7858 4936 1350 520 317
7838 4871 1340 520 319
7796 4775 1340 520 334
7740 4693 1330 530 341
7696 4624 1330 530 351
7657 4564 1310 540 358
7651 4537 1310 540 364
7666 4531 1300 530 373
7699 4540 1290 530 367
7759 4569 1290 530 367
7836 4619 1280 540 369
7921 4683 1280 540 371
8000 4757 1280 540 369
8074 4844 1280 540 371
8146 4939 1280 540 371
8214 5029 1280 540 371
8283 5131 1290 550 372
8355 5242 1290 550 372
8425 5336 1290 550 372
8471 5382 1290 550 371
8504 5397 1290 550 377
8517 5382 1300 550 382
8523 5325 1300 550 384
8523 5241 1300 550 386
8515 5152 1310 550 384
8507 5069 1320 550 382
8492 4991 1320 550 377
8473 4913 1320 550 364
8444 4835 1340 550 274
8390 4757 1340 550 90
6752 3773 1310 560 55
6684 3771 1310 560 89
6689 3788 1300 550 122
6711 3819 1300 550 156
6763 3851 1300 550 186
6839 3885 1300 550 214
6931 3918 1310 550 233
7040 3964 1310 550 251
7173 4018 1310 550 244
7321 4089 1310 550 250
7475 4175 1310 550 259
7630 4272 1310 550 270
7785 4376 1310 550 280
7945 4472 1290 550 282
8061 4531 1290 550 279
8147 4569 1300 550 279
8208 4574 1300 550 270
8229 4558 1300 550 262
8224 4529 1310 560 249
8189 4475 1310 560 235
8132 4411 1310 560 235
8060 4340 1310 560 235
7988 4275 1310 560 235
7917 4215 1310 560 237
7840 4158 1310 560 244
7760 4097 1310 560 242
7690 4030 1310 560 255
7622 3950 1310 560 272
7562 3850 1310 560 280
7511 3737 1310 560 276
7468 3645 1310 560 289
7443 3563 1310 560 306
7429 3489 1310 560 312
7429 3425 1310 560 305
7442 3379 1300 550 312
7465 3345 1290 560 330
7504 3326 1290 560 338
7569 3340 1290 560 353
7650 3375 1270 550 361
7760 3456 1260 560 373
7885 3559 1260 560 372
8020 3677 1260 560 381
8131 3792 1250 560 381
8223 3898 1250 560 374
8303 3976 1250 560 369
8349 4038 1260 570 362
8365 4090 1260 570 314
8360 4146 1270 560 175
7554 5666 1350 540 132
7580 5598 1350 540 136
7560 5578 1340 540 144
7560 5495 1340 540 144
7555 5371 1340 540 173
7560 5242 1340 540 193
7570 5112 1340 540 226
7585 4943 1330 540 250
7600 4748 1330 540 282
7614 4555 1330 540 279
7624 4335 1310 550 287
7631 4097 1310 550 301
7631 3833 1300 550 316
7617 3570 1310 560 312
7601 3299 1300 560 329
7582 3013 1280 570 345
7568 2716 1270 570 348
7555 2419 1270 570 354
7542 2117 1270 590 363
7522 1815 1250 590 363
7505 1532 1220 600 368
7489 1263 1200 600 369
7472 997 1180 620 363
7459 758 1150 630 358
7454 536 1130 630 309
7454 355 1100 650 103