388
2472 6339 1330 530 314
2528 6311 1330 530 325
2498 6394 1330 530 312
2498 6394 1330 530 344
2524 6346 1340 520 405
2580 6258 1340 520 485
2658 6093 1350 530 532
2750 5877 1350 530 540
2846 5602 1350 530 550
2940 5301 1360 540 561
3001 4983 1370 540 574
3040 4660 1360 550 614
3020 4368 1360 550 620
2957 4096 1350 550 630
2865 3817 1350 550 630
2753 3582 1340 560 627
2641 3377 1320 570 600
2528 3224 1310 570 562
2446 3136 1300 580 465
2389 3092 1270 590 206
3308 6037 1210 550 250
3401 6108 1240 540 404
3435 6134 1250 540 418
3452 6230 1250 530 423
3580 6344 1280 520 440
3764 6470 1280 520 473
3986 6616 1290 510 491
4201 6762 1300 510 514
4401 6884 1320 500 518
4539 6992 1330 510 522
4640 7055 1340 500 522
4699 7081 1340 500 526
4726 7081 1350 510 524
4731 7073 1360 510 526
4743 7060 1360 510 532
4756 7039 1370 520 533
4773 6994 1390 520 545
4795 6935 1390 520 592
4826 6825 1400 530 636
4858 6639 1400 530 681
4890 6402 1410 530 699
4921 6052 1410 530 724
4950 5696 1400 540 761
4989 5367 1400 540 793
5026 5058 1390 550 818
5062 4765 1380 550 861
5091 4455 1380 550 879
5120 4134 1350 570 885
5149 3745 1340 570 893
5178 3359 1340 580 894
5196 2976 1320 590 894
5205 2638 1290 600 908
5200 2435 1280 610 896
5185 2321 1240 620 899
5162 2208 1230 620 902
5129 2135 1210 630 897
5098 2090 1170 630 906
5053 2067 1170 650 878
4998 2067 1150 650 836
4927 2090 1150 650 754
4824 2174 1130 650 647
4700 2323 1100 660 399
3091 5860 1150 580 707
3309 5800 1160 570 702
3327 5812 1170 560 711
3333 5860 1190 540 719
3446 5874 1220 530 724
3629 5935 1240 520 724
3848 6027 1260 510 724
3996 6073 1270 510 721
4096 6127 1290 510 697
4173 6187 1300 510 649
4211 6225 1320 500 574
4222 6265 1340 500 425
4209 6308 1350 500 304
4160 6353 1350 510 219
4087 6353 1350 510 220
3992 6298 1360 510 226
3897 6209 1360 520 252
3802 6092 1370 530 286
3726 5958 1360 540 314
3675 5812 1360 540 342
3641 5699 1360 540 344
3630 5604 1350 540 348
3644 5520 1350 540 356
3674 5458 1340 550 392
3711 5424 1340 550 452
3752 5409 1320 550 522
3795 5409 1320 550 574
3837 5443 1310 560 595
3903 5498 1300 550 594
3974 5579 1290 560 589
4050 5660 1290 560 556
4099 5742 1270 560 474
4131 5810 1270 560 348
4123 5890 1260 560 200
4102 5973 1260 560 175
4071 6056 1260 560 193
4037 6099 1260 560 247
4007 6110 1290 560 285
3988 6099 1290 560 309
3975 6079 1300 550 329
3967 6039 1300 550 349
3960 5986 1300 550 387
3955 5904 1310 550 438
3950 5786 1310 550 472
3927 5644 1310 550 483
3893 5476 1340 550 483
3852 5299 1340 550 478
3816 5115 1340 550 463
3805 4996 1340 550 449
3805 4906 1340 550 427
3793 4836 1320 550 409
3757 4761 1310 560 399
3707 4704 1300 560 404
3654 4659 1280 570 427
3625 4585 1280 570 485
3611 4484 1260 570 537
3639 4365 1240 570 563
3690 4222 1230 580 588
3757 4119 1210 580 605
3825 4042 1210 580 614
3880 4008 1190 580 616
3927 3999 1190 580 619
3954 4006 1190 580 605
3968 4044 1170 580 580
3973 4116 1170 580 533
3973 4212 1170 580 468
3959 4309 1170 580 442
3943 4415 1170 580 439
3953 4528 1170 580 440
3989 4599 1170 580 450
4042 4622 1170 580 475
4121 4613 1170 580 541
4202 4560 1170 580 591
4264 4470 1170 580 611
4313 4356 1170 580 655
4319 4219 1170 580 688
4283 4078 1170 580 703
4218 3940 1170 580 711
4125 3806 1170 580 711
4037 3704 1170 580 711
3989 3660 1160 580 656
3967 3654 1160 580 418
5917 5670 1220 570 255
5876 5785 1240 570 382
5865 5842 1240 570 480
5844 5864 1240 570 572
5844 5864 1260 580 656
5869 5880 1270 570 703
5912 5919 1270 570 727
5994 5972 1280 570 728
6096 6019 1280 570 724
6210 6068 1300 560 711
6327 6113 1300 560 685
6411 6156 1310 560 650
6473 6182 1320 570 641
6528 6211 1320 570 619
6583 6241 1340 560 553
6622 6270 1340 560 425
6651 6295 1350 550 106
6409 6771 1400 530 305
6409 6771 1420 530 356
6409 6771 1420 530 366
6409 6771 1420 530 431
6407 6702 1420 530 540
6380 6526 1420 530 591
6346 6246 1420 530 633
6314 5896 1410 530 662
6290 5595 1410 530 685
6290 5367 1400 540 708
6301 5187 1370 540 721
6312 5055 1360 550 731
6312 4952 1350 550 742
6306 4868 1340 560 746
6306 4829 1320 570 752
6306 4818 1310 570 754
6306 4818 1310 570 782
6347 4842 1300 580 794
6409 4926 1300 580 796
6517 5055 1280 580 796
6630 5191 1280 580 793
6745 5275 1270 590 782
6807 5325 1270 590 759
6825 5330 1250 590 749
6814 5307 1250 590 697
6766 5265 1250 590 602
6693 5158 1250 590 493
6602 5063 1250 590 349
5696 4424 1240 580 568
5715 4303 1230 580 564
5694 4246 1210 580 583
5699 4068 1210 580 613
5720 3911 1210 580 627
5750 3767 1190 580 639
5778 3635 1190 580 645
5805 3555 1190 580 636
5847 3510 1170 580 628
5889 3488 1170 580 602
5932 3494 1160 580 544
5976 3520 1150 600 448
6015 3566 1150 600 368
6050 3629 1130 600 301
6064 3704 1130 600 277
6053 3793 1130 610 274
6026 3898 1130 610 337
5995 4014 1130 610 443
5970 4098 1130 610 472
5970 4137 1130 610 486
5984 4146 1130 610 521
6026 4153 1130 610 543
6104 4148 1130 610 548
6207 4134 1140 620 550
6358 4156 1140 620 543
6535 4207 1150 620 527
6728 4278 1150 620 515
6926 4323 1150 620 515
7078 4276 1170 610 524
7199 4168 1180 620 567
7328 3939 1180 620 600
7409 3713 1180 620 681
7459 3489 1160 630 727
7476 3334 1170 630 788
7462 3199 1170 630 825
7428 3078 1160 640 855
7373 2995 1170 650 861
7300 2933 1170 650 860
7214 2885 1150 650 851
7149 2866 1150 650 829
7107 2866 1160 660 717
7081 2878 1140 660 513
7081 2932 1140 660 58
8584 5879 1260 610 684
8546 5868 1280 610 679
8568 5849 1290 600 690
8622 5822 1290 600 702
8698 5788 1290 600 705
8821 5796 1310 600 710
8947 5832 1310 600 707
9075 5893 1310 600 700
9150 5954 1310 600 638
9192 6014 1320 600 532
9212 6098 1340 600 400
9212 6199 1340 600 272
9190 6312 1340 600 186
9155 6459 1350 590 247
9127 6628 1360 600 418
9103 6711 1360 600 496
9089 6719 1360 600 569
9089 6678 1380 600 673
9095 6527 1380 600 711
9104 6320 1380 600 739
9118 6076 1380 600 759
9140 5890 1410 600 782
9168 5766 1410 600 793
9213 5684 1410 600 794
9269 5650 1410 600 788
9346 5661 1390 610 779
9437 5703 1390 610 760
9536 5781 1390 610 730
9598 5871 1380 610 700
9636 5968 1380 610 673
9657 6088 1380 610 594
9662 6244 1380 610 473
9667 6423 1380 610 387
9690 6631 1380 610 400
9725 6741 1390 610 433
9745 6786 1390 610 527
9757 6740 1390 610 638
9764 6571 1390 610 711
9724 6321 1390 610 749
9686 6013 1390 610 788
9648 5762 1390 610 817
9648 5550 1390 610 819
9677 5415 1410 600 822
9717 5317 1390 610 832
9744 5244 1390 610 785
9752 5215 1390 610 687
9752 5192 1380 610 314
8163 4667 1270 630 478
8129 4532 1270 630 662
8158 4532 1270 630 666
8228 4543 1260 620 685
8430 4597 1240 630 711
8720 4681 1240 630 746
9020 4756 1240 630 765
9306 4830 1240 630 785
9582 4900 1240 630 782
9855 4968 1250 640 774
10037 4987 1250 640 770
10157 5006 1250 640 756
10181 5025 1290 640 720
10133 5020 1290 640 652
10038 4970 1300 650 537
9845 4889 1300 650 435
9621 4784 1320 650 307
9376 4677 1320 650 101
9376 4677 1320 650 73
8709 4363 1320 650 304
8543 4270 1320 650 464
8461 4198 1320 650 570
8442 4151 1320 650 670
8464 4122 1320 650 745
8547 4106 1320 650 770
8684 4133 1280 650 785
8856 4190 1280 650 794
9025 4271 1280 650 784
9140 4349 1270 640 760
9219 4412 1270 640 670
9269 4467 1270 640 546
9274 4516 1250 640 391
9249 4562 1250 640 353
9196 4606 1250 640 422
9146 4622 1270 640 465
9098 4622 1270 640 518
9066 4576 1270 640 577
9047 4504 1270 640 606
9036 4412 1270 640 619
9036 4326 1270 640 620
9057 4267 1260 660 634
9093 4225 1260 660 643
9174 4225 1260 660 644
9293 4268 1260 660 644
9436 4338 1260 660 636
9572 4411 1260 660 611
9685 4478 1260 660 603
9782 4535 1260 660 592
9858 4590 1260 660 594
9914 4645 1250 650 595
9957 4677 1260 660 588
9972 4692 1260 660 628
9985 4683 1260 660 716
9996 4630 1260 660 753
10015 4549 1260 660 794
10039 4471 1260 660 793
10069 4410 1260 660 790
10099 4360 1260 660 794
10114 4324 1260 670 733
10119 4293 1260 670 527
8114 3611 1230 650 724
8212 3583 1230 650 725
8226 3592 1210 660 743
8376 3592 1200 650 791
8617 3675 1200 650 814
8937 3758 1200 650 825
9263 3843 1200 650 837
9592 3912 1200 650 828
9935 3954 1200 650 834
10222 3978 1210 660 824
10471 4010 1210 660 818
10634 4032 1230 650 802
10712 4048 1240 660 773
10734 4054 1240 660 697
10703 4064 1260 670 600
10611 4076 1260 670 337
9305 6051 1370 630 173
9324 6171 1380 630 277
9267 6217 1380 610 397
9244 6235 1390 610 488
9236 6235 1390 610 522
9236 6225 1410 600 595
9236 6141 1410 600 650
9242 6008 1420 590 707
9249 5791 1440 600 760
9262 5539 1440 600 803
9272 5265 1440 600 825
9279 4929 1440 600 840
9286 4620 1420 610 870
9314 4328 1420 610 906
9344 4046 1430 620 912
9379 3765 1410 630 918
9416 3485 1400 630 936
9453 3212 1400 630 935
9472 2941 1370 650 942
9481 2639 1330 650 944
9481 2398 1320 650 961
9481 2197 1280 660 974
9481 1993 1260 670 997
9488 1777 1250 680 988
9478 1553 1230 690 1002
9468 1458 1210 690 1003
9460 1384 1160 700 1002
9451 1324 1130 710 993
9446 1306 1110 710 982
9438 1296 1080 710 944
9419 1291 1050 710 858
9393 1305 1050 710 700
9359 1339 1020 720 101