703
2183 7141 253 1270 530
2148 7171 250 1270 530
2140 7186 260 1250 530
2140 7186 275 1250 530
2140 7177 282 1250 530
2152 7161 311 1270 530
2167 7139 329 1280 530
2201 7111 351 1280 530
2246 7074 372 1280 530
2301 7030 392 1290 520
2356 6971 418 1290 520
2412 6903 444 1290 520
2464 6821 469 1310 520
2512 6735 522 1300 530
2556 6647 536 1300 530
2590 6542 561 1300 530
2617 6410 595 1290 530
2631 6261 608 1290 530
2631 6096 619 1290 530
2612 5911 644 1280 540
2569 5712 678 1280 540
2506 5537 708 1250 540
2429 5342 731 1240 540
2348 5133 760 1230 550
2268 4960 756 1210 550
2189 4798 760 1200 550
2102 4644 771 1180 560
2008 4528 773 1180 560
1925 4429 776 1170 560
1846 4342 773 1160 560
1789 4293 768 1150 580
1744 4281 754 1150 580
1713 4295 710 1130 580
1705 4376 515 1120 580
2761 6898 32 1280 480
2797 6960 53 1300 480
2842 7000 61 1300 480
2912 7082 65 1310 480
2987 7150 75 1320 480
3070 7210 103 1320 480
3162 7284 137 1330 480
3260 7342 173 1330 480
3344 7379 233 1340 490
3436 7434 279 1340 490
3543 7498 292 1340 490
3664 7550 301 1340 490
3793 7600 306 1340 490
3892 7641 309 1350 490
3970 7662 314 1350 490
4034 7670 341 1350 490
4081 7670 379 1350 490
4117 7670 409 1350 490
4146 7670 430 1350 490
4168 7670 439 1350 490
4191 7670 471 1350 490
4204 7670 491 1350 490
4210 7670 515 1350 490
4216 7670 537 1350 490
4216 7670 539 1350 490
4216 7670 545 1350 490
4216 7670 543 1350 490
4216 7670 546 1350 490
4221 7670 551 1350 490
4221 7670 557 1340 480
4221 7670 565 1340 480
4226 7670 568 1340 480
4226 7664 566 1340 480
4226 7664 581 1340 480
4226 7659 592 1340 480
4226 7659 594 1340 480
4226 7659 589 1340 480
4226 7659 595 1340 480
4226 7659 595 1340 480
4231 7632 603 1340 480
4231 7627 614 1340 480
4231 7619 614 1340 480
4231 7606 624 1340 480
4224 7589 642 1340 480
4217 7558 647 1340 480
4207 7518 664 1350 490
4196 7466 663 1350 490
4186 7412 676 1350 490
4177 7352 688 1340 490
4167 7290 690 1340 490
4156 7225 707 1340 490
4145 7155 722 1340 490
4136 7078 720 1340 490
4136 6996 733 1350 500
4129 6906 737 1350 500
4129 6815 745 1350 500
4138 6730 752 1340 500
4138 6650 757 1340 500
4138 6565 761 1340 500
4138 6476 754 1330 510
4143 6384 754 1330 510
4148 6291 757 1330 510
4156 6201 759 1320 510
4164 6111 760 1320 510
4170 6023 760 1320 510
4179 5934 757 1300 510
4190 5845 757 1290 510
4202 5765 759 1290 510
4213 5691 759 1280 520
4222 5614 760 1270 520
4230 5537 762 1250 530
4237 5458 762 1250 530
4244 5365 762 1240 530
4249 5264 762 1240 530
4249 5179 759 1230 530
4257 5093 760 1230 530
4262 5008 760 1230 530
4268 4925 760 1230 530
4274 4843 759 1220 540
4280 4752 762 1220 540
4285 4674 762 1200 540
4290 4605 762 1200 540
4290 4525 765 1190 540
4298 4443 768 1190 540
4298 4354 768 1190 540
4298 4257 768 1190 540
4298 4156 773 1190 540
4292 4060 774 1190 540
4287 3968 773 1190 540
4280 3867 779 1190 540
4271 3770 790 1170 550
4259 3701 815 1170 550
4244 3649 849 1170 550
4223 3614 873 1160 550
4191 3582 899 1160 550
4151 3552 926 1150 550
4098 3522 941 1150 550
4036 3492 941 1150 550
3967 3469 933 1130 560
3878 3452 921 1130 560
3768 3452 909 1130 560
3643 3490 793 1130 560
3507 3547 206 1130 560
2991 6202 30 1290 500
2991 6202 44 1290 500
2991 6202 68 1290 500
3016 6212 106 1290 500
3056 6240 165 1290 500
3108 6279 223 1290 500
3187 6326 282 1290 500
3283 6399 320 1290 500
3395 6471 346 1290 500
3498 6543 373 1290 500
3596 6596 376 1290 500
3664 6628 386 1290 500
3708 6645 393 1290 500
3735 6659 389 1290 500
3742 6666 405 1290 500
3742 6666 396 1290 500
3727 6666 399 1290 500
3699 6666 372 1290 500
3659 6660 217 1290 500
3477 6711 44 1290 490
3477 6711 66 1290 490
3477 6711 101 1290 490
3477 6711 146 1290 490
3477 6711 179 1290 490
3477 6711 215 1290 490
3477 6711 247 1300 500
3459 6676 286 1300 500
3459 6655 319 1290 500
3459 6631 363 1290 500
3459 6603 398 1290 500
3459 6567 420 1290 500
3453 6521 448 1290 500
3447 6468 468 1280 490
3440 6408 491 1290 500
3435 6350 512 1290 500
3429 6295 527 1290 500
3424 6244 548 1290 500
3414 6193 563 1290 500
3402 6141 592 1290 500
3390 6088 605 1290 500
3374 6030 619 1290 500
3355 5972 636 1290 500
3341 5921 643 1290 500
3329 5874 656 1290 500
3319 5838 673 1280 500
3319 5812 676 1280 500
3313 5793 694 1280 500
3313 5778 694 1270 510
3313 5769 708 1270 510
3313 5764 722 1260 510
3313 5756 728 1260 510
3308 5756 733 1240 520
3308 5756 722 1230 520
3308 5756 727 1230 520
3308 5756 731 1220 530
3308 5756 734 1220 530
3308 5756 739 1210 530
3308 5756 742 1190 530
3308 5756 746 1190 530
3316 5756 749 1180 540
3323 5762 749 1180 540
3336 5770 749 1180 540
3358 5778 749 1180 540
3388 5786 754 1180 540
3427 5795 752 1180 540
3470 5800 752 1180 540
3504 5800 754 1180 540
3531 5806 752 1190 530
3550 5806 751 1190 530
3550 5806 751 1190 530
3550 5806 754 1210 530
3550 5806 757 1210 530
3550 5806 761 1210 530
3571 5778 751 1210 530
3571 5764 757 1210 530
3560 5745 759 1220 530
3549 5723 759 1210 530
3539 5699 763 1210 530
3529 5670 767 1210 530
3520 5638 771 1210 530
3513 5598 779 1210 530
3503 5551 784 1210 530
3490 5495 793 1190 530
3483 5437 783 1190 530
3477 5378 790 1190 530
3477 5326 796 1190 530
3477 5279 802 1180 540
3477 5237 811 1180 540
3484 5197 821 1180 540
3484 5158 817 1180 540
3489 5117 828 1180 540
3489 5084 833 1190 540
3499 5056 836 1170 550
3509 5036 840 1170 550
3524 5023 848 1170 550
3543 5015 858 1170 550
3566 5015 866 1170 550
3597 5026 855 1170 550
3636 5038 860 1170 550
3680 5050 863 1170 550
3728 5066 866 1170 550
3770 5086 866 1170 550
3804 5104 870 1170 550
3834 5123 872 1170 550
3857 5141 875 1180 560
3872 5154 878 1180 560
3881 5164 887 1180 560
3881 5174 890 1180 560
3874 5194 888 1180 560
3861 5219 887 1180 560
3840 5239 888 1180 560
3816 5261 887 1180 560
3789 5283 887 1180 560
3771 5304 885 1180 560
3756 5315 887 1180 560
3745 5325 887 1180 560
3739 5332 887 1180 560
3739 5332 884 1180 560
3739 5337 887 1180 560
3764 5357 885 1180 560
3805 5390 885 1170 550
3855 5417 887 1170 550
3904 5440 894 1170 550
3952 5454 891 1170 550
3999 5466 893 1170 540
4040 5472 893 1170 540
4065 5472 894 1170 540
4078 5462 893 1170 540
4078 5446 887 1160 530
4072 5423 864 1160 530
4059 5396 748 1160 530
5037 6502 1 1290 500
4988 6477 53 1290 500
4977 6470 108 1290 500
4977 6470 144 1290 500
4977 6470 165 1290 500
4977 6470 180 1290 500
4989 6479 221 1290 500
5026 6496 286 1290 500
5079 6527 344 1290 500
5169 6568 391 1290 500
5290 6623 431 1290 500
5432 6682 448 1290 500
5573 6745 468 1290 500
5702 6794 495 1300 510
5822 6842 522 1300 510
5904 6885 527 1300 510
5969 6929 540 1300 510
6022 6958 546 1300 510
6056 6976 537 1330 510
6069 6991 561 1330 510
6069 6998 568 1330 510
6056 6998 561 1340 500
6023 7012 554 1340 500
5976 7012 546 1360 500
5925 6996 540 1360 500
5875 6996 544 1360 500
5823 6996 538 1370 500
5769 7006 541 1370 500
5715 7023 541 1370 500
5677 7037 541 1370 500
5654 7045 544 1380 490
5640 7050 539 1380 490
5634 7050 543 1370 480
5629 7050 551 1370 480
5629 7032 554 1370 480
5629 7001 561 1370 480
5624 6942 561 1370 480
5624 6869 581 1360 480
5624 6787 595 1350 490
5624 6701 617 1350 490
5624 6611 639 1350 490
5617 6506 638 1340 490
5610 6394 646 1340 490
5610 6306 647 1340 490
5615 6237 650 1330 500
5629 6181 653 1330 500
5651 6146 659 1320 500
5669 6128 665 1320 500
5690 6121 667 1300 510
5717 6121 679 1300 510
5746 6133 690 1300 510
5779 6148 697 1300 520
5811 6168 702 1300 520
5841 6189 691 1300 520
5863 6211 694 1310 520
5883 6232 694 1310 520
5902 6252 694 1310 520
5912 6272 691 1310 520
5912 6272 696 1330 530
5912 6272 675 1330 530
5912 6272 613 1330 530
5885 6289 433 1330 530
5854 6262 96 1330 530
5287 5932 6 1310 520
5225 5879 63 1310 520
5203 5865 93 1310 520
5191 5856 196 1300 520
5191 5848 250 1300 520
5181 5842 322 1300 520
5176 5821 394 1280 520
5171 5792 473 1280 520
5165 5757 546 1280 520
5151 5702 594 1260 510
5131 5635 624 1260 510
5111 5571 665 1240 520
5093 5507 679 1240 520
5076 5445 702 1240 530
5067 5389 699 1240 530
5061 5336 713 1230 530
5061 5291 710 1220 540
5061 5253 707 1220 540
5068 5221 702 1200 540
5076 5205 690 1200 540
5087 5198 678 1190 540
5099 5198 589 1190 540
5127 5219 287 1170 550
5247 5335 29 1170 550
5303 5350 115 1170 550
5326 5345 218 1170 550
5350 5335 307 1170 550
5374 5321 396 1170 550
5403 5304 493 1170 550
5437 5283 539 1170 550
5480 5258 589 1170 540
5539 5230 627 1170 540
5608 5196 645 1170 550
5686 5159 656 1170 550
5775 5139 670 1170 550
5871 5130 702 1170 550
5962 5137 710 1170 550
6055 5160 722 1180 560
6150 5193 731 1180 560
6237 5225 728 1180 560
6320 5256 736 1180 560
6381 5284 739 1180 560
6416 5308 763 1180 560
6433 5326 785 1180 560
6433 5342 791 1190 560
6426 5371 793 1190 560
6406 5410 794 1190 560
6374 5446 794 1190 560
6332 5482 784 1190 560
6282 5501 785 1190 560
6219 5510 787 1190 560
6158 5510 790 1190 560
6103 5510 794 1190 560
6058 5505 800 1190 560
6030 5505 817 1190 560
6013 5505 823 1190 560
6013 5510 824 1190 560
6013 5510 829 1190 560
6045 5529 830 1190 560
6088 5558 818 1190 560
6166 5601 822 1210 560
6267 5643 825 1210 560
6382 5685 833 1210 560
6490 5712 837 1210 560
6592 5735 846 1210 560
6690 5746 857 1210 560
6771 5746 863 1210 560
6836 5746 869 1210 560
6891 5740 853 1220 570
6926 5733 869 1220 570
6947 5733 864 1220 570
6959 5733 860 1220 570
6959 5733 833 1230 580
6948 5747 753 1230 580
6929 5768 344 1230 580
7434 7141 1 1370 480
7461 7175 51 1370 480
7474 7192 56 1370 480
7482 7203 85 1380 490
7488 7203 96 1390 480
7488 7208 132 1390 480
7488 7208 149 1390 480
7493 7201 180 1390 480
7499 7192 200 1390 480
7506 7181 216 1400 480
7515 7171 250 1400 480
7525 7151 287 1400 480
7538 7130 294 1400 480
7558 7108 307 1400 480
7578 7073 348 1400 480
7600 7014 392 1400 480
7621 6940 425 1400 480
7639 6830 458 1390 480
7654 6730 496 1390 480
7659 6637 513 1380 480
7659 6549 550 1370 480
7649 6475 580 1380 490
7634 6411 600 1380 490
7613 6356 611 1370 500
7589 6320 609 1370 500
7561 6298 603 1360 500
7523 6285 588 1360 500
7477 6285 578 1350 510
7420 6285 538 1350 510
7354 6299 470 1340 510
7282 6321 443 1340 510
7208 6349 443 1340 510
7138 6364 443 1330 520
7078 6377 444 1330 520
7023 6386 444 1330 520
6977 6392 446 1330 520
6937 6392 439 1330 520
6911 6399 443 1330 520
6895 6406 440 1330 520
6895 6417 447 1340 510
6895 6417 450 1340 510
6944 6467 456 1340 510
7005 6520 468 1340 510
7115 6586 467 1340 510
7279 6664 480 1340 510
7478 6740 486 1340 510
7666 6797 490 1340 510
7833 6843 489 1340 510
7986 6872 501 1350 510
8075 6887 509 1350 510
8133 6892 514 1350 510
8171 6892 515 1350 510
8183 6884 526 1350 510
8175 6877 532 1360 500
8153 6848 530 1370 510
8096 6805 524 1370 510
8015 6754 521 1360 510
7918 6699 515 1370 520
7800 6636 522 1370 520
7686 6574 522 1370 520
7589 6515 512 1370 520
7502 6451 516 1370 520
7432 6402 524 1370 520
7393 6363 522 1370 520
7374 6347 524 1370 520
7381 6342 541 1370 520
7392 6342 553 1360 520
7433 6349 561 1360 520
7493 6372 583 1360 520
7584 6407 589 1360 520
7680 6443 616 1360 520
7782 6476 634 1360 520
7882 6508 644 1350 520
7959 6533 661 1350 520
8020 6556 665 1360 520
8064 6574 671 1360 520
8091 6584 662 1360 520
8106 6584 664 1370 530
8106 6584 666 1370 530
8106 6584 670 1370 530
8106 6584 675 1370 530
8106 6573 670 1370 530
8089 6558 669 1390 540
8070 6538 663 1390 540
8049 6516 665 1390 540
8021 6488 658 1400 540
7989 6452 641 1400 540
7947 6412 617 1400 540
7905 6372 580 1400 540
7863 6337 527 1400 540
7822 6306 417 1400 540
7779 6272 220 1400 540
7446 5994 24 1370 530
7376 5935 41 1370 530
7350 5920 94 1370 530
7333 5912 160 1370 530
7320 5912 211 1360 520
7309 5912 259 1360 520
7300 5912 305 1360 520
7300 5912 344 1360 520
7300 5912 369 1350 520
7300 5912 396 1350 520
7300 5917 418 1350 520
7308 5922 439 1350 520
7322 5931 473 1350 520
7341 5943 491 1350 520
7378 5958 519 1350 520
7427 5980 543 1350 520
7490 6007 570 1350 520
7557 6031 591 1350 520
7623 6052 620 1350 520
7685 6069 628 1350 520
7738 6084 636 1350 520
7779 6095 649 1350 520
7812 6105 658 1350 520
7834 6110 665 1350 520
7844 6110 671 1350 520
7844 6110 675 1350 520
7844 6110 699 1350 520
7844 6097 705 1350 520
7844 6065 728 1350 520
7834 6020 727 1350 520
7834 5982 736 1360 520
7834 5952 746 1360 520
7843 5928 751 1360 520
7857 5915 757 1360 520
7872 5908 754 1360 520
7890 5908 760 1360 520
7916 5908 763 1360 520
7961 5919 768 1370 530
8016 5935 768 1370 530
8080 5952 768 1370 530
8167 5978 765 1370 530
8270 6011 759 1370 530
8397 6056 756 1370 530
8515 6099 754 1370 530
8626 6141 754 1370 530
8715 6171 756 1370 530
8788 6198 760 1370 530
8850 6219 759 1370 530
8889 6230 762 1370 530
8909 6230 767 1390 540
8917 6236 768 1390 540
8917 6236 774 1390 540
8917 6236 773 1390 540
8917 6236 762 1390 540
8895 6236 745 1390 540
8853 6236 662 1390 540
8795 6223 443 1390 540
8253 6017 180 1390 540
8026 5920 239 1390 540
7967 5907 334 1390 540
7928 5886 452 1390 540
7905 5880 501 1390 540
7896 5880 512 1390 540
7896 5873 540 1390 540
7905 5848 572 1370 530
7914 5812 624 1360 540
7937 5785 667 1370 540
7970 5764 697 1370 540
8008 5747 711 1360 550
8051 5740 727 1360 550
8104 5754 725 1350 550
8175 5781 719 1340 560
8257 5828 707 1340 560
8352 5878 700 1340 560
8439 5929 702 1340 560
8521 5959 708 1340 560
8587 5977 717 1340 560
8649 5986 730 1340 560
8707 5986 728 1340 560
8762 5978 736 1340 560
8821 5978 737 1340 560
8882 5978 736 1340 560
8934 5984 737 1340 560
8959 5989 739 1350 550
8965 5989 736 1360 550
8965 5994 720 1360 550
8937 5994 710 1370 540
8899 5994 617 1370 540
8825 5971 156 1390 540
7001 5184 172 1300 550
6777 5103 177 1290 550
6700 5093 186 1270 550
6645 5068 279 1270 550
6594 5051 371 1250 550
6565 5041 394 1250 550
6550 5036 405 1250 550
6558 5036 422 1250 550
6571 5036 458 1240 540
6611 5036 502 1240 540
6668 5042 543 1240 540
6761 5052 570 1240 540
6887 5071 591 1240 540
7036 5096 613 1240 540
7211 5124 637 1240 540
7434 5168 650 1240 540
7688 5223 671 1240 540
7943 5265 685 1250 550
8181 5314 699 1250 550
8421 5369 725 1250 550
8669 5421 742 1260 560
8923 5476 760 1260 560
9143 5532 773 1250 560
9341 5569 788 1260 570
9531 5600 794 1260 570
9707 5628 790 1260 570
9873 5664 797 1260 580
10015 5702 802 1260 580
10107 5742 806 1270 590
10166 5776 808 1270 590
10193 5807 806 1280 590
10193 5833 806 1280 590
10178 5862 799 1280 590
10150 5892 797 1290 600
10110 5922 796 1290 600
10061 5951 787 1290 600
10007 5984 783 1290 600
9938 6021 788 1290 600
9860 6080 750 1310 600
9783 6158 690 1310 600
9695 6249 572 1320 590
9600 6365 366 1320 590
9481 6490 156 1340 580
9341 6621 37 1340 580
9341 6621 1 1350 580
8893 6955 18 1350 580
8749 7059 30 1360 570
8632 7152 56 1380 570
8532 7237 99 1380 550
8440 7295 148 1380 550
8350 7336 200 1380 550
8260 7350 255 1370 540
8202 7363 279 1370 540
8163 7370 301 1390 540
8136 7376 307 1370 530
8121 7376 310 1370 530
8110 7384 334 1390 520
8110 7384 344 1390 520
8105 7389 353 1400 520
8110 7394 359 1400 520
8118 7401 361 1400 520
8129 7411 363 1400 510
8141 7418 368 1400 510
8148 7418 368 1400 510
8148 7418 373 1400 510
8157 7418 361 1400 510
8162 7418 362 1400 510
8162 7418 371 1400 510
8162 7418 386 1400 510
8162 7418 397 1400 510
8162 7418 417 1410 510
8162 7418 415 1410 510
8162 7418 428 1410 510
8162 7418 441 1410 510
8162 7418 448 1410 510
8162 7423 446 1420 500
8162 7423 449 1420 500
8162 7418 439 1420 500
8170 7408 439 1420 500
8180 7393 443 1420 500
8195 7374 452 1420 500
8212 7350 456 1420 500
8232 7319 468 1410 500
8252 7278 480 1410 500
8268 7225 509 1410 500
8281 7142 527 1410 500
8286 7039 548 1410 500
8286 6902 569 1400 510
8286 6761 592 1400 510
8281 6614 614 1400 510
8281 6444 636 1380 510
8281 6258 647 1380 510
8281 6067 663 1380 510
8291 5878 688 1370 520
8305 5710 699 1370 520
8321 5557 725 1360 520
8334 5392 737 1350 530
8339 5223 751 1340 540
8339 5051 774 1330 540
8339 4887 796 1310 550
8327 4721 806 1300 550
8314 4553 826 1290 560
8294 4382 830 1270 560
8273 4199 851 1260 570
8251 4007 869 1230 560
8230 3817 864 1220 570
8213 3628 884 1200 570
8203 3459 900 1190 580
8197 3303 897 1170 580
8189 3105 908 1160 580
8175 2907 911 1160 580
8158 2708 906 1140 590
8144 2543 902 1130 590
8144 2427 908 1110 590
8144 2343 828 1090 600
8158 2298 526 1080 600