508
2223 6188 10 1370 480
2223 6188 30 1380 490
2223 6188 53 1390 480
2223 6188 110 1390 480
2264 6155 167 1410 490
2292 6094 212 1410 490
2323 5970 265 1410 490
2341 5798 316 1410 490
2351 5595 336 1410 490
2331 5334 369 1410 490
2290 5028 362 1410 500
2235 4693 374 1410 500
2166 4414 394 1400 510
2086 4140 399 1380 510
1998 3869 407 1380 510
1917 3656 412 1360 510
1840 3507 413 1350 520
1773 3402 404 1330 530
1717 3325 372 1330 540
1670 3301 24 1310 550
2650 5771 8 1320 490
2773 5885 48 1320 490
2866 5960 65 1320 490
2983 6040 86 1320 490
3116 6116 103 1330 500
3257 6189 112 1340 500
3395 6257 148 1340 500
3511 6319 148 1350 510
3613 6363 170 1350 510
3697 6397 172 1350 510
3753 6406 182 1360 510
3791 6395 186 1360 510
3816 6372 222 1370 510
3833 6318 235 1370 510
3844 6232 257 1370 510
3844 6124 287 1380 500
3839 5986 294 1380 500
3830 5834 309 1370 510
3830 5673 337 1370 510
3823 5507 353 1370 510
3823 5295 369 1360 510
3831 5053 391 1360 510
3847 4767 420 1350 520
3867 4494 427 1340 520
3889 4231 448 1330 530
3911 3942 471 1310 540
3929 3650 490 1300 540
3946 3391 501 1290 550
3968 3156 512 1270 550
4002 2915 520 1260 560
4045 2732 515 1250 560
4093 2587 519 1230 560
4141 2502 521 1220 570
4174 2444 521 1200 570
4196 2405 522 1190 580
4202 2396 522 1170 580
4186 2402 519 1170 580
4154 2419 485 1160 580
4081 2486 386 1130 580
3981 2600 214 1130 580
3863 2746 18 1120 580
2712 4426 58 1210 520
2712 4426 91 1210 520
2672 4423 110 1220 530
2672 4428 141 1220 530
2686 4450 160 1230 530
2711 4484 186 1220 540
2754 4525 212 1220 540
2813 4573 209 1230 550
2883 4625 221 1230 550
2959 4672 225 1240 550
3033 4718 225 1240 550
3097 4761 226 1240 550
3155 4806 223 1240 550
3195 4850 221 1250 560
3219 4889 223 1250 560
3232 4924 216 1250 560
3232 4957 212 1250 560
3219 4990 209 1260 560
3200 5022 211 1260 560
3174 5049 212 1260 560
3174 5049 214 1270 550
3130 5086 218 1260 540
3117 5091 218 1260 540
3110 5091 221 1280 540
3096 5062 221 1280 540
3078 5016 228 1290 530
3057 4941 226 1290 530
3037 4847 230 1290 530
3019 4740 237 1290 530
3004 4656 242 1290 530
2992 4579 247 1290 530
2985 4506 249 1280 540
2985 4453 249 1280 540
2985 4422 253 1260 540
2998 4406 242 1260 540
3010 4398 247 1260 540
3038 4408 250 1250 550
3076 4429 255 1250 550
3127 4473 255 1250 550
3179 4518 255 1240 550
3223 4564 250 1240 550
3262 4590 249 1220 560
3280 4601 247 1220 560
3289 4601 245 1210 550
3289 4591 244 1210 550
3289 4574 254 1210 550
3272 4544 253 1210 550
3251 4504 254 1210 550
3227 4458 253 1210 550
3200 4392 253 1210 550
3170 4314 254 1210 550
3133 4215 241 1210 550
3095 4112 244 1210 550
3055 4000 247 1210 550
3025 3881 250 1210 550
2999 3763 255 1210 550
2984 3665 259 1210 550
2975 3580 262 1200 550
2975 3523 262 1200 550
2984 3481 267 1200 550
2998 3449 270 1200 550
3012 3432 272 1180 560
3012 3432 279 1180 560
3012 3432 279 1180 560
3041 3434 287 1170 560
3052 3469 289 1170 560
3071 3524 294 1170 560
3099 3601 294 1160 560
3143 3682 296 1160 560
3198 3767 296 1160 560
3256 3826 297 1160 560
3314 3861 297 1160 560
3363 3881 296 1160 560
3405 3881 301 1160 560
3433 3862 306 1170 560
3448 3831 309 1170 560
3453 3769 314 1170 560
3444 3693 304 1180 560
3425 3609 314 1180 560
3400 3533 324 1180 560
3374 3468 334 1180 560
3353 3410 348 1180 560
3341 3380 348 1180 560
3341 3372 351 1180 560
3347 3378 358 1180 560
3374 3389 348 1180 560
3414 3434 335 1180 560
3482 3501 132 1170 560
5307 5466 29 1280 540
5307 5466 42 1280 540
5307 5466 56 1280 540
5319 5496 98 1280 540
5349 5523 143 1280 540
5400 5560 180 1260 540
5457 5603 214 1260 540
5525 5648 242 1260 540
5599 5695 247 1260 540
5676 5742 257 1250 540
5757 5793 259 1260 540
5841 5847 259 1260 540
5905 5896 262 1260 540
5955 5940 260 1280 540
5991 5973 254 1280 540
6008 6000 244 1300 540
6008 6017 240 1300 540
6002 6028 222 1310 540
5981 6041 191 1310 540
5952 6058 180 1310 540
5920 6077 180 1330 530
5892 6096 181 1340 540
5871 6112 186 1350 530
5854 6122 196 1350 530
5854 6122 202 1360 520
5828 6122 218 1370 520
5812 6103 209 1370 520
5795 6072 232 1370 520
5780 6015 247 1380 510
5765 5932 280 1370 520
5749 5833 292 1370 520
5732 5734 319 1370 520
5716 5634 339 1360 520
5697 5534 371 1360 520
5675 5423 384 1350 530
5659 5316 391 1340 520
5647 5230 412 1330 530
5641 5157 417 1330 530
5641 5112 431 1330 530
5641 5085 442 1310 540
5654 5069 463 1310 540
5669 5063 485 1290 530
5692 5072 504 1290 530
5740 5092 520 1280 540
5803 5139 513 1280 540
5870 5192 519 1270 550
5932 5248 521 1270 550
5990 5295 521 1270 550
6040 5339 513 1270 550
6075 5376 520 1290 560
6101 5395 509 1290 560
6107 5402 474 1290 560
6101 5402 274 1290 560
5280 4604 172 1270 550
5265 4561 180 1260 540
5240 4536 186 1250 550
5204 4510 191 1250 550
5181 4491 207 1240 540
5156 4436 223 1240 540
5119 4357 274 1230 550
5074 4264 312 1230 550
5027 4174 335 1230 550
4981 4085 336 1240 550
4941 4006 341 1240 550
4905 3931 339 1220 560
4874 3859 339 1220 560
4851 3799 336 1220 560
4838 3758 339 1220 560
4830 3730 306 1210 560
4830 3718 149 1220 570
5268 4292 88 1210 560
5380 4325 119 1190 560
5392 4325 136 1190 560
5392 4308 146 1180 560
5392 4278 187 1180 560
5392 4226 203 1180 560
5392 4156 219 1180 560
5383 4074 242 1180 560
5383 3981 280 1200 550
5383 3886 287 1200 550
5403 3791 307 1210 560
5429 3714 317 1190 560
5478 3648 339 1190 560
5532 3607 356 1190 560
5594 3590 374 1180 570
5660 3590 394 1180 570
5727 3611 396 1160 570
5781 3647 410 1160 570
5826 3693 415 1170 580
5845 3759 415 1170 580
5845 3830 420 1170 580
5826 3905 422 1170 580
5786 3970 417 1170 580
5740 4030 430 1170 580
5689 4079 443 1170 580
5647 4118 439 1170 580
5625 4151 439 1170 580
5615 4181 440 1170 580
5624 4210 439 1170 580
5662 4261 439 1170 580
5720 4321 440 1180 590
5810 4392 442 1200 580
5902 4469 442 1200 580
5999 4534 445 1200 580
6103 4597 447 1200 580
6210 4640 448 1210 580
6319 4671 452 1210 580
6412 4671 456 1210 580
6494 4655 460 1210 580
6569 4622 463 1210 580
6637 4582 463 1210 580
6700 4542 461 1210 580
6749 4501 455 1210 580
6782 4466 450 1230 590
6803 4434 448 1230 590
6814 4407 389 1230 590
6814 4383 63 1230 590
7466 5803 108 1330 530
7466 5803 129 1330 530
7431 5793 136 1310 540
7439 5793 148 1310 540
7451 5798 181 1300 530
7501 5823 211 1300 530
7575 5865 249 1300 530
7701 5932 254 1300 530
7854 6016 267 1300 530
8024 6111 280 1310 540
8173 6180 285 1310 540
8322 6246 276 1310 540
8468 6297 276 1330 540
8566 6339 276 1330 540
8635 6365 274 1340 540
8661 6376 282 1340 540
8661 6376 276 1360 540
8637 6383 282 1360 540
8593 6383 272 1370 530
8525 6383 260 1390 540
8440 6378 255 1390 540
8346 6372 247 1400 530
8252 6367 242 1400 530
8159 6367 245 1400 530
8077 6367 247 1410 520
7998 6367 249 1410 520
7928 6348 252 1410 520
7863 6320 254 1410 520
7807 6280 255 1410 520
7773 6222 260 1410 520
7754 6153 264 1410 520
7740 6075 270 1410 520
7740 6000 272 1410 520
7748 5933 274 1400 520
7768 5870 279 1400 520
7791 5816 282 1390 520
7820 5785 285 1390 520
7851 5770 277 1390 520
7883 5770 287 1370 530
7915 5786 292 1360 540
7948 5812 292 1360 540
7983 5867 292 1360 540
8019 5929 294 1360 540
8058 5997 294 1360 540
8100 6059 294 1350 540
8147 6115 292 1350 540
8202 6163 294 1350 540
8268 6192 294 1350 540
8341 6208 292 1350 540
8411 6215 296 1350 540
8475 6215 296 1350 540
8534 6215 297 1350 540
8585 6215 297 1360 550
8626 6215 297 1370 540
8660 6215 294 1370 540
8660 6215 294 1390 540
8687 6197 296 1370 530
8681 6154 301 1370 530
8650 6088 296 1390 520
8587 5985 297 1390 520
8503 5867 297 1370 530
8395 5739 299 1370 530
8271 5627 302 1390 540
8136 5511 302 1370 540
8009 5388 306 1370 540
7877 5261 314 1360 550
7741 5153 317 1360 550
7632 5057 339 1350 550
7550 4974 349 1350 550
7486 4913 364 1350 550
7456 4866 366 1350 550
7456 4856 387 1340 560
7473 4856 402 1320 550
7530 4874 417 1320 550
7625 4923 415 1320 550
7745 4990 422 1310 560
7893 5068 438 1310 560
8035 5144 448 1310 560
8172 5220 443 1310 560
8317 5291 450 1310 560
8447 5356 450 1310 560
8567 5411 450 1310 560
8655 5448 443 1310 560
8713 5475 449 1310 560
8751 5492 433 1310 560
8763 5497 418 1310 560
8755 5497 324 1310 570
8734 5475 36 1310 570
7838 4936 18 1300 530
7838 4936 30 1300 530
7845 4964 65 1300 530
7845 4987 110 1300 530
7845 4987 165 1300 530
7845 4987 176 1300 530
7824 4951 210 1310 540
7789 4899 230 1310 540
7737 4806 260 1310 540
7677 4707 304 1310 540
7611 4607 340 1300 540
7550 4509 371 1300 540
7508 4419 386 1300 540
7478 4347 389 1300 540
7478 4286 402 1290 550
7512 4263 418 1290 550
7563 4263 418 1290 550
7634 4285 418 1270 550
7720 4333 427 1270 550
7815 4400 422 1260 560
7912 4481 420 1260 560
7986 4563 418 1270 560
8044 4643 417 1260 570
8088 4722 418 1260 570
8115 4790 418 1260 570
8131 4854 422 1270 570
8136 4885 422 1270 570
8136 4896 428 1270 570
8136 4902 430 1270 570
8136 4902 427 1270 570
8136 4902 425 1270 570
8136 4902 425 1270 570
8148 4895 427 1300 580
8172 4886 425 1300 580
8207 4875 425 1300 580
8243 4861 425 1310 570
8280 4840 425 1310 570
8305 4818 425 1310 570
8323 4796 427 1320 570
8328 4773 427 1320 570
8320 4750 425 1320 570
8302 4729 427 1320 570
8275 4707 427 1320 570
8240 4682 427 1310 570
8199 4654 430 1310 570
8154 4622 431 1310 570
8111 4587 431 1300 580
8073 4552 431 1300 580
8054 4530 431 1300 580
8046 4517 433 1280 580
8055 4517 436 1290 590
8087 4526 441 1290 590
8134 4551 446 1280 590
8206 4602 449 1280 590
8297 4660 449 1280 590
8400 4723 449 1280 590
8497 4779 439 1280 590
8591 4833 440 1280 590
8682 4880 440 1280 590
8776 4921 440 1280 590
8871 4957 440 1290 590
8951 4991 442 1290 590
9022 5024 440 1290 590
9072 5057 449 1290 590
9104 5089 448 1310 580
9123 5116 449 1310 580
9123 5141 446 1310 580
9123 5165 443 1320 590
9105 5191 443 1320 590
9091 5210 443 1320 590
9075 5224 443 1340 580
9058 5230 443 1340 580
9039 5225 444 1350 590
9018 5215 448 1360 580
8995 5181 448 1360 580
8970 5131 440 1360 580
8945 5057 440 1360 580
8917 4948 440 1380 590
8887 4815 448 1380 590
8858 4684 440 1360 600
8825 4572 418 1360 600
8788 4473 381 1360 600
8756 4395 307 1350 590
8727 4336 195 1340 600
7094 3471 122 1220 560
7087 3483 132 1220 560
7087 3488 139 1220 560
7087 3493 139 1220 560
7108 3508 177 1220 560
7153 3530 206 1230 560
7216 3566 259 1230 560
7325 3618 311 1230 560
7464 3682 334 1230 560
7623 3765 371 1230 560
7810 3852 382 1240 570
8004 3941 394 1240 570
8203 4025 391 1240 570
8412 4106 396 1260 580
8599 4181 397 1260 580
8771 4249 397 1260 580
8915 4294 397 1270 570
9008 4326 394 1280 580
9066 4336 388 1280 580
9087 4328 396 1280 580
9076 4308 377 1290 590
9044 4254 361 1310 580
8979 4182 340 1310 580
8877 4099 309 1310 580
8751 4002 304 1310 580
8622 3882 309 1320 580
8494 3748 314 1310 580
8369 3626 322 1310 580
8250 3516 340 1320 590
8174 3413 338 1320 590
8125 3335 346 1320 590
8109 3287 363 1320 590
8125 3260 384 1310 600
8161 3260 394 1310 600
8244 3313 410 1310 600
8372 3395 418 1310 600
8530 3496 418 1290 600
8688 3606 420 1280 590
8848 3723 412 1280 590
9006 3839 402 1280 590
9116 3945 396 1290 600
9196 4028 301 1290 600
8089 5095 259 1310 570
8062 5131 250 1310 570
8056 5142 254 1320 570
8067 5137 257 1320 570
8089 5121 262 1320 570
8108 5098 272 1340 560
8126 5051 284 1340 560
8142 4987 292 1340 560
8161 4877 332 1340 560
8175 4728 369 1340 560
8185 4554 387 1340 560
8185 4353 400 1340 560
8185 4138 423 1350 570
8185 3914 422 1340 570
8185 3683 436 1340 570
8190 3474 443 1320 580
8195 3280 468 1320 580
8195 3036 470 1310 580
8195 2786 485 1310 580
8195 2530 486 1290 590
8188 2270 491 1280 590
8175 2000 483 1260 600
8163 1743 486 1250 600
8153 1502 488 1230 610
8153 1313 477 1220 610
8153 1147 468 1180 620
8171 997 461 1160 630
8200 895 349 1140 640