571
2059 6592 22 1320 390
2020 6401 137 1310 400
2006 6415 186 1320 420
2020 6356 218 1310 430
2037 6248 276 1320 440
2057 6160 341 1320 450
2080 6040 392 1320 460
2103 5898 456 1320 470
2123 5733 522 1320 480
2141 5568 562 1320 490
2141 5360 580 1320 500
2141 5124 613 1320 510
2134 4842 640 1310 520
2104 4586 681 1300 540
2058 4348 694 1290 550
2001 4076 724 1270 550
1945 3801 720 1270 550
1882 3580 737 1260 560
1814 3397 739 1250 560
1743 3205 736 1240 570
1678 3078 727 1230 580
1623 2994 640 1210 580
1594 2994 409 1200 580
2419 6204 78 1280 520
2446 6220 146 1290 510
2468 6237 217 1300 520
2512 6258 253 1320 510
2569 6297 279 1320 510
2659 6354 324 1330 520
2764 6423 373 1340 510
2878 6520 381 1340 510
3022 6621 391 1340 510
3196 6724 398 1340 510
3390 6835 398 1340 510
3581 6953 399 1340 510
3777 7077 389 1350 520
3940 7175 394 1360 510
4078 7254 397 1360 510
4217 7320 405 1360 510
4326 7371 409 1370 510
4415 7418 412 1370 510
4480 7447 415 1370 510
4522 7465 420 1380 500
4549 7471 415 1380 500
4556 7471 442 1380 500
4556 7461 474 1380 500
4547 7443 491 1380 490
4532 7410 510 1380 490
4510 7369 522 1380 490
4482 7315 536 1380 490
4449 7255 557 1380 490
4417 7185 572 1390 480
4386 7095 588 1390 480
4358 6993 613 1390 480
4334 6868 647 1380 490
4317 6753 658 1380 490
4304 6645 663 1380 490
4291 6513 678 1370 500
4280 6365 697 1370 500
4274 6207 700 1370 500
4274 6048 713 1370 500
4285 5879 720 1360 500
4301 5704 739 1360 500
4323 5541 749 1350 510
4347 5364 758 1350 510
4372 5184 768 1340 510
4396 5006 790 1330 520
4421 4828 799 1330 520
4445 4663 826 1310 520
4464 4508 824 1300 530
4480 4335 846 1290 530
4489 4154 853 1280 540
4489 3968 873 1280 540
4484 3776 888 1260 540
4473 3597 899 1260 540
4450 3448 923 1240 540
4420 3314 933 1230 550
4380 3184 942 1210 550
4324 3084 941 1210 550
4258 3003 939 1200 550
4176 2945 930 1200 550
4089 2914 909 1190 560
3998 2902 808 1190 560
3918 2929 641 1190 560
3841 3006 367 1190 560
3018 5379 173 1250 530
2967 5379 237 1270 520
2934 5386 257 1270 520
2924 5392 264 1280 520
2924 5392 274 1260 510
2943 5392 282 1260 510
2978 5401 292 1260 510
3025 5415 329 1270 520
3100 5448 348 1270 520
3192 5499 369 1270 520
3296 5561 371 1270 520
3390 5620 377 1270 520
3469 5676 386 1270 520
3539 5723 387 1270 520
3574 5754 393 1270 520
3586 5776 398 1270 520
3586 5789 389 1270 520
3569 5800 384 1270 520
3544 5807 362 1270 520
3511 5812 343 1270 520
3476 5812 317 1270 520
3443 5818 312 1280 520
3413 5826 309 1280 520
3387 5838 307 1280 520
3368 5846 311 1290 510
3357 5853 312 1290 510
3357 5853 312 1300 510
3357 5853 317 1300 510
3357 5853 307 1300 510
3357 5841 322 1320 500
3357 5841 345 1320 500
3364 5803 362 1320 500
3369 5776 417 1320 500
3369 5730 452 1320 500
3374 5673 488 1320 500
3374 5597 513 1320 500
3362 5501 548 1300 510
3344 5391 567 1300 510
3320 5269 578 1300 510
3290 5153 583 1290 510
3259 5052 584 1290 510
3226 4959 583 1290 510
3193 4884 584 1280 520
3160 4823 586 1280 520
3124 4772 589 1270 520
3084 4737 591 1250 530
3057 4713 595 1250 530
3034 4696 605 1240 530
3022 4688 633 1240 530
3015 4688 637 1230 530
3015 4688 646 1230 530
3020 4688 646 1230 530
3034 4718 646 1230 530
3073 4761 649 1230 530
3126 4817 649 1230 530
3183 4869 653 1230 530
3240 4904 655 1230 530
3288 4928 656 1230 530
3329 4938 653 1230 530
3356 4931 655 1230 530
3373 4912 659 1230 530
3382 4874 659 1230 530
3371 4814 661 1230 530
3347 4739 668 1240 530
3313 4676 673 1240 530
3273 4612 671 1240 530
3233 4557 663 1230 530
3197 4508 667 1230 530
3165 4480 678 1230 530
3148 4465 694 1230 530
3140 4460 694 1220 540
3140 4460 700 1220 540
3134 4460 697 1220 540
3134 4460 697 1200 540
3134 4466 696 1200 540
3143 4474 697 1200 540
3152 4485 696 1190 540
3162 4492 699 1190 540
3162 4492 707 1190 540
3162 4492 708 1190 540
3162 4492 707 1190 540
3162 4492 708 1190 540
3148 4484 707 1190 540
3130 4472 707 1190 540
3114 4451 708 1190 540
3102 4425 710 1190 540
3096 4390 713 1190 540
3096 4354 713 1190 540
3096 4317 710 1190 540
3105 4284 711 1190 540
3115 4258 711 1190 540
3127 4236 711 1190 540
3142 4220 708 1190 540
3156 4212 710 1190 540
3170 4212 716 1190 540
3195 4217 717 1190 540
3226 4237 719 1190 540
3269 4267 722 1190 540
3313 4301 724 1190 540
3362 4339 721 1190 540
3418 4379 719 1190 540
3483 4423 719 1190 540
3556 4466 719 1190 540
3645 4495 719 1190 540
3743 4516 722 1190 540
3822 4526 728 1190 540
3881 4519 731 1190 540
3927 4500 728 1190 540
3944 4467 740 1190 540
3934 4418 746 1190 540
3906 4359 746 1190 540
3852 4278 739 1190 540
3778 4196 731 1190 540
3690 4115 638 1200 550
3610 4072 53 1200 550
5398 5739 75 1290 520
5338 5723 103 1290 520
5308 5716 187 1290 520
5288 5716 251 1280 530
5274 5716 292 1280 530
5266 5716 310 1280 530
5266 5716 315 1280 530
5266 5716 344 1280 530
5276 5711 386 1250 530
5309 5711 439 1250 530
5357 5722 491 1250 530
5438 5743 546 1250 530
5557 5788 599 1250 530
5701 5867 616 1250 530
5881 5969 617 1270 530
6021 6036 628 1270 530
6134 6108 647 1270 530
6229 6184 644 1280 530
6299 6226 647 1290 530
6352 6263 655 1290 530
6380 6291 655 1300 530
6392 6312 656 1300 530
6392 6331 646 1330 530
6374 6350 647 1330 530
6329 6371 628 1340 520
6267 6385 600 1340 520
6191 6398 591 1340 520
6117 6411 592 1360 520
6051 6422 591 1360 520
6007 6430 594 1370 520
5975 6430 600 1370 520
5950 6401 602 1370 520
5927 6359 611 1380 510
5907 6291 611 1380 510
5888 6204 614 1380 510
5871 6104 625 1380 510
5857 5987 647 1380 510
5851 5856 650 1370 520
5844 5716 671 1370 520
5836 5595 676 1370 520
5836 5480 694 1360 520
5836 5369 700 1360 520
5844 5279 694 1350 530
5861 5217 699 1350 530
5883 5173 699 1350 540
5908 5146 721 1350 540
5936 5146 721 1340 550
5980 5154 730 1340 550
6034 5184 740 1320 550
6107 5218 742 1320 550
6185 5256 746 1310 560
6258 5289 746 1310 560
6326 5319 748 1300 560
6370 5341 746 1300 560
6392 5356 746 1300 560
6399 5356 737 1300 560
6392 5361 705 1300 560
6363 5361 665 1300 560
6319 5351 619 1300 560
6246 5325 595 1300 560
6161 5288 591 1290 560
6068 5240 589 1290 560
5980 5189 591 1290 560
5891 5129 586 1290 560
5802 5057 611 1290 560
5719 4978 633 1300 550
5662 4894 658 1300 550
5621 4807 678 1300 550
5595 4719 694 1290 560
5571 4633 716 1290 560
5550 4544 730 1270 550
5530 4449 731 1260 560
5518 4357 730 1260 560
5518 4281 722 1260 560
5530 4215 711 1250 550
5550 4198 688 1240 550
5576 4207 595 1240 550
5609 4234 522 1240 550
5647 4290 496 1210 550
5686 4350 494 1210 550
5724 4414 499 1210 550
5763 4431 515 1190 540
5802 4443 556 1200 550
5843 4434 589 1200 550
5886 4414 638 1200 550
5934 4385 690 1200 550
5994 4353 727 1210 560
6065 4317 760 1210 560
6159 4281 771 1210 560
6267 4254 790 1210 560
6378 4233 791 1220 570
6486 4222 793 1220 570
6592 4232 796 1220 570
6708 4255 794 1220 570
6826 4293 793 1230 580
6924 4337 793 1230 580
7006 4386 793 1230 580
7076 4436 791 1240 580
7127 4491 784 1240 580
7166 4550 771 1240 580
7177 4611 768 1240 580
7159 4673 759 1240 580
7121 4737 754 1240 580
7069 4795 750 1240 580
7004 4830 757 1240 580
6930 4851 754 1240 580
6839 4851 758 1250 590
6753 4856 763 1270 590
6717 4861 760 1270 590
6712 4872 761 1280 580
6731 4898 763 1280 580
6794 4933 763 1280 570
6887 4966 750 1280 570
6996 4995 754 1300 560
7109 5014 768 1300 560
7223 5028 784 1300 560
7335 5039 811 1310 560
7437 5054 827 1320 570
7514 5070 830 1320 570
7574 5083 829 1340 560
7619 5097 796 1340 560
7642 5112 696 1320 550
7651 5128 515 1320 550
7642 5145 27 1340 560
8047 6446 70 1370 500
8121 6549 136 1370 500
8151 6607 163 1370 500
8177 6634 208 1380 500
8203 6657 257 1380 500
8214 6677 320 1380 500
8214 6677 333 1380 500
8205 6683 341 1400 510
8182 6683 348 1400 510
8150 6678 351 1400 510
8108 6659 358 1410 510
8059 6632 359 1410 510
8005 6594 361 1410 510
7960 6556 364 1410 510
7918 6518 366 1410 510
7884 6479 369 1410 510
7853 6442 361 1410 510
7846 6407 376 1410 510
7854 6371 394 1400 510
7882 6337 443 1400 510
7934 6317 473 1400 510
8003 6306 488 1400 510
8105 6317 497 1400 510
8224 6343 505 1400 510
8354 6379 512 1400 510
8472 6425 517 1400 510
8577 6477 512 1400 510
8672 6534 519 1400 510
8751 6591 519 1400 510
8808 6645 515 1400 510
8850 6690 519 1400 510
8865 6730 532 1410 510
8858 6766 535 1410 510
8835 6797 537 1410 510
8799 6809 537 1410 510
8746 6809 546 1410 510
8682 6785 537 1410 510
8605 6743 543 1410 510
8524 6691 548 1410 510
8439 6625 548 1410 510
8356 6555 551 1410 510
8275 6465 559 1410 510
8200 6364 570 1410 510
8145 6261 569 1410 510
8102 6157 570 1410 510
8079 6051 570 1420 500
8062 5942 572 1410 510
8073 5832 574 1410 510
8100 5749 583 1410 510
8152 5684 591 1400 520
8228 5640 589 1400 520
8319 5620 602 1390 520
8429 5620 611 1390 520
8540 5640 616 1370 530
8652 5680 619 1360 540
8756 5732 622 1360 540
8856 5785 634 1350 540
8947 5845 645 1350 540
9015 5910 640 1360 550
9068 5964 652 1360 550
9104 5998 668 1360 550
9118 6019 684 1360 550
9118 6027 697 1360 550
9104 6033 696 1360 550
9078 6033 697 1370 540
9044 6033 694 1370 540
8991 6017 690 1390 540
8921 5996 688 1390 540
8839 5969 673 1400 530
8763 5936 641 1400 530
8689 5894 570 1400 530
8621 5843 455 1410 520
8555 5788 314 1410 520
8494 5730 71 1410 520
8246 5506 30 1400 530
8078 5336 129 1390 540
7999 5252 195 1370 530
7926 5180 260 1360 540
7857 5115 337 1360 540
7797 5059 374 1360 540
7764 5026 396 1350 540
7749 5009 431 1350 540
7759 5009 475 1350 540
7808 5023 499 1340 550
7884 5050 512 1340 550
7996 5107 519 1340 550
8140 5176 527 1340 550
8306 5254 540 1350 540
8479 5314 567 1350 540
8637 5370 569 1350 540
8785 5417 577 1350 540
8934 5459 580 1350 540
9048 5497 581 1340 550
9139 5532 584 1340 550
9212 5560 584 1340 550
9256 5581 580 1340 550
9280 5587 583 1350 550
9280 5587 583 1350 550
9251 5573 578 1350 550
9208 5547 566 1350 550
9134 5510 554 1360 560
9038 5458 541 1360 560
8927 5400 527 1360 560
8789 5322 532 1360 560
8652 5234 533 1360 560
8533 5157 543 1360 560
8427 5094 544 1360 560
8352 5041 539 1360 560
8304 5003 551 1360 560
8275 4969 567 1350 550
8262 4939 560 1350 550
8251 4906 584 1350 550
8264 4877 595 1350 550
8292 4852 620 1350 550
8343 4819 619 1350 550
8399 4793 630 1340 550
8470 4782 634 1340 550
8549 4782 633 1340 550
8627 4795 638 1340 550
8703 4828 645 1340 550
8778 4873 647 1340 550
8846 4926 637 1320 550
8902 4974 640 1320 550
8951 5014 649 1340 560
8983 5038 668 1340 560
9001 5051 667 1340 560
9009 5051 670 1350 570
9009 5051 675 1350 570
9001 5046 676 1350 570
8989 5032 676 1350 570
8956 5009 673 1350 570
8896 4982 672 1350 570
8817 4950 667 1350 570
8730 4915 671 1350 570
8623 4862 640 1350 570
8502 4798 625 1360 560
8354 4724 616 1360 560
8200 4650 605 1350 570
8041 4561 605 1350 570
7888 4464 611 1350 570
7743 4369 614 1350 570
7642 4287 620 1320 570
7567 4213 613 1320 570
7515 4156 616 1310 560
7469 4109 620 1310 560
7435 4070 627 1310 560
7407 4036 630 1290 560
7385 4014 631 1290 560
7379 3999 628 1290 560
7379 3991 637 1290 560
7402 3982 667 1290 560
7470 3993 687 1290 560
7570 4017 696 1290 560
7738 4064 697 1270 550
7963 4122 713 1270 550
8227 4187 719 1270 550
8533 4256 722 1270 550
8835 4316 728 1290 560
9134 4369 721 1290 560
9371 4440 724 1270 560
9590 4511 733 1270 560
9796 4594 727 1280 570
9974 4686 730 1280 570
10098 4781 730 1280 580
10187 4883 725 1280 580
10234 4991 725 1290 590
10234 5088 697 1290 590
10209 5187 681 1290 590
10152 5287 652 1310 600
10073 5387 611 1310 600
9980 5466 575 1310 600
9857 5525 554 1310 600
9737 5572 535 1310 600
9621 5616 519 1310 600
9506 5662 512 1310 600
9393 5718 504 1310 600
9281 5780 501 1320 590
9175 5855 502 1320 590
9080 5933 502 1340 580
8989 6014 501 1350 580
8896 6088 504 1350 570
8805 6145 512 1350 570
8717 6191 520 1360 560
8652 6226 518 1350 550
8609 6245 524 1360 550
8580 6253 527 1360 540
8561 6253 527 1360 540
8551 6243 532 1370 530
8546 6229 535 1360 520
8546 6207 535 1370 520
8540 6185 535 1370 520
8540 6164 538 1380 510
8540 6143 538 1380 510
8540 6123 541 1380 500
8540 6096 544 1380 500
8547 6068 537 1380 500
8552 6038 540 1380 500
8552 6006 551 1400 500
8558 5975 565 1400 500
8558 5942 566 1400 500
8558 5907 578 1400 500
8558 5870 583 1380 500
8558 5831 595 1380 500
8558 5791 592 1380 500
8558 5751 603 1370 510
8558 5707 613 1370 510
8558 5654 614 1360 510
8563 5593 628 1360 510
8563 5527 647 1350 520
8568 5458 644 1350 520
8568 5389 653 1340 520
8575 5319 661 1340 520
8575 5248 673 1330 530
8575 5172 670 1330 530
8581 5089 685 1330 530
8581 4979 697 1310 540
8581 4852 694 1310 540
8576 4719 714 1300 540
8576 4607 728 1300 540
8576 4508 728 1290 550
8576 4409 739 1290 550
8576 4313 758 1290 550
8587 4218 760 1290 550
8593 4120 771 1290 550
8593 4020 773 1270 550
8601 3915 780 1270 550
8609 3805 782 1270 550
8618 3688 793 1260 560
8628 3594 793 1270 560
8637 3516 811 1260 570
8646 3425 827 1260 570
8655 3332 827 1240 570
8655 3222 842 1240 570
8660 3102 857 1230 580
8655 2994 853 1230 580
8644 2886 866 1230 580
8628 2779 884 1230 580
8612 2662 906 1210 580
8592 2552 912 1210 580
8569 2431 930 1210 580
8547 2300 942 1210 580
8518 2158 947 1200 580
8484 2018 947 1210 590
8438 1880 945 1210 590
8378 1751 896 1190 600
8309 1621 828 1190 600
8223 1508 667 1180 600