536
2034 5965 30 1370 480
2034 5965 37 1380 490
2011 5933 46 1380 490
2011 5874 53 1400 500
2021 5795 99 1400 500
2032 5711 127 1400 500
2047 5595 161 1400 510
2066 5459 207 1400 510
2087 5264 254 1400 510
2109 5025 267 1400 520
2123 4756 279 1400 520
2132 4506 284 1400 520
2120 4239 273 1390 520
2082 3962 281 1400 530
2027 3706 294 1390 540
1947 3508 317 1370 540
1851 3350 320 1360 550
1744 3185 324 1350 550
1618 3051 322 1340 560
1497 2937 304 1320 570
1379 2869 148 1320 570
2607 5728 115 1310 550
2579 5719 136 1320 550
2579 5742 144 1320 550
2593 5749 158 1320 550
2632 5769 186 1320 550
2697 5797 218 1320 550
2780 5839 254 1320 550
2883 5894 260 1310 550
3017 5957 280 1310 550
3171 6023 284 1310 550
3336 6089 302 1310 550
3497 6155 312 1330 540
3651 6209 324 1330 540
3800 6256 335 1350 540
3899 6293 340 1350 540
3972 6307 340 1360 540
4028 6307 334 1360 540
4053 6294 344 1370 530
4060 6259 368 1370 530
4060 6209 376 1390 520
4040 6137 388 1390 520
4023 6046 415 1400 530
4006 5942 444 1410 520
3996 5804 461 1400 530
3987 5669 467 1400 530
3982 5536 488 1390 520
3982 5368 492 1370 530
3975 5176 515 1370 530
3975 4968 516 1360 540
3975 4720 527 1360 540
3988 4476 532 1350 540
4012 4235 530 1340 550
4060 3971 533 1320 550
4114 3723 533 1310 560
4173 3487 537 1300 560
4236 3273 537 1300 580
4298 3070 515 1280 580
4359 2887 513 1270 590
4413 2714 513 1250 590
4451 2579 516 1250 590
4477 2460 521 1240 600
4491 2353 522 1220 600
4491 2251 524 1220 600
4491 2166 527 1200 600
4477 2092 533 1190 610
4452 2051 536 1200 620
4419 2038 537 1200 620
4375 2045 489 1200 620
4318 2094 396 1200 620
4252 2182 175 1200 620
2483 4128 141 1260 570
2483 4128 177 1260 570
2503 4161 191 1270 570
2521 4189 233 1270 570
2558 4216 264 1270 570
2609 4263 282 1270 570
2682 4324 312 1270 570
2754 4391 309 1270 570
2825 4456 310 1280 570
2899 4519 312 1280 570
2969 4574 307 1280 570
3037 4627 292 1280 570
3091 4673 262 1280 570
3129 4712 246 1280 570
3155 4740 222 1270 570
3163 4758 156 1270 570
3155 4771 98 1270 570
3136 4783 56 1270 570
3108 4789 51 1270 570
3080 4795 47 1270 570
3056 4795 89 1270 570
3038 4802 144 1270 570
3029 4802 170 1280 570
3029 4802 181 1280 570
3029 4802 207 1280 570
3029 4769 242 1300 560
3029 4717 270 1300 560
3037 4612 285 1300 560
3037 4501 284 1300 560
3037 4382 301 1300 560
3025 4260 310 1300 560
3012 4152 339 1300 560
2997 4052 349 1300 560
2985 3971 366 1310 560
2976 3904 384 1310 560
2976 3847 389 1310 560
2981 3807 389 1300 560
2995 3784 394 1300 560
3013 3772 399 1300 560
3036 3772 396 1300 560
3065 3798 404 1300 560
3102 3843 404 1300 560
3148 3909 388 1300 560
3197 3974 367 1300 560
3244 4039 342 1300 560
3271 4076 275 1300 560
3285 4090 185 1300 560
3285 4090 137 1300 560
3285 4080 106 1300 560
3277 4055 61 1300 560
3258 4020 50 1300 560
3231 3971 50 1300 560
3199 3918 53 1300 560
3161 3843 81 1300 560
3120 3756 130 1280 570
3076 3656 187 1280 570
3044 3555 209 1280 570
3014 3449 242 1270 570
2993 3342 270 1270 570
2983 3249 276 1280 580
2983 3164 302 1280 580
2983 3102 309 1270 590
2983 3059 327 1270 590
2993 3030 340 1270 590
3006 3013 344 1270 590
3018 3005 349 1270 590
3028 3005 382 1250 590
3036 3005 396 1250 590
3046 3023 407 1250 590
3058 3048 407 1240 600
3071 3091 409 1240 600
3089 3146 412 1240 600
3116 3208 407 1240 600
3154 3270 407 1240 600
3200 3318 400 1240 600
3251 3357 412 1240 600
3306 3384 404 1240 600
3359 3406 396 1240 600
3401 3417 391 1240 600
3436 3417 394 1240 600
3454 3398 394 1240 600
3459 3366 400 1230 590
3459 3298 409 1240 600
3430 3206 415 1240 600
3393 3098 420 1240 600
3348 3006 440 1240 600
3305 2935 473 1240 600
3266 2878 493 1240 600
3254 2861 485 1240 600
3259 2868 464 1240 600
3281 2891 422 1240 600
3327 2955 310 1240 600
3388 3047 94 1240 600
4449 5126 179 1290 550
4449 5126 188 1290 550
4449 5126 211 1300 540
4449 5160 247 1300 540
4449 5160 286 1300 540
4471 5175 334 1300 540
4505 5200 384 1300 540
4566 5235 413 1300 540
4660 5286 418 1310 550
4777 5348 431 1310 550
4890 5423 444 1310 550
5005 5496 447 1310 550
5126 5566 453 1320 550
5253 5632 456 1320 550
5360 5691 460 1320 550
5453 5740 456 1320 550
5514 5774 450 1320 550
5551 5798 431 1320 550
5571 5814 393 1320 570
5571 5824 284 1320 570
5548 5829 170 1320 570
5514 5839 70 1320 570
5463 5846 5 1320 570
5294 5875 30 1350 570
5209 5910 88 1360 560
5173 5919 139 1360 560
5149 5919 172 1380 550
5142 5919 208 1380 550
5147 5894 255 1380 550
5156 5854 312 1390 550
5166 5790 349 1390 550
5175 5722 394 1390 550
5181 5652 433 1400 540
5181 5555 463 1400 540
5181 5436 490 1400 540
5172 5302 505 1390 550
5156 5172 527 1390 550
5142 5069 546 1390 550
5130 4984 560 1380 550
5121 4912 584 1380 550
5121 4860 595 1360 560
5121 4821 600 1360 560
5127 4804 617 1360 560
5138 4796 631 1360 560
5167 4796 638 1350 570
5207 4814 647 1350 570
5265 4856 649 1350 570
5326 4912 653 1350 570
5389 4972 650 1350 570
5442 5029 647 1350 570
5489 5078 614 1350 570
5520 5111 574 1350 570
5536 5133 502 1350 570
5543 5133 342 1340 570
5543 5133 48 1340 570
4726 4350 314 1290 560
4744 4316 317 1290 560
4744 4340 291 1290 560
4734 4399 291 1290 560
4734 4392 304 1260 560
4750 4376 335 1260 560
4767 4355 382 1260 560
4767 4277 428 1260 560
4761 4194 450 1260 560
4743 4102 473 1270 560
4710 3997 468 1270 560
4674 3884 473 1270 560
4635 3760 473 1270 570
4569 3652 477 1270 570
4526 3554 465 1270 570
4497 3483 418 1260 580
4488 3446 314 1260 580
4502 3432 119 1260 580
5155 4230 215 1230 590
5207 4294 212 1230 590
5196 4303 210 1230 590
5185 4295 222 1230 590
5174 4276 242 1240 600
5159 4243 277 1240 600
5142 4205 332 1250 590
5131 4156 376 1250 590
5124 4103 427 1250 590
5124 4049 474 1250 590
5141 3971 502 1270 590
5163 3892 522 1280 590
5195 3811 543 1280 590
5235 3739 536 1260 600
5283 3672 545 1260 600
5334 3637 551 1260 600
5387 3621 568 1250 600
5440 3621 572 1250 600
5488 3634 577 1230 610
5533 3671 577 1230 610
5567 3722 574 1220 610
5585 3800 578 1230 620
5591 3877 578 1230 620
5583 3953 583 1230 620
5564 4022 580 1210 630
5538 4088 581 1210 630
5519 4137 584 1210 630
5505 4176 581 1210 630
5505 4198 581 1210 630
5515 4220 580 1210 630
5541 4242 578 1210 630
5578 4265 580 1230 620
5630 4284 580 1230 620
5687 4303 578 1240 620
5763 4322 578 1240 620
5850 4341 583 1260 620
5931 4354 581 1270 620
6011 4365 586 1270 620
6090 4371 591 1270 620
6155 4371 591 1290 630
6213 4355 591 1290 630
6263 4333 584 1290 630
6301 4301 581 1290 630
6331 4269 562 1300 630
6345 4235 522 1300 630
6345 4200 435 1300 630
6345 4171 282 1300 630
6546 5632 81 1350 540
6531 5658 95 1340 540
6522 5673 113 1330 540
6528 5679 148 1330 540
6538 5697 195 1330 540
6565 5720 239 1310 550
6601 5747 276 1310 550
6647 5774 325 1310 550
6717 5812 363 1310 550
6802 5857 379 1310 550
6912 5917 389 1310 550
7025 5984 399 1310 550
7141 6057 405 1320 550
7271 6125 413 1340 550
7398 6189 413 1340 550
7497 6243 413 1350 550
7579 6290 409 1360 550
7625 6317 399 1360 550
7641 6332 338 1390 550
7636 6337 279 1390 550
7609 6342 232 1390 550
7564 6342 206 1410 550
7507 6335 215 1410 550
7438 6324 215 1420 540
7367 6313 218 1440 540
7294 6307 218 1440 540
7228 6307 222 1450 540
7167 6300 214 1450 540
7117 6300 232 1450 540
7074 6300 251 1450 540
7039 6307 252 1450 540
7015 6307 267 1450 540
6997 6300 272 1450 540
6984 6271 294 1450 540
6970 6229 322 1450 540
6957 6156 344 1450 540
6946 6082 364 1450 540
6939 6006 377 1450 540
6939 5943 396 1450 540
6939 5887 399 1450 540
6946 5843 407 1450 540
6958 5815 418 1450 540
6977 5798 425 1440 540
7003 5798 423 1440 540
7040 5813 430 1440 540
7093 5845 433 1430 550
7157 5900 433 1430 550
7227 5962 430 1430 550
7298 6028 420 1430 550
7368 6095 414 1430 550
7437 6166 422 1430 550
7506 6239 414 1430 550
7578 6310 414 1430 550
7649 6359 423 1430 550
7708 6393 420 1430 550
7758 6393 423 1430 550
7788 6370 423 1430 550
7804 6333 414 1430 550
7811 6282 415 1430 550
7804 6228 415 1440 540
7797 6170 415 1440 540
7791 6120 418 1440 540
7791 6076 418 1440 540
7800 6042 418 1440 540
7826 6016 420 1440 540
7862 5996 422 1440 540
7913 5996 422 1440 540
7964 6001 420 1440 540
8014 6018 389 1440 540
8051 6028 327 1450 550
8064 6028 245 1450 550
8064 6028 41 1450 550
6046 4633 394 1340 560
5996 4589 391 1320 550
5979 4595 391 1320 550
5979 4604 394 1320 550
6017 4613 399 1310 560
6072 4644 396 1310 560
6159 4691 420 1310 560
6278 4748 455 1310 560
6418 4827 477 1310 560
6572 4922 489 1310 560
6749 5013 504 1310 560
6941 5099 514 1320 570
7102 5179 519 1320 570
7256 5245 520 1340 570
7404 5301 519 1340 570
7515 5337 512 1340 570
7590 5371 470 1350 580
7641 5386 407 1350 580
7660 5386 341 1350 580
7655 5386 242 1350 580
7633 5359 80 1360 570
6345 4178 384 1360 570
6307 4034 344 1360 570
6250 4017 333 1350 570
6221 4044 337 1350 570
6210 4033 332 1350 570
6217 4033 336 1350 570
6244 4045 374 1340 560
6283 4068 422 1320 570
6354 4119 442 1320 570
6451 4188 455 1320 570
6566 4266 463 1320 570
6688 4344 463 1320 570
6811 4421 463 1320 570
6911 4484 461 1340 570
6995 4541 460 1320 580
7054 4588 443 1320 580
7085 4620 435 1320 580
7098 4644 425 1320 580
7098 4666 397 1340 580
7069 4688 387 1320 590
7030 4709 381 1320 590
6979 4730 381 1320 590
6925 4745 384 1320 590
6869 4751 384 1340 600
6813 4735 393 1340 600
6759 4706 399 1340 600
6709 4663 405 1340 600
6661 4596 425 1340 600
6615 4514 440 1340 600
6576 4434 468 1340 600
6550 4365 481 1320 590
6535 4304 488 1320 590
6535 4260 498 1320 590
6550 4231 504 1320 590
6576 4211 522 1320 590
6620 4195 522 1310 580
6676 4188 537 1310 580
6752 4188 546 1310 580
6831 4197 540 1310 580
6914 4220 545 1310 580
6997 4250 551 1310 580
7079 4303 556 1310 580
7161 4369 556 1320 590
7243 4443 556 1320 590
7317 4511 557 1310 600
7386 4575 557 1310 600
7432 4617 559 1310 600
7465 4647 557 1320 600
7490 4671 557 1320 600
7507 4694 550 1320 600
7522 4726 539 1320 600
7536 4765 546 1320 600
7541 4806 544 1340 610
7534 4845 546 1340 610
7520 4877 536 1340 610
7506 4901 537 1340 610
7492 4906 544 1350 600
7481 4899 536 1350 600
7481 4899 536 1350 600
7481 4899 537 1360 600
7489 4868 539 1360 600
7509 4853 540 1360 600
7547 4853 548 1380 590
7597 4853 550 1390 600
7671 4853 556 1390 600
7760 4853 560 1410 590
7858 4848 567 1410 590
7958 4830 570 1410 590
8030 4806 574 1420 590
8083 4770 580 1420 590
8109 4728 588 1420 590
8101 4666 592 1410 600
8069 4587 592 1410 600
8015 4498 591 1390 610
7935 4411 557 1410 610
7837 4310 468 1410 610
7720 4200 311 1400 620
7619 4120 6 1400 620
6072 3452 230 1310 580
6052 3390 242 1310 580
6052 3430 225 1300 580
6052 3448 233 1300 580
6074 3448 257 1300 580
6113 3475 316 1300 580
6165 3503 364 1300 580
6241 3535 428 1290 590
6345 3576 473 1290 590
6468 3631 496 1290 590
6614 3695 504 1290 590
6784 3784 520 1310 600
6971 3883 532 1310 600
7151 3988 537 1310 600
7345 4092 556 1320 600
7541 4194 564 1320 600
7733 4289 568 1340 610
7918 4372 561 1340 610
8051 4428 570 1340 610
8150 4467 553 1350 620
8218 4486 504 1360 610
8247 4486 447 1380 610
8247 4474 361 1380 610
8208 4436 292 1380 610
8132 4371 249 1400 620
8034 4289 205 1400 620
7912 4187 188 1400 620
7775 4073 186 1400 620
7627 3950 188 1410 610
7506 3820 207 1410 610
7388 3685 223 1400 620
7277 3573 240 1400 620
7195 3478 246 1400 620
7132 3390 253 1400 620
7095 3315 250 1400 620
7079 3250 277 1400 620
7079 3208 325 1400 620
7090 3187 379 1380 610
7125 3179 430 1370 620
7173 3179 468 1370 620
7243 3214 488 1370 620
7336 3263 519 1370 620
7445 3340 526 1350 630
7568 3424 536 1330 620
7697 3513 546 1330 620
7843 3601 554 1330 620
7998 3690 554 1330 620
8116 3781 551 1330 620
8216 3862 515 1330 620
8305 3927 415 1330 620
8359 3982 196 1330 620
7317 5454 51 1400 580
7287 5481 117 1400 580
7282 5481 149 1400 580
7282 5481 195 1420 570
7282 5481 253 1420 570
7282 5472 314 1420 570
7288 5454 356 1420 570
7294 5392 392 1420 570
7302 5302 433 1420 570
7308 5176 467 1420 570
7314 5013 512 1420 570
7322 4826 544 1420 570
7329 4609 563 1420 570
7336 4392 591 1400 580
7346 4147 620 1400 580
7360 3883 628 1400 580
7380 3627 637 1410 590
7402 3383 647 1410 590
7424 3147 652 1390 600
7445 2858 664 1390 600
7450 2579 667 1380 600
7457 2306 671 1380 610
7466 2008 668 1370 620
7476 1757 658 1350 630
7476 1537 653 1320 640
7476 1361 636 1280 650
7470 1204 617 1280 660
7464 1060 595 1240 670
7464 952 538 1190 680
7464 875 397 1150 690