242
3763 4953 212 1340 550
3763 4984 222 1340 520
3733 5053 222 1350 500
3724 5068 207 1360 470
3736 5046 216 1360 450
3762 5004 235 1360 440
3785 4898 274 1370 430
3817 4750 310 1370 430
3855 4576 371 1370 440
3911 4327 392 1380 450
3983 4029 427 1370 450
4066 3715 448 1370 460
4153 3430 443 1370 460
4238 3197 448 1370 470
4301 2990 447 1370 480
4351 2873 448 1360 490
4384 2808 452 1360 500
4399 2779 473 1360 500
4399 2779 485 1350 510
4405 2819 477 1350 510
4405 2882 468 1340 510
4395 2996 428 1340 510
4370 3128 349 1330 520
4321 3271 167 1330 520
2433 5023 136 1350 490
2312 5118 139 1360 480
2274 5212 160 1370 470
2274 5290 190 1370 470
2309 5384 249 1370 460
2375 5488 282 1380 460
2490 5590 302 1380 460
2637 5687 322 1380 460
2818 5779 342 1390 450
3034 5873 349 1400 460
3272 5968 356 1400 460
3553 6031 363 1400 460
3876 6063 371 1420 450
4228 6075 361 1440 460
4605 6036 361 1440 460
4928 5929 369 1450 460
5215 5778 371 1460 460
5464 5624 376 1470 460
5654 5444 389 1480 460
5805 5246 423 1490 470
5920 5049 442 1500 470
6015 4833 453 1500 480
6097 4604 466 1510 480
6138 4384 473 1530 490
6131 4152 472 1540 490
6091 3912 490 1530 500
6007 3667 519 1540 500
5884 3441 542 1530 510
5734 3196 566 1540 520
5553 2932 594 1540 520
5346 2665 613 1540 530
5122 2445 622 1530 540
4893 2257 633 1530 540
4664 2066 636 1530 540
4436 1913 644 1530 550
4251 1786 649 1530 550
4104 1688 652 1520 560
3982 1630 650 1510 560
3911 1600 649 1500 570
3869 1593 644 1470 580
3846 1593 642 1460 580
3841 1602 569 1460 580
3841 1632 486 1440 580
3864 1701 348 1440 580
7077 3562 200 1450 500
7104 3625 220 1450 500
7083 3662 222 1440 500
7064 3695 214 1440 510
7058 3748 252 1440 510
7042 3814 282 1450 530
7014 3872 287 1460 530
6979 3927 307 1450 540
6944 3961 304 1460 540
6906 3982 307 1460 540
6865 3982 312 1470 550
6817 3961 312 1470 550
6771 3929 314 1470 550
6727 3860 315 1470 550
6686 3757 324 1470 550
6654 3631 334 1470 550
6630 3492 369 1470 550
6613 3352 396 1470 550
6619 3214 397 1460 540
6641 3118 407 1460 540
6678 3047 413 1460 540
6720 3005 418 1460 540
6772 2995 423 1450 540
6830 3007 425 1450 540
6890 3054 423 1440 540
6949 3128 420 1440 540
7006 3221 415 1450 550
7063 3340 407 1440 560
7117 3457 405 1440 560
7160 3573 405 1440 560
7196 3674 407 1440 560
7211 3739 415 1450 560
7211 3780 413 1450 560
7211 3780 413 1450 560
7211 3780 417 1470 560
7211 3729 422 1470 560
7211 3666 418 1470 560
7211 3587 431 1470 560
7223 3506 442 1470 560
7235 3419 468 1470 560
7267 3348 473 1470 560
7312 3289 478 1470 560
7360 3241 485 1470 560
7406 3211 491 1470 560
7444 3194 495 1470 560
7477 3189 488 1470 560
7502 3189 504 1480 570
7518 3202 512 1480 570
7527 3213 515 1480 570
7527 3224 509 1480 570
7535 3240 473 1480 570
7535 3259 317 1480 570
7624 3859 301 1510 480
7664 3881 302 1500 500
7657 3889 307 1500 510
7663 3896 337 1500 520
7687 3867 392 1520 530
7711 3813 439 1510 530
7735 3742 490 1510 530
7756 3660 515 1500 540
7776 3575 527 1500 540
7788 3483 546 1490 550
7802 3409 548 1490 550
7818 3346 556 1460 550
7840 3308 567 1460 550
7866 3292 569 1460 550
7898 3292 575 1450 560
7939 3322 577 1470 560
7988 3381 580 1470 560
8043 3459 578 1470 560
8096 3546 575 1460 570
8139 3642 574 1470 580
8175 3744 574 1470 580
8200 3866 580 1470 580
8208 3958 591 1470 580
8208 4029 609 1470 580
8188 4073 624 1500 570
8165 4103 641 1500 570
8137 4125 645 1500 570
8110 4139 644 1500 570
8083 4150 641 1500 570
8055 4150 639 1510 560
8029 4150 636 1510 560
8004 4144 625 1510 560
7983 4137 589 1510 560
7983 4137 513 1510 560
7983 4137 396 1520 560
7999 4127 51 1520 560
8357 4335 178 1500 540
8357 4335 281 1500 540
8362 4376 398 1500 540
8362 4387 474 1510 540
8362 4406 537 1510 540
8374 4431 594 1500 550
8393 4464 613 1500 550
8418 4497 634 1500 550
8451 4528 636 1500 550
8487 4553 634 1500 550
8522 4567 620 1500 550
8553 4567 567 1520 560
8583 4567 348 1520 560
8497 3880 255 1530 550
8502 3789 315 1530 540
8502 3769 364 1530 550
8502 3769 446 1530 550
8502 3697 535 1530 550
8528 3626 591 1520 560
8564 3547 638 1520 560
8591 3461 665 1510 560
8618 3355 664 1510 560
8642 3247 676 1510 560
8662 3161 681 1510 560
8681 3089 679 1500 570
8701 3039 676 1500 570
8716 3012 675 1500 570
8728 3001 667 1500 570
8742 3001 622 1500 570
8759 3039 436 1490 580
9281 3733 306 1520 570
9397 3728 363 1520 570
9379 3753 402 1540 570
9397 3778 415 1540 570
9440 3810 414 1540 570
9479 3860 466 1540 570
9496 3917 514 1540 570
9496 3969 536 1550 580
9474 4019 561 1550 580
9436 4067 586 1550 580
9387 4107 591 1550 580
9340 4124 600 1570 580
9290 4124 600 1570 580
9238 4090 606 1570 580
9201 4023 620 1580 580
9165 3934 630 1580 580
9134 3798 645 1580 580
9134 3658 637 1580 580
9148 3543 644 1580 580
9192 3446 646 1590 570
9257 3383 650 1590 570
9335 3365 652 1590 570
9442 3378 655 1580 580
9549 3431 655 1580 580
9659 3510 652 1580 580
9772 3607 646 1580 580
9885 3718 647 1570 590
9999 3829 617 1570 590
10078 3940 574 1570 590
10136 4003 453 1570 590
10174 4045 210 1570 590
9628 5938 478 1640 530
9590 6102 512 1660 520
9555 6179 532 1660 510
9513 6244 521 1670 500
9513 6235 524 1670 500
9518 6149 526 1670 500
9518 6013 533 1670 490
9510 5790 559 1670 500
9521 5511 624 1680 500
9536 5194 685 1680 500
9598 4761 727 1670 510
9690 4329 737 1670 510
9812 3897 742 1670 520
9940 3543 748 1680 530
10072 3249 760 1670 540
10148 2995 759 1670 550
10205 2746 788 1670 570
10250 2553 803 1670 580
10302 2398 800 1680 590
10351 2260 790 1670 610
10400 2154 760 1660 620
10443 2070 659 1680 630
10481 2061 512 1670 650
10472 2093 412 1660 660
10435 2153 142 1680 680