148
2562 6189 1350 800 524
2518 6058 1350 800 516
2529 6040 1350 800 527
2546 5920 1310 790 527
2568 5641 1350 770 535
2636 5255 1350 760 538
2726 4898 1350 750 540
2830 4538 1370 730 546
2936 4258 1370 710 537
3014 4033 1390 710 544
3074 3914 1370 700 544
3107 3868 1370 690 540
3107 3868 1350 680 433
3080 3889 1350 670 156
2204 6302 1290 610 617
2183 6351 1300 620 638
2170 6464 1320 610 638
2277 6566 1340 610 636
2536 6666 1350 600 634
2895 6764 1350 600 638
3340 6805 1380 600 636
3767 6810 1390 600 641
4183 6692 1410 590 645
4521 6440 1410 590 644
4721 6098 1430 590 641
4828 5649 1430 590 636
4796 5185 1430 590 644
4661 4710 1430 590 707
4456 4304 1420 590 760
4200 3899 1410 600 788
3884 3496 1410 600 815
3528 3075 1390 610 830
3176 2700 1370 620 818
2828 2355 1350 630 819
2575 2127 1330 630 818
2383 2041 1320 640 812
2341 2050 1300 650 749
2440 2201 1280 650 617
2633 2413 1250 650 405
5438 4157 1180 650 671
5849 4491 1180 650 700
5809 4601 1190 660 697
5695 4679 1210 660 700
5531 4610 1210 660 707
5338 4415 1210 660 719
5091 4137 1210 660 727
4809 3775 1210 660 728
4597 3480 1210 660 763
4494 3230 1210 660 757
4463 3150 1190 660 762
4496 3156 1180 650 763
4600 3220 1180 650 757
4751 3391 1160 660 763
4923 3602 1160 660 720
5094 3840 1160 660 616
5247 4092 1160 660 589
5388 4275 1150 650 594
5457 4413 1150 650 589
5472 4385 1150 650 613
5450 4228 1150 650 638
5425 3984 1150 650 668
5412 3687 1130 650 728
5446 3486 1130 650 757
5506 3349 1130 650 770
5597 3298 1130 650 763
5716 3331 1140 660 756
5853 3420 1140 660 754
5940 3543 1150 670 634
5979 3666 1150 670 176
5930 4079 1180 680 443
5934 4234 1180 680 488
6009 4256 1180 680 522
6117 4263 1190 680 540
6271 4246 1190 680 550
6408 4213 1190 680 578
6533 4119 1210 690 611
6583 3966 1210 690 662
6595 3774 1210 690 705
6582 3585 1230 690 768
6570 3468 1230 690 788
6604 3399 1230 690 799
6669 3393 1210 690 802
6794 3435 1210 690 799
6923 3509 1210 690 806
7054 3588 1210 690 802
7166 3717 1180 700 793
7271 3879 1180 700 791
7371 4123 1180 700 730
7451 4436 1180 700 617
7499 4795 1180 700 543
7525 5133 1180 700 543
7500 5293 1180 700 315
7387 5110 1330 690 685
7560 5276 1350 680 713
7542 5320 1350 680 710
7565 5333 1350 680 711
7616 5311 1370 670 711
7743 5265 1390 680 700
7909 5224 1390 680 637
8102 5159 1390 680 371
8077 4820 1410 680 317
7742 4565 1410 680 591
7557 4459 1390 690 702
7434 4274 1390 690 743
7379 4033 1390 690 757
7370 3756 1370 700 748
7437 3523 1370 700 752
7529 3390 1350 710 743
7637 3323 1350 710 725
7752 3349 1330 710 721
7892 3456 1300 720 724
8049 3616 1300 720 719
8224 3805 1280 720 661
8427 4006 1280 720 564
8648 4215 1260 720 497
8856 4386 1260 720 486
8991 4469 1280 720 491
9078 4494 1280 720 512
9087 4478 1280 720 567
9025 4404 1280 720 592
8915 4292 1280 720 622
8739 4140 1280 720 691
8569 3988 1280 720 768
8403 3877 1280 720 824
8324 3793 1280 720 832
8331 3764 1280 720 829
8394 3783 1280 720 818
8563 3834 1300 720 797
8766 3903 1300 720 690
8992 3971 1300 720 494
9162 4037 1330 730 130
9107 6736 1450 680 760
9164 6777 1460 670 763
9139 6777 1460 670 768
9064 6614 1480 670 770
9025 6293 1480 670 774
9011 5864 1490 660 788
9111 5372 1510 660 783
9240 4889 1510 660 794
9389 4411 1520 650 812
9582 4065 1520 650 860
9706 3840 1530 670 891
9785 3696 1530 670 905
9785 3611 1540 680 930
9740 3546 1520 700 927
9659 3495 1530 710 923
9581 3472 1490 730 900
9529 3472 1480 740 697