196
3087 4131 25 1650 650
3089 5170 41 1490 550
3103 5255 51 1490 530
3103 5309 80 1490 520
3103 5269 132 1480 500
3110 5165 184 1470 490
3122 5019 213 1470 480
3136 4791 233 1470 470
3153 4542 250 1470 460
3168 4278 269 1470 460
3187 3978 289 1470 460
3211 3675 296 1470 460
3248 3432 316 1470 460
3275 3230 305 1460 470
3294 3060 304 1460 470
3313 2940 316 1450 470
3320 2853 296 1450 470
3320 2820 51 1430 480
2367 4612 440 1380 490
2324 4671 407 1380 490
2268 4692 412 1390 480
2251 4726 405 1390 480
2223 4655 407 1410 490
2187 4557 402 1410 490
2118 4442 402 1420 480
2013 4304 402 1430 490
1885 4201 402 1430 490
1748 4121 404 1440 480
1588 4082 410 1440 480
1413 4088 417 1440 480
1262 4125 412 1440 480
1141 4208 413 1440 480
1039 4340 413 1430 480
1016 4504 412 1430 480
1079 4662 409 1430 480
1198 4843 409 1430 480
1381 5039 413 1420 470
1625 5229 412 1420 470
1909 5419 415 1420 470
2260 5610 417 1420 470
2592 5717 415 1430 460
2911 5749 420 1430 460
3207 5730 418 1430 460
3466 5647 418 1440 460
3699 5496 418 1450 460
3872 5300 420 1450 460
3997 5081 422 1450 460
4091 4833 414 1460 470
4141 4565 418 1460 470
4141 4245 420 1460 470
4105 3922 418 1480 460
4020 3572 422 1470 470
3895 3205 418 1470 470
3744 2861 422 1470 470
3532 2559 425 1460 480
3298 2284 428 1460 480
3048 2048 430 1460 480
2830 1885 428 1450 480
2639 1771 427 1450 480
2466 1716 425 1450 480
2340 1716 376 1440 490
2257 1747 215 1440 490
5036 3412 228 1420 480
5227 3406 240 1400 480
5227 3521 246 1400 480
5166 3593 246 1400 480
5148 3636 246 1400 480
5117 3696 249 1400 480
5078 3755 253 1430 480
5016 3787 242 1430 480
4939 3802 245 1430 490
4852 3760 250 1430 490
4744 3677 255 1430 490
4637 3567 262 1430 490
4531 3410 269 1420 490
4461 3229 274 1420 490
4420 3033 279 1410 490
4397 2877 280 1410 490
4405 2760 284 1400 500
4434 2670 273 1400 500
4477 2632 277 1400 500
4531 2623 282 1380 500
4590 2634 289 1370 500
4665 2697 287 1370 500
4749 2811 287 1370 500
4826 2959 291 1370 500
4888 3117 292 1350 500
4940 3266 302 1360 500
4969 3409 312 1360 500
4988 3481 317 1360 500
5000 3509 314 1360 500
5000 3509 316 1370 510
5008 3494 309 1370 510
5022 3436 315 1370 510
5041 3348 324 1380 510
5065 3217 334 1380 510
5095 3098 337 1380 510
5139 2988 339 1400 510
5192 2889 335 1410 510
5251 2808 334 1410 510
5312 2738 317 1410 510
5379 2698 259 1410 510
5450 2707 85 1400 520
5771 3581 25 1380 510
5750 3686 86 1380 510
5743 3730 158 1380 510
5743 3746 173 1380 510
5743 3746 185 1380 510
5749 3715 249 1400 510
5768 3631 274 1400 510
5790 3510 309 1400 510
5811 3331 314 1400 510
5829 3159 329 1400 510
5845 2992 342 1420 500
5871 2879 344 1420 500
5900 2802 369 1420 500
5931 2749 391 1420 500
5963 2735 417 1430 510
5997 2760 417 1430 510
6036 2812 422 1420 520
6094 2912 417 1420 520
6164 3033 418 1420 520
6244 3167 392 1420 520
6324 3307 312 1420 520
6389 3435 55 1410 520
6534 3812 137 1410 520
6560 3773 165 1410 520
6560 3748 191 1410 520
6560 3721 249 1410 520
6560 3653 279 1400 520
6555 3556 314 1410 520
6543 3441 334 1410 520
6521 3276 358 1410 520
6496 3110 361 1410 520
6469 2963 359 1410 520
6457 2829 359 1410 520
6457 2722 361 1400 530
6472 2659 356 1400 530
6488 2626 338 1400 530
6502 2617 255 1390 540
6401 4508 214 1370 530
6418 4702 232 1370 530
6398 4755 235 1390 520
6403 4755 240 1390 520
6424 4721 249 1400 520
6455 4658 242 1400 520
6482 4592 247 1410 510
6505 4507 250 1410 510
6539 4412 250 1420 500
6575 4292 249 1420 500
6632 4179 245 1430 500
6702 4072 200 1430 500
6803 3963 51 1430 500
7618 3290 36 1450 530
7750 3290 63 1450 530
7771 3341 65 1460 530
7771 3394 115 1460 530
7743 3445 170 1460 530
7701 3495 196 1460 530
7641 3517 217 1470 530
7563 3509 207 1470 530
7473 3480 228 1470 530
7358 3408 245 1470 530
7245 3296 270 1470 530
7156 3157 284 1470 530
7081 3013 314 1470 530
7030 2892 312 1470 530
7017 2786 325 1460 540
7029 2714 329 1460 540
7064 2672 335 1460 540
7120 2651 335 1450 550
7191 2660 332 1450 550
7282 2727 322 1440 560
7384 2833 297 1440 560
7492 3017 269 1440 560
7594 3259 244 1430 560
7684 3541 254 1440 570
7766 3835 242 1440 570
7827 4144 245 1440 570
7851 4462 252 1460 570
7851 4716 280 1460 570
7834 4906 297 1460 570
7819 5053 364 1460 570
7809 5112 393 1460 570
7801 5131 391 1470 560
7801 5124 394 1470 560
7831 5073 391 1480 560
7883 4933 391 1500 550
7936 4733 397 1500 550
7991 4486 400 1500 550
8050 4183 400 1520 560
8114 3843 402 1520 560
8202 3537 402 1530 560
8305 3237 392 1530 560
8448 2940 364 1540 570
8595 2636 206 1540 570