221
2944 6686 1260 660 334
2944 6816 1250 640 377
2944 6799 1270 620 388
2937 6789 1260 600 450
2964 6750 1260 580 509
3009 6691 1260 570 566
3065 6570 1250 550 641
3117 6406 1250 540 696
3168 6213 1270 530 753
3218 5943 1270 520 788
3252 5657 1250 530 861
3277 5361 1250 530 897
3295 5042 1250 530 920
3310 4782 1250 540 947
3324 4562 1240 540 938
3334 4402 1230 550 940
3341 4281 1210 550 940
3341 4186 1200 550 950
3341 4155 1180 560 897
3311 4167 1180 560 790
3267 4207 1170 560 673
3194 4336 1160 560 526
3102 4513 1140 570 442
2996 4722 1140 570 444
2912 4962 1130 570 444
2831 5153 1130 570 418
2762 5312 1130 570 203
2441 5929 1160 560 149
2245 6228 1170 560 247
2171 6379 1180 560 337
2109 6540 1200 550 397
2059 6568 1210 550 438
2041 6610 1230 550 463
2041 6662 1230 550 475
2091 6704 1240 540 502
2186 6745 1250 540 544
2314 6781 1270 530 565
2492 6801 1280 530 567
2711 6812 1280 530 569
2958 6800 1290 520 575
3235 6768 1290 520 577
3509 6722 1290 520 580
3780 6685 1300 520 594
4002 6647 1300 520 627
4199 6576 1300 520 647
4380 6482 1300 520 663
4493 6348 1300 520 690
4540 6178 1300 520 699
4540 5983 1290 520 724
4464 5725 1290 520 746
4296 5464 1290 520 774
4068 5127 1280 530 799
3802 4741 1270 520 825
3511 4431 1250 530 855
3204 4116 1240 530 866
2903 3850 1240 530 857
2655 3620 1230 530 866
2442 3493 1210 530 861
2287 3432 1190 530 817
2189 3414 1190 530 771
2129 3453 1180 540 699
2129 3541 1170 540 572
2211 3663 1170 540 206
5389 5081 1200 520 93
5397 5036 1210 520 272
5415 5019 1210 520 322
5409 5009 1210 520 415
5409 5009 1210 520 453
5400 5009 1210 520 509
5386 5019 1220 530 561
5368 5041 1220 530 591
5349 5077 1220 530 589
5330 5123 1220 530 591
5309 5174 1220 530 592
5284 5216 1220 530 591
5255 5304 1220 530 594
5221 5426 1230 520 597
5188 5488 1230 520 608
5156 5513 1230 520 614
5124 5513 1230 520 611
5088 5484 1230 520 619
5049 5400 1230 520 620
5006 5281 1230 520 640
4962 5119 1230 520 675
4917 4918 1230 520 707
4873 4691 1230 520 736
4853 4521 1220 530 742
4853 4396 1220 530 748
4870 4301 1220 530 749
4892 4267 1200 520 753
4919 4281 1200 520 760
4954 4326 1200 520 770
5008 4435 1200 520 767
5073 4562 1200 520 763
5127 4702 1180 530 762
5171 4868 1180 530 763
5209 5012 1180 530 762
5242 5142 1180 530 760
5268 5235 1180 530 760
5290 5286 1180 530 762
5296 5309 1180 530 762
5296 5309 1180 530 759
5296 5293 1180 530 768
5314 5262 1180 530 782
5329 5173 1200 520 783
5347 5055 1200 520 802
5368 4918 1200 520 821
5393 4766 1210 520 818
5444 4637 1210 520 828
5514 4552 1210 520 840
5600 4488 1210 520 845
5708 4452 1210 530 845
5830 4446 1210 530 849
5916 4460 1210 530 846
5990 4495 1210 530 840
6056 4548 1200 540 794
6109 4614 1200 540 614
6138 4678 1200 540 1
6062 5337 1240 500 251
6062 5337 1240 500 277
6062 5337 1220 500 381
6051 5298 1230 510 478
6064 5239 1230 510 561
6084 5136 1230 510 611
6110 5029 1240 520 646
6142 4888 1240 520 678
6178 4727 1230 520 728
6223 4593 1230 520 758
6271 4483 1240 530 784
6324 4388 1230 530 800
6376 4338 1230 530 821
6428 4325 1220 540 842
6471 4337 1220 540 866
6508 4396 1220 540 863
6551 4502 1220 540 867
6592 4639 1200 540 863
6631 4816 1200 540 864
6681 4999 1200 540 863
6727 5185 1200 540 863
6770 5279 1200 540 854
6804 5348 1210 550 845
6826 5401 1210 550 756
6839 5428 1230 550 578
6847 5433 1230 550 89
7139 5851 1280 500 386
7149 5885 1280 500 417
7133 5895 1290 510 420
7133 5906 1300 510 448
7149 5906 1300 510 519
7179 5891 1320 510 574
7221 5849 1330 510 613
7266 5788 1330 510 622
7313 5723 1330 510 628
7350 5661 1340 510 627
7379 5602 1340 510 546
7407 5554 1330 520 249
7324 5339 1300 530 382
7313 5214 1290 530 473
7292 5183 1290 530 522
7263 5131 1280 540 687
7278 5065 1280 540 777
7278 4968 1280 540 817
7262 4829 1280 540 863
7248 4663 1280 540 863
7235 4528 1280 540 864
7223 4416 1260 540 864
7235 4320 1260 540 853
7261 4271 1260 540 819
7292 4256 1250 550 731
7328 4265 1250 550 472
8345 4857 1240 550 89
8450 4878 1240 550 89
8485 4893 1250 550 137
8508 4920 1250 550 132
8523 4952 1250 550 209
8505 4988 1260 540 280
8477 5012 1260 540 294
8443 5066 1280 540 334
8414 5141 1290 550 387
8376 5181 1290 550 441
8333 5219 1300 540 467
8289 5249 1300 540 509
8243 5269 1300 540 532
8195 5269 1300 540 562
8152 5253 1300 540 600
8110 5208 1300 540 634
8070 5130 1300 540 655
8036 5030 1300 540 685
8010 4897 1300 540 703
7994 4749 1310 550 720
7988 4592 1300 550 733
8012 4491 1300 550 737
8054 4433 1300 550 740
8112 4403 1290 560 739
8174 4432 1290 560 740
8241 4506 1290 560 740
8309 4610 1290 560 733
8362 4735 1270 560 670
8405 4918 1270 560 643
8436 5140 1270 560 620
8458 5392 1270 560 619
8474 5640 1270 560 606
8474 5870 1270 560 605
8466 6089 1290 560 603
8466 6224 1290 560 608
8472 6325 1300 550 614
8487 6404 1310 550 645
8487 6428 1330 540 655
8487 6423 1330 540 658
8487 6398 1330 530 700
8487 6344 1340 520 740
8487 6204 1350 520 794
8487 6006 1360 510 825
8497 5726 1360 510 872
8513 5393 1360 510 902
8522 5025 1370 510 921
8522 4607 1360 510 934
8539 4220 1360 510 934
8574 3912 1350 520 945
8623 3645 1350 530 908
8683 3518 1340 540 733