138
2381 5044 1350 800 83
2018 5677 1350 800 215
1925 5997 1350 800 386
1878 6159 1350 800 471
1862 6217 1390 790 470
1892 6182 1380 780 491
1984 6023 1380 770 498
2116 5781 1380 750 491
2264 5470 1380 740 496
2404 5156 1370 730 488
2539 4841 1370 710 494
2635 4556 1350 710 494
2686 4349 1370 700 499
2708 4195 1370 690 492
2697 4105 1350 680 496
2682 4075 1370 670 455
2665 4084 1350 670 262
2140 6291 1300 630 605
2009 6457 1300 630 627
1955 6567 1330 630 628
1945 6600 1350 630 630
2030 6582 1350 630 631
2179 6630 1370 620 634
2497 6716 1380 610 633
2908 6828 1380 610 641
3381 6893 1390 610 639
3889 6839 1420 610 645
4297 6706 1440 600 636
4639 6424 1450 590 641
4800 6064 1460 580 636
4788 5651 1460 580 645
4661 5242 1460 580 644
4429 4827 1460 580 696
4138 4409 1450 590 757
3807 4027 1450 590 809
3439 3640 1440 600 825
3068 3263 1420 610 824
2694 2893 1410 610 832
2390 2554 1400 620 825
2215 2364 1380 630 827
2127 2273 1370 630 776
2167 2291 1350 640 636
2380 2463 1320 640 349
5367 4240 1190 660 711
5728 4434 1210 660 739
5675 4516 1210 660 724
5559 4589 1210 660 737
5402 4595 1220 670 755
5135 4511 1220 670 753
4891 4366 1240 660 759
4663 4068 1240 660 765
4482 3761 1240 660 788
4399 3449 1240 660 787
4382 3291 1230 650 796
4436 3231 1210 660 794
4557 3236 1210 660 796
4722 3357 1210 660 777
4926 3552 1180 650 754
5109 3797 1180 650 694
5279 4031 1180 650 659
5399 4205 1180 650 661
5449 4338 1170 650 673
5449 4318 1190 640 669
5411 4199 1190 640 684
5382 4013 1190 640 702
5362 3811 1170 650 751
5410 3642 1180 650 785
5492 3495 1180 650 793
5597 3372 1180 650 773
5711 3322 1190 660 740
5831 3322 1190 660 595
5914 3390 1190 660 170
6028 4386 1200 670 458
6230 4354 1220 680 512
6274 4315 1220 680 568
6286 4159 1220 680 594
6306 3926 1220 680 627
6329 3670 1220 680 669
6337 3467 1220 680 752
6337 3299 1220 680 821
6318 3200 1220 680 866
6318 3186 1230 690 864
6326 3230 1230 690 870
6357 3346 1230 690 870
6392 3491 1230 690 853
6449 3656 1210 690 787
6518 3930 1210 690 570
6705 4930 1250 700 616
6841 4934 1290 700 671
6892 4997 1290 700 676
6945 5088 1310 690 690
7034 5119 1350 690 694
7146 5145 1350 690 700
7327 5094 1390 690 670
7436 4993 1390 690 435
7107 4312 1450 700 561
6993 4120 1450 700 638
6948 4020 1450 700 670
6905 3815 1430 700 688
6894 3541 1430 700 713
6902 3348 1420 710 730
6928 3201 1420 710 722
6977 3086 1400 720 728
7042 3092 1370 730 722
7162 3187 1370 730 676
7321 3342 1350 730 515
8234 4024 1280 720 260
8522 4131 1280 720 554
8570 4169 1280 720 655
8547 4207 1280 720 700
8477 4183 1280 720 721
8335 4119 1280 720 731
8141 3936 1280 720 748
7912 3715 1280 720 782
7718 3470 1280 720 820
7620 3297 1280 720 836
7586 3233 1260 720 845
7615 3241 1260 720 848
7724 3291 1260 720 840
7885 3383 1230 720 840
8054 3504 1230 720 832
8219 3618 1230 720 793
8372 3761 1230 720 746
8518 3923 1230 720 658
8635 4095 1210 730 325
8410 6109 1400 720 773
8397 6061 1420 710 785
8368 6061 1430 700 794
8311 5867 1480 700 791
8319 5495 1490 690 784
8377 5007 1490 690 784
8467 4458 1510 680 800
8591 3983 1510 680 812
8690 3558 1530 690 863
8772 3377 1530 690 893
8815 3259 1520 700 906
8824 3183 1520 700 851
8809 3158 1500 710 450