124
3677 4995 50 1200 380
3682 4909 319 1220 390
3689 4891 307 1220 400
3689 4902 285 1230 420
3741 4931 285 1240 430
3830 4972 274 1250 440
3937 5074 289 1250 450
4065 5198 299 1250 460
4207 5336 306 1260 470
4325 5463 309 1260 470
4404 5569 317 1260 470
4458 5660 322 1260 470
4489 5741 345 1260 470
4489 5821 348 1270 460
4465 5897 366 1280 470
4412 5945 372 1300 470
4323 5973 377 1310 460
4211 5945 396 1330 460
4056 5857 400 1330 460
3901 5730 423 1340 460
3750 5580 440 1340 460
3602 5375 473 1320 460
3477 5134 491 1320 460
3382 4881 519 1310 460
3308 4630 535 1300 470
3256 4380 536 1280 470
3222 4109 545 1260 470
3201 3893 545 1250 470
3223 3713 550 1240 480
3274 3616 550 1230 480
3345 3546 545 1220 480
3440 3493 491 1210 490
3574 3480 397 1190 480
3735 3523 223 1170 490
4591 4291 341 1200 460
4563 4319 373 1210 470
4528 4339 366 1200 470
4491 4300 371 1210 480
4453 4234 389 1210 480
4414 4150 425 1210 480
4380 4075 440 1220 480
4380 4018 439 1220 480
4392 3973 443 1220 480
4425 3938 445 1220 480
4477 3921 453 1210 490
4542 3916 461 1210 490
4645 3955 471 1210 490
4775 4042 474 1210 490
4924 4162 470 1220 500
5075 4303 483 1220 500
5223 4447 491 1220 500
5369 4593 517 1220 500
5448 4688 550 1220 500
5484 4741 620 1240 500
5490 4765 638 1240 500
5482 4781 636 1260 500
5448 4797 644 1270 500
5397 4789 636 1270 500
5309 4765 640 1270 500
5188 4702 641 1280 490
5044 4599 650 1280 490
4916 4470 662 1270 500
4815 4286 663 1270 500
4731 4103 664 1260 490
4680 3923 667 1250 500
4707 3809 672 1250 500
4786 3735 679 1230 490
4877 3692 687 1220 500
5004 3685 679 1200 500
5154 3703 639 1200 500
5320 3760 543 1180 490
5452 3825 339 1180 490
5583 4894 391 1260 470
5566 4863 410 1270 480
5553 4912 404 1270 490
5584 4928 427 1270 490
5643 4961 458 1280 490
5769 5020 474 1280 490
5911 5090 470 1280 490
6063 5149 466 1280 490
6214 5205 387 1280 490
6328 5254 211 1290 500
6483 5849 207 1340 490
6518 5804 225 1350 490
6485 5804 233 1350 490
6408 5828 247 1350 490
6381 5792 342 1350 490
6351 5718 420 1360 490
6283 5620 481 1350 500
6190 5435 537 1350 500
6096 5226 578 1350 500
6008 5001 614 1330 500
5938 4784 636 1330 500
5879 4603 667 1320 500
5826 4445 685 1320 500
5776 4268 696 1290 500
5762 4119 697 1280 500
5772 3990 710 1280 500
5832 3900 716 1260 500
5931 3844 725 1250 510
6057 3811 720 1250 510
6237 3840 724 1250 510
6421 3901 728 1260 510
6570 3984 724 1260 510
6693 4064 728 1260 510
6777 4143 716 1270 520
6822 4234 707 1270 520
6840 4334 703 1270 520
6827 4435 705 1270 520
6781 4486 705 1270 520
6713 4503 717 1270 520
6612 4476 720 1280 520
6485 4378 749 1280 520
6340 4233 767 1280 520
6193 4055 796 1280 520
6128 3904 784 1280 520
6117 3772 790 1270 520
6180 3667 790 1260 510
6288 3595 794 1260 510
6426 3546 796 1240 520
6570 3529 776 1220 510
6717 3541 696 1220 510
6864 3572 515 1210 520
7009 3608 1 1210 520