134
4171 5504 134 1250 430
4110 5435 171 1250 440
4120 5427 179 1240 460
4120 5427 180 1240 460
4153 5427 170 1240 470
4207 5452 190 1240 470
4288 5500 218 1250 470
4392 5582 212 1250 470
4510 5676 214 1260 480
4635 5777 221 1260 480
4758 5889 223 1260 480
4842 6002 230 1280 480
4900 6116 235 1280 480
4934 6208 253 1300 480
4950 6300 272 1320 480
4955 6390 299 1330 470
4955 6463 320 1340 480
4930 6524 340 1350 470
4898 6556 333 1350 470
4861 6570 333 1360 470
4811 6570 333 1360 470
4753 6543 333 1360 470
4671 6462 345 1360 470
4574 6347 341 1360 470
4468 6173 346 1360 470
4350 5927 358 1350 460
4223 5634 373 1340 470
4090 5284 394 1340 470
3969 4935 420 1320 470
3869 4589 447 1310 470
3783 4295 455 1280 470
3729 4032 456 1260 480
3710 3858 463 1250 480
3715 3758 465 1230 480
3772 3708 465 1210 490
3860 3708 468 1190 490
3968 3772 473 1170 490
4112 3877 427 1170 490
4268 4021 287 1170 490
4983 4693 256 1190 470
5030 4700 267 1190 480
5022 4717 265 1190 490
5002 4709 285 1200 500
4989 4687 324 1200 500
4969 4640 377 1220 500
4943 4558 404 1220 500
4915 4454 415 1220 500
4907 4353 423 1220 500
4912 4292 435 1200 500
4942 4258 449 1200 500
4978 4236 473 1200 500
5054 4263 493 1190 500
5154 4324 491 1200 510
5297 4431 492 1200 510
5468 4561 497 1200 510
5658 4707 496 1210 520
5863 4859 504 1220 510
5999 5006 507 1220 510
6088 5118 519 1240 520
6153 5210 516 1240 520
6186 5243 524 1260 510
6197 5324 532 1270 520
6185 5438 537 1280 520
6152 5483 537 1280 520
6105 5496 527 1280 520
6033 5488 519 1290 510
5949 5435 521 1290 510
5857 5356 518 1290 510
5795 5261 513 1290 510
5738 5169 519 1290 510
5703 5055 535 1290 510
5681 4927 551 1280 500
5660 4758 560 1270 510
5645 4608 572 1270 510
5640 4470 575 1270 510
5674 4358 572 1260 510
5733 4291 578 1240 520
5832 4253 583 1240 520
5933 4253 583 1230 520
6054 4306 492 1230 520
6187 4386 254 1220 530
6475 5371 366 1340 480
6408 5262 359 1340 480
6408 5286 356 1340 490
6419 5337 364 1330 500
6514 5377 394 1320 500
6635 5438 415 1300 510
6774 5513 423 1320 510
6901 5563 420 1300 520
6998 5599 349 1300 520
7075 5626 127 1310 520
7169 6145 287 1350 510
7197 6193 322 1360 510
7187 6216 356 1360 510
7165 6238 358 1370 510
7153 6238 366 1370 510
7120 6200 417 1370 510
7074 6140 456 1380 500
7011 6023 501 1380 500
6939 5845 532 1380 500
6860 5626 569 1370 510
6755 5386 605 1370 510
6651 5146 643 1360 510
6548 4906 669 1340 510
6499 4700 684 1330 520
6499 4540 699 1310 520
6543 4410 700 1290 520
6618 4308 707 1280 530
6760 4249 722 1270 530
6946 4220 721 1250 540
7136 4234 731 1250 540
7325 4280 734 1240 540
7513 4348 739 1240 540
7625 4412 748 1250 550
7706 4477 750 1250 550
7767 4566 751 1250 550
7819 4671 756 1250 550
7847 4826 760 1250 550
7860 4976 753 1260 560
7832 5122 753 1270 550
7763 5202 761 1290 550
7667 5202 754 1300 550
7547 5147 754 1310 550
7427 5028 757 1310 550
7343 4871 763 1310 550
7284 4688 776 1330 540
7276 4537 777 1310 550
7325 4431 797 1310 550
7411 4355 785 1300 540
7542 4280 796 1290 550
7727 4246 796 1270 550
7949 4239 770 1250 550
8151 4256 667 1250 550
8383 4280 56 1250 560