102
5740 3764 1120 550 1
5694 3694 1120 540 29
5679 3679 1120 550 70
5666 3669 1120 550 144
5654 3677 1150 550 160
5646 3723 1150 550 200
5646 3794 1150 550 221
5660 3914 1150 550 250
5708 4091 1150 550 285
5779 4306 1150 550 294
5881 4565 1160 550 292
5989 4818 1170 550 314
6109 5067 1190 540 304
6234 5224 1190 540 305
6345 5318 1200 540 317
6447 5370 1230 550 316
6533 5364 1240 540 309
6600 5313 1240 540 315
6654 5233 1260 540 359
6682 5140 1260 540 389
6662 5028 1270 550 491
6610 4904 1270 550 540
6504 4784 1270 550 577
6358 4679 1270 550 614
6184 4585 1270 550 638
6029 4527 1270 550 647
5900 4499 1260 540 645
5787 4492 1260 540 610
5723 4505 1260 540 550
5710 4513 1250 540 391
5731 4518 1250 540 180
6386 3894 1140 570 249
6429 3894 1150 580 250
6424 3878 1160 570 252
6460 3852 1180 570 264
6502 3835 1190 580 296
6568 3844 1200 570 322
6647 3871 1200 570 341
6760 3949 1210 580 348
6881 4052 1230 580 339
7006 4173 1230 580 344
7110 4303 1230 580 311
7186 4420 1230 580 299
7244 4489 1230 580 296
7261 4531 1230 580 306
7242 4543 1230 580 314
7198 4514 1240 570 369
7118 4457 1230 560 410
7028 4363 1230 560 450
6932 4252 1230 560 501
6873 4130 1230 560 507
6848 4051 1230 560 509
6848 4000 1220 570 496
6873 3968 1220 570 461
6936 3954 1230 580 339
7166 4400 1240 550 306
7145 4468 1220 560 368
7137 4501 1220 560 377
7149 4516 1230 560 465
7182 4516 1230 560 496
7238 4532 1230 560 551
7309 4547 1240 570 566
7414 4563 1240 570 577
7545 4597 1260 580 575
7692 4629 1270 570 562
7818 4661 1280 580 515
7923 4697 1280 580 325
7955 5025 1280 580 387
7879 4945 1270 590 389
7813 4908 1280 590 427
7744 4778 1280 590 498
7673 4646 1280 590 577
7600 4512 1290 590 641
7563 4383 1290 590 687
7548 4250 1310 600 714
7548 4136 1290 600 720
7576 4033 1290 600 721
7631 3983 1290 600 730
7702 3948 1280 610 740
7799 3924 1280 610 742
7918 3944 1260 610 746
8052 3988 1260 610 743
8170 4049 1240 620 730
8276 4108 1240 620 727
8374 4178 1230 610 717
8449 4256 1230 610 685
8495 4341 1230 610 669
8522 4422 1240 620 669
8522 4500 1240 620 672
8492 4544 1260 620 676
8447 4583 1270 620 696
8376 4593 1290 630 697
8281 4586 1290 630 710
8169 4538 1300 620 734
8052 4444 1300 620 757
7972 4320 1300 620 794
7916 4167 1310 610 799
7889 4033 1290 610 785
7934 3911 1280 610 784
8027 3872 1280 610 779
8162 3864 1250 600 733
8363 3878 1250 600 466