122
2098 4239 86 1130 490
2123 4146 342 1130 490
2102 4124 387 1130 490
2085 4124 537 1130 490
2072 4110 627 1130 490
2060 4102 699 1140 480
2050 4102 733 1140 480
2041 4113 743 1140 480
2028 4153 756 1140 480
2011 4212 782 1140 480
2002 4330 790 1140 480
1994 4488 814 1140 480
1994 4674 827 1140 480
2025 4898 846 1150 480
2085 5158 852 1170 490
2170 5441 858 1190 480
2278 5711 860 1200 480
2401 5980 864 1210 480
2546 6235 864 1230 470
2690 6449 863 1250 470
2832 6644 863 1270 460
2957 6758 858 1290 460
3070 6811 851 1310 460
3175 6823 846 1320 460
3235 6799 857 1340 460
3259 6740 854 1340 460
3259 6657 864 1350 450
3210 6539 876 1350 450
3128 6402 882 1350 450
3024 6252 890 1350 450
2919 6127 896 1350 450
2816 6029 908 1350 450
2717 5948 899 1350 450
2610 5899 894 1350 450
2499 5880 882 1350 450
2453 5880 797 1350 450
2453 5897 653 1340 450
2490 5932 257 1340 450
3068 4130 470 1230 440
3100 4067 517 1230 440
3031 4122 543 1230 450
3036 4139 585 1230 450
3043 4132 650 1240 460
3084 4154 694 1250 460
3146 4197 733 1250 460
3234 4253 739 1260 470
3333 4347 748 1260 470
3439 4454 760 1260 470
3539 4570 751 1260 470
3608 4674 768 1260 470
3655 4759 794 1260 470
3655 4831 796 1280 470
3609 4887 823 1280 470
3542 4919 831 1300 470
3469 4935 843 1300 470
3396 4905 861 1310 460
3324 4836 857 1310 460
3273 4742 876 1320 460
3251 4647 882 1320 460
3251 4554 888 1310 460
3295 4482 906 1310 460
3374 4423 902 1300 460
3473 4394 876 1290 460
3591 4389 785 1290 460
3714 4400 536 1270 460
4432 5217 543 1330 430
4359 5222 611 1340 440
4332 5229 717 1330 440
4325 5229 731 1330 440
4330 5235 784 1340 450
4367 5242 806 1330 450
4459 5248 832 1340 460
4588 5256 831 1340 460
4761 5265 839 1350 460
4904 5286 809 1350 460
5028 5310 742 1350 460
5126 5336 564 1360 470
5181 5350 255 1360 470
4902 5871 302 1390 470
4902 5871 413 1390 470
4933 5939 522 1400 470
4933 5953 583 1400 470
4933 5953 661 1390 460
4923 5905 727 1400 460
4914 5835 767 1390 460
4891 5740 820 1380 460
4848 5615 860 1380 460
4792 5471 881 1370 460
4726 5289 902 1370 460
4671 5134 929 1370 460
4622 4997 945 1370 460
4616 4866 940 1360 470
4637 4747 950 1350 460
4677 4635 961 1340 470
4753 4543 974 1340 470
4831 4471 985 1320 470
4934 4412 997 1330 470
5053 4385 979 1320 480
5208 4391 987 1320 480
5354 4418 993 1320 490
5495 4454 994 1320 490
5622 4514 979 1330 500
5734 4589 980 1340 500
5835 4691 974 1350 510
5902 4803 968 1350 510
5930 4921 964 1370 510
5930 5001 968 1370 510
5905 5060 964 1370 510
5856 5105 965 1380 500
5793 5134 964 1380 500
5716 5134 980 1380 500
5643 5112 989 1400 500
5579 5052 988 1400 500
5543 4945 1021 1400 500
5523 4808 1023 1400 500
5540 4666 1023 1380 490
5598 4560 1023 1380 490
5683 4479 1023 1370 500
5823 4437 1023 1370 500
6006 4462 978 1380 500
6218 4532 803 1370 510
6496 4663 1 1370 510