109
5734 3632 30 1150 540
5728 3666 37 1150 550
5722 3699 67 1150 550
5722 3766 50 1140 570
5722 3861 94 1140 570
5736 3975 115 1140 570
5765 4150 155 1140 570
5804 4350 185 1160 560
5861 4568 200 1160 560
5933 4790 211 1170 560
6016 4974 225 1170 550
6096 5134 232 1190 540
6190 5248 232 1200 540
6294 5314 223 1220 540
6390 5349 219 1240 540
6477 5328 221 1240 540
6559 5259 235 1250 550
6622 5159 252 1250 550
6651 5032 289 1260 560
6657 4901 325 1260 560
6600 4764 374 1260 560
6488 4624 442 1250 560
6340 4502 491 1250 560
6141 4405 517 1250 560
5945 4326 537 1250 560
5758 4281 524 1240 550
5608 4269 496 1240 550
5481 4279 428 1240 550
5436 4279 206 1230 550
6154 3746 107 1160 550
6216 3752 108 1180 560
6228 3752 112 1180 560
6271 3741 129 1180 560
6325 3721 148 1190 560
6386 3736 184 1190 560
6464 3769 188 1190 560
6547 3815 196 1200 570
6643 3884 190 1200 570
6746 3976 190 1210 580
6855 4084 177 1210 580
6935 4188 160 1210 580
6996 4287 155 1210 580
7037 4356 156 1210 580
7047 4408 165 1230 580
7036 4424 179 1230 580
7007 4414 190 1230 580
6956 4386 245 1240 570
6889 4319 286 1240 570
6816 4227 315 1240 570
6745 4119 358 1240 570
6706 4028 371 1240 570
6688 3953 373 1240 580
6693 3890 366 1240 580
6722 3854 317 1240 580
6766 3832 144 1250 590
7178 4588 392 1240 570
7151 4569 402 1240 570
7125 4569 402 1240 570
7136 4564 404 1240 570
7171 4555 420 1240 570
7232 4547 428 1260 580
7329 4547 441 1260 580
7449 4553 444 1260 580
7588 4580 425 1270 590
7726 4605 362 1280 580
7863 4629 171 1280 580
7845 4961 309 1250 590
7804 4936 314 1240 600
7763 4928 312 1250 600
7730 4928 325 1260 610
7698 4879 371 1270 620
7662 4811 404 1290 610
7622 4728 446 1290 610
7589 4631 477 1290 610
7558 4502 514 1310 610
7532 4351 543 1310 610
7517 4200 543 1310 610
7510 4089 564 1310 610
7523 4004 569 1280 610
7549 3946 567 1280 610
7588 3909 570 1280 610
7644 3885 578 1260 610
7712 3863 580 1270 620
7790 3863 578 1260 620
7883 3885 584 1260 620
7985 3922 578 1240 630
8066 3971 569 1240 630
8132 4027 570 1230 620
8189 4084 559 1230 620
8234 4140 540 1230 620
8253 4193 538 1220 610
8253 4246 526 1220 610
8248 4303 533 1220 610
8226 4362 543 1220 610
8193 4406 536 1240 620
8142 4427 550 1240 620
8085 4434 572 1240 620
8025 4421 613 1260 610
7965 4387 617 1260 610
7908 4340 638 1260 610
7856 4250 645 1280 610
7834 4157 649 1290 610
7834 4057 658 1290 610
7866 3983 662 1270 620
7927 3927 664 1270 620
8005 3889 658 1270 620
8118 3884 647 1260 620
8246 3902 568 1260 620
8383 3941 394 1240 630