119
3282 4637 0 900 830
2507 3245 376 1150 510
2457 3040 389 1150 510
2431 3022 455 1150 510
2424 3010 584 1150 510
2417 3001 639 1150 510
2410 3012 659 1160 500
2410 3086 703 1160 500
2410 3203 755 1160 500
2427 3424 790 1170 500
2454 3702 799 1160 490
2506 4018 821 1170 490
2602 4370 828 1190 480
2726 4681 840 1200 480
2860 4964 843 1210 480
3029 5212 842 1220 470
3221 5418 845 1250 470
3410 5596 840 1260 470
3573 5679 842 1270 460
3719 5691 849 1300 470
3794 5656 854 1310 460
3815 5567 885 1310 460
3801 5427 894 1310 460
3730 5252 935 1330 460
3630 5087 940 1330 460
3511 4928 961 1320 470
3389 4774 976 1320 470
3245 4668 991 1320 470
3087 4592 982 1300 470
2927 4536 978 1300 470
2805 4521 968 1280 470
2708 4526 917 1280 470
2658 4545 796 1260 470
2670 4566 570 1260 470
3757 3112 641 1200 440
3757 3112 667 1200 450
3757 3112 731 1210 460
3655 3066 768 1220 460
3655 3058 784 1220 460
3655 3058 831 1220 460
3710 3067 861 1240 470
3790 3142 881 1240 470
3907 3260 894 1240 470
4039 3427 900 1240 470
4180 3574 905 1240 470
4288 3707 892 1250 460
4351 3840 911 1250 460
4383 3917 924 1260 460
4354 3957 923 1270 460
4285 3979 930 1290 460
4190 3966 933 1300 460
4074 3929 949 1300 460
3975 3844 964 1310 450
3886 3726 979 1310 450
3825 3585 994 1310 450
3809 3444 978 1310 450
3823 3298 990 1310 450
3872 3189 997 1300 460
3958 3107 982 1290 460
4068 3075 900 1270 460
4214 3075 720 1260 470
4363 3096 282 1260 470
5178 4145 371 1320 450
5178 4145 532 1330 440
5092 4159 630 1320 440
5050 4241 702 1320 440
5050 4241 728 1320 440
5050 4241 790 1330 440
5098 4241 825 1330 440
5183 4241 860 1330 440
5348 4249 860 1330 440
5543 4268 879 1330 440
5757 4289 896 1340 450
5932 4311 858 1340 450
6059 4334 796 1340 450
6155 4344 681 1350 450
6203 4344 529 1350 450
6203 4350 212 1360 460
5856 4779 249 1360 460
5901 4992 287 1370 450
5917 5059 391 1360 450
5934 5087 428 1360 450
5939 5087 544 1360 450
5939 5067 627 1380 450
5925 5014 694 1380 450
5890 4895 749 1370 450
5839 4733 796 1370 450
5753 4558 817 1370 450
5648 4333 854 1370 450
5530 4074 897 1370 450
5440 3830 903 1350 450
5401 3617 917 1350 450
5396 3426 929 1350 450
5418 3225 930 1330 450
5481 3041 935 1320 460
5570 2914 942 1320 460
5696 2820 933 1310 460
5843 2756 946 1300 470
6004 2741 944 1310 470
6174 2760 946 1300 480
6347 2818 950 1300 480
6528 2898 940 1310 480
6687 2993 945 1320 490
6831 3104 933 1320 490
6929 3227 912 1330 500
6981 3358 892 1330 500
7002 3454 900 1340 500
6967 3516 896 1340 500
6901 3556 893 1340 500
6815 3550 924 1350 500
6695 3497 935 1350 500
6578 3414 953 1340 490
6492 3290 973 1350 490
6427 3147 979 1350 490
6427 2992 1006 1350 490
6494 2841 1021 1350 490
6615 2750 1021 1340 490
6796 2700 946 1340 490
7046 2756 722 1340 490