105
3075 3976 212 1200 420
2964 3829 230 1200 430
2898 3776 256 1200 430
2847 3739 305 1210 440
2824 3714 349 1210 440
2805 3734 364 1210 440
2792 3843 399 1220 450
2818 4011 428 1220 450
2871 4294 444 1220 450
2946 4585 446 1220 450
3062 4881 447 1220 450
3204 5225 463 1230 450
3390 5519 465 1250 450
3614 5780 473 1270 450
3863 5972 464 1290 440
4079 6038 468 1310 440
4224 6021 453 1330 440
4322 5906 442 1340 440
4284 5756 443 1350 440
4120 5583 445 1350 440
3872 5402 471 1360 440
3601 5245 493 1350 440
3332 5143 505 1350 440
3064 5071 512 1350 440
2939 5033 488 1340 450
2925 5019 394 1340 450
2984 5019 67 1330 440
4155 4125 507 1270 420
4131 4061 537 1280 420
4092 4076 537 1290 430
4082 4088 538 1290 440
4144 4127 543 1300 450
4233 4185 544 1310 450
4341 4285 538 1310 450
4450 4398 519 1320 460
4543 4520 498 1320 460
4626 4619 480 1320 460
4656 4687 481 1320 460
4636 4734 481 1310 450
4582 4748 493 1310 450
4492 4719 488 1310 450
4387 4662 491 1310 450
4273 4547 496 1310 450
4160 4393 497 1310 450
4097 4213 499 1310 450
4068 4078 505 1320 460
4096 3992 514 1320 460
4179 3940 520 1320 460
4299 3963 513 1320 460
4450 4040 501 1330 460
4634 4152 384 1320 470
5829 5117 473 1400 480
5754 5096 491 1400 480
5686 5118 499 1400 480
5599 5111 509 1400 480
5535 5105 512 1400 480
5486 5105 517 1400 480
5414 5114 519 1400 480
5344 5133 522 1400 480
5276 5167 515 1390 470
5241 5201 515 1380 480
5251 5237 515 1380 480
5290 5275 526 1380 480
5377 5309 532 1380 480
5530 5351 540 1380 480
5727 5424 536 1390 480
5980 5517 536 1390 480
6273 5618 540 1390 480
6593 5719 537 1410 490
6872 5820 517 1420 490
7025 5861 452 1420 490
7093 5854 376 1430 500
7082 5816 163 1450 500
6372 6096 466 1440 480
6365 6188 464 1440 470
6335 6180 474 1440 470
6325 6095 464 1440 470
6337 5958 470 1450 460
6324 5736 496 1460 470
6294 5466 543 1450 470
6267 5165 564 1450 470
6246 4839 583 1450 480
6271 4560 605 1440 490
6323 4312 611 1430 500
6403 4121 619 1420 500
6543 4007 620 1420 520
6723 3944 617 1410 520
6976 3958 617 1410 520
7257 4066 619 1410 530
7556 4238 617 1420 540
7825 4490 611 1420 540
7975 4696 610 1440 540
8046 4871 634 1450 550
8037 5026 670 1450 550
7967 5097 669 1460 540
7855 5111 681 1460 540
7682 5047 690 1470 550
7515 4884 728 1470 550
7351 4654 785 1480 540
7268 4451 817 1480 540
7276 4271 822 1480 540
7344 4107 840 1500 540
7569 4059 840 1490 550
7965 4120 797 1500 550
8475 4253 603 1520 560