185
4196 3024 17 850 520
4196 3024 76 850 520
4196 3024 110 850 520
4196 3024 139 850 520
4196 3024 172 850 520
4196 3024 181 850 520
4168 3055 209 850 520
4168 3068 232 860 520
4158 3096 249 860 510
4152 3134 249 860 510
4145 3192 257 860 510
4145 3265 274 880 510
4145 3347 282 880 510
4153 3426 276 880 510
4163 3504 277 890 510
4175 3582 281 890 510
4190 3670 287 900 500
4209 3763 297 900 500
4234 3867 304 900 500
4263 3982 320 910 500
4294 4104 330 910 510
4327 4228 335 920 510
4361 4349 339 940 510
4394 4442 340 940 510
4423 4519 339 950 510
4453 4595 342 960 510
4485 4670 342 960 510
4517 4746 338 970 510
4554 4831 349 970 510
4596 4921 366 990 520
4645 5001 368 1000 520
4703 5077 371 1000 520
4763 5131 373 1020 520
4814 5172 371 1020 520
4858 5188 371 1020 520
4906 5188 371 1030 520
4957 5181 371 1030 520
5016 5167 373 1030 520
5078 5152 371 1030 520
5136 5135 373 1030 520
5189 5118 371 1030 520
5241 5093 366 1040 530
5268 5064 371 1050 530
5283 5033 386 1050 530
5289 4996 394 1060 540
5277 4951 399 1060 540
5247 4900 391 1060 540
5205 4839 391 1060 540
5138 4773 394 1060 540
5059 4701 399 1060 540
4971 4628 400 1060 540
4872 4555 405 1040 540
4751 4481 412 1040 530
4615 4423 422 1040 530
4511 4376 420 1020 520
4429 4352 391 1020 520
4362 4336 284 1000 520
4800 3383 89 900 510
4744 3353 90 900 500
4712 3341 95 900 500
4683 3328 146 900 500
4660 3314 217 910 500
4652 3307 242 910 500
4646 3300 249 920 500
4646 3290 251 920 510
4646 3279 251 920 510
4653 3265 251 940 510
4666 3250 249 940 510
4683 3238 251 940 510
4706 3230 251 940 510
4736 3225 241 940 510
4792 3225 255 940 510
4865 3254 270 940 510
4948 3292 282 940 510
5035 3346 276 940 510
5127 3407 279 940 510
5206 3472 282 940 520
5276 3525 289 940 520
5322 3577 296 940 520
5353 3629 294 940 520
5373 3684 297 940 530
5379 3740 307 950 530
5379 3773 317 950 530
5370 3791 307 950 530
5342 3798 312 970 530
5295 3798 310 970 530
5234 3773 312 970 530
5161 3741 314 980 530
5091 3688 335 980 530
5032 3618 358 980 530
4982 3538 377 980 530
4948 3451 402 980 530
4925 3362 413 980 520
4920 3270 425 960 520
4939 3179 425 950 520
4973 3119 420 950 520
5030 3080 423 940 520
5115 3080 423 940 520
5219 3131 374 930 520
5334 3209 205 930 530
6198 3667 391 910 550
6216 3638 389 910 550
6172 3638 404 910 550
6129 3647 422 910 550
6087 3709 430 910 550
6046 3814 450 910 550
6005 3947 473 930 550
5974 4070 481 940 550
5963 4168 485 940 550
5963 4250 488 960 550
5963 4277 493 970 550
5963 4285 493 970 550
5963 4285 488 970 550
5963 4274 483 990 550
5979 4253 485 990 550
5996 4224 483 990 550
6036 4196 490 990 550
6089 4175 483 990 550
6163 4160 490 990 550
6258 4160 488 1000 550
6366 4169 493 1000 550
6468 4192 493 1000 560
6560 4218 496 1000 560
6646 4244 498 1000 560
6713 4256 473 1010 570
6754 4256 423 1010 570
6777 4264 351 1010 570
6785 4270 256 1010 580
6785 4288 51 1010 580
6657 5013 262 1040 570
6657 5013 247 1060 570
6623 5021 254 1070 570
6597 4984 284 1070 560
6570 4912 320 1070 560
6521 4816 386 1070 560
6457 4677 443 1070 560
6391 4519 477 1070 560
6323 4349 496 1050 550
6253 4158 512 1050 550
6190 3985 524 1050 550
6130 3824 535 1030 550
6077 3657 542 1020 550
6030 3526 553 1000 560
5993 3418 561 1000 560
5977 3326 559 990 560
5977 3243 559 970 560
5988 3165 553 960 560
6007 3096 553 940 560
6045 3034 551 930 560
6094 2976 546 930 560
6163 2936 546 910 560
6256 2916 546 910 560
6364 2909 550 910 560
6475 2915 550 900 570
6587 2930 551 900 570
6699 2950 554 900 570
6803 2985 559 900 580
6902 3032 557 900 580
6984 3087 564 900 580
7056 3149 560 900 590
7122 3218 572 900 590
7184 3292 578 900 600
7232 3346 583 900 600
7271 3386 591 900 600
7290 3416 591 900 600
7299 3454 591 900 600
7299 3502 591 900 600
7304 3556 591 920 600
7293 3607 588 920 600
7274 3654 588 920 600
7246 3678 586 930 600
7196 3689 583 930 600
7131 3669 588 930 600
7051 3601 595 930 600
6972 3502 617 930 600
6908 3377 647 930 600
6852 3236 661 930 590
6818 3084 663 920 600
6836 2968 669 920 600
6889 2888 667 920 600
6965 2832 673 900 600
7077 2832 675 900 610
7212 2882 628 900 610
7393 2965 533 900 610
7558 3052 312 900 620