114
2605 3365 1140 460 232
2605 3365 1140 460 314
2504 3208 1140 460 481
2481 3171 1150 470 645
2459 3148 1160 470 717
2449 3148 1170 480 746
2449 3213 1170 480 785
2436 3318 1180 480 817
2436 3485 1180 480 825
2447 3685 1190 470 849
2463 3906 1190 470 863
2524 4171 1200 470 863
2615 4467 1220 470 867
2761 4785 1230 470 861
2941 5105 1250 460 860
3143 5374 1260 460 861
3357 5608 1300 460 858
3555 5751 1310 450 853
3742 5819 1320 450 867
3848 5836 1330 440 861
3915 5789 1340 440 869
3957 5711 1350 440 860
3950 5612 1360 440 869
3889 5467 1360 440 876
3791 5304 1360 440 879
3669 5130 1350 440 885
3540 4987 1350 440 894
3406 4878 1340 450 903
3296 4793 1340 450 897
3189 4765 1340 450 909
3089 4777 1320 450 903
3022 4815 1320 450 872
2976 4867 1320 450 782
2989 4917 1320 450 617
3059 4962 1320 450 296
3537 3591 1250 440 516
3530 3410 1240 460 524
3530 3384 1240 460 561
3524 3399 1240 470 614
3543 3375 1230 470 673
3594 3381 1230 470 733
3665 3406 1230 470 754
3780 3491 1230 470 767
3894 3608 1230 470 788
4007 3746 1240 470 787
4109 3892 1240 470 799
4165 4014 1250 460 824
4190 4080 1250 460 822
4149 4118 1260 460 846
4069 4141 1290 460 857
3962 4118 1290 460 885
3863 4065 1300 460 894
3768 3974 1300 460 917
3696 3857 1300 460 930
3637 3724 1300 460 938
3637 3634 1300 460 947
3697 3567 1290 460 937
3795 3515 1290 460 935
3914 3495 1260 460 869
4059 3500 1250 460 761
4220 3522 1250 460 535
4369 3550 1230 460 18
4886 4161 1300 470 652
4886 4161 1310 460 746
4692 4141 1310 460 809
4676 4135 1310 460 824
4700 4135 1320 460 858
4790 4142 1320 460 863
4913 4163 1320 460 881
5057 4193 1320 460 858
5211 4220 1330 460 817
5333 4246 1330 460 724
5434 4276 1330 460 551
5487 4310 1340 470 237
5464 4456 1350 470 49
5389 4594 1350 470 211
5362 4656 1350 470 394
5346 4679 1350 470 515
5338 4679 1350 470 586
5328 4669 1350 470 681
5309 4620 1350 470 748
5283 4538 1340 470 802
5244 4435 1340 470 845
5183 4274 1340 470 885
5106 4106 1340 470 924
5047 3926 1340 470 948
5034 3735 1330 470 943
5051 3588 1330 470 949
5116 3470 1330 470 961
5226 3373 1320 480 968
5366 3322 1320 480 979
5505 3302 1320 490 983
5670 3339 1320 490 983
5851 3405 1300 500 979
5978 3491 1320 500 976
6105 3588 1320 500 974
6211 3681 1320 500 973
6303 3765 1330 510 976
6351 3841 1340 500 976
6357 3913 1350 510 976
6335 3954 1360 500 980
6291 3990 1360 500 982
6228 3995 1370 500 997
6153 3981 1370 500 987
6078 3924 1380 490 993
6006 3822 1380 490 999
5964 3690 1380 490 1021
5940 3569 1370 500 1023
5983 3448 1370 500 1023
6073 3356 1360 490 1023
6193 3284 1350 500 1023
6378 3270 1350 500 999
6566 3305 1340 500 863
6752 3374 1350 510 509