110
3606 4237 212 1170 500
3602 4196 284 1170 500
3579 4167 386 1170 500
3547 4124 456 1170 500
3525 4074 524 1170 500
3508 4048 591 1170 500
3501 4038 643 1170 500
3501 4038 664 1180 490
3496 4058 679 1180 490
3496 4145 702 1170 490
3526 4276 731 1170 490
3569 4474 728 1170 490
3652 4704 737 1190 480
3767 4956 749 1190 480
3902 5221 752 1200 480
4058 5485 754 1200 480
4217 5669 754 1210 480
4379 5801 754 1220 470
4504 5897 749 1250 470
4595 5925 746 1260 470
4664 5907 752 1270 460
4689 5849 761 1300 470
4672 5767 751 1300 470
4626 5669 763 1300 470
4558 5569 784 1300 470
4478 5467 787 1300 470
4389 5364 808 1300 470
4285 5267 827 1280 470
4180 5212 825 1270 480
4073 5183 834 1270 480
4006 5188 840 1260 480
3975 5209 823 1250 470
3968 5241 724 1250 470
3996 5288 565 1250 470
4058 5333 207 1250 470
4523 4108 180 1220 480
4469 4001 284 1220 480
4385 3974 400 1220 480
4358 3957 516 1220 480
4335 3947 567 1210 480
4335 3947 644 1220 480
4351 3941 691 1220 480
4397 3969 720 1230 480
4476 4018 750 1230 480
4578 4137 771 1230 480
4721 4301 784 1230 480
4845 4496 787 1230 480
4957 4654 787 1230 480
5040 4775 797 1230 480
5071 4871 796 1240 490
5071 4916 794 1250 480
5020 4916 788 1250 480
4952 4884 797 1250 480
4871 4783 815 1260 480
4789 4660 833 1260 480
4735 4523 854 1260 480
4699 4397 857 1260 480
4740 4301 869 1250 480
4817 4225 869 1240 480
4917 4207 821 1240 480
5058 4233 707 1230 480
5216 4288 512 1230 480
5384 4368 8 1230 490
5636 4979 468 1270 500
5555 4974 539 1280 490
5509 4974 693 1280 490
5509 4988 720 1270 490
5509 4988 774 1280 480
5569 4988 802 1280 480
5661 4999 821 1280 480
5818 5018 822 1300 480
5973 5048 822 1300 480
6127 5084 791 1310 480
6260 5123 725 1290 490
6347 5149 566 1290 490
6404 5170 324 1300 500
6326 5455 214 1320 500
6267 5573 302 1320 500
6246 5587 463 1320 500
6222 5562 569 1320 500
6198 5502 666 1300 500
6168 5420 748 1300 500
6134 5278 814 1300 500
6084 5117 860 1300 500
6037 4943 881 1300 500
6012 4757 903 1290 490
6001 4594 903 1280 490
6025 4456 911 1280 490
6089 4328 917 1280 490
6180 4255 924 1270 500
6313 4224 921 1260 500
6463 4224 899 1260 500
6623 4289 879 1260 510
6795 4401 860 1260 510
6928 4541 854 1260 510
7034 4676 834 1260 510
7096 4790 827 1270 520
7096 4889 820 1270 520
7059 4944 818 1280 520
7002 4958 846 1280 520
6934 4944 861 1280 520
6858 4865 897 1290 510
6773 4747 905 1290 510
6734 4604 930 1290 510
6725 4466 945 1290 510
6762 4335 951 1280 520
6846 4261 933 1280 520
6961 4224 899 1280 520
7104 4233 776 1280 530
7285 4281 176 1280 530