196
4903 6973 1180 490 358
4861 7110 1190 500 413
4812 7155 1200 500 446
4765 7177 1220 500 472
4738 7152 1220 500 570
4724 7051 1240 500 656
4724 6899 1250 500 690
4742 6587 1250 500 716
4774 6215 1250 500 728
4830 5804 1230 490 721
4903 5526 1200 500 720
4986 5347 1190 500 731
5058 5234 1170 510 702
5105 5200 1140 510 591
5134 5208 1120 520 291
4308 6045 1110 490 514
4186 6210 1120 490 535
4131 6261 1130 490 521
4158 6250 1150 490 538
4237 6197 1160 490 572
4374 6146 1180 490 605
4549 6101 1180 490 614
4749 6083 1180 490 620
4936 6083 1190 500 627
5140 6113 1190 500 628
5355 6173 1180 510 627
5518 6253 1190 510 622
5623 6332 1190 510 617
5690 6366 1190 510 639
5690 6371 1200 520 639
5630 6333 1200 520 644
5531 6216 1200 520 638
5375 6047 1200 520 638
5186 5837 1180 530 652
4975 5626 1180 530 668
4803 5418 1180 530 664
4643 5231 1170 530 666
4490 5056 1150 520 667
4414 4962 1150 520 661
4414 4937 1140 530 644
4472 4959 1120 530 627
4594 5025 1110 530 609
4742 5117 1110 530 600
4906 5227 1110 530 602
5047 5330 1110 530 602
5167 5428 1110 530 605
5274 5475 1100 530 611
5318 5491 1100 530 662
5329 5474 1100 530 699
5319 5385 1100 530 716
5272 5249 1100 530 727
5194 5080 1100 530 745
5094 4889 1100 530 754
5002 4684 1080 540 761
4914 4535 1080 540 750
4859 4449 1080 540 751
4824 4406 1070 540 728
4824 4424 1070 540 700
4860 4523 1050 530 640
4919 4676 1050 530 570
5011 4828 1050 530 540
5109 4978 1050 530 527
5227 5104 1070 540 533
5355 5215 1070 540 539
5469 5248 1070 540 567
5581 5195 1080 540 619
5691 5086 1090 550 652
5812 4969 1090 550 684
5923 4853 1090 550 702
6023 4784 1090 550 707
6118 4745 1070 550 728
6207 4779 1080 560 727
6292 4898 1080 560 739
6374 5075 1080 560 743
6446 5276 1080 560 743
6494 5473 1080 560 721
6526 5667 1080 560 640
6520 5867 1090 570 456
5531 7541 1270 510 369
5548 7354 1280 500 478
5469 7265 1290 500 512
5451 7136 1290 500 557
5473 6991 1290 500 605
5529 6835 1280 500 638
5618 6686 1270 510 645
5728 6537 1260 510 638
5855 6388 1250 510 636
5971 6265 1230 510 562
6079 6157 1220 510 402
5906 7090 1200 520 493
6015 7294 1220 530 496
6077 7388 1230 520 521
6234 7464 1240 520 564
6455 7527 1240 520 591
6670 7551 1270 520 592
6886 7539 1280 520 608
7051 7502 1280 520 614
7181 7465 1300 520 620
7291 7423 1290 520 611
7352 7365 1290 520 613
7379 7297 1300 530 539
7347 7202 1300 530 397
7251 7087 1290 530 25
6518 6633 1290 530 210
6348 6563 1290 530 392
6334 6569 1280 530 404
6352 6587 1270 530 448
6438 6630 1270 530 497
6568 6689 1270 530 543
6714 6752 1250 540 588
6862 6823 1260 540 605
7012 6900 1260 540 617
7141 6979 1260 540 627
7249 7054 1260 540 630
7344 7099 1280 540 614
7387 7125 1290 550 524
7377 7125 1300 540 319
6506 6597 1310 540 420
6414 6324 1310 540 489
6396 6184 1310 540 532
6380 6006 1300 540 570
6410 5802 1290 530 605
6443 5647 1280 540 619
6484 5524 1250 550 620
6531 5423 1240 550 627
6577 5371 1220 560 625
6621 5376 1190 560 614
6674 5419 1180 570 592
6753 5513 1160 570 568
6848 5625 1160 560 554
6954 5750 1160 570 553
7064 5871 1160 570 559
7179 5958 1160 570 561
7290 6022 1190 580 564
7367 6042 1200 570 594
7423 6042 1230 580 605
7455 6020 1240 570 610
7466 5981 1240 570 625
7466 5921 1260 570 634
7420 5848 1260 570 641
7342 5765 1260 570 636
7242 5680 1240 570 638
7122 5593 1240 570 640
7035 5507 1230 580 636
6970 5457 1210 580 625
6955 5428 1210 580 614
6975 5421 1200 580 603
7019 5432 1200 580 595
7096 5456 1190 580 589
7187 5477 1190 580 589
7286 5496 1190 580 591
7381 5511 1170 580 591
7445 5505 1170 580 592
7489 5486 1170 580 595
7496 5443 1180 590 591
7437 5341 1170 590 580
7334 5199 1170 590 578
7172 5064 1170 590 586
7003 4928 1170 590 656
6829 4796 1170 590 690
6713 4711 1170 590 699
6658 4655 1170 590 693
6644 4632 1170 590 691
6692 4618 1170 590 696
6804 4609 1150 600 697
6958 4627 1150 600 699
7131 4680 1150 600 705
7322 4757 1130 600 705
7526 4880 1140 610 717
7702 5009 1140 610 722
7860 5143 1130 610 724
8007 5281 1130 610 697
8094 5412 1130 610 652
8134 5533 1130 610 537
8142 5651 1130 610 349
8087 5796 1130 610 115
7828 6138 1180 600 103
7479 6601 1190 600 366
7338 6798 1200 580 509
7215 6900 1210 580 595
7139 6938 1230 580 641
7094 6856 1240 570 700
7084 6611 1260 570 728
7084 6258 1260 560 771
7101 5835 1250 560 836
7096 5352 1230 560 899
7091 4828 1220 570 951
7112 4271 1170 580 938
7150 3710 1130 590 947
7220 3265 1070 590 951
7308 2899 1000 600 933
7408 2632 930 600 887
7505 2458 900 600 806
7580 2345 850 600 664
7639 2300 800 600 458
7665 2300 780 590 105