177
4194 6918 316 1380 470
4268 7096 339 1390 470
4268 7265 420 1400 480
4291 7327 436 1420 480
4291 7309 518 1430 490
4291 7239 600 1430 490
4264 6982 644 1440 490
4217 6643 646 1450 480
4199 6250 659 1450 480
4210 5934 668 1440 490
4241 5722 668 1430 500
4296 5580 614 1410 500
4368 5509 466 1400 510
4450 5496 1 1370 510
3829 6294 94 1350 510
3700 6496 540 1360 500
3643 6568 553 1370 500
3601 6587 538 1380 490
3569 6567 537 1380 490
3608 6522 533 1410 490
3703 6457 537 1410 490
3835 6392 474 1420 480
4020 6366 301 1430 490
5330 6689 553 1430 510
5330 6689 565 1430 510
5219 6595 566 1440 510
5055 6471 611 1450 510
4905 6345 636 1450 510
4698 6212 653 1450 510
4452 6037 661 1440 500
4166 5834 664 1430 510
3885 5647 664 1420 500
3662 5488 667 1410 510
3476 5349 658 1380 510
3417 5282 636 1360 510
3443 5242 608 1360 510
3526 5221 559 1350 520
3723 5248 483 1330 520
3940 5314 420 1330 520
4169 5406 394 1330 520
4391 5495 394 1330 520
4553 5581 450 1330 520
4674 5633 538 1340 520
4717 5665 638 1340 520
4717 5655 690 1340 520
4688 5625 733 1340 520
4623 5583 739 1350 520
4498 5442 755 1350 520
4332 5280 759 1350 520
4139 5105 768 1350 520
3947 4940 771 1340 520
3814 4821 771 1340 520
3720 4732 727 1330 520
3707 4716 649 1310 520
3758 4739 496 1300 520
3851 4787 316 1300 520
3980 4910 144 1300 520
4119 5033 63 1290 510
4264 5169 76 1290 510
4391 5315 254 1300 520
4502 5446 344 1300 520
4603 5466 423 1300 520
4666 5411 527 1310 520
4717 5253 597 1330 520
4759 5045 646 1340 520
4819 4805 694 1330 530
4883 4618 721 1330 530
4966 4512 736 1330 530
5059 4460 752 1310 540
5179 4492 760 1300 540
5337 4629 736 1300 540
5520 4836 708 1290 550
5694 5071 625 1300 550
5804 5297 450 1300 550
5871 5518 85 1310 550
4942 7418 330 1480 500
4899 7313 353 1480 500
4880 7261 398 1490 490
4855 7157 445 1480 480
4865 7018 489 1490 480
4902 6860 526 1480 480
4956 6689 532 1470 480
5049 6510 532 1470 480
5173 6323 465 1450 480
5318 6132 312 1440 490
5181 6830 526 1420 500
5151 7130 564 1420 500
5139 7232 570 1430 500
5232 7263 594 1450 500
5394 7310 614 1450 500
5659 7368 630 1460 490
5949 7411 633 1470 490
6256 7421 634 1490 490
6531 7410 630 1490 490
6735 7368 609 1510 480
6891 7321 559 1530 490
6951 7266 513 1530 490
6939 7205 444 1530 500
6880 7107 294 1530 500
6691 6985 144 1530 500
6454 6843 1 1530 500
6454 6843 129 1530 500
5634 6603 304 1530 500
5475 6584 425 1510 500
5390 6584 464 1510 500
5384 6584 468 1510 500
5450 6584 478 1510 500
5563 6595 481 1510 500
5757 6608 480 1510 500
5975 6630 490 1510 500
6209 6664 485 1520 510
6408 6707 471 1520 510
6507 6718 422 1520 510
6538 6718 404 1520 510
6510 6706 397 1520 510
6406 6676 405 1520 510
6252 6629 455 1520 510
6080 6570 535 1510 500
5934 6489 589 1510 500
5805 6361 595 1500 510
5717 6203 602 1500 510
5696 6037 602 1500 510
5719 5873 608 1490 520
5813 5728 616 1490 520
5933 5597 620 1490 520
6070 5491 620 1480 530
6240 5412 620 1470 530
6415 5350 619 1460 540
6560 5306 616 1460 540
6684 5257 589 1450 550
6769 5179 561 1440 560
6799 5083 529 1440 560
6791 4976 491 1440 560
6692 4865 472 1440 570
6505 4747 473 1440 570
6258 4661 509 1440 570
5961 4596 611 1440 570
5668 4576 687 1430 570
5485 4585 699 1430 570
5374 4614 691 1430 570
5374 4614 684 1430 570
5489 4635 676 1430 570
5681 4662 671 1430 570
5957 4686 653 1430 570
6253 4739 643 1440 580
6561 4812 640 1440 580
6820 4920 645 1440 580
7001 5036 614 1460 580
7129 5158 561 1460 580
7181 5303 438 1470 590
7159 5470 379 1470 590
7088 5653 364 1470 590
6957 5864 369 1490 580
6789 6122 372 1490 580
6597 6412 439 1500 570
6462 6706 533 1510 580
6361 6902 594 1520 570
6283 7034 572 1530 560
6225 6992 586 1540 550
6161 6775 633 1550 540
6093 6441 724 1550 540
6028 5925 828 1550 540
5962 5326 939 1550 540
5926 4671 968 1530 560
5910 4103 990 1510 560
5940 3599 1023 1490 580
5981 3139 1023 1450 590
6028 2756 1023 1410 610
6077 2413 1023 1370 620
6129 2098 1023 1320 640
6186 1830 1023 1270 640
6246 1615 1006 1230 650
6295 1436 976 1180 650
6336 1352 920 1140 660
6347 1320 893 1090 670
6359 1320 797 1060 660
6374 1320 551 1060 660