300
4922 7326 91 1230 480
4922 7326 139 1230 480
4922 7326 142 1230 480
4907 7390 165 1230 480
4907 7399 210 1220 470
4907 7411 232 1220 470
4913 7418 253 1230 470
4918 7418 257 1230 470
4918 7418 267 1230 470
4928 7418 302 1230 470
4940 7395 324 1230 470
4951 7314 358 1230 470
4960 7196 387 1230 470
4960 6976 402 1230 470
4948 6715 415 1230 470
4931 6426 439 1220 470
4918 6124 463 1210 480
4906 5857 474 1200 480
4915 5614 468 1190 480
4938 5456 472 1150 480
4938 5456 477 1130 490
4994 5269 477 1110 490
5013 5223 481 1080 500
5027 5202 498 1070 500
5027 5202 488 1050 500
5027 5197 440 1030 500
5027 5197 312 1030 500
4360 6085 336 1090 450
4318 5884 405 1100 450
4243 5857 402 1110 450
4135 5822 392 1110 440
4122 5782 389 1120 450
4138 5730 389 1120 450
4173 5676 391 1110 450
4207 5621 391 1110 460
4244 5590 389 1110 460
4291 5570 399 1100 470
4359 5558 386 1090 470
4441 5580 333 1080 480
4547 5633 277 1080 480
4674 5707 252 1070 480
4814 5805 249 1080 490
4940 5922 250 1090 480
5073 6051 255 1090 490
5217 6153 270 1110 490
5336 6225 284 1130 500
5438 6276 287 1140 500
5505 6276 287 1160 500
5524 6227 294 1160 500
5512 6145 296 1180 510
5439 6004 296 1180 510
5321 5832 296 1180 510
5172 5640 296 1180 510
5006 5442 297 1170 510
4856 5250 306 1150 510
4716 5061 315 1140 510
4584 4926 332 1130 520
4523 4843 332 1110 510
4508 4794 324 1100 510
4525 4773 324 1080 520
4557 4765 325 1070 520
4598 4765 327 1060 510
4655 4786 344 1060 510
4735 4844 356 1060 510
4830 4928 374 1060 510
4942 5039 399 1060 510
5078 5147 394 1070 520
5230 5253 391 1070 520
5351 5297 393 1070 520
5421 5291 364 1070 520
5456 5251 339 1070 520
5440 5163 312 1080 530
5382 5042 314 1080 530
5297 4899 314 1080 530
5197 4770 325 1060 530
5096 4663 339 1060 530
4995 4572 364 1060 530
4908 4489 374 1050 530
4848 4434 396 1040 520
4805 4399 427 1040 520
4789 4390 425 1030 520
4799 4400 425 1030 520
4826 4422 430 1030 510
4878 4481 438 1030 510
4962 4567 443 1030 510
5067 4670 443 1030 510
5193 4780 443 1030 510
5299 4873 436 1030 520
5392 4915 423 1030 520
5458 4929 417 1040 520
5493 4908 418 1050 530
5506 4846 422 1050 530
5484 4758 415 1050 530
5436 4660 425 1050 530
5370 4562 435 1050 530
5295 4467 440 1040 530
5220 4390 440 1040 530
5145 4323 440 1040 530
5096 4290 420 1020 530
5052 4290 402 1020 530
5014 4311 391 1020 530
4977 4362 367 1020 520
4945 4424 373 1020 520
4918 4493 366 1020 520
4918 4546 361 1020 520
4930 4598 361 1030 520
4972 4645 364 1030 520
5038 4697 362 1040 520
5121 4751 377 1060 520
5226 4790 384 1060 530
5316 4773 391 1060 530
5395 4720 398 1080 530
5444 4613 400 1060 530
5471 4465 418 1060 530
5482 4291 420 1070 540
5492 4137 422 1060 540
5507 4034 417 1040 540
5549 3964 422 1030 540
5606 3928 420 1030 540
5680 3916 425 1010 540
5777 3916 430 1000 550
5890 3960 452 1000 550
6002 4057 469 1000 550
6002 4057 477 1000 550
6292 4388 485 1000 550
6458 4616 488 1000 550
6625 4865 492 1000 560
6792 5129 512 1000 560
6959 5369 513 1020 550
7075 5593 524 1040 560
7132 5719 542 1050 560
7150 5764 553 1070 560
7107 5756 554 1080 560
7021 5720 550 1100 550
6905 5654 550 1110 550
6781 5567 551 1110 550
6691 5497 551 1110 550
6623 5463 543 1120 550
6623 5454 545 1120 550
6644 5454 553 1120 550
6685 5469 564 1110 550
6737 5486 570 1110 550
6791 5508 566 1110 550
6847 5533 569 1110 550
6887 5559 567 1110 550
6918 5578 572 1110 550
6936 5592 567 1110 550
6936 5592 561 1120 550
6936 5592 554 1120 550
6921 5579 544 1120 540
6903 5567 532 1120 540
6882 5553 520 1120 540
6869 5553 493 1110 530
6858 5553 447 1110 530
6849 5577 435 1110 530
6839 5621 431 1110 530
6825 5678 427 1110 530
6825 5678 417 1110 530
6798 5826 379 1110 530
6781 5913 301 1120 530
6758 6005 175 1130 540
6530 6327 5 1200 540
6294 6395 18 1200 540
5010 6705 65 1260 440
5132 6750 309 1250 440
5160 6775 286 1230 450
5198 6796 277 1230 460
5242 6783 284 1240 480
5288 6747 282 1250 480
5332 6702 327 1250 480
5373 6617 364 1250 500
5410 6505 382 1260 500
5444 6365 392 1260 500
5480 6241 410 1260 510
5518 6129 413 1260 510
5562 6049 413 1240 520
5613 6003 413 1240 520
5670 5980 418 1230 520
5724 5980 409 1230 520
5762 6007 405 1220 530
5792 6042 402 1220 530
5802 6093 394 1220 530
5793 6157 368 1220 530
5770 6231 344 1220 530
5742 6322 320 1210 520
5715 6432 310 1210 520
5724 6556 315 1210 520
5757 6680 333 1210 520
5854 6803 374 1220 510
5999 6926 410 1230 520
6176 7049 439 1240 520
6372 7125 483 1240 520
6552 7152 504 1270 520
6698 7147 516 1270 520
6827 7105 537 1280 520
6909 7032 546 1290 520
6947 6939 545 1300 520
6956 6805 533 1300 520
6905 6667 470 1290 520
6798 6506 417 1290 520
6654 6333 394 1290 520
6499 6187 389 1280 530
6337 6077 394 1280 530
6169 5990 420 1270 530
6058 5951 450 1240 530
6010 5982 447 1240 530
6005 6061 442 1240 530
6045 6181 442 1240 530
6135 6314 445 1240 530
6257 6455 452 1240 530
6404 6556 463 1240 530
6548 6616 472 1270 530
6691 6650 488 1270 530
6812 6637 488 1270 530
6879 6571 501 1280 530
6909 6469 509 1280 530
6877 6306 514 1280 530
6780 6125 509 1280 530
6640 5933 509 1270 530
6505 5738 514 1270 530
6404 5619 512 1250 540
6326 5552 514 1240 540
6296 5522 512 1240 550
6296 5522 507 1240 550
6313 5541 504 1220 560
6351 5588 504 1220 560
6407 5641 505 1210 560
6476 5697 507 1200 550
6559 5759 514 1200 550
6660 5816 520 1200 550
6773 5864 513 1210 560
6878 5877 521 1220 560
6944 5869 535 1220 560
6983 5831 542 1240 550
6988 5757 557 1240 550
6945 5658 562 1240 550
6869 5515 564 1250 560
6733 5347 561 1250 560
6589 5162 564 1250 560
6440 5010 570 1230 560
6355 4927 562 1210 560
6336 4889 559 1210 560
6360 4881 561 1210 560
6409 4896 562 1210 560
6486 4927 562 1210 560
6582 4988 561 1210 560
6702 5059 562 1190 560
6833 5137 564 1190 560
6972 5188 564 1190 560
7094 5204 565 1190 560
7094 5204 561 1190 560
7288 5155 553 1180 570
7330 5076 543 1180 570
7303 4974 522 1180 570
7230 4817 512 1160 570
7084 4642 517 1160 570
6891 4455 544 1160 570
6667 4228 585 1150 580
6470 4042 634 1150 580
6359 3883 645 1130 580
6304 3804 647 1130 580
6348 3798 638 1120 580
6451 3842 640 1110 570
6594 3942 638 1090 570
6751 4088 643 1090 570
6908 4264 644 1090 570
7036 4462 614 1090 570
7144 4672 561 1090 570
7219 4889 458 1090 570
7240 5136 340 1090 570
7226 5396 205 1090 570
7164 5666 18 1110 570
7164 5666 0 1120 560
7164 5666 47 1130 560
6878 6378 156 1160 550
6878 6378 255 1170 550
6657 6671 344 1200 540
6595 6719 404 1220 540
6553 6727 444 1240 530
6553 6727 465 1250 530
6498 6621 496 1270 520
6470 6484 512 1280 520
6432 6262 522 1280 520
6388 6005 518 1280 520
6353 5725 537 1280 520
6323 5438 542 1270 520
6318 5070 577 1250 530
6329 4647 600 1240 530
6366 4203 616 1220 540
6404 3738 614 1190 540
6404 3738 627 1160 550
6492 2853 630 1130 560
6520 2513 644 1090 570
6548 2216 645 1060 570
6575 1984 636 1010 580
6603 1874 588 960 580
6632 1846 554 930 580
6662 1876 538 920 580
6692 1955 455 900 580
6711 2068 249 900 580