183
5807 7523 449 1190 490
5790 7663 445 1200 500
5735 7732 427 1220 500
5735 7747 425 1230 510
5744 7727 545 1260 510
5763 7641 644 1260 510
5789 7407 672 1270 510
5808 7075 697 1260 510
5828 6676 728 1260 510
5849 6308 720 1240 520
5864 5960 727 1230 520
5876 5710 721 1220 530
5876 5588 636 1190 530
5876 5552 316 1170 540
4811 6621 647 1130 510
4811 6621 625 1150 500
4811 6542 633 1150 490
4820 6407 638 1160 490
4898 6272 644 1160 490
5021 6136 647 1180 490
5175 6065 645 1180 490
5375 6034 519 1180 510
5580 6034 158 1180 510
6528 6652 693 1160 530
6619 6659 690 1160 530
6537 6629 697 1160 530
6446 6541 717 1180 540
6350 6444 728 1180 540
6217 6340 754 1180 540
6066 6182 763 1180 540
5902 5970 756 1180 540
5737 5721 765 1180 540
5571 5478 767 1160 530
5403 5255 763 1140 530
5312 5046 757 1130 540
5312 4992 696 1120 540
5372 4999 627 1100 530
5496 5048 557 1080 540
5661 5192 499 1070 550
5852 5341 498 1070 550
5985 5494 491 1070 550
6097 5616 535 1070 550
6195 5673 592 1070 550
6219 5687 722 1070 550
6206 5673 748 1080 560
6168 5579 767 1080 560
6088 5432 791 1080 560
5987 5247 814 1080 560
5872 5044 824 1080 560
5752 4828 817 1070 560
5636 4645 830 1070 560
5590 4565 794 1070 560
5590 4554 733 1050 560
5632 4583 617 1040 560
5719 4717 473 1040 560
5834 4921 345 1030 550
5951 5114 310 1020 550
6071 5313 322 1020 550
6203 5517 396 1020 550
6341 5649 455 1040 560
6448 5676 536 1040 560
6542 5634 613 1050 560
6627 5510 667 1050 560
6710 5348 725 1070 560
6795 5162 770 1070 560
6884 5012 793 1060 570
6962 4940 791 1060 570
7032 4921 802 1060 570
7106 4978 793 1050 580
7181 5131 761 1050 580
7259 5347 697 1050 580
7336 5577 512 1050 580
7361 5808 170 1060 580
6585 7654 516 1240 550
6442 7586 540 1240 540
6383 7521 559 1250 540
6352 7390 589 1250 540
6352 7262 643 1270 530
6384 7135 669 1270 530
6431 6963 679 1250 530
6507 6788 685 1250 530
6602 6644 663 1230 520
6711 6521 585 1220 530
6806 6393 417 1220 540
6712 7059 543 1170 550
6789 7419 586 1180 560
6854 7577 620 1200 550
6972 7661 662 1210 550
7124 7697 714 1230 550
7327 7703 728 1240 540
7530 7672 742 1250 540
7724 7616 745 1250 540
7912 7558 748 1270 530
8026 7496 754 1250 540
8100 7438 724 1260 540
8146 7383 639 1260 540
8125 7307 427 1250 550
8020 7196 29 1250 550
7355 6788 167 1240 550
7038 6690 333 1240 550
6968 6679 423 1240 550
6957 6679 481 1240 550
6984 6693 577 1240 550
7072 6724 625 1220 560
7210 6765 656 1220 560
7381 6813 673 1220 560
7556 6874 684 1230 560
7716 6944 691 1230 560
7866 7021 675 1230 560
7954 7057 638 1250 560
7994 7075 505 1250 560
8002 7080 256 1260 560
7635 6925 218 1270 550
7339 6684 348 1270 550
7254 6566 507 1260 560
7215 6381 610 1260 560
7231 6170 682 1270 560
7284 5941 708 1260 570
7368 5715 731 1240 570
7457 5577 739 1230 580
7554 5499 730 1210 580
7632 5474 721 1190 580
7696 5484 700 1170 580
7718 5517 658 1140 590
7707 5574 636 1130 590
7673 5649 608 1110 590
7632 5735 566 1110 590
7597 5848 553 1110 590
7614 5966 565 1130 590
7662 6087 588 1130 600
7759 6137 619 1150 600
7876 6162 664 1170 590
8005 6171 676 1180 590
8107 6162 687 1200 580
8202 6148 693 1200 580
8291 6128 700 1210 580
8363 6106 696 1210 580
8390 6081 721 1210 580
8390 6052 733 1210 580
8315 5985 720 1210 580
8204 5893 724 1190 580
8065 5762 733 1190 580
7921 5630 705 1200 580
7772 5486 676 1180 590
7620 5335 645 1180 590
7516 5220 575 1170 590
7461 5157 504 1170 590
7438 5129 468 1160 600
7447 5134 504 1140 610
7504 5176 577 1140 610
7594 5243 630 1130 610
7740 5321 679 1130 610
7933 5418 727 1130 610
8157 5529 757 1130 610
8386 5649 759 1130 610
8579 5790 771 1130 610
8748 5945 757 1130 610
8852 6078 725 1130 610
8889 6204 641 1130 610
8880 6320 468 1130 610
8791 6434 232 1130 610
8180 7001 496 1190 600
8002 7279 647 1190 600
7952 7296 675 1210 590
7915 7240 761 1200 580
7915 7016 822 1210 580
7947 6679 896 1210 580
8006 6219 980 1200 580
8082 5664 1023 1180 590
8163 5046 1023 1170 590
8255 4509 1023 1120 600
8352 4046 1023 1070 610
8415 3632 1023 1020 630
8458 3289 1023 960 630
8488 3026 1023 900 630
8513 2816 1023 840 630
8540 2674 1023 780 630
8572 2583 1023 740 630
8604 2526 1023 700 630
8634 2479 987 660 620
8646 2479 933 650 620
8652 2499 836 650 620
8652 2564 627 630 610