181
4873 7392 1520 490 254
4911 7496 1520 490 320
4884 7568 1510 480 332
4873 7552 1510 480 404
4850 7444 1500 480 488
4819 7274 1500 480 551
4776 7028 1500 480 594
4757 6769 1490 480 622
4757 6502 1480 480 636
4779 6264 1470 480 639
4808 6095 1470 480 586
4843 5972 1460 490 425
4065 6684 1390 480 572
4065 6684 1390 480 561
4065 6684 1380 480 551
3990 6680 1390 470 560
4036 6601 1390 470 577
4138 6511 1390 470 584
4278 6447 1400 480 546
4479 6400 1400 480 338
5437 6842 1430 500 609
5521 6850 1440 500 605
5481 6844 1440 500 600
5409 6805 1450 500 614
5360 6737 1450 500 647
5272 6651 1460 500 650
5158 6568 1460 500 658
5004 6406 1460 500 647
4809 6191 1460 500 610
4586 5958 1440 500 616
4357 5720 1440 500 619
4133 5539 1420 500 611
4011 5398 1400 510 620
3956 5335 1370 510 608
3981 5322 1360 500 611
4103 5343 1350 510 580
4289 5434 1340 510 507
4508 5536 1330 510 447
4727 5646 1340 510 428
4897 5745 1340 510 438
5035 5845 1340 510 517
5112 5907 1350 520 583
5131 5945 1360 510 619
5111 5945 1380 510 627
5086 5901 1380 510 644
5002 5835 1380 510 644
4878 5686 1400 510 662
4725 5536 1380 510 673
4556 5371 1380 510 679
4376 5197 1370 520 682
4230 5069 1360 520 682
4160 5007 1350 520 641
4140 4988 1340 520 564
4202 4998 1340 520 398
4321 5069 1310 520 68
4880 5558 1330 530 393
5060 5663 1340 520 450
5092 5648 1340 520 550
5099 5558 1340 520 614
5108 5382 1340 520 659
5118 5149 1340 520 705
5153 4967 1340 520 721
5204 4830 1330 530 751
5297 4722 1330 530 757
5432 4704 1330 530 717
5596 4797 1310 540 681
5816 4964 1310 540 671
5981 5149 1310 540 650
6110 5331 1330 540 640
6174 5522 1330 540 586
6193 5719 1330 540 418
5492 7461 1450 510 397
5387 7451 1480 500 394
5360 7433 1480 500 394
5360 7387 1480 500 456
5380 7286 1480 480 550
5387 7122 1480 480 597
5393 6915 1480 480 617
5399 6678 1470 480 630
5446 6453 1470 480 628
5544 6237 1460 490 591
5675 6071 1450 500 483
5820 5948 1430 500 232
5661 7182 1450 510 522
5730 7326 1460 500 524
5713 7397 1460 500 515
5788 7422 1470 490 521
5924 7463 1480 500 540
6136 7515 1480 500 560
6364 7535 1490 490 572
6602 7511 1490 490 575
6795 7457 1490 490 580
6945 7371 1510 490 584
7067 7281 1510 490 570
7133 7191 1510 490 543
7148 7102 1520 490 458
7128 7008 1520 490 254
6013 6582 1480 510 90
5797 6547 1470 510 473
5775 6581 1470 510 466
5813 6608 1450 510 471
5890 6632 1450 510 473
6028 6652 1450 510 481
6180 6669 1450 510 490
6341 6683 1470 510 488
6483 6691 1480 500 493
6601 6701 1480 500 477
6703 6711 1490 510 413
6758 6721 1490 510 267
6758 6721 1490 510 51
5976 6486 1490 510 232
5656 6291 1490 510 299
5585 6236 1490 510 330
5578 6202 1470 510 374
5613 6133 1470 510 450
5687 6058 1470 510 505
5783 5931 1460 520 540
5894 5771 1460 520 564
5994 5622 1460 520 588
6096 5474 1450 530 594
6200 5329 1430 530 594
6288 5248 1420 540 638
6364 5209 1400 540 640
6436 5199 1400 540 649
6495 5215 1390 550 653
6544 5249 1380 550 644
6588 5283 1380 550 639
6615 5296 1380 550 625
6631 5296 1380 550 625
6658 5261 1380 550 625
6690 5214 1390 560 622
6729 5158 1390 560 614
6773 5119 1390 560 611
6797 5091 1400 560 600
6807 5070 1400 560 600
6774 5039 1400 560 595
6675 4980 1410 560 600
6531 4903 1410 560 600
6360 4823 1410 560 617
6188 4749 1400 560 652
6015 4714 1400 560 664
5919 4704 1400 560 685
5871 4704 1390 570 685
5856 4724 1390 570 662
5890 4747 1390 570 667
5985 4819 1390 570 645
6121 4914 1390 570 586
6306 5024 1390 570 560
6497 5172 1400 580 539
6663 5373 1400 580 515
6809 5609 1420 570 448
6922 5860 1420 570 382
6996 6146 1430 560 366
7044 6456 1450 560 396
7060 6733 1460 550 480
7026 6954 1470 550 589
6959 7138 1480 540 625
6853 7200 1510 530 628
6750 7182 1520 530 645
6664 7111 1530 520 685
6589 6925 1530 520 746
6523 6618 1530 520 787
6480 6230 1530 520 814
6452 5754 1520 530 896
6452 5276 1510 530 965
6452 4736 1500 540 993
6452 4156 1480 560 1021
6463 3565 1470 560 1023
6476 3113 1440 580 1023
6490 2755 1410 590 1023
6505 2492 1360 610 1023
6535 2262 1320 610 1023
6573 2055 1290 630 1023
6623 1910 1270 630 1023
6676 1818 1220 630 1023
6705 1762 1200 640 1023
6716 1704 1190 640 1023
6716 1657 1170 650 1023
6697 1630 1150 650 993
6672 1613 1140 660 870
6649 1613 1110 670 517