175
2964 6320 610 1490 490
2940 6196 644 1480 480
2910 6269 653 1480 480
2921 6261 662 1470 480
2957 6261 700 1470 480
3059 6271 708 1470 480
3230 6325 721 1470 480
3448 6408 721 1460 490
3713 6510 719 1460 490
3960 6597 722 1460 490
4195 6650 721 1470 490
4372 6680 724 1470 490
4465 6657 731 1470 490
4502 6602 734 1470 490
4514 6527 757 1480 500
4499 6378 785 1480 500
4465 6173 820 1480 500
4417 5932 830 1480 500
4362 5671 828 1480 500
4303 5427 831 1480 500
4243 5227 830 1470 510
4185 5051 827 1470 510
4131 4931 822 1470 510
4085 4863 824 1460 520
4054 4831 774 1460 520
4033 4831 514 1460 520
3643 5712 538 1420 540
3571 5817 642 1420 540
3523 5861 650 1410 530
3514 5851 655 1400 540
3495 5804 665 1400 540
3469 5719 669 1400 540
3448 5599 697 1400 540
3414 5455 728 1400 540
3370 5275 755 1400 540
3304 5105 796 1400 540
3243 4941 829 1390 540
3186 4810 840 1390 540
3158 4729 860 1390 540
3158 4682 861 1370 540
3173 4662 885 1370 540
3228 4662 894 1370 540
3348 4687 893 1370 540
3511 4781 888 1370 540
3761 4915 899 1370 540
4016 5077 903 1370 540
4289 5203 899 1370 540
4571 5266 900 1390 550
4774 5288 908 1390 550
4901 5272 892 1390 550
4977 5217 903 1390 550
5030 5135 930 1400 550
5053 4983 934 1400 550
5053 4778 980 1400 550
5039 4537 1002 1410 560
5001 4289 1023 1410 560
4948 4063 1023 1430 550
4891 3851 1023 1440 560
4834 3677 1023 1440 560
4772 3566 1023 1430 560
4707 3496 1023 1430 560
4650 3449 1023 1430 560
4591 3421 1023 1420 570
4523 3406 1023 1420 570
4449 3399 1023 1390 570
4372 3407 1023 1390 570
4279 3425 1009 1390 570
4174 3451 885 1360 570
4036 3476 567 1360 570
2787 3712 524 1310 560
2590 3691 634 1310 560
2505 3727 719 1310 560
2474 3795 734 1310 560
2479 3795 759 1310 560
2561 3837 809 1310 560
2681 3899 849 1320 550
2825 3934 866 1320 550
3013 3987 878 1320 550
3254 4063 879 1340 550
3530 4132 872 1350 550
3784 4200 864 1350 550
3982 4232 860 1360 550
4143 4243 761 1360 550
6901 5487 533 1380 550
6978 5695 606 1360 550
6991 5745 622 1350 540
6991 5814 633 1340 540
7001 5793 650 1340 540
7033 5734 693 1330 540
7081 5651 710 1340 550
7146 5542 711 1340 550
7181 5420 714 1350 550
7197 5289 705 1360 550
7247 5221 684 1380 550
7296 5191 381 1390 560
7964 6027 668 1460 550
8119 5925 696 1460 550
8130 5898 700 1460 550
8109 5867 700 1470 550
8136 5780 691 1470 550
8130 5655 699 1470 550
8102 5550 708 1470 550
7998 5425 717 1480 540
7837 5279 730 1480 540
7637 5126 721 1480 540
7434 4959 737 1480 540
7171 4791 762 1480 540
6868 4665 809 1480 540
6638 4567 849 1470 550
6516 4500 861 1470 550
6465 4469 854 1470 550
6475 4463 872 1460 550
6540 4463 885 1460 550
6642 4507 888 1450 560
6872 4580 902 1450 560
7168 4670 902 1440 570
7509 4779 896 1430 560
7917 4901 899 1430 560
8270 5007 896 1430 560
8585 5086 887 1440 570
8780 5148 885 1440 570
8840 5158 885 1440 570
8811 5164 876 1440 570
8731 5164 855 1440 570
8585 5164 830 1470 560
8395 5164 725 1470 560
8204 5189 433 1470 560
7568 5945 467 1520 560
7643 6104 588 1530 550
7637 6124 592 1530 550
7637 6151 599 1530 550
7632 6068 628 1530 540
7624 5888 696 1530 540
7574 5643 788 1530 540
7484 5346 851 1530 540
7366 4993 893 1540 530
7203 4604 935 1540 530
7067 4259 940 1520 540
6949 3998 947 1520 540
6887 3792 946 1520 540
6858 3673 935 1510 540
6851 3614 921 1510 540
6863 3595 848 1500 550
6900 3604 519 1480 560
7557 4631 733 1420 580
7691 4628 808 1420 580
7704 4680 809 1400 580
7696 4680 820 1400 580
7718 4640 834 1400 580
7718 4556 860 1400 580
7696 4425 903 1400 580
7645 4264 923 1390 570
7606 4086 937 1400 580
7574 3944 965 1400 580
7569 3826 985 1420 570
7569 3719 982 1420 570
7608 3649 997 1420 570
7671 3605 1003 1400 580
7779 3566 1006 1400 580
7957 3558 1015 1400 580
8181 3570 1018 1390 580
8424 3593 1021 1410 590
8660 3623 1023 1410 590
8890 3657 1023 1420 590
9077 3674 1023 1420 590
9224 3691 1023 1420 590
9344 3710 1023 1440 600
9472 3752 1023 1420 610
9558 3810 1023 1440 610
9615 3876 1023 1440 610
9631 3974 1023 1440 610
9631 4093 1023 1460 620
9615 4264 1023 1460 620
9599 4483 1023 1480 610
9584 4735 694 1500 620