176
3270 6153 641 1490 480
3209 6013 670 1500 480
3121 6071 670 1510 490
3121 6060 666 1520 490
3155 6046 691 1510 490
3212 6028 711 1510 490
3319 6013 731 1510 490
3512 6029 724 1510 490
3762 6065 728 1500 500
4026 6122 728 1500 500
4284 6177 728 1500 500
4539 6231 727 1500 500
4696 6244 725 1510 500
4789 6230 728 1510 500
4838 6198 736 1510 500
4861 6129 748 1510 500
4861 6008 761 1510 500
4834 5853 771 1510 500
4767 5668 785 1510 500
4670 5477 800 1510 500
4552 5278 803 1500 510
4441 5076 799 1500 510
4351 4936 793 1500 510
4276 4845 791 1490 520
4215 4787 702 1490 520
3774 5660 699 1410 530
3756 5606 697 1400 530
3705 5595 702 1400 530
3674 5587 713 1400 530
3643 5472 720 1400 530
3597 5337 749 1390 520
3541 5189 773 1390 520
3503 5022 796 1390 520
3431 4839 817 1390 520
3335 4645 861 1390 520
3276 4514 863 1390 520
3246 4433 870 1390 520
3234 4385 875 1390 520
3249 4367 888 1390 540
3305 4367 897 1390 540
3389 4386 896 1390 540
3537 4458 896 1370 540
3733 4554 900 1370 540
3960 4666 900 1370 540
4225 4774 903 1370 540
4477 4847 906 1370 540
4721 4898 906 1370 540
4894 4889 896 1390 550
4998 4835 909 1390 550
5057 4752 939 1390 550
5087 4639 953 1390 550
5076 4464 980 1400 550
5038 4247 978 1400 550
4979 4019 991 1400 550
4910 3788 997 1400 550
4833 3604 1021 1400 550
4746 3452 1023 1400 550
4657 3350 1023 1400 550
4566 3290 1023 1400 550
4504 3259 1023 1400 550
4442 3259 1023 1390 560
4370 3288 1023 1390 560
4291 3335 974 1390 560
4210 3393 777 1380 570
2687 3620 661 1310 520
2632 3582 702 1310 520
2602 3605 690 1310 520
2625 3654 721 1310 520
2683 3681 788 1310 520
2796 3724 834 1310 520
2924 3778 860 1310 520
3063 3822 881 1310 520
3275 3875 893 1300 530
3493 3933 888 1300 530
3738 4000 893 1310 540
4000 4053 884 1300 540
4247 4124 857 1310 550
4449 4211 784 1310 550
4620 4223 282 1320 550
6843 5494 794 1420 470
6843 5494 787 1420 470
6835 5564 788 1420 470
6835 5487 797 1400 470
6850 5405 803 1400 460
6850 5283 808 1380 460
6858 5135 802 1370 450
6876 5005 793 1360 470
6911 4914 787 1360 480
6956 4850 716 1350 490
7033 4864 556 1370 500
7139 4936 212 1380 500
7549 5357 361 1420 530
7821 5666 557 1430 530
7878 5715 570 1450 540
7886 5724 586 1460 540
7906 5699 619 1470 550
7932 5669 641 1490 550
7961 5605 659 1490 550
7949 5521 666 1490 550
7890 5398 673 1500 550
7800 5258 676 1500 550
7652 5108 679 1500 550
7447 4932 681 1500 550
7203 4760 697 1490 560
6946 4591 722 1490 560
6696 4444 782 1490 560
6451 4323 829 1490 560
6302 4220 842 1490 560
6239 4188 840 1490 560
6232 4177 855 1490 560
6266 4177 860 1490 560
6364 4188 870 1480 560
6504 4245 872 1480 560
6741 4334 866 1460 550
7053 4455 872 1450 560
7415 4574 869 1450 560
7771 4662 872 1440 560
8027 4732 870 1430 560
8216 4763 869 1430 560
8265 4775 872 1440 570
8254 4775 863 1440 570
8203 4786 866 1440 570
8111 4797 833 1460 570
7977 4806 722 1460 570
7814 4838 170 1470 580
7313 5680 620 1500 570
7313 5680 662 1510 560
7313 5680 670 1510 560
7313 5680 669 1510 560
7320 5585 699 1510 560
7320 5419 736 1500 550
7290 5214 794 1500 550
7238 4978 842 1500 550
7145 4710 876 1500 550
7030 4420 902 1490 550
6899 4148 894 1490 550
6784 3963 899 1490 550
6724 3836 909 1490 550
6700 3765 894 1490 550
6706 3742 866 1490 550
6766 3752 687 1460 550
7268 4416 438 1440 560
7511 4508 752 1440 560
7537 4521 805 1440 560
7514 4533 817 1440 560
7514 4522 818 1430 550
7514 4497 858 1430 550
7505 4422 870 1430 550
7476 4310 888 1430 550
7435 4173 894 1440 560
7395 4055 911 1440 560
7373 3960 921 1440 560
7363 3880 929 1440 560
7363 3824 935 1440 560
7383 3787 942 1440 560
7412 3762 950 1430 560
7472 3736 934 1430 560
7583 3723 935 1430 560
7727 3723 944 1430 560
7930 3735 949 1430 560
8133 3762 964 1430 560
8337 3796 988 1430 560
8535 3824 1009 1430 560
8699 3850 1023 1430 560
8841 3874 1023 1440 570
8985 3914 1023 1440 570
9081 3963 1023 1430 570
9145 4006 1023 1440 580
9179 4049 1023 1440 580
9192 4092 1023 1440 580
9192 4155 1023 1460 580
9176 4231 1023 1460 580
9136 4314 1023 1460 580
9078 4415 1023 1470 590
9026 4527 1023 1470 590
8970 4632 478 1470 590