166
2960 6289 95 1480 470
3019 6257 541 1480 470
2976 6294 575 1480 470
2976 6326 575 1480 470
2994 6354 588 1480 470
3063 6394 634 1480 470
3195 6464 649 1480 470
3369 6554 668 1480 470
3589 6637 666 1480 480
3844 6717 678 1480 480
4121 6762 685 1480 480
4366 6784 691 1480 480
4513 6741 702 1480 480
4595 6653 751 1490 490
4614 6534 827 1490 490
4578 6336 884 1490 490
4506 6079 896 1490 490
4409 5783 923 1490 490
4298 5524 936 1480 500
4177 5261 944 1480 500
4055 5040 944 1480 500
3942 4848 936 1480 500
3865 4719 908 1480 500
3809 4654 849 1480 500
3766 4632 664 1470 510
3624 6004 722 1430 530
3675 6002 770 1450 530
3654 6115 763 1450 530
3601 6115 762 1450 530
3575 6045 767 1450 530
3544 5922 779 1460 520
3495 5763 790 1460 520
3437 5579 812 1460 520
3321 5332 830 1470 510
3217 5084 840 1470 510
3122 4872 866 1470 510
3015 4685 908 1480 500
2938 4580 915 1480 500
2882 4514 926 1470 510
2863 4475 933 1470 510
2868 4467 934 1440 510
2888 4473 956 1440 510
2953 4488 961 1430 520
3120 4577 959 1420 530
3356 4694 956 1420 530
3655 4830 956 1410 530
3965 4930 967 1390 540
4283 4968 964 1390 540
4562 4968 959 1400 540
4760 4930 959 1400 540
4903 4845 971 1400 540
4961 4728 987 1400 540
4972 4560 1009 1410 550
4951 4326 1015 1410 550
4902 4047 1023 1410 550
4824 3790 1023 1410 550
4726 3587 1023 1420 540
4608 3421 1023 1420 540
4494 3286 1023 1420 540
4386 3193 1023 1430 550
4281 3129 1023 1430 550
4176 3103 1023 1430 550
4069 3113 980 1410 560
3962 3146 811 1410 560
3867 3230 134 1410 560
2693 3470 730 1360 540
2633 3523 754 1360 540
2597 3618 759 1360 540
2623 3635 806 1360 540
2745 3700 876 1360 540
2931 3796 914 1360 540
3120 3886 941 1360 540
3369 3971 947 1360 540
3657 4047 942 1360 540
3941 4117 934 1370 530
4193 4166 912 1370 530
4423 4202 796 1390 540
4575 4220 386 1390 540
6632 5717 867 1520 540
6674 5604 888 1520 540
6689 5614 866 1550 500
6700 5669 872 1600 450
6764 5583 878 1630 410
6865 5474 882 1640 370
6921 5350 888 1640 370
6964 5215 884 1630 390
6997 5122 860 1630 410
7044 5056 817 1630 420
7135 5038 687 1630 440
7254 5097 249 1620 460
7985 5854 656 1600 480
8218 5896 796 1570 500
8236 5875 790 1570 510
8236 5855 797 1540 520
8236 5773 794 1520 540
8216 5650 803 1520 540
8127 5506 811 1520 540
7991 5344 820 1520 540
7772 5171 823 1530 540
7484 4994 826 1530 540
7150 4808 822 1530 540
6793 4615 861 1530 540
6482 4476 933 1530 540
6202 4395 974 1520 540
6098 4354 970 1510 540
6081 4345 977 1510 540
6122 4345 991 1510 540
6234 4345 977 1510 540
6463 4421 977 1510 540
6769 4512 979 1500 540
7149 4616 978 1500 540
7575 4694 985 1500 540
8032 4768 964 1480 540
8342 4812 930 1470 550
8510 4837 912 1470 550
8582 4846 902 1470 550
8555 4873 875 1490 550
8461 4912 774 1490 550
8321 4945 522 1490 550
7609 5962 638 1550 540
7627 5930 699 1550 540
7627 6010 694 1560 530
7620 5982 713 1560 530
7614 5883 754 1560 530
7584 5678 817 1560 530
7536 5414 882 1560 530
7458 5110 912 1570 520
7302 4735 946 1570 520
7093 4420 976 1560 510
6952 4146 982 1550 520
6856 3973 980 1550 520
6790 3860 958 1550 520
6774 3787 899 1550 520
6805 3762 755 1530 530
6866 3813 185 1530 530
7522 4615 693 1500 540
7737 4639 912 1470 550
7737 4591 942 1470 550
7727 4591 934 1470 550
7718 4545 971 1470 550
7707 4458 977 1470 550
7677 4286 1000 1470 550
7634 4103 1023 1460 540
7557 3912 1023 1460 540
7524 3723 1023 1450 550
7519 3606 1023 1450 550
7548 3537 1023 1450 550
7614 3493 1023 1450 550
7704 3487 1023 1440 560
7868 3506 1023 1440 560
8066 3552 1023 1440 560
8287 3598 1023 1440 570
8514 3634 1023 1440 570
8756 3663 1023 1440 570
9007 3694 1023 1460 570
9170 3723 1023 1460 570
9312 3765 1023 1470 580
9440 3817 1023 1470 580
9511 3881 1023 1460 580
9567 3976 1023 1470 590
9614 4093 1023 1470 590
9627 4245 1023 1490 590
9609 4445 1023 1500 580
9571 4677 1023 1520 590
9503 4934 923 1520 590
9418 5188 515 1530 590