184
2738 5882 1 1410 460
2760 5913 22 1410 460
2805 5933 65 1430 460
2874 5971 89 1430 460
2981 6021 110 1430 460
3127 6083 144 1440 470
3299 6143 151 1440 470
3462 6196 168 1440 470
3625 6239 179 1460 470
3786 6252 173 1460 470
3906 6247 180 1460 470
3999 6213 193 1460 470
4072 6152 211 1460 470
4109 6073 253 1460 470
4122 5964 285 1460 470
4105 5833 294 1460 470
4067 5687 307 1460 470
4014 5545 314 1450 470
3955 5393 314 1450 470
3886 5235 312 1450 470
3809 5102 306 1450 470
3729 4991 294 1440 480
3651 4896 241 1440 480
3581 4845 136 1440 480
3555 5793 180 1400 480
3553 5846 183 1400 480
3542 5822 190 1400 480
3515 5767 193 1400 480
3478 5668 202 1400 480
3427 5525 215 1400 480
3354 5352 228 1400 480
3266 5159 237 1400 480
3174 4966 247 1400 480
3077 4784 250 1400 480
2976 4610 282 1400 480
2904 4484 294 1410 490
2864 4405 306 1410 490
2845 4358 324 1410 490
2856 4348 356 1410 490
2903 4366 362 1400 500
2974 4402 374 1400 500
3089 4471 382 1400 500
3239 4544 381 1400 500
3411 4621 382 1380 500
3597 4687 384 1380 500
3791 4749 386 1380 500
3990 4803 387 1380 500
4181 4830 387 1380 500
4359 4840 386 1380 500
4488 4820 384 1380 500
4588 4770 384 1380 500
4665 4700 396 1380 500
4703 4603 394 1380 500
4716 4501 407 1380 500
4716 4374 417 1370 500
4697 4232 415 1370 500
4670 4088 430 1370 500
4633 3959 435 1380 500
4578 3841 433 1380 500
4511 3709 441 1380 500
4428 3604 444 1380 500
4322 3516 449 1370 500
4200 3433 440 1360 500
4067 3372 439 1360 500
3937 3326 442 1360 500
3811 3301 448 1360 500
3676 3301 455 1350 510
3536 3329 465 1350 510
3414 3370 472 1360 510
3295 3415 480 1360 510
3195 3464 490 1350 520
3107 3505 496 1350 520
3038 3547 496 1350 520
2994 3588 488 1340 520
2967 3630 494 1340 520
2967 3681 499 1330 530
3009 3737 497 1330 530
3087 3816 499 1330 530
3223 3891 497 1330 530
3391 3960 492 1330 530
3580 4023 488 1330 530
3803 4081 436 1330 530
4017 4130 284 1350 530
6071 5529 182 1410 460
6086 5577 184 1410 460
6056 5577 186 1410 460
6085 5533 171 1410 460
6139 5458 171 1400 470
6210 5365 180 1400 470
6286 5271 185 1400 470
6368 5174 202 1400 470
6453 5088 207 1400 470
6537 5010 213 1420 470
6622 4955 215 1400 480
6711 4930 222 1400 480
6807 4924 209 1420 480
6912 4969 209 1420 480
7021 5066 212 1410 490
7163 5197 212 1420 490
7327 5363 214 1420 490
7495 5520 218 1420 490
7627 5670 223 1420 490
7735 5748 221 1430 500
7792 5773 221 1430 500
7810 5764 228 1430 500
7802 5732 237 1430 500
7755 5660 249 1440 500
7667 5561 256 1440 500
7551 5424 249 1440 500
7402 5269 254 1450 510
7223 5101 241 1450 510
7024 4923 244 1450 510
6831 4739 245 1450 510
6639 4550 255 1440 510
6448 4387 282 1440 510
6310 4261 299 1440 510
6221 4160 315 1440 510
6164 4119 330 1440 510
6164 4108 356 1430 510
6211 4116 371 1430 510
6288 4146 387 1420 520
6416 4211 388 1420 520
6578 4300 391 1420 520
6763 4399 391 1410 510
6965 4496 394 1400 520
7154 4585 391 1400 520
7334 4673 392 1400 520
7506 4762 388 1400 520
7644 4858 394 1400 520
7760 4942 349 1410 520
7833 5019 247 1410 520
7858 5095 1 1410 520
7263 5701 93 1430 520
7081 5714 96 1430 520
7018 5725 103 1430 520
6980 5709 107 1430 520
6947 5673 110 1430 520
6927 5593 132 1440 510
6914 5453 176 1440 510
6893 5274 228 1440 510
6863 5075 260 1440 510
6828 4855 282 1440 510
6782 4620 311 1440 510
6720 4415 310 1440 510
6648 4204 322 1440 510
6561 4029 337 1440 510
6470 3881 344 1420 520
6376 3743 344 1420 520
6290 3654 344 1410 520
6208 3599 342 1410 520
6160 3580 294 1400 530
6134 3598 161 1400 530
6980 4662 34 1350 530
7197 4826 61 1370 530
7261 4864 93 1370 530
7302 4836 144 1370 530
7326 4764 193 1370 530
7339 4666 253 1370 530
7331 4533 287 1390 520
7318 4376 314 1400 530
7301 4219 339 1400 530
7291 4084 359 1400 530
7314 3965 362 1410 520
7358 3849 400 1410 520
7442 3762 425 1410 530
7566 3695 436 1410 530
7717 3665 449 1410 530
7930 3665 439 1400 540
8146 3693 443 1400 540
8398 3752 443 1390 550
8673 3825 447 1400 550
8921 3908 456 1400 550
9115 3979 458 1400 550
9273 4050 465 1400 550
9407 4124 468 1410 560
9511 4200 465 1410 560
9594 4292 477 1410 560
9655 4401 480 1410 560
9695 4521 480 1400 560
9721 4649 475 1400 560
9735 4797 467 1420 570
9730 4958 440 1420 570
9712 5104 339 1430 560
9684 5264 170 1430 560