202
2245 5901 1450 470 30
2220 5884 1450 470 99
2214 5884 1460 470 153
2214 5884 1460 470 193
2214 5896 1460 470 230
2234 5910 1460 470 262
2266 5933 1460 470 277
2326 5962 1460 470 299
2407 5996 1470 470 314
2501 6034 1470 470 330
2628 6075 1480 460 339
2759 6118 1480 460 344
2875 6141 1480 460 341
2979 6146 1490 470 349
3080 6138 1500 460 359
3158 6089 1500 460 369
3220 6006 1500 460 384
3254 5901 1500 460 417
3266 5760 1500 460 418
3266 5612 1500 460 440
3247 5460 1500 460 468
3225 5287 1500 460 478
3200 5124 1490 470 491
3186 4990 1490 470 491
3175 4871 1490 470 499
3175 4773 1490 470 501
3170 4720 1480 470 504
3170 4696 1480 470 494
3161 4687 1480 470 430
3150 4687 1470 480 277
2567 5414 1420 470 211
2567 5414 1420 470 214
2567 5414 1420 470 218
2513 5372 1430 460 221
2513 5288 1430 460 226
2496 5161 1430 460 247
2464 5002 1430 460 253
2415 4821 1430 460 264
2360 4655 1440 470 287
2302 4498 1440 470 316
2257 4346 1440 470 329
2232 4226 1450 470 338
2221 4146 1440 480 376
2236 4093 1440 480 391
2278 4065 1440 480 425
2339 4065 1440 480 435
2437 4089 1440 480 443
2581 4128 1440 480 455
2756 4177 1440 480 466
2921 4233 1440 480 469
3110 4291 1430 490 473
3315 4349 1430 490 473
3490 4407 1430 490 473
3656 4443 1430 490 473
3815 4452 1430 490 465
3930 4442 1430 490 474
4023 4387 1430 490 468
4102 4296 1420 480 480
4149 4180 1430 490 496
4166 4040 1430 490 504
4166 3882 1430 490 522
4149 3712 1420 490 530
4126 3568 1420 490 539
4097 3419 1420 490 557
4065 3261 1420 490 570
4030 3119 1420 490 592
3994 2988 1420 490 591
3956 2889 1420 490 599
3915 2810 1420 490 608
3871 2744 1420 490 609
3816 2702 1420 490 609
3730 2681 1420 490 594
3623 2674 1420 490 591
3495 2683 1420 490 561
3360 2711 1410 500 561
3221 2751 1410 500 553
3068 2800 1410 500 546
2931 2847 1410 500 543
2805 2890 1410 500 542
2679 2919 1410 500 536
2557 2939 1410 500 536
2438 2947 1410 500 537
2344 2952 1410 500 537
2271 2952 1410 500 543
2213 2965 1410 500 557
2188 2981 1410 500 562
2188 2998 1410 500 559
2201 3034 1410 500 559
2259 3083 1410 500 559
2357 3140 1410 500 562
2482 3201 1410 500 559
2649 3266 1400 510 559
2817 3329 1400 510 557
2987 3388 1400 510 535
3153 3431 1400 510 452
3295 3466 1400 510 249
5377 5260 1450 450 176
5443 5235 1440 460 196
5422 5230 1420 450 202
5430 5230 1420 450 212
5468 5204 1420 450 284
5527 5153 1420 450 309
5594 5086 1420 450 339
5660 5006 1420 450 341
5725 4929 1420 450 346
5796 4853 1420 450 348
5866 4783 1420 450 348
5931 4741 1430 460 329
5994 4717 1430 460 294
6063 4723 1430 460 242
6137 4779 1440 470 191
6219 4869 1440 470 173
6306 4991 1440 470 171
6393 5127 1440 470 178
6468 5272 1450 470 208
6537 5416 1450 470 237
6578 5501 1450 470 255
6596 5547 1450 470 262
6596 5547 1450 470 269
6596 5523 1450 470 287
6571 5485 1460 480 289
6534 5398 1460 480 307
6462 5287 1460 480 304
6359 5159 1460 480 310
6235 5007 1460 480 310
6085 4825 1460 480 314
5923 4623 1460 480 314
5753 4427 1460 480 315
5588 4248 1460 480 320
5458 4080 1460 480 339
5352 3951 1460 480 353
5272 3850 1460 480 364
5226 3768 1460 480 372
5203 3732 1450 470 396
5217 3716 1440 480 431
5263 3716 1440 480 465
5330 3735 1440 480 483
5436 3795 1440 480 488
5578 3881 1440 480 507
5744 3977 1440 480 512
5922 4080 1430 480 529
6092 4189 1430 480 537
6268 4303 1430 480 538
6451 4409 1430 480 541
6592 4510 1420 480 535
6700 4583 1420 480 514
6787 4641 1430 490 428
6828 4689 1430 490 277
5991 5493 1440 480 113
5991 5493 1440 480 110
5975 5449 1440 480 122
5964 5424 1440 480 160
5953 5325 1450 470 193
5939 5191 1450 470 253
5925 5035 1450 470 310
5900 4827 1450 470 337
5868 4600 1450 470 344
5823 4360 1450 470 367
5774 4127 1450 470 389
5721 3914 1440 480 396
5674 3714 1440 480 415
5630 3573 1440 480 415
5594 3450 1430 490 423
5563 3338 1430 490 418
5541 3256 1430 490 362
5529 3220 1420 490 274
5529 3214 1420 490 191
6113 4142 1380 500 51
6247 4311 1380 500 55
6295 4358 1380 500 76
6329 4385 1380 500 113
6344 4378 1380 500 184
6344 4348 1400 510 235
6344 4302 1400 510 282
6335 4220 1400 510 334
6316 4112 1410 500 386
6290 3988 1410 500 417
6265 3848 1420 500 427
6257 3720 1420 500 443
6257 3600 1420 500 447
6275 3502 1420 500 460
6312 3417 1420 500 477
6363 3342 1420 500 489
6441 3281 1410 510 517
6558 3257 1410 510 524
6702 3257 1420 520 544
6906 3297 1420 520 556
7117 3352 1420 520 567
7333 3417 1410 520 591
7556 3467 1410 520 599
7749 3518 1420 530 611
7921 3570 1410 530 611
8054 3629 1410 530 624
8184 3691 1420 540 628
8313 3779 1420 540 633
8429 3878 1420 540 638
8508 3985 1420 540 638
8563 4099 1440 540 639
8575 4233 1440 540 625
8551 4381 1440 540 591
8502 4528 1450 550 504
8430 4673 1450 550 332