186
2764 6166 700 1350 690
2751 6127 785 1350 680
2756 6156 788 1350 670
2733 6222 782 1370 650
2748 6222 791 1370 630
2789 6222 802 1380 630
2886 6222 817 1380 610
3042 6252 833 1390 610
3238 6304 837 1390 610
3439 6372 848 1380 600
3641 6460 854 1410 600
3841 6544 878 1410 600
3989 6599 888 1410 600
4103 6637 899 1420 610
4196 6651 892 1420 610
4258 6641 908 1440 610
4299 6614 948 1440 610
4332 6569 976 1440 610
4356 6472 1000 1440 610
4373 6340 1023 1440 610
4373 6128 1023 1440 610
4358 5854 1023 1440 610
4328 5539 1023 1440 610
4282 5241 1023 1440 610
4212 4983 1023 1430 620
4125 4751 1023 1430 620
4056 4622 1023 1410 630
3992 4548 989 1400 630
3948 4511 866 1380 640
3915 4511 412 1380 640
3201 5670 892 1280 650
3287 5628 899 1300 650
3236 5628 894 1300 650
3118 5638 882 1320 640
3076 5487 882 1320 640
3059 5306 893 1330 650
3059 5104 896 1330 650
3035 4895 926 1350 640
2995 4685 953 1350 640
2943 4475 982 1350 640
2900 4331 1023 1350 640
2876 4247 1023 1330 650
2865 4203 1023 1330 650
2870 4203 1023 1320 650
2901 4203 1023 1320 650
2948 4214 1023 1300 660
3055 4275 1023 1280 660
3225 4402 1023 1260 670
3437 4574 1014 1260 670
3694 4743 1005 1260 670
3952 4864 1014 1260 670
4177 4953 1008 1260 670
4379 4993 1005 1260 670
4532 4993 1005 1260 670
4640 4977 1008 1260 670
4717 4927 1023 1260 670
4761 4809 1023 1260 670
4778 4647 1023 1260 670
4778 4426 1023 1260 670
4765 4175 1023 1300 670
4742 3903 1023 1280 680
4711 3651 1023 1280 680
4668 3449 1023 1280 680
4616 3281 1023 1280 680
4559 3133 1023 1250 680
4498 3033 1023 1250 680
4438 2966 1023 1250 680
4372 2932 1023 1230 690
4303 2920 1023 1230 690
4221 2920 1023 1210 690
4132 2964 1023 1180 700
4039 3028 1023 1180 700
3943 3107 992 1150 690
3841 3179 903 1150 690
3735 3222 670 1120 700
3605 3247 65 1120 700
2495 3161 935 1090 690
2495 3161 958 1090 690
2447 3181 994 1090 690
2408 3214 1005 1090 690
2429 3221 1023 1090 690
2536 3257 1023 1110 690
2700 3313 1023 1110 690
2909 3410 1023 1110 690
3167 3535 1023 1110 690
3457 3679 1023 1110 690
3750 3843 988 1120 700
3999 3980 948 1120 700
4218 4100 834 1120 700
4402 4196 589 1150 690
6678 5794 736 1300 650
6695 5760 827 1300 630
6707 5753 817 1320 630
6691 5761 814 1320 630
6711 5674 809 1320 630
6755 5523 782 1330 620
6849 5350 727 1330 620
6959 5214 637 1330 620
7080 5103 543 1370 620
7217 5059 389 1370 620
7315 5073 56 1370 620
8018 5991 565 1350 650
8226 5985 613 1370 650
8204 5965 667 1370 650
8194 5939 699 1370 650
8155 5824 708 1400 650
8097 5688 717 1400 650
8002 5537 721 1400 650
7854 5324 728 1400 650
7671 5143 731 1400 650
7454 4984 721 1400 650
7193 4772 746 1400 650
6902 4582 794 1400 650
6613 4406 853 1380 650
6346 4232 906 1380 650
6165 4124 933 1380 650
6035 4059 935 1350 650
6007 4041 930 1350 650
6030 4041 933 1330 660
6088 4065 939 1330 660
6226 4120 942 1310 670
6430 4231 945 1300 660
6677 4380 939 1300 660
7006 4549 944 1300 660
7364 4717 935 1280 660
7741 4848 906 1260 660
8086 4954 860 1280 660
8337 5012 793 1280 660
8525 5044 710 1280 660
8611 5060 664 1280 660
8611 5067 578 1310 670
8548 5079 515 1310 670
8418 5110 449 1310 670
8264 5152 307 1310 670
7512 6042 553 1400 660
7438 5953 644 1400 660
7397 5904 722 1420 650
7343 5855 785 1420 650
7281 5642 839 1420 650
7239 5370 864 1420 650
7201 5060 908 1420 650
7170 4715 942 1430 640
7138 4401 946 1420 650
7083 4108 962 1420 650
7014 3857 970 1420 650
6948 3675 979 1400 660
6888 3538 959 1400 660
6857 3472 908 1390 670
6842 3456 794 1370 670
6849 3474 574 1350 680
7431 4444 404 1180 700
7675 4531 656 1180 700
7728 4553 711 1180 700
7728 4573 728 1180 700
7734 4573 817 1180 700
7744 4560 903 1180 700
7760 4515 933 1170 690
7773 4398 947 1210 690
7773 4233 989 1210 690
7773 4071 1015 1230 690
7766 3927 1023 1230 690
7760 3795 1023 1230 690
7760 3690 1023 1250 680
7760 3623 1023 1230 690
7774 3581 1023 1230 690
7813 3549 1023 1230 690
7868 3517 1023 1230 690
7965 3498 1023 1220 700
8095 3489 1023 1220 700
8246 3504 1023 1220 700
8459 3546 1023 1220 700
8678 3607 1023 1220 710
8905 3672 1023 1220 710
9134 3732 1023 1220 710
9318 3772 1023 1220 710
9479 3801 1023 1220 710
9625 3833 1023 1220 710
9723 3866 1023 1230 720
9779 3899 1023 1230 720
9806 3933 1023 1230 720
9806 3996 1023 1230 720
9781 4086 1023 1250 730
9738 4195 1023 1250 730
9691 4393 1023 1250 730
9642 4629 978 1250 730
9592 4891 667 1250 730