173
3378 6098 1290 760 787
3334 6137 1290 760 785
3278 6186 1290 760 794
3254 6233 1400 730 760
3269 6233 1480 700 750
3310 6243 1400 630 759
3405 6288 1350 570 779
3552 6357 1280 530 793
3734 6419 1220 480 794
3928 6473 1230 490 815
4107 6521 1250 510 822
4276 6527 1260 510 839
4398 6494 1270 520 852
4484 6435 1290 530 854
4545 6339 1300 540 879
4583 6207 1310 550 894
4594 6051 1340 560 903
4588 5848 1350 570 905
4571 5667 1350 580 908
4542 5502 1380 590 890
4504 5375 1390 600 869
4448 5281 1390 610 794
4364 5208 1390 610 636
4260 5177 1380 610 242
3584 6036 1320 630 669
3563 5952 1320 630 731
3525 5890 1320 630 768
3470 5836 1320 630 799
3383 5638 1320 630 836
3328 5429 1320 630 875
3293 5212 1320 630 911
3239 5009 1330 620 944
3174 4823 1330 620 979
3102 4649 1330 620 996
3058 4564 1350 630 1012
3046 4531 1350 630 1009
3054 4531 1330 630 1008
3072 4552 1330 630 1011
3149 4570 1320 640 1009
3264 4640 1320 640 1003
3432 4745 1300 650 994
3651 4897 1300 650 982
3903 5035 1280 650 990
4123 5164 1260 660 987
4298 5222 1250 650 982
4443 5222 1250 650 988
4554 5184 1250 650 1009
4641 5093 1250 650 1023
4713 4929 1250 650 1023
4759 4717 1260 660 1023
4787 4472 1260 660 1023
4803 4213 1260 660 1023
4809 3946 1260 660 1023
4800 3702 1260 660 1023
4780 3521 1280 660 1023
4734 3382 1280 660 1023
4689 3278 1280 660 1023
4645 3210 1260 670 1023
4585 3167 1260 670 1023
4513 3150 1260 670 1023
4397 3161 1240 670 982
4228 3191 1240 670 902
4023 3249 1220 680 817
3793 3313 1220 680 678
3548 3381 1190 680 574
3293 3422 1190 680 456
3061 3433 1160 680 155
2558 3391 1160 680 519
2385 3359 1160 680 731
2348 3403 1160 680 823
2348 3429 1160 680 894
2373 3444 1160 680 989
2465 3511 1160 680 1023
2635 3606 1160 680 1023
2857 3720 1160 680 1023
3141 3859 1160 680 1023
3482 4000 1160 680 1023
3860 4142 1160 680 929
4174 4259 1180 680 731
4439 4349 1180 680 1
6961 5967 1490 630 818
7004 5928 1500 620 873
6975 5952 1510 610 863
6910 6009 1520 600 863
6910 5924 1520 600 870
6950 5805 1510 610 882
7023 5663 1510 610 881
7118 5544 1500 620 860
7217 5436 1500 620 831
7319 5335 1490 630 777
7404 5365 1470 620 646
7489 5429 1460 630 417
7599 5515 1460 630 66
8242 6354 1400 630 646
8451 6323 1400 630 739
8489 6307 1410 640 793
8499 6301 1410 640 826
8499 6217 1410 640 825
8499 6101 1410 640 833
8462 5965 1430 630 836
8360 5778 1430 630 840
8213 5600 1430 630 848
8004 5429 1460 630 848
7726 5239 1460 630 854
7401 5051 1460 630 908
7075 4864 1460 630 941
6808 4718 1450 640 997
6581 4629 1450 640 1017
6474 4578 1450 640 1011
6438 4559 1430 640 999
6450 4559 1430 640 1008
6521 4559 1420 650 1014
6681 4601 1400 650 1012
6899 4694 1380 650 1023
7186 4822 1380 650 1023
7559 4982 1370 650 1023
7988 5136 1370 650 1023
8374 5233 1370 650 999
8682 5295 1380 650 934
8938 5328 1380 650 878
9051 5341 1380 650 796
9051 5341 1380 650 671
8979 5323 1400 660 407
7447 6241 1470 650 750
7459 6131 1470 650 818
7452 6176 1480 650 832
7452 6093 1480 650 860
7460 5925 1500 640 878
7468 5659 1500 640 905
7473 5383 1500 640 956
7447 5100 1510 630 997
7400 4804 1490 630 1023
7333 4560 1490 630 1023
7258 4350 1480 630 1023
7178 4164 1480 630 1023
7128 4036 1480 630 1023
7112 3947 1460 640 933
7118 3904 1450 650 794
7161 3916 1440 660 216
7826 5025 1390 690 946
8047 4949 1390 690 1023
8042 5008 1390 690 1009
7989 4956 1390 690 1011
7961 4829 1410 680 1011
7971 4680 1430 690 1023
8005 4532 1430 690 1023
8032 4385 1430 690 1023
8046 4228 1430 690 1023
8052 4102 1430 690 1023
8052 3998 1430 690 1023
8052 3914 1430 690 1023
8058 3842 1430 690 1023
8089 3778 1430 690 1023
8137 3724 1430 690 1023
8230 3695 1430 690 1023
8368 3684 1410 700 1023
8537 3700 1410 700 1023
8732 3740 1370 700 1023
8960 3795 1390 710 1023
9209 3859 1390 710 1023
9450 3919 1390 710 1023
9656 3971 1390 710 1023
9838 4021 1390 710 1023
9966 4072 1390 710 1023
10031 4129 1420 710 1023
10055 4189 1400 720 1023
10047 4302 1400 720 1023
10024 4450 1420 720 1023
9991 4621 1420 720 1023
9947 4840 1420 720 1023
9889 5081 1420 720 1023
9822 5338 1470 720 994
9701 5554 1470 720 645