133
4031 5657 368 1510 510
4031 5657 362 1530 510
3982 5722 362 1550 510
4007 5786 366 1550 500
4069 5848 387 1550 500
4087 5969 422 1540 500
4087 6089 472 1540 500
4078 6208 538 1540 500
4018 6303 561 1530 500
3916 6359 592 1530 500
3785 6390 609 1520 490
3598 6364 627 1520 490
3413 6298 649 1510 490
3231 6205 663 1510 490
3051 6093 685 1490 490
2929 5966 693 1490 490
2846 5829 702 1490 490
2823 5706 693 1480 480
2854 5580 700 1480 480
2920 5422 702 1480 480
3035 5244 699 1470 490
3189 5060 691 1470 490
3368 4833 691 1470 490
3529 4578 694 1460 500
3650 4317 691 1460 500
3743 4072 694 1460 500
3737 3837 697 1450 510
3661 3643 713 1450 510
3538 3510 750 1440 510
3403 3417 797 1420 520
3244 3359 809 1410 520
3069 3334 823 1410 520
2885 3334 824 1390 520
2717 3357 823 1390 520
2559 3389 820 1370 530
2462 3427 803 1370 530
2424 3451 737 1370 530
2424 3471 483 1360 540
4404 4530 656 1350 540
4818 4692 636 1350 540
4858 4724 628 1360 540
4910 4695 630 1360 540
4916 4641 640 1360 540
4891 4518 665 1360 540
4789 4350 691 1370 540
4695 4151 724 1390 540
4606 3977 727 1390 540
4592 3820 740 1390 540
4634 3688 758 1400 530
4714 3611 761 1400 530
4853 3572 763 1390 540
5036 3594 754 1390 540
5248 3692 746 1390 540
5462 3841 736 1370 540
5621 4030 731 1370 540
5743 4243 730 1370 540
5768 4471 725 1370 540
5709 4612 739 1370 540
5593 4694 746 1370 540
5449 4736 751 1370 540
5292 4736 751 1370 540
5126 4714 746 1370 540
5021 4678 733 1360 550
4979 4643 696 1360 550
4979 4582 469 1360 550
6635 4299 572 1400 540
7120 4218 671 1420 540
7142 4360 699 1420 540
7199 4474 720 1420 540
7279 4570 727 1420 540
7343 4682 740 1440 540
7343 4790 763 1440 540
7310 4864 763 1450 540
7207 4918 782 1460 540
7052 4891 800 1460 540
6863 4781 840 1470 550
6623 4617 905 1470 550
6416 4387 951 1470 550
6230 4184 958 1470 550
6170 3998 965 1460 550
6190 3883 968 1460 550
6264 3806 965 1460 550
6398 3754 958 1460 550
6573 3790 944 1460 550
6775 3885 951 1460 550
6990 4020 950 1450 550
7154 4153 945 1450 550
7284 4277 950 1450 550
7352 4395 937 1450 550
7362 4414 946 1450 550
7334 4396 953 1450 550
7269 4353 965 1450 550
7186 4210 973 1450 550
7091 4064 977 1460 550
7044 3914 976 1460 550
7038 3786 968 1460 550
7059 3673 964 1460 550
7126 3617 941 1460 550
7235 3607 896 1450 560
7371 3628 638 1470 560
7857 4149 585 1470 560
8044 4403 793 1470 560
8044 4475 827 1470 560
8044 4495 821 1470 580
8068 4495 840 1470 580
8100 4482 869 1470 580
8126 4438 894 1470 580
8126 4326 915 1470 580
8116 4168 950 1490 580
8067 3980 965 1490 580
8013 3812 995 1500 570
7955 3658 993 1500 570
7915 3585 994 1510 580
7901 3555 994 1510 580
7901 3555 991 1510 580
7915 3575 977 1510 580
7987 3689 982 1510 580
8100 3866 953 1510 580
8232 4070 948 1510 580
8399 4273 933 1510 580
8590 4475 946 1510 580
8676 4540 964 1510 580
8724 4547 986 1510 580
8746 4515 991 1510 580
8775 4444 1021 1510 580
8785 4320 1023 1510 580
8785 4161 1023 1510 580
8768 4005 1023 1510 580
8768 3857 1023 1530 580
8775 3715 1023 1530 580
8786 3621 1023 1530 580
8798 3552 1023 1530 580
8816 3499 668 1530 580