135
4539 5832 317 1520 570
4490 5851 417 1470 550
4459 5894 488 1480 530
4452 5935 556 1480 500
4467 5978 638 1480 480
4495 6040 697 1470 470
4519 6114 731 1470 460
4541 6204 739 1470 450
4554 6298 746 1460 440
4543 6395 751 1460 440
4516 6497 758 1460 440
4482 6569 761 1470 450
4337 6622 754 1470 450
4118 6622 760 1470 460
3903 6573 767 1470 460
3647 6492 788 1480 460
3364 6348 790 1480 470
3095 6196 808 1490 480
2925 6040 811 1490 480
2820 5890 809 1490 480
2809 5739 815 1480 480
2871 5585 818 1480 480
2981 5429 820 1480 480
3188 5254 818 1470 490
3427 5078 811 1470 490
3688 4902 803 1470 490
3926 4695 817 1460 500
4100 4503 812 1460 500
4232 4322 820 1460 500
4257 4138 829 1450 510
4190 3987 833 1450 510
4062 3857 854 1450 510
3903 3765 878 1440 510
3710 3714 890 1440 510
3495 3690 902 1420 520
3286 3690 897 1410 520
3123 3718 884 1410 520
2991 3768 861 1400 530
2940 3818 749 1390 520
2959 3879 485 1390 520
4604 4708 720 1400 520
5001 4743 727 1410 520
5035 4782 728 1410 520
5043 4765 742 1410 520
5064 4682 757 1410 520
5094 4574 785 1420 530
5031 4444 800 1420 530
4979 4285 821 1430 520
4934 4107 832 1430 520
4950 3983 819 1430 520
5000 3895 827 1430 520
5073 3831 836 1420 530
5196 3831 836 1420 530
5363 3914 831 1420 530
5559 4047 829 1420 540
5717 4206 794 1420 540
5818 4406 788 1420 540
5881 4634 797 1420 540
5838 4797 808 1420 540
5728 4902 818 1420 540
5573 4968 820 1420 540
5408 4973 818 1430 530
5268 4950 809 1430 530
5144 4909 796 1430 530
5082 4840 754 1450 530
5070 4748 414 1450 530
6672 4342 465 1460 520
7103 4226 518 1470 510
7194 4363 588 1460 520
7224 4453 663 1470 520
7290 4513 724 1470 520
7302 4605 760 1470 520
7278 4702 765 1480 530
7201 4802 779 1480 530
7096 4891 796 1480 530
6972 4918 800 1490 530
6812 4905 833 1480 540
6648 4793 902 1480 540
6481 4644 958 1480 540
6360 4471 1009 1470 550
6283 4283 1023 1470 550
6235 4117 1023 1460 550
6253 4001 1023 1460 550
6319 3913 1023 1460 550
6417 3878 1023 1460 550
6564 3907 991 1460 550
6735 3980 956 1460 550
6923 4090 932 1450 550
7044 4215 914 1450 550
7123 4349 920 1450 550
7174 4452 933 1450 550
7167 4473 936 1450 550
7151 4440 947 1460 550
7128 4387 943 1460 550
7078 4283 956 1460 550
7044 4146 956 1480 560
7020 4037 955 1480 560
7025 3938 940 1490 550
7067 3846 863 1500 550
7134 3783 608 1500 550
7797 4504 690 1530 550
7877 4624 730 1530 550
7864 4711 730 1520 560
7878 4716 733 1520 560
7913 4703 749 1520 560
7961 4677 806 1530 560
7968 4610 855 1530 560
7948 4458 902 1530 560
7909 4249 937 1540 560
7851 4069 997 1540 560
7797 3905 994 1540 560
7746 3751 1003 1540 560
7735 3661 1000 1540 560
7740 3619 999 1540 570
7756 3610 991 1540 570
7799 3653 982 1520 570
7909 3783 947 1540 570
8063 3970 888 1540 570
8238 4177 864 1540 570
8415 4364 873 1540 570
8593 4539 893 1540 570
8677 4600 899 1540 570
8734 4612 921 1540 570
8773 4592 942 1540 570
8839 4552 940 1540 570
8898 4484 967 1560 570
8951 4397 978 1560 570
8976 4267 1011 1570 570
8986 4137 1023 1590 570
8986 4007 1023 1610 570
8986 3892 1023 1620 580
8994 3787 1021 1630 570
9019 3711 999 1640 570
9056 3668 900 1640 570
9096 3647 314 1640 570