160
3466 4872 1440 470 95
3522 4843 1450 470 163
3500 4873 1460 470 216
3507 4888 1460 470 276
3515 4917 1460 470 324
3524 4955 1460 470 336
3535 5006 1460 470 358
3547 5064 1460 470 364
3559 5127 1470 470 369
3565 5197 1470 470 373
3565 5266 1470 470 371
3565 5331 1470 470 393
3539 5374 1480 460 396
3506 5403 1480 460 402
3451 5403 1480 460 402
3373 5372 1490 470 405
3280 5316 1490 470 407
3178 5227 1490 470 417
3079 5114 1490 470 418
2981 4986 1490 470 423
2896 4834 1490 470 428
2817 4681 1490 470 440
2774 4563 1490 470 448
2752 4468 1500 470 448
2760 4382 1490 480 460
2798 4321 1490 480 465
2857 4276 1490 480 477
2947 4250 1490 480 490
3071 4243 1490 480 495
3218 4249 1490 480 496
3358 4249 1490 480 488
3477 4249 1490 480 496
3582 4220 1480 480 495
3659 4177 1480 480 498
3706 4115 1480 480 498
3734 4033 1480 480 491
3734 3937 1470 480 496
3704 3822 1470 480 505
3659 3706 1470 480 517
3593 3592 1470 480 512
3498 3468 1470 480 519
3384 3333 1460 480 527
3246 3196 1460 480 544
3092 3076 1460 480 554
2926 2967 1460 480 570
2811 2886 1460 480 581
2720 2833 1470 480 591
2646 2800 1470 480 595
2601 2789 1470 480 588
2581 2789 1470 480 517
2581 2805 1470 480 330
4799 3837 1450 470 70
4799 3905 1460 480 103
4788 3941 1460 480 132
4776 3974 1460 480 170
4756 4003 1460 480 220
4731 4028 1460 480 249
4700 4045 1460 480 270
4662 4045 1460 480 291
4618 4033 1470 470 304
4590 3993 1470 470 333
4541 3929 1470 470 371
4479 3849 1470 470 387
4443 3748 1470 470 402
4410 3653 1470 470 420
4383 3563 1460 480 433
4377 3478 1460 480 440
4384 3402 1460 480 452
4413 3333 1440 480 465
4456 3289 1440 480 464
4507 3278 1440 480 467
4569 3290 1430 490 473
4631 3332 1420 480 473
4693 3398 1420 480 475
4744 3479 1410 490 477
4789 3563 1410 490 477
4813 3650 1410 490 477
4830 3740 1410 490 480
4843 3813 1420 490 485
4836 3851 1420 490 490
4828 3865 1420 490 490
4820 3870 1430 500 485
4820 3870 1430 500 478
4815 3845 1440 490 475
4815 3806 1440 490 473
4823 3760 1450 500 397
4842 3713 1450 500 247
6006 3931 1460 500 66
6072 4016 1470 490 105
6065 4064 1470 490 170
6041 4080 1480 500 195
6011 4092 1490 490 230
5965 4092 1490 490 277
5908 4092 1490 490 310
5842 4072 1510 490 341
5778 4047 1510 490 393
5721 3996 1510 480 414
5679 3927 1510 480 439
5646 3817 1510 480 455
5618 3702 1490 490 461
5604 3612 1490 490 465
5599 3541 1490 490 468
5613 3488 1490 490 468
5647 3461 1480 500 477
5695 3452 1480 500 485
5763 3476 1480 500 485
5837 3536 1470 490 486
5915 3619 1470 490 485
5975 3709 1460 500 488
6020 3806 1460 500 491
6054 3907 1460 500 498
6065 3953 1460 500 491
6065 3969 1460 500 489
6065 3969 1480 500 498
6065 3961 1480 500 502
6065 3913 1480 500 524
6065 3836 1480 500 557
6065 3720 1490 510 574
6101 3622 1490 510 586
6152 3535 1500 500 589
6220 3447 1500 500 589
6292 3366 1500 500 570
6374 3290 1490 510 467
6462 3245 1490 510 242
7089 4066 1480 510 296
7153 4066 1490 510 334
7148 4066 1490 510 336
7114 4072 1500 510 361
7108 4032 1500 510 413
7098 3973 1510 500 448
7085 3901 1520 510 475
7076 3806 1520 510 492
7070 3711 1530 500 522
7070 3622 1520 510 524
7070 3548 1530 510 533
7077 3479 1530 510 541
7082 3425 1530 510 536
7088 3398 1530 510 543
7097 3388 1530 520 556
7106 3399 1530 520 557
7137 3451 1530 520 554
7183 3530 1520 530 553
7257 3634 1520 530 554
7345 3748 1520 530 553
7441 3869 1520 530 556
7517 3943 1500 520 556
7580 3984 1500 520 554
7635 4003 1500 520 556
7675 4003 1520 530 556
7705 3982 1520 530 565
7729 3947 1520 530 584
7755 3882 1520 530 616
7774 3794 1520 530 644
7788 3691 1520 530 653
7809 3600 1520 530 662
7830 3504 1520 530 670
7854 3407 1520 530 667
7882 3311 1520 530 665
7909 3231 1520 530 613
7930 3173 1520 530 415