164
3478 5123 34 1450 440
3535 5090 67 1450 440
3535 5090 48 1470 450
3510 5090 94 1470 450
3510 5090 139 1470 450
3518 5102 184 1470 450
3545 5125 186 1470 450
3584 5183 195 1480 450
3650 5255 203 1480 450
3717 5337 208 1480 450
3757 5423 208 1480 450
3779 5503 208 1470 450
3779 5572 217 1470 450
3766 5630 209 1470 450
3742 5672 228 1470 450
3689 5704 237 1470 450
3625 5716 242 1470 450
3553 5707 249 1470 450
3483 5683 253 1470 450
3404 5641 254 1470 450
3318 5568 256 1470 450
3225 5474 245 1470 450
3126 5345 249 1470 450
3024 5219 255 1470 450
2939 5096 265 1490 440
2871 4956 279 1490 440
2815 4815 281 1490 440
2776 4673 286 1480 450
2769 4574 292 1490 460
2782 4495 301 1490 460
2825 4429 307 1490 460
2903 4385 309 1490 460
3003 4368 317 1490 460
3168 4368 327 1490 460
3334 4374 329 1490 460
3497 4356 327 1490 460
3640 4324 327 1490 460
3772 4270 329 1490 460
3854 4191 332 1480 460
3904 4095 335 1480 460
3932 3979 335 1480 460
3922 3839 333 1480 460
3886 3683 353 1480 460
3833 3553 372 1480 460
3751 3421 391 1480 460
3633 3288 404 1480 460
3492 3182 422 1480 460
3344 3094 425 1470 460
3190 3031 438 1470 460
3032 3006 461 1470 460
2932 3006 473 1470 460
2880 3030 474 1470 460
2860 3057 466 1470 460
2852 3086 428 1470 460
2867 3106 242 1470 460
5641 4218 63 1490 460
5579 4265 93 1490 460
5551 4265 93 1490 460
5515 4258 125 1490 460
5474 4227 137 1490 460
5428 4173 179 1480 460
5382 4105 195 1480 460
5333 4013 209 1480 460
5281 3900 242 1480 460
5238 3773 247 1480 460
5227 3668 265 1480 460
5238 3576 282 1470 470
5284 3493 282 1470 470
5359 3424 304 1470 470
5452 3391 327 1470 470
5569 3382 340 1460 480
5702 3413 338 1460 480
5845 3466 341 1460 480
5952 3533 341 1460 480
6028 3607 338 1460 480
6082 3680 338 1460 480
6082 3767 338 1470 480
6038 3864 341 1470 480
5967 3960 344 1470 480
5886 4033 354 1470 480
5794 4092 369 1470 480
5695 4126 372 1470 480
5615 4153 389 1470 480
5570 4167 394 1470 480
5549 4172 386 1480 470
5549 4172 387 1480 470
5578 4163 384 1480 470
5619 4147 369 1480 470
5693 4134 315 1490 470
5793 4123 225 1490 470
5911 4123 115 1490 470
7492 4167 81 1520 480
7431 4223 129 1520 480
7391 4231 165 1520 480
7345 4221 196 1520 480
7283 4199 232 1530 480
7215 4148 247 1540 470
7142 4074 270 1540 470
7081 3985 279 1550 470
7023 3878 292 1550 470
6967 3772 297 1550 480
6941 3666 304 1550 480
6934 3605 316 1550 480
6958 3569 324 1550 480
7005 3550 340 1540 490
7066 3565 345 1530 490
7147 3613 333 1530 490
7234 3684 336 1530 490
7314 3788 336 1530 490
7386 3893 338 1530 490
7429 4000 341 1530 490
7450 4071 346 1530 490
7457 4112 358 1520 490
7457 4132 359 1520 490
7457 4132 369 1520 490
7457 4100 366 1520 490
7462 4046 382 1520 490
7481 3960 389 1520 490
7510 3870 402 1530 490
7562 3783 409 1530 490
7632 3700 412 1530 490
7714 3649 405 1530 490
7815 3614 400 1530 490
7924 3589 399 1530 490
8037 3583 337 1530 490
8145 3601 156 1530 490
8563 4135 81 1520 490
8641 4263 117 1530 500
8676 4330 156 1530 500
8696 4359 186 1540 490
8708 4364 209 1540 490
8722 4332 252 1540 490
8722 4273 296 1540 490
8722 4196 340 1540 490
8704 4103 371 1550 480
8688 3996 396 1550 480
8670 3879 412 1550 480
8662 3765 418 1550 480
8656 3682 433 1540 490
8656 3619 439 1540 490
8665 3581 450 1540 490
8677 3570 467 1540 490
8693 3576 467 1540 490
8728 3620 468 1540 490
8775 3707 468 1540 490
8842 3822 467 1540 490
8924 3958 468 1550 490
9015 4071 472 1550 490
9099 4168 473 1550 490
9179 4246 475 1550 500
9255 4292 475 1550 500
9320 4316 477 1550 500
9381 4316 480 1570 510
9439 4291 490 1570 510
9483 4248 501 1570 510
9508 4164 527 1570 510
9520 4055 564 1590 500
9520 3930 578 1590 500
9520 3787 586 1590 500
9520 3653 594 1600 500
9534 3526 592 1600 500
9546 3431 588 1590 510
9559 3351 567 1590 510
9580 3280 443 1590 510