138
4606 6001 253 1490 550
4709 6007 305 1490 550
4744 6062 315 1490 550
4774 6101 322 1500 550
4809 6135 333 1500 550
4856 6187 399 1500 550
4914 6252 449 1500 550
4969 6338 499 1500 550
5022 6435 536 1520 560
5037 6539 594 1520 560
5030 6634 628 1520 560
5009 6711 643 1520 560
4941 6777 658 1520 560
4819 6823 661 1520 570
4660 6838 664 1520 570
4467 6832 670 1520 570
4259 6788 664 1520 570
4041 6711 676 1520 570
3853 6612 699 1520 570
3700 6497 724 1500 570
3569 6371 728 1500 570
3499 6237 740 1500 570
3479 6121 751 1500 570
3492 6006 761 1500 570
3562 5893 753 1500 570
3695 5771 759 1500 570
3871 5660 768 1500 570
4077 5556 770 1490 580
4314 5428 767 1470 580
4572 5277 760 1470 580
4807 5112 762 1470 580
4965 4945 759 1460 580
5071 4778 767 1460 580
5108 4646 773 1450 590
5073 4538 794 1450 590
4989 4432 818 1440 600
4850 4332 842 1420 610
4655 4235 863 1420 610
4422 4168 869 1410 610
4159 4123 869 1400 620
3889 4093 867 1400 620
3613 4085 869 1380 630
3361 4101 861 1380 630
3157 4132 842 1370 630
2984 4190 787 1370 630
2891 4249 666 1370 630
2861 4310 282 1350 640
6322 5159 614 1380 580
6277 5119 665 1390 580
6186 5162 664 1390 580
6066 5083 679 1390 580
5985 4949 690 1390 600
5937 4778 730 1380 600
5912 4646 759 1390 610
5912 4528 794 1380 610
5929 4419 802 1370 620
5964 4347 824 1370 620
6024 4309 824 1370 620
6118 4294 824 1380 630
6235 4347 821 1380 630
6392 4443 827 1370 630
6528 4567 809 1370 630
6650 4685 791 1370 630
6720 4816 780 1370 630
6720 4955 784 1370 630
6681 5053 787 1370 630
6584 5116 790 1370 630
6462 5157 788 1370 630
6323 5157 784 1370 630
6199 5138 771 1370 630
6111 5100 707 1370 630
6048 5046 605 1370 630
6033 4991 413 1380 630
7555 4861 554 1410 630
7813 4927 613 1410 630
7848 4980 638 1410 630
7864 5035 671 1410 630
7864 5131 690 1410 630
7864 5212 705 1410 630
7823 5283 721 1410 630
7752 5327 771 1410 630
7631 5310 817 1410 630
7464 5252 861 1430 630
7265 5105 896 1430 630
7085 4922 938 1430 630
6978 4715 974 1430 630
6920 4593 980 1410 640
6938 4502 977 1410 640
7001 4431 964 1410 640
7093 4394 941 1400 650
7225 4420 909 1400 650
7374 4489 842 1380 640
7533 4582 790 1370 650
7654 4675 762 1370 650
7745 4764 762 1370 650
7815 4849 794 1370 650
7833 4876 827 1370 650
7833 4867 849 1370 650
7828 4860 893 1370 650
7820 4800 896 1370 650
7815 4705 909 1370 650
7831 4600 906 1370 650
7859 4498 896 1370 650
7916 4417 900 1370 650
7978 4350 842 1370 650
8051 4318 703 1370 650
8131 4329 312 1380 640
8705 5162 783 1400 650
8746 5219 857 1400 650
8731 5252 864 1400 650
8712 5214 872 1410 640
8691 5128 884 1410 640
8691 4980 890 1410 640
8684 4815 899 1410 640
8671 4639 933 1410 640
8653 4515 986 1410 640
8639 4433 1000 1410 640
8625 4380 1014 1410 640
8615 4358 1014 1410 640
8615 4358 991 1410 640
8620 4372 953 1410 640
8676 4474 905 1410 640
8765 4633 791 1400 650
8898 4831 719 1400 650
9036 5041 721 1420 650
9177 5163 725 1420 650
9248 5227 752 1420 650
9298 5238 788 1420 650
9333 5226 861 1440 660
9368 5199 921 1440 660
9403 5142 977 1440 660
9437 5041 990 1440 660
9468 4910 1000 1450 650
9497 4766 1012 1470 650
9528 4637 1008 1470 650
9547 4537 999 1470 650
9559 4451 985 1470 650
9552 4376 788 1470 650