168
3982 5016 447 1300 670
4055 5038 477 1300 670
4055 5112 478 1300 670
4070 5212 473 1400 630
4103 5286 488 1470 590
4142 5393 562 1530 540
4174 5523 613 1480 460
4164 5579 644 1380 430
4129 5618 658 1280 380
4032 5647 665 1200 330
3946 5662 667 1210 350
3867 5638 670 1230 360
3740 5587 662 1240 380
3560 5487 663 1260 390
3344 5343 666 1270 410
3161 5170 670 1290 420
3014 5002 672 1310 440
2892 4832 669 1330 450
2818 4662 673 1340 470
2797 4542 675 1350 490
2810 4421 679 1370 510
2878 4300 682 1400 520
3014 4196 685 1410 530
3194 4113 676 1420 540
3407 4044 679 1420 540
3640 3977 679 1420 540
3887 3921 681 1440 540
4052 3873 681 1430 550
4161 3762 688 1430 550
4233 3650 691 1410 560
4233 3509 690 1410 560
4157 3348 710 1400 560
4032 3165 720 1400 560
3872 2990 736 1390 570
3678 2831 748 1390 570
3461 2680 752 1390 570
3287 2604 754 1380 580
3156 2574 755 1380 580
3053 2574 746 1380 580
3018 2587 685 1360 580
3023 2611 425 1360 580
5765 3878 117 1400 550
5765 3878 226 1400 550
5765 3878 250 1400 550
5716 3899 267 1400 550
5686 3876 309 1400 550
5650 3833 364 1400 550
5610 3747 404 1400 550
5584 3656 444 1400 550
5541 3557 464 1400 550
5525 3447 491 1400 550
5532 3330 513 1400 550
5554 3208 535 1400 550
5592 3117 551 1400 550
5640 3047 570 1390 560
5711 3003 570 1390 560
5787 2983 589 1390 560
5862 2983 594 1400 560
5935 3006 606 1390 570
6012 3072 614 1390 570
6090 3166 619 1390 570
6152 3284 610 1380 580
6203 3398 613 1390 580
6212 3506 617 1390 580
6185 3602 625 1390 580
6133 3694 636 1410 590
6048 3782 664 1410 590
5945 3827 671 1410 590
5830 3844 666 1410 590
5698 3831 670 1420 580
5594 3816 679 1420 580
5508 3800 679 1420 580
5452 3800 678 1420 580
5423 3800 676 1430 570
5412 3800 668 1430 570
5412 3806 586 1430 570
5424 3814 366 1440 570
7256 3712 170 1490 530
7256 3712 208 1490 530
7272 3738 213 1490 530
7279 3760 235 1480 540
7288 3801 317 1480 540
7296 3855 389 1470 550
7296 3919 456 1470 550
7284 3974 509 1480 560
7265 4023 564 1480 560
7242 4055 588 1480 560
7215 4070 606 1480 560
7177 4075 616 1490 560
7121 4056 613 1480 570
7054 3994 622 1480 570
6962 3904 634 1480 570
6873 3751 637 1500 570
6786 3618 649 1500 570
6737 3499 659 1500 570
6718 3394 659 1500 570
6718 3320 667 1480 570
6745 3268 670 1480 570
6801 3243 670 1470 580
6875 3249 668 1470 580
6965 3275 661 1470 580
7060 3354 658 1440 580
7163 3448 659 1440 580
7253 3552 659 1440 580
7335 3629 655 1430 590
7365 3656 656 1430 590
7365 3651 658 1430 590
7352 3636 661 1420 590
7338 3617 667 1410 590
7328 3546 670 1420 590
7320 3443 671 1420 590
7338 3333 664 1420 590
7388 3249 673 1440 600
7459 3182 681 1440 600
7540 3154 681 1440 600
7626 3154 682 1440 600
7719 3181 676 1440 600
7814 3230 673 1440 600
7885 3283 613 1450 600
7940 3338 446 1450 600
8228 3961 137 1490 560
8243 4007 207 1490 560
8252 4031 249 1510 560
8265 4050 307 1500 570
8265 4050 359 1500 570
8322 4104 400 1500 570
8368 4131 430 1510 580
8417 4154 455 1510 580
8464 4154 483 1510 580
8496 4135 529 1510 580
8518 4087 560 1510 580
8530 4003 594 1510 580
8522 3894 616 1510 580
8500 3757 645 1530 580
8480 3628 643 1520 590
8460 3504 656 1520 590
8441 3372 669 1520 590
8415 3250 688 1520 590
8393 3166 690 1510 600
8380 3105 697 1510 600
8380 3086 700 1510 600
8380 3086 716 1510 600
8380 3091 711 1500 600
8394 3142 708 1500 600
8431 3253 702 1500 600
8484 3403 696 1500 600
8545 3567 696 1500 600
8606 3728 693 1500 600
8665 3846 697 1500 600
8721 3935 700 1500 600
8767 3979 705 1500 600
8818 4023 708 1500 600
8863 4045 711 1500 600
8903 4053 713 1510 610
8942 4035 731 1520 600
8978 3977 739 1520 600
9013 3893 759 1520 600
9038 3761 777 1530 590
9063 3627 787 1550 600
9087 3487 788 1550 600
9111 3395 808 1550 600
9132 3335 809 1550 600
9151 3282 809 1550 600
9173 3253 809 1550 600
9185 3240 808 1560 610
9191 3240 791 1560 610
9191 3240 728 1560 610
9191 3252 373 1550 620