151
3968 5525 68 1400 450
3968 5525 93 1400 450
4004 5547 119 1400 450
4037 5599 124 1400 450
4084 5671 129 1410 450
4139 5753 129 1410 450
4180 5845 134 1410 450
4196 5944 142 1410 450
4196 6032 141 1420 450
4156 6095 149 1430 450
4093 6142 151 1430 450
4013 6114 151 1430 450
3911 6103 153 1440 440
3787 6103 151 1450 440
3649 6026 160 1460 440
3505 5917 168 1460 440
3381 5787 179 1460 440
3269 5667 170 1460 440
3163 5520 178 1470 430
3083 5355 183 1470 430
3019 5209 195 1470 430
3008 5085 205 1460 440
3041 4977 215 1460 440
3102 4888 220 1460 440
3204 4817 211 1450 440
3312 4759 216 1450 440
3441 4728 225 1450 440
3581 4699 230 1450 450
3733 4671 237 1450 450
3851 4634 239 1440 460
3947 4581 240 1420 450
4021 4518 246 1410 460
4067 4437 253 1410 460
4095 4345 254 1410 460
4078 4245 282 1410 460
4021 4144 292 1410 460
3938 4032 311 1410 460
3827 3913 312 1410 460
3680 3799 339 1410 460
3510 3717 356 1410 460
3364 3657 376 1410 460
3222 3636 394 1410 460
3111 3649 409 1410 460
3018 3686 405 1410 460
2974 3751 394 1410 460
2974 3838 339 1410 460
2996 3939 242 1430 460
3073 4021 86 1430 460
5644 4438 48 1430 450
5644 4438 89 1430 450
5601 4461 119 1450 450
5547 4440 146 1450 450
5482 4401 176 1450 450
5410 4326 218 1450 450
5335 4228 249 1450 450
5259 4114 260 1460 460
5182 3981 270 1460 460
5127 3846 273 1450 460
5098 3709 282 1450 460
5087 3645 292 1450 460
5114 3608 309 1450 460
5171 3589 327 1440 470
5249 3600 339 1440 470
5350 3647 340 1440 470
5451 3717 342 1440 470
5537 3827 344 1440 470
5612 3933 333 1440 470
5639 4030 345 1440 470
5626 4122 333 1440 470
5585 4213 334 1440 470
5523 4308 333 1440 470
5446 4402 334 1440 470
5358 4476 339 1430 480
5289 4537 344 1430 480
5250 4559 344 1430 480
5232 4546 346 1430 480
5247 4510 348 1440 470
5292 4426 346 1440 470
5358 4339 346 1440 470
5451 4249 344 1440 470
5567 4186 340 1450 460
5698 4141 233 1450 460
7418 4160 41 1490 470
7283 4172 58 1500 470
7220 4199 101 1500 470
7153 4215 129 1500 470
7082 4231 161 1500 470
7001 4247 196 1500 470
6918 4247 219 1510 470
6833 4217 246 1510 470
6755 4167 245 1510 470
6697 4084 260 1510 470
6651 3983 272 1510 470
6625 3871 284 1510 470
6625 3755 277 1500 480
6633 3673 281 1500 480
6669 3613 294 1500 480
6723 3579 307 1490 490
6789 3579 305 1480 480
6870 3597 309 1480 480
6947 3650 309 1480 480
7022 3737 309 1470 480
7091 3846 309 1470 480
7145 3958 314 1470 480
7189 4037 322 1470 480
7212 4093 324 1470 480
7217 4093 327 1470 480
7211 4051 342 1480 480
7211 3989 341 1480 480
7206 3875 349 1480 480
7206 3759 356 1480 480
7239 3667 359 1490 490
7294 3593 359 1500 480
7364 3538 358 1500 480
7459 3506 351 1500 480
7571 3490 291 1500 480
7693 3498 132 1500 480
8379 4030 88 1490 490
8407 4119 122 1510 490
8407 4157 175 1510 490
8412 4191 171 1510 490
8412 4184 221 1510 490
8412 4149 280 1530 490
8403 4096 305 1530 490
8378 3998 345 1530 490
8344 3880 363 1530 490
8301 3748 382 1530 480
8275 3650 389 1530 480
8259 3572 404 1530 480
8259 3507 417 1530 490
8279 3469 438 1540 490
8304 3459 440 1540 490
8340 3469 447 1540 490
8395 3519 448 1530 500
8463 3602 452 1530 500
8547 3706 452 1530 500
8648 3847 453 1530 500
8760 3959 453 1530 500
8864 4053 453 1530 500
8952 4106 453 1530 500
9029 4128 455 1530 500
9093 4128 456 1530 500
9148 4104 455 1540 500
9196 4054 456 1540 500
9237 3988 463 1540 500
9275 3893 466 1540 500
9312 3793 468 1550 490
9356 3683 466 1550 490
9406 3567 465 1560 500
9455 3460 450 1560 500
9502 3358 317 1560 500