133
3863 5415 1510 640 417
4008 5492 1520 620 540
4052 5588 1520 600 613
4074 5701 1530 580 652
4135 5799 1520 570 685
4197 5925 1530 550 714
4258 6071 1530 530 733
4287 6214 1540 520 737
4299 6354 1530 510 755
4239 6458 1530 510 757
4108 6540 1530 510 773
3930 6560 1520 510 784
3715 6523 1520 510 823
3471 6447 1520 510 849
3207 6312 1530 500 860
2977 6173 1520 490 881
2840 6025 1520 490 887
2765 5872 1520 490 888
2734 5698 1520 490 899
2766 5523 1530 500 906
2841 5322 1520 510 896
2979 5104 1520 510 899
3166 4879 1520 510 896
3385 4651 1500 510 903
3593 4429 1500 510 902
3755 4212 1500 510 906
3886 3994 1490 520 906
3916 3801 1490 520 912
3860 3626 1480 530 932
3746 3510 1470 530 937
3568 3431 1470 530 992
3382 3376 1450 540 990
3190 3369 1440 540 996
2989 3395 1430 550 994
2845 3444 1410 550 988
2739 3498 1400 550 967
2678 3548 1400 550 888
2678 3582 1390 560 742
2715 3608 1390 560 441
4804 4374 1380 550 505
5081 4416 1380 550 516
5107 4519 1390 550 516
5118 4538 1390 550 567
5118 4538 1400 540 697
5109 4517 1400 540 797
5059 4452 1400 540 870
4982 4321 1400 540 923
4911 4146 1410 530 961
4887 4001 1410 530 992
4894 3876 1420 540 991
4924 3764 1420 540 1000
4989 3687 1420 540 1012
5077 3650 1420 540 1015
5213 3641 1410 550 1005
5356 3687 1410 550 991
5503 3793 1400 550 980
5599 3940 1400 550 938
5660 4119 1400 550 950
5697 4302 1400 550 937
5651 4488 1400 550 955
5560 4587 1400 550 965
5440 4640 1400 550 967
5305 4662 1400 550 965
5203 4647 1400 550 947
5124 4604 1400 550 861
5073 4543 1400 550 488
6827 4127 1370 500 597
6872 4112 1370 500 678
6838 4239 1360 500 693
6852 4321 1370 510 690
6899 4372 1360 510 705
6963 4467 1370 520 717
6997 4557 1370 520 724
7012 4637 1370 530 734
6987 4695 1370 530 758
6899 4739 1370 530 777
6768 4719 1390 540 821
6609 4631 1390 540 896
6423 4498 1400 540 937
6220 4291 1400 550 977
6109 4108 1400 550 1011
6063 3941 1400 550 1023
6063 3816 1400 550 1023
6122 3727 1390 560 1023
6248 3661 1390 560 1023
6416 3669 1390 560 987
6602 3744 1360 560 962
6799 3864 1360 560 936
7003 4004 1360 560 912
7155 4144 1360 560 899
7244 4247 1360 550 902
7290 4326 1360 550 902
7290 4317 1360 550 912
7267 4273 1360 550 930
7232 4206 1360 550 938
7182 4082 1360 550 948
7138 3955 1370 540 948
7125 3824 1380 550 944
7130 3720 1380 550 908
7184 3633 1380 550 722
7815 4216 1400 550 512
7916 4250 1400 550 785
7921 4390 1410 560 828
7921 4440 1410 560 834
7930 4430 1410 560 858
7958 4399 1410 560 918
7998 4315 1430 560 970
7992 4196 1440 560 997
7957 4025 1440 560 1023
7903 3853 1440 560 1023
7839 3681 1450 550 1023
7780 3600 1440 560 1023
7730 3559 1440 560 1023
7710 3546 1440 560 1023
7710 3546 1430 560 1023
7710 3599 1430 560 1023
7775 3684 1410 560 991
7875 3856 1410 560 950
8010 4044 1410 560 924
8177 4243 1410 560 914
8364 4441 1410 560 921
8494 4531 1410 560 945
8575 4550 1410 560 968
8622 4538 1400 550 1008
8655 4489 1400 550 1023
8672 4416 1400 550 1023
8679 4277 1400 550 1023
8674 4133 1410 560 1023
8674 3985 1410 560 1023
8674 3860 1410 560 1023
8690 3750 1430 550 976
8723 3650 1440 560 830
8765 3570 1440 560 279