136
4231 6358 622 1260 620
4363 6365 616 1260 620
4373 6399 619 1400 560
4373 6424 620 1510 480
4414 6475 611 1570 390
4479 6559 613 1610 300
4520 6666 611 1590 290
4545 6743 614 1550 300
4559 6836 617 1540 320
4523 6941 627 1530 340
4438 7049 653 1520 360
4321 7109 667 1520 380
4140 7137 690 1520 390
3938 7096 690 1520 400
3723 6990 710 1520 420
3500 6840 739 1520 440
3301 6716 767 1510 460
3182 6570 788 1510 480
3107 6410 806 1510 500
3093 6219 821 1520 530
3141 6026 829 1520 540
3230 5837 819 1510 540
3386 5651 824 1520 560
3603 5483 824 1510 560
3860 5313 828 1510 560
4116 5137 828 1510 560
4364 4940 824 1500 570
4606 4728 825 1500 570
4772 4547 830 1490 580
4833 4368 845 1470 590
4825 4190 882 1460 600
4708 4035 918 1460 600
4516 3888 941 1450 600
4273 3747 974 1440 600
3997 3654 986 1420 610
3722 3598 985 1410 610
3450 3568 997 1400 620
3209 3575 977 1380 630
2989 3621 947 1380 630
2815 3692 905 1370 630
2688 3805 821 1370 630
2593 3905 659 1350 640
5746 4868 418 1530 520
5732 4904 614 1530 510
5703 4921 614 1520 510
5668 4940 616 1530 510
5630 4870 625 1530 510
5619 4740 637 1520 530
5629 4633 690 1510 530
5654 4494 754 1470 550
5693 4334 820 1460 550
5755 4272 848 1440 570
5833 4193 858 1400 580
5913 4103 869 1390 580
6025 4067 873 1380 590
6157 4080 870 1360 600
6261 4125 866 1360 610
6377 4213 860 1380 610
6502 4333 863 1370 620
6572 4475 834 1370 620
6592 4633 829 1370 620
6578 4806 830 1370 620
6520 4990 818 1370 620
6416 5093 818 1380 630
6282 5136 832 1380 630
6128 5136 823 1400 620
5998 5091 802 1400 620
5883 5020 746 1400 620
5804 4934 617 1400 620
5794 4853 402 1410 610
7614 4842 679 1410 630
7969 4902 784 1410 630
8004 4982 811 1410 630
7960 5055 811 1410 630
7937 5135 811 1430 630
7928 5220 808 1430 630
7928 5312 808 1430 630
7889 5375 824 1450 640
7803 5419 863 1450 640
7686 5409 933 1450 640
7570 5324 979 1460 630
7424 5190 1023 1460 630
7258 4988 1023 1460 630
7157 4796 1023 1460 630
7143 4612 1023 1460 630
7187 4502 1023 1460 630
7289 4428 1023 1460 630
7417 4378 1023 1450 640
7562 4387 997 1450 640
7702 4439 947 1430 630
7829 4521 900 1430 630
7948 4611 876 1430 630
8018 4705 875 1430 630
8054 4803 903 1410 640
8066 4852 942 1410 640
8066 4862 935 1410 640
8066 4845 955 1410 640
8059 4798 982 1410 640
8059 4689 983 1410 640
8059 4539 982 1430 640
8088 4411 979 1430 640
8137 4318 961 1430 640
8237 4249 894 1430 640
8370 4227 702 1430 640
8525 4245 13 1430 640
8889 5071 817 1480 630
8942 5136 932 1480 630
8898 5169 944 1480 630
8882 5159 934 1480 630
8882 5086 949 1480 630
8924 4970 974 1510 630
8959 4806 1002 1510 630
8990 4639 1023 1510 630
9012 4500 1023 1510 630
9017 4380 1023 1510 630
9011 4292 1023 1530 630
9000 4249 1023 1530 630
8993 4237 1023 1510 640
8993 4245 1023 1510 640
9003 4319 1023 1500 640
9023 4436 946 1500 640
9101 4626 839 1500 640
9220 4858 787 1480 650
9367 5119 785 1480 650
9535 5300 797 1480 650
9606 5372 834 1480 650
9613 5372 906 1480 650
9633 5344 981 1480 650
9650 5277 1023 1480 650
9666 5185 1023 1480 650
9682 5023 1023 1500 640
9703 4830 1023 1500 640
9733 4617 1023 1500 640
9776 4460 1023 1500 640
9826 4323 997 1500 640
9846 4200 711 1500 640