144
4168 5262 1420 480 1
4210 5313 1420 470 68
4237 5446 1420 450 91
4260 5531 1430 450 134
4265 5609 1430 440 172
4265 5674 1440 430 170
4231 5730 1440 420 176
4177 5781 1450 410 181
4107 5829 1460 410 180
4014 5869 1470 410 188
3900 5875 1480 400 191
3772 5861 1480 400 208
3612 5801 1480 400 222
3456 5723 1490 400 223
3329 5633 1490 400 242
3219 5513 1490 400 254
3134 5372 1490 400 245
3073 5218 1490 400 255
3029 5073 1500 400 260
3014 4938 1500 400 267
3040 4809 1500 400 277
3092 4723 1500 400 287
3184 4654 1500 400 282
3300 4596 1480 400 301
3433 4548 1470 410 307
3583 4502 1460 420 317
3728 4458 1450 420 304
3869 4391 1440 430 312
3976 4294 1440 430 312
4051 4178 1440 430 319
4104 4054 1440 430 327
4099 3924 1430 440 340
4052 3779 1430 440 351
3976 3625 1420 440 371
3867 3504 1420 440 372
3738 3401 1410 450 384
3596 3309 1400 450 389
3451 3265 1400 450 409
3309 3270 1400 450 418
3173 3307 1400 450 448
3061 3379 1400 450 443
2965 3459 1410 450 447
2911 3544 1400 460 439
2886 3614 1400 460 391
2879 3684 1400 460 282
2904 3763 1400 460 66
5934 4097 1490 420 119
5896 4144 1490 420 149
5852 4182 1490 420 134
5798 4182 1500 420 146
5736 4165 1500 420 173
5658 4127 1500 420 200
5570 4057 1500 420 242
5475 3957 1500 420 282
5385 3836 1490 430 317
5299 3705 1490 430 333
5244 3585 1490 430 351
5225 3478 1480 430 361
5230 3376 1480 430 369
5276 3301 1470 430 366
5348 3265 1460 440 376
5438 3255 1460 440 386
5549 3301 1440 440 387
5666 3380 1440 440 393
5773 3481 1440 440 393
5870 3568 1430 450 396
5912 3652 1450 450 396
5906 3730 1450 450 396
5867 3817 1450 450 388
5797 3912 1450 450 388
5710 3987 1450 450 394
5612 4060 1450 450 407
5535 4111 1450 450 420
5491 4148 1450 450 427
5469 4153 1440 440 427
5476 4138 1440 440 427
5510 4110 1440 440 427
5562 4069 1450 430 417
5644 4028 1450 430 394
5762 4001 1450 430 333
5904 3983 1460 430 239
6052 3977 1460 430 68
7898 3970 1490 460 56
7804 4033 1490 460 134
7739 4068 1500 450 193
7663 4078 1490 440 251
7579 4061 1500 450 280
7494 4025 1500 450 296
7409 3947 1500 440 317
7323 3831 1500 450 319
7234 3689 1500 450 329
7173 3582 1510 450 335
7131 3494 1510 450 334
7120 3420 1500 460 344
7142 3382 1500 460 368
7186 3376 1500 460 366
7257 3392 1490 470 374
7360 3461 1490 470 372
7485 3549 1480 470 377
7595 3650 1480 470 374
7686 3745 1480 470 376
7765 3835 1480 470 376
7806 3881 1480 470 376
7823 3900 1480 470 382
7823 3891 1480 470 387
7831 3845 1480 470 389
7837 3775 1480 470 410
7843 3687 1480 470 414
7861 3602 1480 470 422
7895 3520 1480 470 425
7939 3440 1480 470 420
7999 3366 1480 470 420
8063 3295 1480 470 361
8148 3244 1490 480 254
8884 3947 1510 480 334
8918 3981 1510 480 339
8893 3974 1510 480 342
8903 3924 1520 480 344
8903 3845 1520 480 336
8903 3749 1520 480 344
8884 3660 1520 480 363
8870 3576 1520 480 371
8861 3497 1520 480 389
8861 3429 1520 480 389
8861 3369 1520 480 396
8871 3335 1520 480 420
8890 3335 1520 480 440
8929 3349 1520 480 444
8982 3417 1530 480 446
9060 3512 1530 480 449
9165 3625 1530 480 439
9288 3728 1530 490 443
9421 3819 1530 490 452
9542 3901 1530 490 458
9628 3927 1530 490 458
9695 3912 1530 490 464
9738 3870 1530 490 489
9774 3785 1520 490 520
9804 3687 1520 490 526
9843 3580 1520 490 538
9886 3469 1530 500 540
9946 3349 1530 500 535
10015 3223 1530 500 501
10085 3127 1540 500 332