170
6693 5907 561 1180 540
6769 5960 602 1190 530
6763 5960 595 1210 530
6728 5968 595 1230 530
6728 5968 614 1250 530
6735 5961 611 1270 520
6750 5944 620 1280 520
6779 5912 619 1290 510
6817 5871 616 1290 510
6854 5824 517 1300 520
6563 5638 535 1250 530
6537 5599 572 1250 530
6513 5572 570 1250 530
6483 5537 572 1240 530
6475 5500 574 1240 530
6482 5461 566 1230 520
6487 5425 562 1230 520
6509 5391 536 1220 530
6543 5370 477 1220 530
6589 5370 456 1220 530
6638 5389 463 1220 530
6696 5427 490 1210 530
6762 5483 527 1210 530
6848 5552 592 1190 530
6947 5632 614 1190 530
7042 5707 616 1190 540
7135 5762 624 1190 540
7222 5807 625 1190 540
7305 5837 625 1190 540
7356 5846 620 1200 550
7379 5846 619 1210 550
7379 5821 492 1210 550
6610 5155 581 1230 550
6440 4996 625 1220 540
6419 5009 624 1220 540
6438 5015 655 1220 540
6483 5047 700 1220 540
6555 5096 696 1200 540
6665 5148 694 1200 540
6801 5212 690 1200 540
6944 5285 672 1190 530
7067 5349 591 1190 530
7176 5405 180 1190 530
7054 5487 491 1200 540
7025 5551 581 1200 540
7004 5557 581 1200 540
7004 5552 595 1200 540
7004 5546 661 1200 540
7019 5464 679 1210 550
7024 5332 699 1210 550
7024 5230 697 1210 550
7044 5143 699 1210 550
7062 5065 699 1210 550
7079 5007 690 1210 550
7097 4946 691 1220 560
7108 4900 633 1220 560
6918 5126 617 1170 550
6959 5098 656 1170 550
6952 5098 664 1170 550
6931 5113 721 1170 550
6926 5106 736 1170 550
6896 5063 731 1170 550
6850 4996 731 1170 550
6792 4912 653 1190 540
6738 4828 214 1190 540
6949 5000 284 1200 550
7159 5088 389 1200 550
7198 5102 456 1200 550
7213 5102 568 1200 550
7243 5102 649 1200 550
7272 5091 684 1200 550
7301 5076 702 1190 540
7327 5058 697 1190 540
7351 5039 700 1200 550
7368 5019 696 1200 550
7385 4999 697 1200 550
7401 4978 529 1210 550
7933 5877 589 1250 550
8071 5952 666 1250 550
8045 5958 664 1260 540
8039 5958 697 1280 540
8045 5958 727 1290 530
8045 5958 733 1300 540
8040 5958 721 1310 540
8013 5898 721 1310 540
7968 5807 707 1330 530
7882 5716 486 1310 540
7819 5564 371 1270 550
7973 5605 468 1270 550
7985 5605 554 1270 550
7974 5605 639 1260 560
7974 5605 691 1250 560
7969 5596 702 1250 560
7964 5587 697 1230 560
7916 5533 668 1230 560
7853 5449 475 1230 560
7779 5381 60 1230 560
7788 5360 254 1230 560
7908 5381 361 1230 560
7942 5417 441 1220 570
7950 5417 515 1220 570
7960 5393 574 1220 570
7972 5366 636 1220 570
7977 5328 662 1220 570
7977 5284 670 1220 570
7977 5219 667 1220 570
7977 5166 659 1220 570
7989 5121 636 1220 570
8001 5081 425 1230 580
8225 5667 669 1220 540
8225 5667 730 1230 530
8197 5665 721 1230 530
8191 5677 733 1230 530
8191 5677 736 1230 530
8191 5677 752 1230 530
8231 5710 742 1240 540
8293 5760 702 1240 540
8386 5807 584 1240 540
8464 5848 294 1250 550
8499 5787 527 1250 560
8486 5734 533 1250 560
8477 5734 548 1250 560
8477 5720 583 1250 560
8477 5689 637 1250 560
8483 5647 670 1250 560
8488 5587 684 1250 560
8488 5520 684 1250 560
8496 5448 675 1230 560
8496 5376 661 1230 560
8496 5314 539 1230 560
8526 5479 644 1230 580
8551 5488 690 1230 580
8551 5507 669 1230 580
8551 5512 688 1230 580
8551 5512 682 1230 580
8551 5512 676 1220 570
8560 5519 592 1220 570
8589 5530 346 1220 570
8374 5546 602 1230 560
8347 5484 662 1230 560
8335 5513 647 1230 560
8323 5498 646 1230 560
8330 5455 650 1230 560
8330 5397 646 1230 560
8322 5325 625 1230 560
8316 5245 583 1230 560
8299 5177 561 1230 560
8276 5126 568 1230 560
8252 5087 580 1230 560
8244 5087 641 1230 560
8244 5087 725 1230 560
8244 5087 751 1220 570
8249 5087 760 1220 570
8249 5103 771 1230 580
8311 5132 774 1230 580
8407 5191 782 1230 580
8526 5250 787 1230 580
8655 5309 784 1230 580
8791 5368 796 1230 580
8928 5418 823 1230 580
9020 5449 818 1230 580
9081 5467 846 1230 580
9112 5467 885 1230 580
9119 5474 935 1230 580
9110 5474 941 1240 580
9110 5474 956 1240 580
9110 5474 964 1240 580
9110 5474 946 1240 580
9110 5474 873 1230 590
9110 5474 627 1230 590