175
6777 5575 1200 460 507
6824 5621 1210 470 557
6824 5652 1220 470 551
6824 5652 1220 470 556
6824 5652 1220 480 565
6824 5652 1230 490 560
6824 5652 1240 500 567
6870 5614 1230 510 564
6907 5596 1240 520 565
6946 5579 1250 530 364
6681 5415 1240 530 560
6639 5334 1240 530 566
6588 5365 1240 530 570
6578 5340 1240 520 581
6596 5292 1240 520 574
6596 5230 1240 520 570
6620 5182 1240 520 568
6651 5143 1240 520 540
6684 5109 1240 520 496
6715 5093 1250 530 433
6739 5093 1240 530 418
6758 5104 1240 530 425
6785 5141 1240 530 448
6826 5197 1230 530 480
6877 5265 1240 540 533
6940 5359 1240 540 553
7021 5450 1240 540 568
7114 5538 1240 540 570
7228 5608 1240 540 581
7341 5672 1240 540 594
7451 5715 1240 540 608
7525 5745 1230 550 628
7578 5757 1230 550 636
7602 5757 1230 550 642
7611 5750 1230 550 637
7611 5750 1230 550 637
7611 5739 1240 550 641
7596 5694 1240 550 630
7569 5625 1240 550 550
7508 5529 1240 550 251
6958 4965 1240 550 467
6905 4907 1240 550 546
6905 4907 1260 560 564
6905 4907 1260 560 636
6905 4907 1260 560 669
6962 4980 1260 560 687
7049 5062 1260 560 676
7162 5134 1260 560 664
7266 5202 1260 560 603
7363 5265 1260 560 422
7292 5437 1250 540 469
7292 5437 1250 540 548
7292 5437 1250 540 551
7292 5437 1250 540 591
7285 5365 1250 540 638
7285 5241 1250 540 664
7285 5148 1250 540 682
7296 5071 1250 540 691
7313 5005 1250 540 687
7335 4949 1250 540 684
7357 4896 1260 540 667
7375 4845 1260 540 591
7231 5036 1240 540 634
7283 4989 1240 540 668
7226 5009 1240 540 664
7226 5009 1240 540 702
7226 5003 1240 540 708
7218 4994 1240 540 710
7200 4938 1240 540 700
7164 4851 1240 540 681
7115 4763 1230 550 463
7368 5059 1230 550 456
7501 5070 1230 550 537
7501 5092 1230 550 595
7531 5092 1230 550 649
7558 5083 1230 550 679
7590 5068 1230 550 690
7625 5048 1220 540 702
7664 5027 1220 540 708
7696 5007 1230 550 711
7724 4988 1240 540 703
7751 4970 1240 540 667
7771 4953 1250 550 177
8128 6011 1250 510 675
8167 6043 1250 510 749
8149 6063 1260 500 739
8149 6063 1260 490 751
8149 6050 1270 490 774
8149 6034 1270 490 784
8149 6055 1290 490 791
8149 6021 1290 490 793
8106 5951 1300 500 782
8040 5822 1320 500 725
7969 5720 1320 510 398
8084 5684 1300 540 488
8163 5683 1290 550 491
8163 5683 1290 550 543
8163 5674 1270 550 613
8163 5663 1260 560 665
8157 5649 1260 560 667
8143 5603 1260 560 662
8100 5539 1260 560 644
8050 5456 1260 560 405
8066 5443 1270 570 415
8179 5478 1270 570 493
8190 5471 1270 570 512
8196 5464 1270 570 588
8203 5445 1270 570 643
8211 5417 1270 570 675
8216 5387 1270 570 685
8216 5336 1270 570 684
8223 5272 1270 570 676
8230 5221 1270 570 671
8246 5177 1270 570 578
8257 5139 1260 570 81
8363 5756 1270 530 767
8363 5756 1250 530 793
8342 5768 1250 530 754
8342 5782 1280 530 762
8368 5791 1280 530 770
8408 5862 1280 530 770
8469 5919 1290 520 760
8535 5966 1290 520 609
8614 6016 1300 530 235
8641 5979 1310 540 262
8641 5891 1310 540 578
8634 5878 1310 540 563
8634 5888 1310 540 591
8634 5880 1330 530 622
8634 5838 1330 530 662
8640 5773 1310 540 685
8648 5717 1310 540 697
8657 5659 1310 540 700
8665 5596 1300 540 693
8673 5535 1300 540 678
8673 5477 1300 540 620
8673 5417 1290 550 12
8710 5541 1270 560 570
8710 5541 1260 570 667
8710 5541 1260 570 666
8713 5586 1260 570 687
8713 5586 1260 570 688
8724 5600 1260 570 681
8744 5622 1260 570 589
8786 5651 1260 570 376
8558 5715 1290 560 452
8551 5653 1290 560 545
8518 5638 1290 560 536
8509 5633 1290 560 546
8530 5543 1290 560 557
8530 5475 1290 560 559
8530 5423 1290 560 557
8530 5354 1290 560 559
8530 5296 1290 560 561
8522 5245 1290 560 567
8510 5222 1270 560 567
8510 5216 1270 560 637
8510 5221 1270 560 694
8510 5221 1260 570 724
8520 5245 1260 570 739
8577 5284 1260 570 746
8666 5343 1260 570 758
8773 5402 1260 570 760
8895 5459 1260 570 791
9027 5515 1260 570 812
9126 5549 1240 570 840
9206 5582 1240 570 866
9274 5599 1240 570 884
9309 5606 1240 570 899
9322 5606 1260 580 941
9322 5612 1260 580 934
9322 5612 1260 580 940
9322 5612 1260 580 933
9322 5612 1260 580 897
9317 5612 1260 580 716