258
2705 7014 1370 530 136
2760 7014 1370 530 153
2760 7009 1370 530 244
2790 7001 1360 520 322
2821 6984 1360 520 394
2856 6963 1360 520 442
2893 6941 1360 520 467
2929 6922 1360 520 481
2959 6904 1360 520 486
2985 6893 1360 520 485
2999 6887 1360 520 473
3005 6887 1360 520 461
3005 6887 1360 520 304
2712 6781 1310 520 115
2695 6747 1310 520 148
2689 6741 1300 530 226
2684 6726 1300 530 279
2684 6708 1300 530 334
2677 6683 1290 530 396
2677 6651 1300 540 456
2677 6617 1300 540 512
2677 6578 1290 550 560
2677 6537 1300 550 605
2677 6494 1290 560 633
2684 6455 1290 560 662
2684 6419 1300 560 673
2692 6382 1280 570 693
2697 6355 1280 570 691
2697 6335 1280 570 697
2703 6316 1280 570 699
2703 6308 1280 570 705
2711 6308 1280 570 717
2718 6308 1280 570 724
2731 6323 1280 570 727
2750 6350 1280 570 725
2776 6382 1280 570 724
2804 6421 1280 570 721
2834 6466 1280 570 719
2869 6511 1280 570 721
2906 6554 1280 570 721
2943 6594 1280 570 721
2983 6630 1280 570 721
3024 6658 1280 570 722
3065 6681 1280 570 725
3110 6700 1270 560 727
3156 6714 1270 560 728
3202 6725 1270 560 731
3246 6730 1270 560 733
3283 6730 1270 560 733
3313 6730 1270 560 721
3338 6723 1290 560 725
3338 6723 1290 560 730
3364 6703 1270 550 736
3364 6691 1270 550 737
3357 6673 1270 550 736
3337 6646 1270 550 728
3301 6610 1270 550 719
3258 6568 1270 550 620
3210 6523 1270 550 208
2643 6057 1270 550 115
2598 6014 1270 550 132
2592 6008 1270 550 149
2592 6008 1270 550 219
2592 6008 1270 550 314
2620 6013 1270 550 386
2654 6023 1270 550 441
2719 6052 1270 550 490
2787 6091 1290 560 533
2869 6138 1290 560 564
2958 6182 1290 560 591
3047 6223 1290 560 622
3126 6258 1290 560 637
3199 6290 1290 560 650
3250 6318 1290 560 658
3282 6340 1290 560 656
3302 6351 1290 560 652
3310 6356 1290 560 641
3310 6356 1290 560 633
3304 6356 1290 560 567
3294 6356 1290 560 341
3048 6443 1270 550 88
3048 6443 1260 540 106
3048 6443 1260 540 93
3048 6443 1260 540 148
3048 6443 1260 540 184
3048 6443 1260 540 228
3058 6406 1260 540 296
3063 6372 1260 540 371
3068 6330 1260 540 423
3076 6284 1260 540 467
3086 6229 1270 550 521
3097 6168 1270 550 561
3108 6098 1270 550 605
3115 6021 1260 560 625
3124 5940 1260 560 636
3132 5857 1260 560 636
3138 5800 1250 560 638
3138 5760 1250 560 638
3138 5740 1250 560 633
3144 5730 1230 560 625
3144 5730 1220 570 602
3136 5730 1220 570 526
3125 5757 1200 570 356
3090 6192 1190 580 167
3096 6222 1190 580 274
3096 6222 1190 580 384
3090 6222 1200 570 423
3081 6216 1200 570 448
3067 6188 1220 570 497
3040 6144 1220 570 539
3010 6094 1230 560 572
2977 6044 1250 560 585
2938 5993 1260 570 592
2902 5942 1270 560 588
2874 5908 1270 560 591
2857 5883 1270 560 561
2845 5877 1270 560 314
2964 6116 1290 560 66
3062 6140 1290 560 176
3105 6145 1290 560 346
3142 6145 1270 550 492
3196 6145 1270 550 610
3249 6132 1270 550 678
3300 6122 1270 550 711
3350 6111 1270 550 733
3394 6101 1270 550 720
3433 6094 1270 550 730
3460 6089 1270 550 702
3477 6089 1270 550 544
3845 6711 1250 510 56
3845 6711 1250 510 144
3845 6711 1260 510 242
3845 6711 1260 510 297
3845 6711 1260 510 334
3845 6711 1260 510 398
3845 6711 1260 510 445
3837 6651 1260 510 488
3830 6595 1260 510 522
3825 6582 1240 520 546
3820 6553 1240 520 537
3815 6514 1240 520 536
3810 6486 1240 520 533
3810 6464 1240 520 468
4022 6618 1240 520 161
4022 6618 1240 520 252
4022 6618 1240 520 386
4022 6618 1240 520 414
4022 6618 1240 520 439
4022 6618 1240 520 473
3995 6568 1240 520 485
3968 6528 1240 520 489
3938 6483 1240 520 497
3906 6430 1240 520 499
3875 6378 1250 530 489
3849 6337 1250 530 491
3830 6304 1250 530 475
3818 6286 1270 530 407
3812 6286 1270 530 47
3940 6417 1250 540 56
3940 6417 1250 540 146
3967 6417 1250 540 255
3973 6407 1250 540 369
3973 6396 1250 540 443
3983 6373 1240 530 521
3988 6342 1240 530 595
3993 6306 1240 530 644
3993 6268 1240 530 690
4000 6225 1240 530 725
4000 6181 1250 540 750
4000 6137 1250 540 767
4000 6098 1250 540 777
3994 6063 1250 540 777
3994 6037 1260 540 770
3994 6024 1260 540 760
3994 6024 1260 540 760
3994 6024 1260 540 720
3994 6041 1260 540 584
4003 6073 1260 540 78
4067 6486 1250 540 73
4130 6537 1250 540 129
4157 6555 1250 540 247
4201 6572 1250 540 337
4254 6588 1250 540 422
4310 6600 1250 540 491
4368 6610 1250 540 570
4427 6623 1240 530 605
4483 6637 1240 530 641
4536 6646 1240 530 647
4572 6655 1240 530 658
4595 6663 1250 530 659
4610 6663 1270 530 656
4610 6668 1270 530 644
4610 6668 1270 530 566
4610 6668 1270 530 315
4431 6591 1270 530 101
4431 6591 1270 530 146
4424 6560 1270 530 252
4424 6551 1270 530 394
4424 6527 1270 530 477
4424 6498 1270 530 562
4429 6457 1270 530 619
4435 6410 1270 530 670
4435 6362 1270 530 699
4435 6315 1250 540 713
4435 6279 1250 540 713
4443 6252 1250 540 710
4443 6230 1260 540 693
4443 6219 1260 540 664
4449 6219 1260 540 540
4449 6219 1260 540 156
4464 6337 1250 550 106
4464 6337 1250 550 176
4495 6366 1250 550 314
4517 6384 1250 550 417
4548 6405 1250 550 488
4582 6425 1250 550 550
4618 6442 1250 550 595
4656 6454 1250 550 619
4690 6465 1250 550 628
4721 6477 1260 540 631
4743 6483 1260 540 634
4751 6483 1260 540 634
4751 6483 1260 540 628
4751 6483 1270 550 606
4733 6483 1270 550 533
4708 6478 1270 550 255
4303 6474 1280 540 207
4303 6474 1280 540 212
4303 6474 1280 540 255
4303 6474 1270 530 362
4292 6443 1270 530 440
4292 6413 1270 530 515
4292 6376 1270 530 566
4292 6339 1250 540 617
4303 6302 1250 540 628
4311 6270 1250 540 636
4320 6243 1260 540 638
4327 6222 1260 540 638
4335 6205 1260 540 625
4341 6190 1260 540 605
4341 6182 1260 540 464
4347 6177 1260 540 25
4263 6157 1270 550 215
4263 6157 1270 550 274
4263 6157 1270 550 332
4263 6157 1270 550 412
4289 6168 1270 550 495
4330 6186 1270 550 580
4396 6209 1270 550 673
4480 6233 1270 550 730
4575 6256 1270 550 790
4684 6276 1270 550 817
4796 6291 1290 560 860
4881 6301 1290 560 855
4946 6301 1290 560 855
5002 6309 1290 560 867
5039 6314 1290 560 842
5039 6314 1300 560 543