123
3294 6016 990 840 444
3294 6016 0 900 440
3341 6016 0 900 474
3420 6016 0 900 492
3602 6024 0 900 512
3865 6024 0 900 513
4181 6043 0 900 521
4450 6066 900 840 502
4622 6071 900 780 394
4728 6071 1130 710 153
4120 5912 1460 480 666
4120 5481 1470 470 594
4120 5428 1480 450 611
4114 5511 1490 440 633
4108 5292 1490 440 644
4090 4953 1490 430 636
4064 4533 1490 430 647
4046 4087 1500 420 649
4001 3744 1490 420 665
3938 3471 1490 420 700
3835 3241 1490 420 714
3667 3053 1480 420 724
3455 2892 1470 430 728
3270 2792 1470 440 711
3024 2792 1470 440 676
2736 2856 1470 450 606
2534 3001 1470 450 440
2410 3205 1460 460 89
4899 4217 1470 420 559
5125 4036 1490 420 561
5109 4109 1500 410 583
5050 4020 1510 400 585
5038 3824 1520 400 591
5076 3610 1520 400 603
5147 3445 1530 410 603
5267 3313 1530 410 606
5387 3245 1530 410 616
5488 3256 1530 420 613
5576 3320 1530 420 613
5649 3444 1520 420 620
5671 3591 1530 430 606
5658 3753 1520 440 592
5578 3963 1520 440 592
5462 4095 1520 440 589
5323 4176 1520 440 585
5151 4134 1520 440 591
5006 4024 1520 440 589
4879 3868 1520 440 586
4791 3732 1520 440 586
4759 3669 1520 440 595
4759 3656 1500 440 613
4815 3656 1500 440 610
4949 3740 1500 440 614
5137 3872 1500 440 620
5449 4069 1510 430 638
5747 4254 1510 430 661
6036 4432 1510 430 672
6235 4478 1520 440 681
6370 4415 1520 440 691
6462 4280 1520 440 700
6497 4089 1520 440 691
6497 3898 1530 450 696
6482 3710 1530 450 699
6470 3596 1520 450 707
6455 3529 1530 460 714
6441 3494 1520 460 720
6428 3494 1530 470 722
6416 3524 1530 470 730
6443 3601 1540 470 722
6496 3742 1540 470 719
6618 3925 1540 470 724
6752 4088 1540 470 730
6893 4160 1540 470 730
6966 4171 1550 470 733
7002 4081 1550 470 720
7013 3923 1570 480 731
7013 3721 1570 480 722
7023 3556 1580 480 727
7070 3427 1580 480 731
7141 3323 1590 480 740
7240 3258 1590 480 749
7383 3258 1590 480 754
7556 3297 1590 480 754
7776 3415 1600 480 752
8019 3557 1600 480 754
8278 3716 1610 480 749
8537 3912 1610 480 742
8720 4102 1620 490 722
8853 4282 1620 490 721
8915 4405 1620 490 720
8908 4490 1620 490 714
8855 4497 1620 490 699
8743 4438 1620 490 693
8598 4335 1620 490 691
8432 4172 1630 480 690
8271 3964 1630 480 690
8173 3726 1640 480 707
8118 3564 1640 480 722
8131 3435 1640 480 722
8195 3328 1640 480 730
8294 3280 1630 490 730
8459 3318 1630 490 725
8671 3413 1630 490 728
8914 3568 1630 490 711
9183 3776 1630 500 713
9457 4019 1630 500 721
9673 4228 1630 500 724
9850 4364 1630 500 728
9974 4452 1640 510 728
10057 4452 1640 510 722
10113 4389 1650 510 722
10113 4277 1660 510 721
10084 4123 1660 510 722
10025 3966 1670 510 730
10003 3840 1670 510 759
10049 3735 1690 510 828
10140 3672 1690 510 870
10272 3624 1700 520 900
10405 3586 1710 520 905
10539 3540 1710 520 896
10591 3491 1720 520 851
10545 3437 1720 520 731
10434 3364 1720 530 418