174
2725 5837 1440 440 53
2725 5837 1440 440 68
2725 5837 1440 440 91
2725 5837 1440 440 153
2759 5829 1450 440 196
2815 5819 1450 440 223
2908 5819 1450 440 241
3025 5829 1450 440 260
3192 5850 1450 440 269
3361 5881 1450 440 272
3535 5920 1450 440 270
3713 5951 1470 450 269
3820 5958 1470 450 262
3879 5948 1470 450 253
3899 5924 1480 450 217
3878 5887 1480 450 177
3830 5842 1480 450 139
3760 5803 1480 450 136
3680 5784 1480 450 137
3594 5779 1480 450 141
3527 5769 1470 460 146
3480 5754 1470 460 149
3447 5730 1470 460 160
3436 5682 1470 460 187
3436 5620 1460 460 207
3455 5509 1450 460 218
3479 5360 1450 460 247
3508 5187 1450 460 260
3532 5004 1440 470 287
3552 4815 1440 470 289
3552 4648 1430 460 312
3529 4497 1430 460 314
3483 4324 1430 460 327
3398 4166 1420 470 339
3287 4017 1420 470 344
3158 3887 1420 470 364
3014 3780 1420 470 387
2886 3689 1420 470 399
2769 3639 1420 470 392
2651 3611 1400 480 396
2537 3597 1400 480 397
2454 3608 1400 480 391
2389 3639 1390 480 367
2354 3683 1390 480 294
2381 3760 1390 480 177
3889 4353 1390 480 105
4132 4456 1390 480 120
4200 4512 1390 480 122
4247 4528 1400 480 129
4247 4528 1390 470 172
4231 4501 1390 470 216
4196 4434 1390 470 279
4147 4337 1390 470 315
4099 4215 1390 470 348
4072 4085 1390 470 366
4058 3951 1390 470 393
4067 3850 1390 470 404
4101 3780 1390 470 425
4152 3732 1390 470 440
4225 3717 1390 470 452
4300 3741 1400 480 456
4380 3792 1400 480 458
4443 3886 1400 480 458
4495 3990 1400 480 456
4512 4101 1400 480 456
4499 4213 1400 480 460
4465 4322 1400 480 465
4423 4380 1400 480 466
4382 4404 1390 480 466
4345 4390 1390 480 465
4314 4350 1390 480 463
4307 4293 1380 480 465
4313 4236 1380 480 468
4347 4201 1380 480 468
4444 4182 1380 480 473
4582 4199 1390 480 474
4778 4234 1400 480 465
4959 4280 1400 480 473
5131 4336 1420 480 475
5315 4392 1420 480 477
5456 4420 1420 480 480
5569 4429 1420 480 483
5640 4387 1430 490 490
5682 4306 1430 490 498
5705 4199 1430 490 489
5711 4094 1430 490 496
5711 3999 1430 490 502
5704 3911 1430 500 509
5704 3862 1430 500 512
5704 3842 1430 500 515
5704 3842 1430 500 527
5711 3854 1430 500 527
5724 3912 1430 500 529
5771 4000 1430 500 524
5838 4099 1430 500 526
5893 4176 1440 500 526
5943 4239 1440 500 532
5990 4276 1440 500 527
6025 4276 1440 500 530
6047 4259 1450 510 533
6059 4215 1450 510 535
6059 4154 1450 510 538
6064 4082 1450 510 541
6064 4013 1450 510 546
6071 3954 1450 510 537
6080 3903 1470 510 539
6109 3872 1470 510 550
6151 3872 1470 510 551
6226 3887 1470 510 553
6338 3936 1470 510 556
6475 3995 1470 510 557
6598 4062 1470 510 556
6712 4111 1470 510 554
6819 4160 1480 510 556
6911 4208 1480 510 554
6983 4267 1480 510 545
7042 4333 1480 510 527
7085 4421 1480 510 505
7101 4508 1480 510 492
7101 4595 1480 510 494
7067 4641 1490 520 491
7017 4641 1490 520 494
6956 4621 1490 520 504
6883 4565 1490 520 512
6815 4487 1490 520 530
6749 4395 1490 520 537
6714 4298 1490 520 557
6705 4211 1490 520 570
6712 4132 1490 520 583
6749 4070 1490 520 591
6813 4011 1490 520 594
6894 3953 1490 520 600
6984 3909 1490 520 605
7098 3886 1490 520 609
7227 3877 1490 520 609
7378 3899 1490 520 605
7524 3949 1490 520 588
7666 4018 1490 520 569
7796 4100 1490 520 550
7911 4194 1500 520 536
8017 4296 1500 520 540
8107 4384 1500 520 538
8178 4453 1520 530 538
8237 4510 1520 530 540
8287 4567 1510 530 538
8331 4626 1520 540 537
8371 4688 1520 540 538
8388 4752 1530 540 537
8388 4829 1530 540 540
8366 4901 1530 540 543
8331 4933 1560 530 546
8292 4941 1560 530 536
8250 4914 1560 530 546
8217 4851 1560 530 553
8186 4763 1580 530 565
8173 4690 1580 530 563
8173 4626 1580 530 572
8190 4567 1580 530 583
8214 4509 1580 530 592
8264 4452 1580 530 591
8329 4396 1580 530 595
8420 4334 1580 530 611
8511 4274 1580 530 620
8587 4216 1580 530 628
8652 4160 1580 530 638
8685 4101 1560 530 636
8685 4039 1560 530 646
8655 3972 1560 530 649
8594 3904 1560 530 646
8508 3834 1560 530 646
8404 3778 1560 530 644
8299 3732 1560 530 637
8205 3710 1550 540 606
8157 3710 1550 540 415