171
2499 5746 29 1450 450
2472 5746 68 1450 450
2467 5746 63 1450 460
2472 5740 119 1450 460
2485 5740 160 1450 460
2534 5732 183 1450 460
2607 5725 222 1450 460
2715 5725 233 1450 460
2825 5725 253 1450 460
2936 5725 262 1460 470
3070 5737 282 1460 470
3218 5757 276 1460 470
3374 5780 277 1460 470
3499 5800 274 1460 470
3592 5816 252 1460 470
3663 5816 173 1460 470
3696 5806 34 1460 470
3438 5754 30 1470 460
3364 5754 63 1470 460
3348 5759 67 1470 460
3342 5740 71 1460 470
3333 5708 101 1460 470
3324 5653 110 1460 470
3316 5575 148 1460 470
3309 5482 161 1460 470
3303 5355 183 1460 470
3303 5226 220 1460 470
3303 5064 237 1460 470
3320 4882 244 1460 470
3331 4694 267 1460 470
3338 4510 284 1460 470
3326 4329 274 1460 470
3314 4147 274 1460 470
3281 3995 282 1460 470
3235 3862 286 1450 470
3173 3736 289 1450 470
3100 3655 291 1450 470
3019 3604 301 1450 470
2936 3575 301 1440 480
2846 3565 307 1440 480
2752 3565 304 1440 480
2645 3583 324 1430 490
2558 3607 335 1430 490
2484 3636 334 1430 490
2441 3668 309 1430 490
2427 3700 142 1430 490
4799 4531 22 1440 460
4716 4531 53 1440 460
4671 4539 51 1440 460
4625 4512 76 1440 460
4579 4462 104 1440 460
4528 4396 134 1440 460
4480 4306 170 1440 460
4436 4196 206 1440 460
4398 4074 244 1420 450
4365 3945 254 1420 450
4349 3818 272 1410 460
4344 3726 284 1410 460
4366 3657 335 1410 460
4406 3631 379 1400 470
4459 3631 398 1400 470
4541 3653 392 1400 470
4628 3718 392 1400 470
4721 3816 392 1390 460
4776 3937 402 1390 460
4807 4026 397 1390 460
4791 4111 400 1400 470
4750 4189 396 1400 470
4692 4246 405 1400 470
4637 4291 400 1400 470
4585 4303 397 1380 470
4541 4303 396 1380 470
4523 4284 394 1380 470
4523 4268 391 1380 470
4546 4246 392 1380 470
4611 4227 391 1390 460
4703 4213 392 1400 470
4850 4232 399 1400 470
4999 4282 399 1400 470
5182 4354 399 1400 470
5385 4443 399 1420 470
5560 4513 398 1420 470
5705 4570 398 1420 470
5830 4591 394 1420 470
5893 4576 388 1430 480
5925 4536 388 1430 480
5937 4460 388 1430 480
5930 4358 400 1440 480
5913 4240 407 1440 480
5889 4137 413 1450 480
5862 4040 414 1450 480
5835 3947 422 1450 480
5810 3857 427 1450 480
5787 3779 430 1450 480
5787 3709 438 1450 480
5792 3680 448 1460 490
5806 3669 447 1460 490
5830 3669 453 1460 490
5858 3703 455 1460 490
5908 3785 456 1460 490
5971 3899 456 1460 490
6041 4013 458 1460 490
6111 4125 458 1460 490
6182 4236 461 1460 490
6262 4332 463 1460 490
6349 4402 460 1460 490
6418 4456 458 1460 490
6468 4466 453 1460 490
6504 4434 458 1450 500
6523 4374 465 1450 500
6528 4269 473 1450 500
6528 4162 496 1450 500
6528 4052 497 1460 490
6564 3945 524 1460 490
6617 3855 533 1460 490
6703 3776 538 1460 490
6812 3750 539 1460 490
6936 3766 548 1460 490
7062 3811 546 1460 490
7192 3888 550 1470 490
7314 3977 551 1470 490
7429 4074 543 1470 490
7515 4194 526 1470 490
7568 4327 524 1470 490
7599 4470 524 1480 500
7599 4564 527 1480 500
7564 4619 526 1480 500
7512 4649 532 1480 500
7446 4654 524 1480 500
7363 4624 524 1500 500
7268 4570 524 1500 500
7185 4483 526 1500 500
7131 4382 527 1510 500
7096 4273 529 1510 500
7086 4167 535 1500 510
7101 4067 541 1500 510
7132 3970 537 1500 510
7197 3886 539 1500 510
7291 3824 537 1500 510
7403 3777 543 1500 510
7527 3745 548 1500 510
7681 3784 546 1500 510
7855 3870 548 1500 510
8045 3979 551 1500 510
8235 4112 551 1510 510
8433 4262 551 1510 510
8636 4444 546 1510 510
8792 4590 548 1510 510
8910 4711 545 1510 510
9002 4782 543 1530 520
9037 4815 540 1530 520
9045 4824 539 1530 520
9035 4818 540 1540 520
9012 4785 545 1540 520
8963 4735 553 1540 520
8897 4653 570 1550 510
8832 4564 574 1550 510
8788 4464 581 1550 510
8757 4355 586 1550 510
8749 4241 592 1550 510
8770 4151 588 1550 510
8811 4073 602 1550 510
8887 4003 611 1560 510
8976 3933 617 1560 510
9074 3859 620 1560 510
9137 3783 619 1550 520
9169 3716 611 1550 520
9181 3651 613 1550 520
9140 3588 606 1540 530
9069 3517 561 1540 530
8977 3458 439 1540 530