166
3869 4715 105 1200 480
3869 4715 148 1200 480
3869 4715 180 1200 480
3869 4715 226 1200 480
3869 4715 242 1210 490
3869 4715 247 1190 490
3859 4701 257 1190 490
3882 4707 260 1190 490
3914 4720 267 1190 490
3966 4735 267 1200 500
4023 4752 269 1200 500
4083 4768 260 1200 500
4142 4786 254 1190 500
4193 4805 95 1200 510
4084 4996 76 1220 500
4084 4996 90 1230 510
4079 5037 105 1230 510
4079 5037 146 1230 510
4085 5002 186 1230 510
4091 4948 220 1230 510
4091 4850 253 1230 510
4091 4750 270 1230 510
4096 4648 284 1230 510
4096 4567 311 1230 510
4106 4505 322 1220 500
4115 4455 339 1210 510
4129 4424 334 1210 510
4146 4406 346 1210 510
4170 4396 339 1200 510
4203 4404 339 1200 510
4252 4440 264 1200 510
4800 4887 160 1210 520
4838 4931 188 1210 520
4805 4946 217 1210 520
4766 4946 255 1220 510
4724 4946 294 1220 510
4676 4936 320 1220 510
4630 4905 341 1230 520
4586 4861 356 1240 520
4558 4795 364 1240 520
4536 4727 361 1240 520
4526 4661 372 1240 520
4526 4607 376 1240 520
4526 4558 384 1230 520
4539 4524 396 1230 520
4558 4493 396 1230 520
4583 4465 413 1220 530
4616 4497 418 1220 530
4658 4542 420 1220 530
4708 4595 423 1200 520
4762 4674 423 1200 520
4803 4754 422 1200 520
4834 4834 414 1200 520
4851 4881 425 1200 520
4856 4895 436 1210 530
4856 4887 443 1210 530
4856 4879 443 1210 530
4862 4843 452 1230 530
4873 4788 455 1230 530
4886 4741 458 1230 530
4900 4701 455 1240 540
4918 4667 453 1240 540
4939 4637 442 1240 540
4965 4616 417 1240 540
4998 4601 158 1250 550
5260 5182 267 1220 540
5260 5182 282 1220 540
5251 5228 339 1220 540
5242 5228 382 1230 530
5242 5228 399 1220 530
5242 5228 404 1220 530
5242 5228 407 1230 530
5249 5228 407 1240 530
5265 5213 402 1240 530
5286 5189 394 1240 530
5309 5166 366 1250 530
5331 5142 202 1250 530
5259 4960 115 1250 530
5236 4919 139 1250 530
5220 4919 202 1250 530
5220 4919 247 1250 530
5220 4919 255 1250 530
5198 4947 262 1250 530
5206 4965 270 1250 530
5231 4983 274 1250 530
5265 4996 280 1250 530
5298 4996 287 1250 530
5326 4978 291 1250 530
5350 4945 316 1250 530
5363 4892 339 1270 530
5363 4824 354 1270 530
5363 4747 373 1270 530
5369 4693 382 1250 540
5369 4649 393 1250 540
5378 4613 388 1250 540
5385 4590 394 1240 540
5395 4577 404 1240 540
5407 4572 404 1230 550
5423 4572 400 1230 550
5449 4583 382 1230 550
5485 4607 221 1210 550
5688 5008 173 1190 540
5723 5025 211 1190 540
5711 5054 244 1200 540
5703 5054 272 1210 550
5703 5048 307 1210 550
5694 5023 340 1230 550
5684 4981 358 1230 550
5677 4927 371 1230 550
5677 4873 366 1240 540
5677 4817 372 1240 540
5677 4773 376 1240 540
5683 4739 381 1240 540
5683 4715 384 1240 540
5690 4707 388 1240 540
5690 4707 410 1230 550
5690 4713 412 1230 550
5695 4747 415 1230 550
5705 4800 415 1230 550
5720 4864 415 1230 550
5744 4931 412 1230 550
5772 5001 413 1230 550
5799 5041 415 1230 550
5822 5059 413 1230 550
5837 5059 415 1240 550
5847 5046 420 1240 550
5859 5025 414 1240 550
5872 4994 415 1250 560
5887 4958 417 1260 560
5898 4922 420 1260 560
5906 4883 427 1270 560
5906 4839 425 1290 560
5913 4794 428 1290 560
5913 4749 428 1290 560
5920 4716 428 1300 560
5926 4690 423 1300 560
5935 4667 415 1280 570
5949 4655 324 1280 570
6152 4840 250 1230 560
6163 4801 259 1230 560
6163 4795 301 1230 560
6163 4790 342 1230 560
6170 4790 396 1220 560
6179 4790 438 1220 560
6204 4801 439 1240 550
6239 4837 442 1240 550
6289 4885 445 1250 550
6334 4940 448 1250 550
6376 4987 443 1260 540
6399 5031 440 1270 550
6399 5070 447 1270 550
6382 5106 450 1270 550
6354 5132 452 1290 550
6313 5139 463 1290 550
6264 5133 465 1290 550
6218 5111 468 1290 550
6179 5073 478 1290 550
6153 5024 495 1290 550
6141 4965 504 1290 550
6141 4905 512 1290 550
6150 4844 526 1290 550
6179 4793 533 1270 550
6219 4750 537 1270 550
6285 4721 532 1270 550
6357 4709 512 1260 560
6447 4709 371 1260 560