140
5298 4160 644 1160 500
5298 4160 606 1160 500
5239 4180 617 1170 500
5284 4202 617 1170 500
5356 4231 622 1170 500
5446 4276 622 1180 510
5542 4330 614 1180 510
5641 4391 561 1180 510
5743 4441 367 1180 510
5698 4883 561 1220 500
5667 4938 581 1220 500
5647 4943 584 1220 500
5623 4935 608 1240 500
5623 4911 619 1240 500
5623 4819 673 1240 500
5611 4683 719 1250 500
5599 4549 752 1250 500
5605 4434 770 1240 500
5613 4333 790 1240 500
5627 4251 794 1250 510
5649 4189 793 1230 510
5671 4141 788 1230 510
5692 4108 776 1240 520
5720 4079 751 1230 520
5752 4052 586 1230 520
6198 4565 532 1230 530
6234 4619 592 1230 530
6225 4619 636 1230 530
6217 4619 694 1220 540
6187 4551 793 1220 540
6127 4445 831 1220 540
6048 4321 863 1220 540
6013 4240 861 1220 540
6002 4187 857 1220 540
6007 4142 842 1220 540
6020 4119 831 1230 550
6037 4111 831 1230 550
6081 4111 831 1230 550
6141 4154 793 1230 550
6250 4234 753 1230 550
6335 4342 746 1230 550
6405 4447 751 1230 550
6435 4551 773 1230 550
6443 4588 837 1230 550
6436 4600 869 1230 550
6436 4600 885 1230 550
6431 4590 891 1230 550
6431 4584 903 1230 550
6412 4518 892 1230 550
6383 4414 909 1230 550
6383 4340 905 1210 550
6388 4287 896 1210 550
6403 4247 888 1200 540
6427 4214 878 1200 540
6458 4196 845 1200 540
6494 4188 697 1200 540
6536 4197 277 1200 540
6779 4928 577 1280 540
6804 4951 785 1280 540
6765 4975 784 1290 530
6752 4999 785 1290 530
6757 5004 790 1300 530
6757 4998 737 1300 530
6757 4998 541 1300 530
6762 4992 13 1310 520
6710 4780 396 1290 530
6730 4715 545 1280 540
6724 4707 561 1280 540
6703 4707 652 1260 540
6703 4707 720 1250 540
6709 4712 731 1250 540
6719 4723 728 1240 540
6734 4739 725 1240 540
6750 4739 733 1240 540
6766 4710 752 1240 540
6773 4664 760 1230 550
6773 4574 793 1230 550
6756 4483 825 1230 550
6739 4387 851 1230 550
6739 4323 854 1230 550
6739 4280 863 1220 540
6748 4260 860 1220 540
6755 4251 860 1220 540
6763 4251 861 1230 550
6774 4251 863 1230 550
6791 4256 829 1230 550
6819 4268 599 1230 550
7132 4767 624 1250 530
7174 4796 750 1250 530
7155 4805 779 1270 520
7100 4805 796 1270 520
7100 4805 820 1270 520
7100 4800 825 1280 520
7100 4792 879 1290 520
7100 4716 897 1290 520
7086 4595 897 1290 520
7074 4526 915 1290 530
7068 4472 920 1290 530
7068 4429 915 1290 530
7068 4429 911 1290 550
7068 4404 902 1290 550
7068 4404 896 1290 560
7068 4414 894 1290 560
7082 4462 900 1270 560
7134 4537 872 1270 560
7211 4664 864 1270 560
7283 4755 863 1260 570
7331 4822 867 1260 570
7364 4842 878 1250 560
7364 4842 882 1260 570
7364 4837 906 1260 570
7369 4793 918 1270 560
7369 4719 938 1270 560
7369 4624 947 1270 560
7369 4571 956 1270 560
7382 4527 967 1270 560
7400 4488 961 1270 560
7425 4469 970 1270 560
7470 4469 979 1260 560
7530 4481 979 1260 560
7623 4532 956 1260 560
7715 4613 903 1260 560
7804 4714 836 1260 560
7853 4838 794 1260 560
7879 4924 794 1260 560
7865 4985 791 1260 560
7819 4998 802 1270 560
7752 4975 832 1270 560
7664 4928 869 1270 560
7611 4855 896 1270 560
7581 4772 927 1290 560
7590 4683 945 1290 560
7622 4619 944 1290 560
7668 4574 973 1290 560
7737 4543 985 1290 560
7835 4534 988 1290 560
7952 4543 991 1290 560
8037 4563 935 1300 560
8124 4592 824 1300 560
8199 4617 465 1280 570