149
4398 4423 540 1150 500
4432 4429 614 1150 500
4386 4466 594 1150 500
4386 4479 586 1150 500
4412 4479 594 1150 500
4455 4501 591 1150 500
4514 4533 594 1150 500
4593 4570 595 1130 510
4686 4616 513 1130 510
4789 4661 316 1130 510
4752 4886 502 1160 490
4737 4943 513 1170 500
4715 4943 512 1170 500
4710 4943 527 1180 490
4710 4869 543 1180 490
4693 4749 594 1180 490
4662 4598 639 1180 490
4640 4469 668 1180 490
4640 4355 678 1170 500
4657 4270 691 1180 510
4680 4207 702 1180 510
4705 4160 710 1170 510
4734 4139 707 1170 520
4757 4128 711 1160 520
4776 4128 711 1160 520
4806 4128 694 1150 520
4856 4141 450 1150 520
5417 4698 554 1160 520
5417 4698 583 1160 520
5342 4687 617 1160 520
5301 4652 690 1160 520
5251 4568 754 1160 520
5194 4489 785 1160 520
5146 4414 796 1160 520
5124 4344 788 1170 520
5118 4300 785 1180 530
5132 4274 790 1170 530
5150 4251 782 1170 530
5192 4244 754 1170 530
5248 4249 697 1160 530
5328 4315 610 1160 530
5409 4412 589 1160 530
5459 4529 613 1160 530
5487 4603 716 1160 530
5487 4621 763 1160 530
5487 4621 768 1160 530
5487 4596 777 1160 530
5482 4596 784 1140 530
5482 4545 790 1150 540
5468 4468 787 1150 540
5473 4409 784 1150 540
5490 4362 788 1150 540
5508 4324 774 1150 540
5528 4302 720 1150 540
5551 4287 474 1150 540
5895 5098 763 1160 520
5975 5141 824 1160 520
5962 5174 824 1170 520
5952 5183 830 1170 520
5944 5177 830 1170 510
5944 5177 793 1190 510
5944 5177 595 1190 510
5944 5177 334 1190 510
5728 4761 548 1210 530
5745 4712 512 1210 530
5756 4721 551 1210 530
5765 4727 625 1220 540
5790 4753 656 1220 540
5834 4792 658 1220 540
5891 4846 658 1220 540
5925 4872 659 1220 540
5940 4880 653 1220 540
5940 4875 667 1220 540
5945 4869 687 1220 540
5945 4799 707 1220 540
5950 4686 737 1230 550
5943 4592 763 1210 550
5933 4527 763 1210 550
5933 4481 762 1220 560
5939 4442 759 1220 560
5939 4426 760 1220 560
5946 4426 739 1220 560
5953 4426 584 1220 560
5968 4420 146 1210 560
6251 4919 699 1210 530
6251 4919 765 1210 530
6251 4919 760 1210 530
6251 4919 771 1220 530
6251 4919 791 1220 530
6251 4919 803 1220 530
6267 4834 830 1230 520
6255 4721 830 1220 530
6244 4655 836 1220 530
6233 4605 836 1230 530
6233 4567 830 1220 540
6233 4559 830 1220 540
6233 4559 834 1210 550
6233 4564 852 1210 550
6238 4564 842 1200 550
6250 4646 825 1200 550
6297 4775 819 1200 550
6364 4881 818 1200 550
6408 4937 821 1200 550
6424 4959 824 1200 550
6424 4959 824 1200 550
6424 4953 830 1200 550
6424 4914 839 1200 550
6429 4852 848 1200 550
6429 4767 849 1200 550
6436 4698 852 1200 550
6436 4641 852 1200 550
6448 4597 852 1200 550
6466 4551 854 1200 550
6491 4527 851 1200 550
6509 4519 849 1200 550
6527 4513 851 1200 550
6546 4513 860 1200 550
6567 4513 861 1200 550
6595 4531 863 1200 550
6628 4561 864 1180 560
6664 4602 860 1180 560
6711 4672 836 1180 560
6765 4757 796 1180 560
6822 4853 770 1180 560
6857 4926 749 1180 560
6878 4994 752 1190 560
6878 5030 760 1190 560
6873 5048 757 1190 560
6856 5063 760 1210 560
6829 5075 759 1220 570
6781 5081 760 1220 570
6719 5063 763 1230 560
6664 5028 767 1230 560
6632 4973 771 1230 560
6616 4899 773 1250 560
6621 4812 773 1250 560
6630 4743 780 1250 560
6659 4699 790 1250 560
6698 4671 796 1250 560
6753 4663 812 1250 560
6815 4663 821 1250 560
6882 4663 819 1230 560
6927 4679 824 1230 560
6962 4694 825 1220 570
6990 4710 817 1210 560
7007 4716 808 1210 560
7025 4721 782 1190 560
7044 4721 690 1190 560
7070 4721 456 1200 570