216
3731 6221 193 1210 490
3698 6149 284 1220 500
3657 6142 359 1220 500
3638 6166 468 1220 500
3638 6166 535 1230 510
3638 6166 554 1240 520
3638 6166 570 1240 520
3638 6172 591 1240 520
3682 6186 600 1250 530
3745 6209 616 1250 530
3813 6241 641 1250 530
3872 6271 670 1280 530
3926 6295 670 1280 530
3969 6312 678 1290 530
3997 6325 681 1290 530
4014 6325 685 1290 530
4014 6330 687 1290 530
4014 6330 688 1290 530
4014 6330 673 1290 530
4009 6339 641 1290 530
3999 6348 466 1290 530
3986 6355 96 1290 530
3939 6457 108 1280 530
3926 6493 225 1280 530
3921 6502 340 1280 530
3921 6508 427 1280 530
3914 6508 492 1270 520
3914 6513 543 1270 520
3914 6513 569 1270 520
3909 6508 581 1270 520
3900 6496 592 1280 520
3887 6453 617 1270 510
3873 6392 639 1270 510
3858 6321 658 1270 510
3842 6245 675 1270 510
3829 6160 696 1280 520
3819 6069 699 1280 520
3819 5991 710 1280 520
3831 5923 719 1280 520
3857 5877 728 1280 520
3891 5857 721 1290 520
3937 5857 722 1280 530
3992 5880 733 1280 530
4056 5918 713 1280 530
4120 5965 592 1280 530
4185 6001 351 1280 530
4495 6243 148 1270 530
4495 6243 237 1270 530
4495 6243 349 1270 530
4517 6269 436 1270 530
4517 6274 465 1270 530
4512 6274 478 1270 530
4512 6280 490 1270 530
4512 6287 489 1270 530
4512 6297 504 1270 530
4507 6313 512 1270 530
4502 6332 521 1270 530
4494 6353 529 1270 530
4483 6374 535 1270 530
4475 6391 540 1270 530
4466 6399 550 1270 530
4452 6399 559 1270 530
4436 6391 567 1270 530
4416 6373 567 1270 530
4393 6344 589 1270 530
4369 6301 611 1270 530
4350 6249 644 1270 530
4333 6191 664 1270 530
4323 6134 691 1270 530
4317 6076 710 1270 530
4317 6033 717 1270 530
4327 6000 719 1270 530
4340 5985 728 1270 530
4355 5985 727 1270 530
4375 5995 730 1270 530
4403 6027 730 1270 530
4429 6069 728 1270 530
4453 6118 727 1270 530
4475 6168 724 1270 530
4496 6217 721 1270 530
4516 6266 721 1270 530
4528 6292 722 1270 530
4533 6300 721 1270 530
4533 6300 728 1270 530
4538 6281 736 1270 530
4543 6260 749 1270 530
4548 6227 756 1270 530
4553 6187 788 1280 540
4560 6145 805 1280 540
4572 6105 817 1280 540
4588 6069 823 1280 540
4607 6048 829 1280 540
4626 6036 827 1280 540
4647 6036 823 1280 540
4675 6045 784 1280 540
4707 6067 625 1280 540
4741 6090 225 1280 540
4879 6580 93 1270 510
4879 6580 165 1270 510
4879 6580 294 1270 510
4880 6634 423 1280 520
4880 6634 442 1280 520
4880 6634 456 1290 520
4880 6634 496 1280 530
4880 6634 540 1280 530
4892 6634 580 1290 530
4905 6626 611 1290 530
4919 6626 636 1300 540
4937 6618 658 1300 540
4957 6608 670 1310 550
4979 6596 690 1310 550
5002 6581 697 1310 550
5025 6569 700 1310 550
5045 6561 700 1310 550
5062 6556 685 1310 550
5069 6551 622 1310 550
5069 6545 332 1310 550
4883 6402 30 1300 540
4836 6343 124 1310 550
4829 6332 184 1300 550
4829 6332 310 1300 550
4838 6338 369 1300 550
4849 6349 392 1300 550
4868 6365 420 1300 550
4893 6382 444 1300 550
4917 6397 461 1300 550
4936 6405 480 1300 550
4954 6405 510 1300 550
4968 6399 540 1300 550
4975 6383 594 1300 550
4975 6356 620 1300 550
4975 6312 650 1300 550
4968 6257 681 1300 550
4958 6197 702 1300 550
4958 6136 724 1300 550
4958 6090 721 1300 550
4965 6054 737 1300 550
4977 6031 754 1300 550
4989 6018 767 1300 550
5000 6012 796 1300 550
5011 6012 808 1300 550
5021 6012 815 1300 550
5035 6030 809 1300 550
5051 6052 793 1300 550
5069 6076 727 1300 550
5088 6101 496 1300 550
5420 6530 115 1300 540
5420 6530 175 1300 540
5420 6530 245 1300 540
5420 6530 382 1300 540
5420 6530 473 1300 540
5408 6477 536 1300 540
5399 6437 613 1300 540
5394 6388 681 1290 550
5389 6339 731 1290 550
5389 6293 752 1290 550
5389 6250 757 1290 550
5389 6218 771 1290 550
5389 6195 780 1290 550
5389 6179 784 1290 550
5389 6171 790 1290 550
5389 6171 800 1290 550
5395 6171 820 1290 550
5395 6181 821 1290 550
5404 6203 821 1290 550
5419 6236 818 1290 550
5438 6278 809 1290 550
5458 6325 797 1290 550
5476 6375 790 1290 550
5493 6403 787 1290 550
5511 6429 784 1290 550
5528 6450 784 1290 550
5545 6465 785 1290 550
5559 6475 785 1290 550
5573 6475 787 1290 550
5586 6475 787 1290 550
5598 6467 790 1290 550
5610 6452 796 1290 550
5623 6429 800 1290 550
5632 6401 802 1290 550
5638 6372 806 1290 550
5648 6345 811 1290 550
5658 6320 812 1290 550
5671 6300 817 1290 550
5689 6279 820 1290 550
5713 6264 824 1290 550
5744 6252 823 1290 550
5782 6246 827 1300 550
5821 6246 829 1300 550
5860 6251 827 1300 550
5898 6264 826 1310 560
5936 6287 823 1310 560
5974 6316 823 1310 560
6004 6349 824 1310 560
6028 6387 823 1310 560
6047 6429 821 1320 570
6054 6461 820 1320 570
6054 6489 820 1320 570
6046 6512 818 1320 570
6032 6531 812 1340 570
6014 6544 811 1340 570
5989 6544 809 1340 570
5963 6535 809 1340 570
5936 6516 811 1340 570
5936 6516 815 1340 570
5908 6466 823 1340 570
5903 6427 832 1340 570
5903 6380 840 1340 570
5921 6338 869 1340 570
5943 6304 870 1340 570
5972 6275 878 1340 570
6007 6256 882 1340 570
6047 6242 879 1340 570
6087 6231 873 1340 570
6125 6231 830 1340 570
6158 6237 481 1340 570