168
4789 5050 1180 540 225
4789 5050 1170 540 309
4794 5085 1170 540 305
4803 5112 1150 540 369
4850 5134 1150 540 422
4918 5184 1150 540 485
5026 5265 1160 550 530
5189 5367 1160 550 546
5388 5537 1160 550 578
5568 5670 1160 550 605
5726 5778 1170 560 611
5869 5870 1170 560 619
5939 5923 1180 570 622
5965 5950 1200 570 647
5965 5950 1230 580 638
5924 5950 1240 580 539
5856 5950 1260 580 129
5527 6794 1320 550 254
5527 6794 1320 550 287
5527 6794 1330 540 391
5503 6719 1330 540 556
5494 6618 1330 540 668
5485 6467 1330 540 736
5501 6197 1330 540 814
5534 5849 1300 540 854
5579 5506 1300 540 876
5640 5162 1300 540 891
5702 4889 1290 550 900
5763 4663 1270 550 909
5799 4551 1260 560 892
5818 4493 1260 570 897
5818 4471 1240 570 899
5786 4471 1210 580 900
5742 4491 1200 580 900
5700 4530 1180 590 909
5658 4607 1180 590 870
5629 4733 1170 590 800
5609 4891 1150 600 696
5603 5100 1130 600 605
5603 5296 1120 600 592
5598 5483 1120 600 606
5592 5569 1120 600 659
5585 5595 1120 600 719
5563 5582 1120 600 770
5530 5517 1120 600 800
5488 5402 1120 600 821
5437 5254 1120 600 828
5379 5102 1130 590 846
5309 4959 1130 590 855
5230 4821 1130 590 882
5146 4732 1130 580 900
5128 4706 1130 580 899
5158 4722 1130 580 899
5221 4815 1130 580 897
5378 4944 1130 580 896
5561 5096 1130 580 896
5761 5221 1140 590 894
5958 5299 1140 590 902
6084 5345 1140 590 896
6162 5304 1140 590 893
6138 5189 1150 600 893
6040 5025 1150 600 893
5893 4811 1150 600 887
5684 4603 1150 600 900
5522 4398 1130 600 909
5390 4275 1130 600 902
5374 4240 1130 600 908
5436 4264 1130 600 908
5550 4350 1130 600 908
5715 4443 1130 600 899
5880 4541 1130 600 894
6044 4583 1130 600 894
6162 4567 1130 600 879
6243 4513 1130 610 884
6298 4405 1130 610 890
6313 4255 1130 610 892
6306 4078 1130 610 908
6284 3913 1110 610 912
6235 3746 1110 610 923
6164 3578 1110 610 929
6077 3437 1110 610 929
5973 3312 1090 620 930
5859 3199 1100 630 930
5739 3121 1100 630 923
5651 3106 1100 630 882
5607 3132 1080 630 665
5333 3778 1070 590 379
5245 3706 1070 590 478
5191 3680 1070 590 620
5165 3658 1070 590 731
5145 3651 1070 590 762
5145 3651 1070 590 791
5160 3660 1070 590 837
5232 3727 1070 590 849
5390 3854 1070 590 864
5606 4020 1070 590 879
5906 4248 1080 600 887
6210 4468 1080 600 887
6519 4682 1080 600 888
6760 4860 1080 610 902
6956 4952 1080 610 942
6995 4988 1100 600 1023
6982 4981 1110 610 1023
6934 4953 1130 610 1023
6878 4911 1140 620 1014
6812 4878 1150 620 935
6740 4867 1150 620 754
7500 6170 1260 600 499
7535 6168 1260 600 667
7535 6189 1280 590 785
7591 6197 1290 590 896
7665 6176 1290 590 989
7749 6136 1290 590 1023
7848 6077 1310 580 1023
7937 6019 1310 580 1023
8020 5960 1310 580 1023
8085 5912 1310 580 1023
8140 5870 1340 580 1023
8188 5850 1340 580 1023
8225 5842 1340 580 1023
8239 5842 1340 580 982
8239 5842 1350 590 815
8210 5833 1340 600 617
8146 5785 1340 600 344
7659 5425 1320 610 667
7532 5291 1300 620 754
7521 5291 1300 620 783
7533 5291 1290 630 864
7581 5327 1290 630 894
7652 5382 1260 620 899
7780 5461 1260 620 894
7921 5538 1250 640 885
8071 5611 1250 640 854
8210 5678 1240 640 790
8305 5700 1240 640 530
8371 5695 1240 640 220
8352 5630 1240 640 170
8286 5539 1220 630 325
8188 5430 1240 640 519
8071 5288 1240 640 696
7955 5143 1240 640 788
7840 5024 1240 640 858
7782 4924 1240 640 900
7782 4869 1240 640 923
7818 4851 1240 640 938
7941 4857 1240 640 935
8087 4890 1240 640 943
8247 4927 1240 640 943
8436 4968 1240 640 944
8560 4968 1240 640 946
8641 4924 1240 640 958
8635 4856 1240 640 964
8564 4745 1220 650 982
8450 4629 1220 650 981
8273 4499 1220 650 1006
8104 4361 1200 650 1014
7939 4255 1200 650 1009
7809 4208 1200 650 990
7746 4201 1180 650 909
7727 4281 1180 650 427
8088 5465 1130 630 146
8135 5561 1150 630 719
8098 5514 1150 630 855
8051 5441 1150 630 979
7959 5299 1160 630 1023
7836 5098 1160 630 1023
7687 4858 1160 630 1020
7540 4610 1180 620 864