167
3144 6367 282 1270 620
3042 6272 382 1260 600
2991 6280 384 1260 580
2991 6315 422 1260 560
3013 6327 481 1260 540
3077 6360 561 1260 540
3196 6408 609 1270 530
3352 6470 640 1270 530
3535 6535 672 1270 530
3711 6601 708 1280 540
3883 6656 724 1280 540
4015 6710 728 1280 540
4124 6760 728 1280 540
4218 6804 721 1280 540
4270 6839 711 1280 540
4284 6865 570 1280 540
3854 7243 216 1290 520
3844 7202 279 1290 520
3844 7236 292 1300 520
3850 7213 334 1300 520
3860 7151 448 1300 520
3876 7047 567 1320 510
3891 6895 646 1320 510
3907 6710 720 1320 510
3923 6536 794 1320 510
3939 6336 819 1300 520
3952 6119 860 1300 520
3964 5927 863 1300 520
3974 5774 866 1290 520
3983 5648 867 1290 530
3993 5571 864 1280 540
3993 5531 861 1260 540
3998 5516 846 1250 550
3993 5516 581 1240 550
3992 6445 205 1150 550
4043 6526 316 1150 550
4043 6550 399 1160 550
4037 6580 497 1170 550
4030 6585 535 1190 540
4020 6590 545 1190 540
4000 6573 559 1200 540
3967 6543 578 1220 540
3924 6496 595 1220 540
3870 6425 613 1230 530
3801 6337 638 1230 530
3723 6224 685 1250 540
3619 6108 730 1250 540
3517 5988 757 1250 540
3430 5879 777 1250 540
3351 5778 803 1250 550
3287 5711 826 1250 550
3256 5676 830 1250 550
3247 5663 818 1240 550
3254 5655 828 1220 560
3264 5650 851 1220 560
3297 5650 855 1210 560
3345 5663 864 1210 560
3434 5704 873 1190 560
3551 5763 875 1190 560
3686 5833 873 1180 570
3826 5900 885 1180 570
3962 5964 888 1180 570
4092 6014 893 1180 570
4198 6034 894 1180 570
4286 6034 903 1180 570
4341 6006 896 1180 570
4363 5952 909 1200 570
4363 5879 923 1200 570
4328 5767 945 1220 570
4272 5653 949 1220 570
4200 5520 964 1220 570
4126 5375 965 1220 570
4091 5247 968 1220 570
4081 5149 974 1220 570
4118 5070 976 1230 560
4199 5016 985 1220 570
4308 4971 977 1220 570
4424 4933 990 1220 570
4536 4876 1021 1220 570
4591 4795 1023 1200 570
4610 4698 1023 1190 580
4559 4580 1023 1190 580
4451 4438 1023 1170 580
4306 4279 1023 1160 580
4112 4131 1023 1160 580
3947 4043 1023 1160 580
3802 3996 1023 1160 580
3697 4024 939 1140 590
3638 4115 763 1140 590
3609 4248 144 1140 590
3174 4918 398 1160 560
3025 4832 443 1150 550
3006 4832 475 1150 550
3006 4838 550 1160 550
3065 4860 644 1160 550
3198 4894 711 1160 550
3381 4953 768 1170 550
3646 5033 830 1180 560
3938 5128 861 1180 560
4247 5230 878 1210 560
4541 5331 875 1210 560
4788 5428 869 1210 560
5003 5508 824 1220 570
5187 5577 282 1220 570
6038 6905 187 1350 460
6060 6878 217 1350 460
6077 6862 309 1350 460
6120 6843 402 1350 470
6196 6808 499 1350 470
6276 6770 567 1360 480
6353 6724 619 1350 490
6425 6675 670 1360 490
6484 6629 688 1350 500
6532 6594 700 1360 500
6572 6566 690 1360 500
6595 6547 697 1360 510
6605 6538 679 1360 510
6605 6538 594 1350 520
6011 6347 257 1360 520
5877 6247 282 1360 520
5845 6235 333 1360 520
5845 6235 492 1360 520
5877 6243 591 1360 520
5946 6254 647 1360 520
6056 6286 694 1360 520
6193 6320 728 1360 520
6352 6355 757 1360 520
6484 6381 773 1360 520
6599 6402 782 1360 520
6684 6412 782 1370 530
6735 6412 779 1370 530
6762 6412 770 1360 540
6762 6412 727 1360 540
6733 6401 211 1360 540
6169 6134 382 1350 530
6120 6077 409 1350 530
6114 6082 491 1350 530
6122 6082 572 1350 530
6135 6082 640 1350 530
6175 6076 699 1350 530
6232 6065 725 1350 530
6318 6050 757 1350 530
6407 6030 796 1360 520
6501 6003 818 1360 520
6596 5951 863 1360 520
6692 5883 882 1350 530
6786 5791 908 1360 540
6848 5702 941 1360 540
6889 5614 977 1360 550
6889 5510 987 1350 550
6833 5380 993 1350 550
6749 5232 999 1340 560
6638 5093 996 1340 560
6523 4982 993 1320 570
6404 4891 990 1320 570
6341 4870 967 1310 570
6319 4904 827 1300 580
6324 4975 510 1300 580
6598 6082 282 1310 550
6598 6082 417 1310 540
6619 6125 512 1330 530
6603 6125 606 1330 530
6547 6072 691 1340 540
6461 5992 759 1350 530
6303 5812 785 1340 540
6112 5599 796 1340 540
5899 5363 638 1340 540