134
4896 4726 415 1090 550
4898 4698 465 1090 550
4910 4711 468 1100 550
4922 4763 496 1100 550
5009 4853 515 1100 550
5159 4969 532 1100 560
5352 5134 535 1100 560
5575 5305 535 1130 570
5793 5479 535 1130 570
6008 5616 529 1130 570
6167 5711 502 1130 580
6280 5777 181 1150 580
5788 6220 250 1230 580
5788 6309 279 1230 580
5788 6364 291 1240 570
5778 6370 391 1240 570
5778 6343 512 1260 570
5772 6274 613 1260 570
5767 6115 673 1260 570
5789 5896 713 1270 560
5839 5571 739 1270 560
5908 5220 750 1260 560
5972 4851 759 1260 560
6021 4606 767 1260 560
6061 4438 771 1250 560
6081 4322 770 1240 570
6081 4249 773 1230 580
6081 4231 767 1210 580
6059 4250 754 1200 580
6030 4309 699 1180 590
5993 4402 460 1170 590
5878 4863 253 1120 600
5805 5172 494 1100 600
5774 5221 603 1100 600
5744 5232 655 1100 600
5701 5202 708 1100 600
5648 5122 731 1100 600
5594 5009 733 1100 600
5546 4867 737 1120 600
5508 4758 743 1110 590
5494 4672 742 1110 590
5494 4656 760 1130 590
5540 4695 757 1130 590
5648 4770 751 1120 580
5796 4913 758 1120 580
5943 5053 760 1120 580
6060 5129 760 1120 580
6156 5163 763 1120 580
6186 5135 757 1120 580
6150 5032 760 1120 580
6069 4879 768 1120 580
5959 4686 771 1120 580
5850 4507 784 1100 580
5740 4337 803 1110 590
5694 4216 808 1110 590
5694 4150 806 1110 590
5754 4122 806 1110 590
5848 4122 812 1110 590
5962 4142 814 1110 590
6088 4172 814 1110 590
6216 4167 811 1110 590
6312 4093 818 1110 590
6386 3974 824 1110 590
6427 3823 827 1090 600
6427 3661 855 1090 600
6399 3492 872 1090 600
6324 3329 881 1080 600
6218 3171 885 1080 600
6090 3066 884 1080 600
5980 2994 867 1070 610
5898 2979 784 1070 610
5834 3028 220 1070 610
5487 3912 490 1020 600
5424 3809 588 1040 600
5361 3752 676 1040 590
5342 3738 728 1040 590
5351 3738 822 1050 590
5394 3752 867 1050 580
5517 3830 887 1060 580
5692 3965 885 1060 580
5950 4138 885 1060 580
6210 4379 853 1080 580
6501 4597 444 1080 580
7633 5878 473 1240 550
7735 5997 583 1240 550
7720 5989 636 1240 550
7776 5999 733 1240 550
7879 5987 815 1240 550
7969 5928 866 1240 550
8065 5847 893 1240 550
8175 5793 921 1250 560
8292 5762 923 1230 560
8404 5747 909 1230 560
8490 5740 866 1240 570
8558 5732 662 1240 580
8040 5260 670 1220 600
7864 5075 721 1200 600
7836 5057 756 1200 600
7843 5066 821 1200 600
7898 5093 852 1190 610
7997 5165 853 1190 610
8124 5267 867 1190 610
8288 5396 854 1190 610
8448 5496 818 1200 600
8606 5578 733 1200 600
8665 5585 505 1190 610
8673 5544 267 1190 610
8646 5470 274 1190 610
8582 5365 415 1190 610
8482 5234 637 1190 610
8357 5087 737 1190 610
8262 4990 793 1190 610
8233 4932 794 1190 610
8249 4901 811 1190 610
8319 4883 818 1190 610
8428 4878 823 1190 610
8564 4878 823 1190 610
8695 4878 823 1190 610
8779 4835 823 1170 610
8832 4770 830 1170 610
8832 4691 834 1170 610
8772 4607 851 1150 620
8682 4519 852 1150 620
8563 4431 848 1150 620
8444 4388 819 1150 620
8358 4410 733 1140 620
8295 4475 163 1140 620
8447 5369 532 1140 620
8583 5509 636 1140 620
8561 5469 699 1140 620
8495 5396 736 1140 620
8371 5206 755 1140 620
8188 4952 760 1140 620
7965 4655 730 1140 620