144
4759 5013 636 1170 560
4672 4886 647 1170 560
4626 4886 639 1170 560
4607 4881 647 1170 560
4624 4890 708 1160 550
4664 4907 737 1160 550
4788 4990 752 1170 560
4993 5159 761 1170 560
5251 5386 763 1170 560
5554 5609 757 1180 570
5820 5795 788 1180 570
6060 5957 794 1180 570
6243 6063 808 1200 570
6365 6128 808 1210 580
6447 6167 812 1210 580
6447 6167 802 1240 580
6398 6167 739 1240 580
6313 6157 512 1250 590
5811 6466 280 1320 580
5746 6600 372 1320 580
5746 6615 396 1340 570
5751 6601 524 1340 570
5764 6509 667 1340 570
5779 6365 756 1350 570
5799 6110 840 1350 570
5825 5793 897 1340 570
5853 5434 935 1320 570
5895 5036 936 1320 570
5945 4724 935 1310 570
5980 4469 946 1300 580
6003 4349 947 1280 580
6018 4298 947 1270 590
6024 4298 948 1240 600
6015 4312 902 1230 610
5997 4377 873 1220 610
5970 4473 822 1200 620
5943 4600 777 1210 630
5915 4768 749 1190 630
5886 4963 751 1170 630
5869 5152 761 1160 640
5854 5292 790 1140 640
5840 5399 821 1140 640
5833 5434 828 1140 640
5828 5434 836 1140 640
5801 5402 845 1140 640
5759 5299 860 1140 640
5707 5156 853 1140 640
5634 4987 861 1140 640
5547 4808 870 1160 640
5464 4645 885 1150 630
5421 4563 876 1150 630
5404 4530 882 1160 630
5443 4537 879 1160 630
5538 4584 875 1150 620
5670 4658 873 1150 620
5837 4742 875 1150 620
5962 4784 869 1150 620
6058 4799 854 1140 610
6097 4747 858 1130 610
6071 4644 863 1130 610
6002 4506 873 1130 610
5899 4338 900 1110 610
5803 4167 899 1120 620
5711 4060 897 1120 620
5697 3998 900 1120 620
5751 3975 902 1120 620
5851 3982 911 1130 630
5972 4008 911 1130 630
6100 4024 909 1130 630
6232 3994 906 1130 630
6312 3933 912 1130 630
6343 3841 923 1110 640
6343 3720 968 1110 640
6284 3581 993 1110 640
6183 3440 1009 1110 640
6052 3296 1012 1090 640
5936 3193 1002 1090 640
5841 3118 965 1090 640
5760 3118 888 1090 640
5722 3177 787 1070 640
5722 3280 585 1070 640
5300 3634 614 1040 630
5138 3473 730 1040 630
5082 3455 724 1040 620
5098 3473 760 1050 620
5140 3495 827 1050 620
5200 3545 881 1050 610
5302 3613 924 1050 610
5449 3721 944 1050 610
5626 3865 958 1050 620
5853 4033 961 1050 620
6076 4209 944 1070 620
6295 4380 846 1070 620
6536 4549 210 1070 620
8194 5717 235 1180 600
7674 6037 584 1300 540
7642 6046 646 1310 550
7648 6059 731 1300 550
7682 6064 827 1310 560
7744 6048 909 1310 570
7830 6018 929 1310 570
7931 5961 941 1310 580
8012 5909 942 1290 590
8081 5860 933 1310 600
8142 5824 908 1290 600
8177 5792 858 1310 610
8188 5763 667 1310 610
8182 5722 39 1290 610
7547 5195 532 1250 640
7461 4921 693 1240 640
7469 4903 694 1240 640
7550 4957 702 1240 640
7688 5066 761 1220 650
7864 5203 794 1220 650
8038 5358 794 1200 650
8194 5492 619 1200 650
8086 5227 409 1170 630
7908 4922 719 1170 630
7855 4881 730 1190 640
7886 4910 757 1190 640
7967 4955 824 1190 640
8082 5011 839 1190 640
8210 5074 840 1190 640
8347 5102 824 1190 640
8491 5096 828 1190 640
8591 5068 828 1190 640
8640 5018 846 1190 640
8654 4914 860 1170 650
8588 4775 872 1170 650
8477 4621 876 1180 650
8335 4471 882 1160 660
8200 4356 878 1160 660
8109 4263 876 1140 660
8047 4243 831 1140 660
8035 4289 450 1140 660
8170 5226 700 1100 660
8165 5262 753 1100 660
8152 5257 805 1100 660
8130 5200 833 1100 660
8074 5083 851 1130 650
7995 4927 855 1130 650
7884 4741 851 1130 650
7765 4575 803 1130 650
7641 4423 361 1150 650