196
3391 5252 131 1290 440
3307 5220 251 1280 440
3264 5316 262 1290 450
3241 5360 267 1290 450
3268 5369 280 1290 450
3343 5431 291 1290 460
3449 5503 316 1290 460
3573 5583 320 1300 470
3705 5659 332 1300 470
3843 5732 334 1310 470
3968 5797 335 1310 470
4097 5857 332 1320 480
4200 5915 330 1320 480
4284 5951 325 1330 470
4326 5983 314 1330 470
4338 6007 183 1340 480
4330 6026 17 1350 470
4033 6119 15 1380 470
3938 6171 70 1390 460
3914 6185 108 1390 460
3904 6185 119 1400 470
3904 6185 134 1410 460
3904 6143 137 1410 460
3911 6079 163 1410 460
3938 5979 176 1410 460
3977 5838 203 1410 460
4020 5669 209 1410 460
4061 5484 228 1400 470
4099 5285 249 1400 470
4135 5078 242 1390 470
4175 4882 245 1390 470
4211 4733 245 1380 480
4242 4616 247 1370 480
4272 4536 247 1360 490
4289 4489 244 1350 500
4302 4463 253 1330 500
4311 4457 190 1330 500
4031 5342 156 1260 510
4027 5579 170 1260 510
4027 5657 181 1260 510
4022 5683 188 1270 510
4022 5675 215 1270 510
4022 5662 239 1270 510
4022 5606 249 1280 500
3985 5522 269 1280 500
3928 5386 284 1280 500
3862 5245 287 1290 500
3784 5107 307 1290 500
3698 4972 315 1290 500
3607 4842 344 1300 500
3523 4741 358 1300 500
3474 4660 374 1300 500
3445 4627 398 1300 500
3445 4627 423 1290 500
3497 4638 453 1290 500
3574 4690 474 1290 500
3717 4786 473 1300 510
3878 4911 480 1300 510
4050 5018 485 1300 510
4255 5096 485 1300 510
4435 5155 486 1300 510
4597 5203 483 1300 510
4739 5234 477 1290 510
4832 5254 467 1290 510
4892 5254 469 1300 520
4911 5245 443 1300 520
4900 5220 344 1300 520
3945 4441 340 1280 490
3945 4380 341 1280 490
3923 4439 339 1270 490
3934 4439 358 1270 490
3968 4468 373 1270 490
4033 4512 391 1260 480
4137 4577 418 1260 480
4266 4652 444 1270 490
4407 4734 448 1260 490
4548 4809 456 1260 490
4659 4848 458 1270 500
4749 4862 469 1270 500
4785 4845 485 1280 500
4785 4793 492 1290 510
4757 4718 501 1290 510
4687 4617 522 1290 510
4601 4510 529 1290 510
4503 4397 544 1290 510
4429 4289 545 1300 520
4391 4221 550 1300 520
4376 4178 556 1300 520
4392 4137 568 1300 520
4435 4093 574 1300 520
4495 4045 574 1290 520
4579 3993 574 1290 520
4664 3921 581 1290 520
4747 3837 586 1280 530
4827 3745 594 1290 530
4890 3643 614 1290 530
4920 3535 617 1280 540
4928 3436 641 1290 550
4928 3333 643 1270 550
4908 3254 667 1270 550
4871 3192 678 1290 560
4818 3139 697 1270 560
4738 3110 702 1270 560
4639 3098 690 1260 570
4525 3110 690 1260 570
4411 3142 700 1260 570
4301 3187 699 1240 570
4198 3254 687 1240 570
4105 3327 669 1230 580
4044 3403 611 1230 580
4004 3442 428 1230 580
3810 3558 377 1210 490
3690 3443 392 1220 480
3629 3443 405 1220 480
3577 3470 417 1230 480
3582 3470 445 1230 480
3620 3513 483 1230 480
3680 3579 518 1240 490
3798 3667 550 1230 490
3967 3797 577 1230 490
4169 3954 583 1240 500
4440 4119 584 1250 510
4727 4297 581 1240 520
5025 4485 567 1250 530
5326 4649 301 1270 530
6501 6461 253 1410 450
6484 6525 242 1410 450
6469 6535 244 1410 450
6469 6535 247 1410 450
6481 6517 260 1410 450
6515 6495 285 1420 450
6570 6460 307 1420 450
6640 6414 327 1410 460
6722 6368 342 1410 460
6802 6324 345 1410 460
6880 6286 333 1430 460
6927 6253 333 1430 460
6962 6224 342 1430 460
6990 6192 340 1440 470
7000 6157 317 1430 480
6990 6105 91 1440 480
6440 5750 172 1420 490
6312 5669 220 1420 490
6270 5669 249 1420 490
6265 5675 279 1410 500
6284 5689 296 1410 500
6341 5710 314 1400 510
6431 5763 340 1400 510
6544 5836 348 1380 500
6680 5922 359 1380 500
6819 5996 361 1380 500
6960 6048 371 1380 500
7072 6086 374 1380 500
7147 6086 381 1380 500
7198 6059 392 1400 510
7216 6013 413 1410 500
7193 5924 415 1410 500
7143 5810 430 1420 500
7061 5679 439 1420 500
6964 5547 461 1420 500
6858 5412 475 1420 500
6752 5302 498 1420 500
6696 5210 501 1420 500
6672 5179 521 1420 500
6681 5170 543 1410 510
6733 5175 561 1410 510
6814 5208 561 1410 510
6932 5260 569 1400 520
7052 5325 574 1400 520
7179 5373 577 1390 520
7290 5389 580 1390 520
7389 5383 580 1370 530
7455 5339 589 1370 530
7492 5273 595 1370 530
7509 5192 591 1370 530
7502 5093 594 1370 530
7466 4976 595 1370 530
7411 4846 595 1370 540
7323 4707 595 1370 540
7214 4579 588 1370 540
7091 4459 594 1360 550
6971 4342 570 1360 550
6876 4261 504 1360 550
6797 4203 218 1350 550
6770 5195 509 1310 550
6860 5200 512 1310 550
6828 5194 512 1310 550
6741 5169 521 1330 540
6720 5063 532 1310 540
6653 4904 535 1310 540
6556 4741 546 1330 530
6463 4586 540 1330 530
6357 4440 540 1330 530
6243 4289 546 1330 530
6142 4136 520 1330 530
6046 3990 48 1330 530