161
3242 6203 134 1360 470
3230 6140 242 1370 460
3185 6166 267 1370 460
3191 6209 272 1380 460
3229 6258 274 1380 460
3345 6364 309 1370 450
3525 6507 324 1380 450
3747 6656 334 1380 450
3942 6791 337 1390 450
4139 6916 334 1400 450
4281 7010 329 1400 450
4385 7045 312 1400 450
4405 7045 247 1400 450
4380 7018 65 1410 450
3808 6615 48 1420 440
3688 6446 89 1420 440
3638 6320 149 1410 450
3600 6151 221 1410 450
3572 5920 257 1410 450
3553 5647 325 1400 460
3568 5306 377 1400 460
3605 4934 423 1400 460
3644 4542 431 1380 460
3684 4197 440 1370 460
3725 3900 439 1360 470
3751 3634 440 1350 470
3768 3466 448 1340 480
3780 3336 440 1330 480
3780 3231 346 1320 490
2624 3967 502 1220 500
2475 3844 512 1220 500
2352 3853 522 1210 490
2332 3830 535 1220 480
2381 3881 550 1210 480
2471 3982 568 1220 470
2639 4170 574 1240 480
2860 4410 589 1240 480
3133 4684 589 1240 480
3451 4966 586 1250 470
3799 5213 583 1250 470
4086 5436 570 1260 480
4345 5604 398 1260 480
4489 5566 187 1350 460
4519 5548 205 1350 460
4510 5609 208 1350 460
4510 5617 215 1350 460
4523 5626 220 1350 460
4534 5636 225 1340 460
4543 5628 249 1330 460
4574 5575 276 1330 460
4597 5493 316 1330 460
4615 5364 334 1320 470
4615 5249 382 1320 470
4605 5144 413 1320 470
4589 5049 449 1320 470
4576 4996 465 1320 470
4568 4972 567 1320 480
4568 4972 606 1320 480
4568 5006 616 1320 480
4568 5061 616 1320 480
4592 5174 617 1320 480
4631 5307 613 1320 480
4704 5454 603 1320 480
4785 5575 594 1320 480
4870 5664 440 1330 480
5414 5840 282 1350 490
5469 5768 333 1350 490
5426 5762 336 1350 490
5383 5783 348 1360 490
5338 5758 367 1360 490
5271 5715 392 1360 490
5192 5660 415 1360 490
5127 5580 440 1360 490
5086 5499 448 1360 490
5061 5418 458 1360 490
5061 5364 468 1360 490
5068 5327 478 1350 500
5086 5312 494 1350 500
5113 5327 504 1350 500
5168 5362 504 1340 500
5241 5464 507 1350 510
5313 5567 509 1350 510
5369 5672 509 1350 510
5413 5742 509 1350 510
5431 5770 501 1340 500
5431 5770 509 1330 510
5431 5770 517 1330 510
5448 5714 522 1330 510
5459 5657 513 1330 510
5472 5606 515 1330 510
5491 5573 521 1330 510
5514 5551 532 1330 510
5555 5551 538 1330 510
5606 5594 541 1330 510
5671 5659 541 1330 510
5732 5733 538 1330 510
5791 5799 541 1330 510
5823 5826 538 1330 510
5842 5826 544 1350 510
5851 5803 539 1340 510
5860 5758 546 1340 510
5860 5702 556 1350 520
5860 5660 559 1350 520
5866 5639 560 1360 520
5871 5631 589 1350 530
5878 5631 609 1350 530
5902 5673 614 1360 540
5936 5735 614 1360 540
5977 5809 616 1360 540
6014 5877 609 1360 540
6041 5888 614 1370 540
6062 5864 620 1390 540
6082 5798 613 1390 540
6096 5728 619 1370 540
6106 5663 622 1370 540
6116 5602 625 1370 540
6126 5575 638 1370 540
6138 5581 636 1370 540
6172 5610 637 1370 540
6220 5706 636 1370 540
6294 5854 638 1360 540
6370 6038 637 1370 530
6444 6221 636 1370 530
6506 6401 637 1370 530
6562 6579 640 1390 520
6585 6638 643 1390 520
6591 6653 637 1370 520
6586 6638 647 1370 520
6577 6579 659 1370 520
6564 6468 665 1370 520
6547 6323 670 1380 510
6530 6196 664 1380 510
6514 6076 667 1400 510
6501 5960 667 1400 510
6494 5874 667 1400 510
6494 5827 673 1410 500
6494 5807 691 1410 500
6494 5812 713 1410 500
6494 5852 713 1400 510
6509 5915 721 1400 510
6544 6021 722 1400 510
6594 6127 719 1400 510
6665 6232 724 1400 510
6738 6317 722 1400 510
6816 6370 721 1410 510
6867 6402 722 1410 510
6899 6402 721 1410 510
6911 6379 722 1420 520
6904 6347 722 1420 520
6883 6290 724 1420 520
6818 6220 724 1420 520
6744 6141 728 1420 520
6665 6071 731 1420 520
6628 6024 721 1430 510
6628 5993 742 1430 510
6649 5972 773 1430 510
6722 5972 797 1450 510
6837 5997 817 1450 510
6981 6046 818 1450 510
7128 6098 803 1470 510
7295 6151 730 1470 510