173
5114 5544 160 1100 730
5114 5544 404 1140 640
5049 5567 430 1160 550
5065 5592 486 1240 530
5132 5624 533 1240 530
5256 5665 578 1240 530
5431 5737 589 1240 530
5641 5831 586 1240 530
5896 5939 584 1240 530
6117 6046 574 1240 530
6315 6117 562 1240 530
6455 6164 373 1240 530
6026 5966 249 1260 510
5827 5888 339 1270 520
5727 5888 340 1280 520
5691 5893 337 1280 520
5697 5854 338 1280 520
5697 5787 410 1290 510
5705 5631 510 1280 520
5740 5330 588 1280 520
5791 4933 624 1280 520
5847 4481 628 1270 520
5887 4024 637 1240 520
5916 3659 673 1230 520
5916 3358 691 1230 530
5886 3094 688 1220 540
5828 2890 675 1200 540
5714 2727 664 1190 540
5573 2612 611 1170 550
5413 2536 396 1150 550
4173 3460 215 1010 530
4344 3675 440 1010 530
4469 3832 521 1010 530
4727 4056 583 1010 530
5074 4305 611 1020 520
5456 4570 616 1010 510
5825 4765 620 1030 510
6185 4904 620 1030 510
6480 5005 614 1040 510
6672 5047 613 1050 510
6795 5054 613 1060 520
6838 5039 543 1070 520
6998 4995 522 1170 520
6872 4930 557 1170 510
6812 4930 556 1170 520
6781 4930 569 1170 520
6769 4954 588 1170 520
6769 4984 591 1160 520
6791 5023 591 1170 530
6826 5057 594 1170 530
6856 5072 591 1180 540
6883 5072 608 1190 540
6907 5043 614 1190 540
6931 4966 619 1200 550
6949 4860 619 1200 550
6963 4754 610 1200 550
6974 4676 620 1180 560
6974 4618 613 1180 560
6974 4579 627 1180 560
6974 4563 659 1170 560
6964 4563 673 1180 570
6958 4577 669 1160 570
6948 4622 682 1160 570
6955 4687 688 1160 570
6973 4780 688 1150 580
7005 4879 690 1150 580
7040 4983 672 1150 580
7082 5053 553 1150 580
7443 5093 276 1180 560
7411 5056 485 1180 560
7373 5056 538 1180 560
7339 5067 554 1200 550
7312 5081 575 1200 550
7287 5095 591 1200 550
7267 5100 600 1200 550
7243 5078 613 1200 550
7216 5039 611 1200 550
7196 4966 622 1210 560
7196 4897 624 1220 560
7206 4831 616 1220 560
7233 4796 619 1220 560
7278 4806 603 1220 560
7336 4846 509 1220 560
7392 4911 223 1220 560
7451 5037 175 1220 560
7451 5108 369 1220 560
7445 5108 442 1220 560
7436 5081 530 1220 560
7429 5019 584 1220 560
7429 4934 616 1220 560
7436 4856 627 1220 560
7455 4805 638 1220 560
7479 4773 647 1220 560
7508 4785 634 1220 560
7545 4833 619 1220 560
7583 4906 539 1220 560
7610 4974 393 1220 560
7631 5038 304 1220 560
7644 5095 320 1220 560
7650 5122 472 1220 560
7650 5130 570 1220 560
7650 5130 642 1220 560
7650 5090 678 1220 560
7650 5032 696 1220 560
7656 4971 705 1220 560
7662 4923 700 1220 560
7671 4885 694 1220 560
7681 4866 690 1220 560
7690 4866 690 1220 560
7699 4889 697 1220 560
7712 4926 693 1220 560
7726 4972 670 1220 560
7743 5025 664 1220 560
7763 5072 665 1220 560
7763 5072 662 1220 560
7791 5093 679 1220 560
7799 5082 693 1220 560
7810 5052 720 1220 560
7810 5011 742 1220 560
7810 4982 749 1220 560
7823 4969 757 1220 560
7836 4969 761 1230 560
7856 4988 757 1230 560
7883 5029 749 1230 560
7913 5084 728 1230 560
7933 5142 694 1240 570
7947 5197 671 1240 570
7956 5251 645 1240 570
7965 5403 613 1240 570
7974 5540 611 1260 580
7985 5667 616 1260 580
7996 5756 637 1260 580
8001 5791 650 1270 590
8001 5791 664 1270 590
8001 5775 702 1270 590
8001 5699 740 1280 590
8001 5582 791 1280 590
8001 5425 822 1280 590
8033 5265 836 1280 590
8071 5102 846 1280 590
8115 4961 846 1280 590
8151 4852 846 1260 600
8176 4765 845 1260 600
8194 4734 848 1260 600
8194 4734 851 1260 600
8188 4748 851 1260 600
8174 4791 846 1260 600
8164 4875 833 1260 600
8173 4987 799 1260 600
8195 5127 742 1250 590
8236 5265 733 1250 590
8285 5403 737 1250 590
8339 5453 749 1250 590
8376 5467 763 1250 590
8398 5458 763 1250 590
8410 5429 768 1250 590
8390 5371 771 1250 590
8349 5293 771 1250 590
8293 5233 771 1250 590
8240 5187 784 1250 590
8190 5150 845 1270 590
8143 5139 921 1270 590
8122 5139 984 1260 580
8107 5157 1023 1270 570
8107 5157 1023 1270 570
8107 5162 1023 1270 570
8138 5155 1023 1270 570
8186 5133 1023 1270 570
8267 5101 1023 1270 570
8401 5086 1023 1270 570
8569 5101 1023 1270 570
8736 5137 1006 1270 570
8883 5189 702 1270 570