171
5263 6076 249 1350 470
5160 6014 386 1340 470
5153 6038 418 1340 470
5183 6048 499 1340 470
5238 6073 570 1330 470
5348 6109 616 1330 470
5512 6171 641 1330 470
5713 6252 641 1330 480
5935 6347 641 1330 480
6139 6434 616 1330 480
6307 6501 543 1340 490
5670 6243 68 1360 490
5515 5744 181 1360 490
5469 5262 279 1360 490
5446 4664 374 1350 500
5451 4029 394 1330 500
5484 3383 433 1330 500
5535 2875 520 1300 510
5566 2462 543 1290 510
5582 2268 556 1270 520
5587 2123 546 1230 520
5550 2012 498 1220 530
5468 1956 198 1190 530
3669 3225 800 1040 520
3922 3564 812 1040 510
4090 3831 823 1050 510
4487 4088 821 1050 500
4935 4357 823 1060 500
5418 4640 808 1070 500
5900 4880 818 1070 500
6297 5098 815 1080 500
6636 5248 812 1100 500
6887 5344 820 1100 500
7003 5404 815 1110 500
7029 5393 782 1130 510
7058 5381 768 1140 510
7042 5366 774 1160 520
6996 5352 785 1180 530
6920 5338 787 1190 530
6857 5343 784 1230 550
6802 5358 782 1240 550
6772 5371 784 1240 550
6762 5384 784 1260 560
6762 5394 785 1260 560
6762 5394 790 1260 560
6789 5399 791 1260 560
6818 5388 796 1260 560
6853 5357 790 1260 560
6890 5311 800 1260 560
6923 5234 809 1270 560
6953 5134 809 1270 560
6973 5019 808 1270 560
6973 4892 808 1270 560
6973 4765 811 1260 570
6957 4682 812 1260 570
6947 4628 821 1260 570
6938 4610 857 1240 570
6938 4616 854 1240 570
6932 4638 861 1240 570
6940 4715 860 1230 580
6958 4825 863 1230 580
6975 4958 863 1240 580
6993 5081 854 1240 580
7016 5202 828 1240 580
7046 5288 752 1240 580
7086 5352 521 1230 580
7142 5389 37 1230 580
7442 5452 422 1260 570
7445 5398 600 1260 570
7416 5403 697 1260 560
7392 5420 760 1260 560
7361 5409 787 1260 560
7328 5372 799 1260 560
7295 5317 808 1260 560
7272 5232 812 1260 560
7253 5158 817 1260 560
7253 5091 818 1260 560
7259 5044 818 1260 560
7282 5019 820 1260 560
7308 5010 821 1270 560
7341 5032 811 1270 560
7376 5080 787 1270 560
7410 5145 779 1270 560
7429 5211 770 1270 560
7439 5280 771 1270 560
7447 5352 790 1270 560
7447 5374 787 1270 560
7447 5374 800 1270 560
7447 5363 824 1270 560
7453 5304 837 1270 560
7453 5236 860 1270 560
7467 5162 854 1270 560
7482 5110 857 1270 560
7498 5082 857 1270 560
7516 5070 861 1270 560
7535 5080 867 1260 570
7555 5117 832 1260 570
7576 5172 782 1250 560
7597 5231 720 1250 560
7614 5290 707 1250 560
7629 5340 710 1250 560
7640 5384 728 1250 560
7650 5384 759 1250 560
7660 5354 793 1250 560
7678 5311 822 1250 560
7695 5257 845 1250 560
7712 5218 852 1250 560
7729 5188 851 1250 560
7745 5168 854 1250 560
7763 5175 828 1250 560
7783 5199 762 1250 560
7802 5243 697 1250 560
7820 5290 603 1250 560
7833 5338 566 1250 560
7845 5383 566 1250 560
7850 5395 611 1250 560
7856 5384 688 1260 570
7862 5356 733 1260 570
7869 5317 749 1260 570
7880 5272 757 1260 570
7894 5247 762 1270 570
7905 5235 776 1270 570
7915 5235 771 1270 570
7925 5263 702 1270 570
7950 5330 550 1280 580
7975 5423 361 1280 580
7998 5513 108 1280 580
8034 5712 61 1290 590
8063 5959 374 1310 600
8071 6040 546 1320 590
8071 6089 646 1320 590
8076 6101 666 1340 580
8076 6087 728 1340 580
8076 6057 783 1340 580
8070 5961 846 1360 580
8063 5828 884 1360 580
8071 5670 903 1360 580
8084 5526 899 1380 580
8102 5389 902 1380 580
8115 5257 908 1380 580
8126 5177 906 1380 580
8139 5142 911 1380 580
8146 5136 941 1360 570
8146 5143 944 1360 570
8156 5183 939 1350 580
8167 5244 917 1350 580
8187 5333 851 1350 580
8210 5448 697 1340 580
8257 5580 613 1340 580
8309 5680 602 1320 590
8353 5729 645 1310 600
8390 5743 691 1310 600
8411 5731 750 1310 600
8411 5693 794 1310 600
8395 5637 808 1310 600
8340 5559 818 1310 600
8269 5488 849 1320 590
8187 5423 866 1320 590
8120 5383 923 1340 600
8053 5374 988 1340 600
8010 5385 1023 1340 600
7982 5406 1023 1340 600
7975 5422 1023 1340 600
7975 5422 1023 1340 600
8005 5422 1023 1340 600
8057 5398 1023 1340 600
8148 5360 1023 1340 600
8300 5311 1023 1340 600
8492 5318 1023 1340 600
8723 5361 1023 1340 600
8944 5429 979 1340 600