164
3210 6809 440 1300 460
3210 6809 448 1280 440
3160 6832 486 1260 420
3251 6888 554 1240 410
3433 6975 594 1240 400
3675 7084 622 1230 390
3902 7223 639 1230 390
4087 7315 638 1240 400
4243 7377 624 1250 400
4332 7410 591 1260 410
4360 7410 422 1270 430
3509 7119 348 1340 480
3525 7006 369 1340 480
3490 6906 433 1330 480
3508 6774 550 1330 480
3530 6587 636 1330 480
3544 6297 707 1330 480
3551 5938 730 1320 490
3543 5519 736 1320 490
3550 5093 740 1300 500
3568 4662 742 1280 500
3594 4395 743 1270 510
3621 4180 736 1240 520
3647 4001 730 1230 520
3657 3909 731 1210 530
3657 3875 597 1190 530
2709 4366 527 1080 540
2505 4329 550 1080 540
2484 4367 580 1090 520
2516 4440 637 1090 520
2664 4587 719 1100 530
2904 4783 749 1110 530
3205 5032 770 1110 530
3595 5311 776 1110 530
3997 5610 757 1120 530
4406 5851 693 1140 530
4710 5999 222 1160 530
4873 5811 317 1250 500
4919 5841 314 1250 500
4897 5831 376 1230 490
4910 5806 465 1230 490
4919 5746 539 1240 500
4925 5668 589 1220 500
4931 5577 614 1220 500
4937 5490 638 1230 510
4937 5402 637 1220 510
4937 5335 646 1220 510
4937 5282 646 1230 520
4942 5267 663 1220 530
4942 5274 678 1230 530
4942 5297 681 1220 540
4966 5384 685 1220 540
4998 5496 688 1200 540
5044 5625 693 1200 540
5111 5729 691 1200 540
5193 5812 699 1200 540
5277 5881 702 1200 540
5346 5913 696 1200 540
5406 5929 697 1200 540
5465 5934 630 1220 540
5525 5928 247 1220 540
5659 5864 142 1240 530
5652 5819 223 1250 530
5633 5814 338 1250 530
5615 5819 398 1250 530
5596 5837 420 1270 520
5572 5866 448 1270 520
5545 5903 450 1270 520
5520 5943 468 1270 520
5495 5963 502 1280 520
5476 5969 517 1280 520
5464 5957 513 1280 520
5453 5897 548 1270 520
5437 5806 594 1270 520
5418 5712 647 1270 520
5407 5630 673 1250 530
5401 5555 679 1250 530
5401 5508 684 1240 530
5420 5488 697 1240 530
5443 5488 690 1240 530
5472 5511 700 1230 530
5510 5568 694 1230 530
5553 5646 690 1230 530
5584 5721 690 1230 530
5611 5791 691 1220 540
5634 5825 696 1220 540
5643 5837 697 1220 540
5653 5818 711 1200 540
5664 5783 725 1200 540
5681 5738 728 1200 540
5702 5701 728 1200 540
5732 5676 721 1200 540
5769 5659 705 1220 540
5809 5659 591 1220 540
5844 5677 280 1230 550
5908 5899 254 1240 550
5934 5998 361 1240 550
5934 5998 418 1240 550
5934 5987 522 1250 550
5934 5945 586 1260 560
5925 5884 646 1260 560
5915 5818 688 1260 560
5915 5759 697 1260 560
5908 5722 705 1260 560
5908 5697 703 1260 560
5916 5691 710 1260 560
5924 5699 716 1260 560
5938 5717 708 1260 560
5966 5769 699 1260 560
6003 5844 696 1260 560
6039 5935 696 1260 560
6078 5987 700 1270 550
6105 6004 710 1270 550
6124 5997 722 1270 550
6140 5965 721 1270 550
6146 5915 731 1270 550
6146 5852 737 1270 550
6146 5801 733 1270 550
6146 5770 730 1270 550
6146 5752 655 1270 550
6157 5752 270 1270 550
6391 6472 399 1280 540
6434 6534 428 1280 540
6421 6539 441 1280 540
6421 6561 516 1280 540
6421 6530 594 1280 540
6405 6449 668 1280 540
6383 6334 708 1290 530
6357 6213 749 1290 530
6337 6082 753 1290 530
6320 5945 756 1300 530
6313 5824 757 1300 530
6313 5751 754 1300 530
6326 5710 754 1300 530
6331 5691 767 1290 530
6331 5691 767 1280 540
6331 5709 765 1280 540
6331 5755 760 1280 540
6349 5835 750 1260 540
6370 5938 760 1260 540
6404 6051 761 1250 550
6454 6130 763 1250 550
6514 6186 763 1250 550
6566 6213 754 1250 550
6608 6213 759 1250 550
6644 6203 763 1250 550
6668 6168 777 1250 550
6668 6130 780 1250 550
6660 6082 782 1260 540
6634 6037 780 1260 540
6596 5995 782 1280 540
6550 5960 779 1280 540
6504 5944 776 1290 530
6458 5944 771 1300 530
6413 5960 774 1300 530
6379 5990 777 1310 540
6369 6028 780 1330 530
6375 6028 790 1330 530
6405 6028 846 1330 530
6484 5999 902 1330 530
6595 5955 937 1330 530
6740 5897 955 1330 530
6908 5836 955 1330 530
7091 5801 866 1330 530