170
2873 6154 130 1370 460
2768 6133 187 1370 460
2768 6159 191 1380 460
2829 6216 212 1380 460
2925 6302 247 1380 460
3078 6408 262 1380 460
3256 6527 279 1380 460
3450 6641 297 1380 460
3641 6729 296 1380 460
3783 6802 291 1380 460
3892 6826 274 1380 460
3940 6826 213 1400 460
3463 6525 110 1380 460
3338 6379 137 1380 460
3287 6335 134 1380 460
3239 6306 151 1380 460
3225 6199 181 1380 460
3216 6019 247 1380 460
3216 5790 291 1370 460
3222 5525 319 1370 460
3231 5168 348 1370 460
3253 4750 387 1360 470
3285 4395 409 1350 470
3298 4041 420 1350 470
3308 3688 418 1340 480
3316 3473 420 1330 480
3326 3279 415 1320 490
3332 3098 417 1300 500
3332 2991 373 1290 500
2417 4327 520 1200 520
2375 4371 526 1200 520
2305 4389 522 1200 510
2299 4411 538 1200 510
2336 4411 543 1210 510
2387 4453 557 1210 510
2500 4522 568 1210 510
2654 4672 561 1220 500
2844 4875 566 1220 500
3078 5114 563 1240 500
3340 5348 564 1250 500
3604 5579 544 1260 500
3823 5743 448 1270 500
4011 5862 51 1270 500
4274 5871 178 1340 470
4274 5871 203 1340 470
4244 5863 223 1350 460
4232 5878 242 1350 460
4232 5878 252 1360 460
4232 5878 272 1360 460
4251 5872 284 1350 460
4282 5816 311 1350 460
4311 5732 330 1350 460
4324 5640 364 1340 470
4324 5548 396 1340 470
4324 5455 413 1340 470
4315 5374 418 1330 470
4315 5331 444 1330 470
4310 5314 515 1320 480
4310 5314 600 1320 480
4310 5340 611 1320 480
4319 5384 617 1310 480
4346 5506 617 1310 480
4387 5633 617 1290 490
4440 5764 614 1280 480
4494 5881 605 1280 480
4548 5964 592 1280 480
4602 6024 522 1280 480
4657 6050 389 1280 480
4736 6071 203 1290 490
5046 6151 47 1320 480
5133 6197 180 1340 480
5138 6210 245 1340 480
5126 6219 286 1350 470
5095 6219 327 1360 480
5044 6189 364 1360 480
4980 6133 396 1370 470
4914 6037 417 1370 470
4853 5940 423 1370 470
4817 5845 435 1380 480
4796 5779 443 1380 480
4796 5729 439 1370 480
4796 5705 453 1370 480
4813 5697 473 1370 480
4846 5697 498 1360 490
4891 5741 489 1360 490
4959 5838 492 1350 490
5042 5973 497 1340 490
5134 6089 497 1340 490
5210 6163 501 1340 490
5256 6208 501 1340 490
5281 6208 510 1340 490
5307 6174 515 1340 490
5331 6121 520 1340 490
5351 6049 512 1340 490
5369 5989 516 1340 490
5396 5938 521 1340 490
5426 5909 535 1340 490
5465 5909 542 1340 490
5514 5923 550 1350 490
5573 5994 554 1350 490
5640 6087 556 1350 490
5708 6195 561 1360 480
5774 6286 554 1360 480
5826 6335 556 1370 480
5845 6356 565 1370 480
5845 6335 564 1370 480
5850 6284 570 1360 490
5855 6212 581 1360 490
5855 6139 586 1360 490
5855 6081 586 1370 500
5855 6034 592 1370 500
5855 6034 617 1370 500
5884 6031 636 1370 500
5917 6058 641 1370 500
5963 6137 636 1370 500
6028 6222 640 1380 500
6093 6312 640 1380 500
6157 6361 643 1380 500
6204 6368 652 1380 500
6242 6346 656 1380 500
6279 6309 659 1380 500
6311 6261 658 1380 500
6339 6205 661 1370 510
6360 6176 659 1370 510
6375 6167 667 1370 510
6386 6167 668 1370 510
6406 6216 667 1370 510
6426 6304 665 1370 510
6443 6421 668 1370 510
6443 6554 661 1370 510
6443 6697 658 1370 510
6432 6847 658 1370 510
6422 6997 661 1380 510
6411 7076 667 1380 510
6400 7107 665 1380 510
6390 7107 659 1400 510
6390 7079 665 1400 510
6395 7029 671 1400 510
6401 6879 664 1410 500
6410 6730 670 1410 500
6422 6581 675 1410 500
6432 6422 679 1410 500
6440 6277 679 1410 500
6448 6185 679 1420 490
6456 6125 678 1420 490
6456 6109 699 1420 490
6461 6115 700 1420 490
6461 6137 690 1410 500
6461 6212 690 1410 500
6479 6313 693 1410 500
6506 6431 691 1400 510
6550 6537 702 1400 510
6596 6606 702 1400 510
6646 6651 699 1380 510
6684 6678 697 1380 510
6714 6678 696 1380 510
6729 6672 694 1380 510
6734 6648 699 1380 510
6734 6596 699 1400 520
6685 6525 690 1400 520
6617 6436 700 1400 520
6535 6356 690 1400 520
6470 6282 690 1400 520
6462 6248 699 1400 520
6493 6221 719 1410 510
6599 6199 731 1410 510
6789 6215 737 1420 520
7036 6259 739 1420 520
7313 6321 720 1420 520
7645 6382 402 1430 520