183
5713 5832 337 1220 470
5638 5735 486 1210 480
5638 5745 496 1200 480
5676 5801 496 1200 480
5829 5888 489 1200 480
6060 5985 505 1190 480
6305 6089 489 1190 480
6551 6213 486 1190 480
6753 6310 407 1190 490
6323 6206 63 1290 500
6253 6093 108 1290 500
6218 5908 230 1290 500
6193 5616 351 1290 500
6193 5252 456 1290 500
6198 4788 490 1280 500
6226 4308 496 1280 500
6237 3817 515 1270 510
6237 3376 527 1260 510
6229 3036 540 1240 520
6188 2764 537 1220 530
6123 2581 533 1210 530
6040 2467 280 1180 540
4267 3439 239 980 520
4642 3727 273 970 510
4940 3927 356 990 510
5288 4143 404 990 510
5699 4399 425 1000 500
6090 4608 423 1010 500
6468 4785 407 1010 500
6757 4894 218 1020 490
7005 4864 285 1140 510
6992 4902 340 1140 510
6985 4945 422 1150 520
6997 4980 475 1160 520
7011 5009 510 1170 530
7030 5014 546 1180 540
7057 5006 556 1190 530
7095 4938 562 1200 540
7139 4839 559 1200 540
7173 4720 557 1210 550
7193 4638 565 1210 550
7203 4576 564 1200 550
7198 4528 613 1200 550
7187 4505 673 1200 550
7172 4505 716 1180 560
7157 4514 731 1180 560
7146 4571 725 1180 560
7159 4662 727 1180 560
7186 4776 721 1170 560
7230 4905 725 1170 560
7288 5004 731 1160 550
7356 5084 717 1160 550
7416 5130 688 1160 550
7472 5153 589 1160 550
7525 5162 364 1160 550
7568 5162 144 1160 550
7653 5186 170 1170 550
7706 5213 460 1170 550
7706 5213 602 1190 540
7691 5213 693 1190 540
7665 5213 763 1200 550
7615 5213 830 1210 550
7567 5213 845 1210 550
7527 5213 861 1210 550
7497 5213 866 1230 550
7471 5204 867 1230 550
7446 5157 867 1230 550
7427 5083 869 1230 550
7418 4983 867 1230 550
7434 4897 861 1230 550
7465 4821 860 1230 550
7507 4790 851 1230 550
7553 4813 839 1230 550
7608 4872 827 1230 550
7653 4953 830 1230 550
7691 5031 811 1230 550
7711 5102 797 1230 550
7721 5166 799 1230 550
7721 5206 817 1230 550
7721 5230 822 1230 550
7715 5230 846 1230 550
7706 5199 875 1230 550
7693 5148 908 1230 550
7693 5080 930 1230 550
7693 5024 930 1230 550
7711 4976 929 1230 550
7733 4959 921 1230 550
7759 4973 911 1230 550
7798 5007 908 1230 550
7845 5071 875 1230 550
7879 5138 836 1240 550
7906 5208 827 1240 550
7927 5270 830 1240 550
7936 5300 825 1220 560
7936 5309 843 1230 560
7936 5298 867 1230 560
7946 5257 870 1230 560
7954 5195 878 1240 570
7962 5142 885 1240 570
7970 5105 882 1240 570
7978 5080 878 1240 570
7987 5075 875 1240 570
7996 5092 861 1260 580
8014 5125 852 1260 580
8032 5171 793 1260 580
8050 5218 690 1260 580
8068 5266 655 1260 580
8078 5298 658 1260 580
8083 5298 671 1260 580
8083 5288 703 1260 580
8093 5250 760 1260 580
8100 5207 806 1260 580
8108 5157 834 1270 570
8117 5109 842 1270 570
8128 5081 842 1270 570
8141 5066 845 1270 570
8157 5078 830 1270 570
8186 5127 824 1270 570
8222 5200 788 1270 570
8246 5272 730 1270 570
8265 5356 676 1270 570
8280 5447 661 1270 570
8294 5548 642 1270 570
8307 5660 543 1270 570
8319 5780 512 1270 570
8333 5910 544 1270 570
8333 5983 671 1270 570
8333 6019 763 1280 570
8328 6019 788 1280 570
8321 6014 827 1300 560
8311 5993 858 1300 560
8300 5963 860 1310 560
8293 5949 872 1320 570
8293 5942 887 1340 560
8293 5942 900 1340 560
8293 5942 900 1350 550
8293 5942 921 1360 550
8293 5942 936 1360 550
8293 5942 942 1370 540
8293 5942 945 1370 540
8287 5952 947 1370 540
8287 5952 947 1390 540
8287 5952 941 1370 530
8287 5952 941 1370 530
8287 5906 944 1390 540
8293 5825 948 1390 540
8300 5668 950 1370 540
8314 5489 934 1370 540
8336 5295 934 1360 550
8360 5131 935 1360 550
8383 5018 935 1350 550
8406 4939 937 1350 550
8418 4909 944 1350 550
8423 4901 964 1340 560
8423 4909 967 1340 560
8418 4946 967 1320 570
8412 5008 961 1320 570
8412 5086 950 1310 570
8412 5199 950 1310 570
8417 5333 923 1300 580
8457 5481 915 1300 580
8516 5582 918 1300 580
8591 5629 923 1300 580
8656 5641 930 1300 580
8715 5629 935 1300 580
8748 5586 935 1300 580
8739 5522 932 1300 580
8702 5424 930 1300 580
8631 5326 929 1300 580
8551 5260 930 1300 580
8466 5217 945 1300 580
8385 5217 961 1300 580
8339 5239 992 1300 580
8316 5277 997 1300 580
8316 5300 1012 1300 580
8342 5318 1023 1300 580
8384 5327 1023 1300 580
8451 5312 1023 1300 580
8542 5280 1023 1300 580
8649 5251 1023 1300 580
8833 5279 1023 1300 580
9058 5346 997 1300 580
9310 5449 659 1300 580