163
3501 6693 507 1200 360
3501 6693 520 1200 370
3543 6759 546 1190 370
3618 6819 594 1200 380
3817 6918 636 1220 390
4019 7042 641 1230 400
4224 7104 644 1250 410
4399 7177 638 1260 420
4514 7257 642 1260 430
4590 7289 616 1270 440
4617 7299 463 1280 440
3973 7050 215 1340 490
3910 6932 256 1340 490
3884 6858 329 1340 490
3868 6776 463 1330 500
3868 6638 585 1330 500
3868 6410 667 1330 500
3873 6122 722 1300 500
3873 5735 737 1300 500
3880 5289 740 1290 500
3880 4804 739 1280 500
3903 4412 739 1280 520
3920 4082 730 1250 530
3935 3793 725 1230 530
3948 3598 719 1220 540
3948 3480 642 1190 540
3936 3413 361 1160 550
3006 4319 522 1020 550
3060 4569 545 1020 550
3146 4720 647 1030 550
3319 4913 711 1030 540
3550 5114 759 1040 540
3853 5320 784 1060 540
4209 5591 793 1070 540
4600 5858 771 1080 540
4991 6071 638 1100 540
5279 6085 339 1280 520
5279 6085 369 1280 520
5279 6085 384 1270 510
5278 6011 447 1270 510
5278 5921 518 1270 510
5272 5807 570 1260 510
5266 5711 588 1260 510
5266 5627 603 1240 520
5266 5552 614 1240 520
5266 5504 611 1230 520
5266 5483 647 1230 520
5266 5483 688 1220 530
5266 5483 694 1220 530
5274 5530 694 1220 540
5298 5607 693 1200 540
5333 5706 697 1200 540
5393 5805 697 1190 540
5467 5903 691 1190 540
5549 5980 700 1190 540
5648 6042 694 1190 540
5739 6082 671 1190 540
5825 6098 417 1190 540
5890 5970 132 1260 540
5890 5970 182 1280 540
5857 5962 257 1300 540
5845 5994 317 1300 540
5833 6036 388 1310 540
5814 6074 450 1310 540
5790 6089 488 1330 530
5770 6089 494 1330 530
5744 6068 513 1330 530
5713 6015 556 1330 530
5689 5942 611 1330 530
5668 5853 656 1310 540
5655 5775 679 1300 530
5649 5705 685 1290 530
5649 5658 688 1290 530
5664 5633 697 1280 540
5686 5622 690 1260 540
5713 5634 690 1250 540
5755 5676 700 1240 540
5806 5739 697 1240 540
5843 5810 694 1220 540
5876 5885 697 1220 540
5905 5962 700 1220 540
5922 5990 691 1220 540
5933 5995 710 1220 540
5940 5986 728 1230 550
5951 5954 720 1230 550
5963 5920 721 1230 550
5979 5881 722 1230 550
5998 5851 733 1240 550
6021 5828 724 1250 550
6049 5828 702 1250 550
6079 5838 565 1260 560
6111 5863 179 1270 550
6186 6055 170 1300 540
6199 6121 312 1300 540
6199 6121 391 1300 540
6199 6121 450 1300 540
6199 6114 535 1300 540
6190 6086 616 1300 540
6183 6044 667 1300 540
6175 5986 702 1300 540
6167 5926 721 1300 540
6167 5875 724 1300 540
6167 5832 727 1310 540
6167 5807 728 1300 540
6177 5800 730 1290 530
6187 5800 730 1290 530
6203 5836 727 1290 530
6231 5892 721 1290 530
6265 5964 733 1290 530
6302 6036 733 1290 530
6341 6095 722 1290 530
6380 6120 728 1290 530
6409 6126 743 1290 530
6433 6105 752 1280 540
6446 6064 760 1280 540
6455 6010 763 1280 540
6460 5960 761 1280 540
6466 5924 752 1280 540
6474 5897 728 1280 540
6485 5883 588 1280 540
6618 6444 86 1300 530
6668 6567 282 1300 530
6673 6582 348 1300 530
6665 6582 389 1300 530
6665 6582 464 1300 530
6659 6536 544 1300 530
6647 6470 600 1300 530
6631 6368 656 1300 530
6617 6265 691 1300 530
6603 6160 708 1300 530
6591 6056 721 1300 530
6579 5976 722 1300 530
6579 5912 722 1290 530
6592 5877 725 1290 530
6592 5863 737 1290 530
6592 5863 751 1290 530
6592 5883 752 1290 530
6600 5927 749 1290 530
6611 5986 751 1290 530
6631 6073 739 1290 530
6661 6159 740 1290 530
6700 6245 740 1290 530
6737 6289 739 1290 530
6773 6313 740 1290 530
6805 6323 746 1290 530
6828 6316 761 1300 540
6846 6295 750 1300 540
6857 6264 754 1300 540
6857 6231 754 1310 550
6857 6200 754 1310 550
6844 6170 754 1310 550
6818 6145 754 1310 550
6782 6124 756 1310 550
6742 6108 756 1310 550
6703 6108 762 1310 550
6679 6120 794 1310 550
6664 6131 788 1320 550
6664 6138 817 1320 550
6701 6138 855 1320 550
6753 6125 888 1320 550
6845 6100 893 1320 550
6937 6079 876 1340 550
7028 6071 721 1340 550