169
5708 5547 465 1380 470
5708 5547 488 1350 470
5714 5616 514 1340 480
5798 5671 537 1310 480
5933 5737 580 1280 480
6085 5810 595 1260 480
6260 5895 585 1250 480
6449 5961 592 1260 490
6605 6014 569 1270 500
6713 6030 376 1270 500
6376 6022 291 1330 500
6190 5852 392 1330 500
6099 5765 448 1340 490
6029 5531 513 1340 490
5972 5199 595 1330 500
5920 4696 638 1330 500
5913 4145 638 1320 500
5935 3563 655 1320 500
5995 3071 667 1290 510
6062 2718 663 1280 520
6134 2458 669 1250 530
6170 2342 669 1240 530
6170 2289 667 1220 540
6153 2279 650 1200 540
6101 2287 502 1170 550
4904 3360 402 1040 560
4880 3558 488 1040 560
4936 3624 491 1030 550
5094 3787 498 1030 550
5337 3941 502 1030 550
5636 4089 512 1040 540
5951 4272 512 1060 540
6244 4455 475 1070 540
6865 4754 488 1140 510
6825 4725 561 1150 510
6806 4751 560 1160 520
6786 4805 570 1160 520
6801 4833 581 1180 530
6817 4860 591 1200 520
6834 4860 599 1200 520
6877 4851 641 1220 530
6918 4773 671 1220 530
6957 4667 685 1230 530
6993 4543 697 1240 530
7022 4424 700 1230 530
7045 4305 694 1240 540
7050 4221 699 1240 540
7041 4160 707 1230 550
7023 4141 733 1240 550
7003 4147 731 1240 550
6983 4170 736 1250 560
6963 4233 739 1230 560
6963 4335 736 1230 560
6984 4462 725 1230 560
7036 4603 730 1230 560
7111 4744 717 1220 570
7200 4855 663 1220 570
7294 4946 359 1220 570
7441 5015 113 1240 550
7476 4982 372 1240 550
7476 4982 485 1250 550
7464 5001 624 1250 550
7457 5001 710 1250 550
7440 5018 761 1260 540
7415 5051 767 1260 540
7386 5046 777 1280 540
7350 4985 793 1280 540
7310 4886 794 1280 540
7274 4740 806 1280 540
7262 4633 811 1280 540
7267 4553 812 1260 540
7298 4497 811 1260 540
7332 4477 809 1250 550
7371 4477 800 1250 550
7412 4524 787 1250 550
7445 4586 784 1240 550
7472 4661 771 1240 550
7489 4739 767 1220 560
7501 4817 770 1210 550
7510 4896 782 1210 550
7510 4910 791 1210 550
7518 4895 791 1210 550
7518 4861 808 1210 550
7530 4773 824 1210 550
7539 4691 825 1210 550
7548 4612 834 1210 550
7563 4563 836 1210 550
7579 4544 839 1210 550
7598 4544 828 1210 550
7622 4585 829 1210 550
7654 4650 787 1210 550
7686 4732 719 1210 550
7710 4821 606 1210 550
7729 4898 584 1210 550
7743 4968 585 1210 550
7749 4973 638 1230 550
7749 4949 720 1230 550
7754 4907 788 1230 550
7754 4820 815 1230 550
7754 4730 837 1230 550
7754 4662 864 1230 550
7754 4610 867 1230 550
7759 4576 867 1230 550
7759 4569 861 1230 550
7769 4580 852 1230 550
7779 4614 834 1230 550
7793 4661 829 1230 550
7804 4718 799 1230 550
7814 4782 796 1230 550
7829 4840 799 1230 550
7838 4854 805 1230 550
7850 4840 817 1230 550
7864 4815 821 1230 550
7875 4775 818 1220 560
7884 4724 818 1220 560
7892 4683 822 1220 560
7892 4658 818 1230 560
7900 4644 818 1230 560
7909 4651 832 1240 570
7923 4700 821 1240 570
7940 4777 800 1260 580
7959 4877 761 1260 580
7979 4987 669 1260 580
7996 5104 580 1270 590
8010 5239 502 1280 580
8022 5378 468 1280 580
8036 5519 478 1290 590
8043 5599 505 1290 590
8043 5631 524 1290 590
8048 5631 613 1290 590
8048 5605 663 1290 590
8048 5496 714 1290 590
8048 5332 749 1290 590
8033 5127 767 1310 580
8027 4929 822 1310 580
8044 4737 840 1310 580
8075 4610 857 1310 580
8106 4527 861 1310 580
8131 4473 866 1310 580
8152 4457 860 1310 580
8152 4467 861 1290 590
8152 4495 860 1290 590
8152 4550 855 1290 590
8145 4634 857 1290 590
8163 4738 818 1280 590
8195 4901 796 1280 590
8261 5038 776 1280 590
8327 5157 774 1280 590
8387 5189 773 1280 580
8418 5189 776 1270 590
8433 5168 777 1270 590
8410 5112 779 1270 590
8352 5038 779 1280 580
8270 4951 779 1280 580
8196 4875 780 1280 580
8127 4827 788 1300 580
8071 4798 833 1300 580
8042 4810 864 1310 570
8030 4840 899 1310 570
8030 4881 933 1320 570
8041 4914 935 1320 570
8070 4914 989 1320 570
8111 4890 997 1340 560
8180 4819 1023 1320 570
8302 4767 1023 1320 570
8458 4727 1023 1320 570
8631 4740 1023 1310 570
8821 4808 982 1310 570
9022 4912 588 1310 570