175
2634 5908 368 1030 570
2538 5857 384 1150 550
2512 5902 389 1250 530
2512 5976 388 1350 490
2636 6037 394 1360 480
2851 6185 405 1360 480
3126 6390 415 1370 470
3431 6582 412 1370 460
3705 6755 407 1370 460
3959 6877 399 1380 460
4130 6972 389 1390 450
4203 7003 364 1400 450
4211 7003 309 1400 430
4157 6985 191 1400 430
4056 6933 130 1410 430
3923 6871 119 1420 420
3797 6803 124 1420 420
3662 6731 134 1430 420
3522 6655 131 1430 420
3417 6554 155 1420 410
3338 6438 182 1420 410
3275 6283 215 1430 420
3237 6083 257 1430 420
3216 5854 312 1420 420
3206 5576 339 1420 420
3213 5186 372 1410 430
3225 4721 407 1400 430
3239 4290 428 1390 430
3253 3878 453 1370 440
3268 3479 473 1360 450
3299 3159 473 1350 450
3340 2888 469 1330 460
3276 2651 465 1320 470
3255 2554 442 1300 480
3262 2527 193 1280 480
2495 4356 391 1190 500
2456 4312 444 1190 500
2430 4369 436 1200 500
2395 4384 443 1220 500
2409 4370 468 1230 490
2466 4384 489 1240 490
2551 4450 514 1260 490
2703 4550 521 1260 490
2857 4681 532 1270 490
3059 4831 535 1270 490
3291 4994 530 1280 480
3499 5137 524 1310 480
3690 5276 522 1310 480
3870 5407 450 1310 480
4020 5512 134 1320 480
4369 5851 286 1320 440
4369 5851 301 1320 440
4328 5836 302 1330 430
4320 5828 312 1320 430
4313 5786 305 1320 430
4308 5719 322 1330 420
4301 5635 339 1320 430
4301 5486 349 1320 430
4301 5394 361 1320 430
4301 5340 394 1330 430
4301 5280 409 1320 440
4307 5254 473 1320 440
4307 5254 539 1320 440
4314 5249 566 1310 440
4319 5297 575 1310 440
4348 5379 578 1310 440
4392 5496 572 1300 450
4454 5610 566 1300 450
4521 5704 564 1300 450
4596 5787 546 1300 450
4677 5860 469 1300 450
4761 5912 363 1310 450
4844 5950 296 1310 450
4911 5968 287 1310 450
4969 5980 285 1320 460
5015 5985 273 1320 460
5043 5985 277 1340 460
5059 5985 296 1340 460
5059 5985 311 1350 460
5044 5977 312 1350 460
5020 5977 335 1360 470
4987 5964 341 1360 470
4954 5951 359 1370 470
4920 5914 369 1370 470
4895 5862 398 1380 480
4872 5782 407 1380 480
4854 5709 415 1390 480
4843 5642 433 1390 480
4843 5586 439 1380 490
4849 5553 460 1380 490
4865 5536 490 1380 490
4891 5536 501 1380 490
4940 5580 504 1380 490
5003 5659 509 1380 490
5078 5766 510 1370 500
5150 5864 514 1360 490
5201 5957 514 1360 490
5238 5994 514 1360 490
5238 5994 512 1360 490
5267 5972 522 1360 490
5284 5926 522 1360 490
5299 5870 529 1350 490
5318 5808 529 1350 490
5341 5775 537 1350 490
5369 5760 539 1350 490
5399 5760 548 1350 490
5447 5791 551 1350 490
5506 5862 554 1350 490
5561 5958 559 1340 480
5609 6032 559 1350 470
5651 6063 561 1350 470
5675 6063 560 1350 470
5692 6041 567 1350 470
5703 5986 572 1360 480
5713 5911 575 1360 480
5720 5840 577 1360 480
5720 5797 584 1360 480
5737 5773 606 1360 480
5756 5773 619 1360 480
5779 5814 628 1360 480
5835 5882 636 1370 480
5885 5979 636 1370 480
5930 6044 641 1370 480
5961 6088 641 1380 490
5977 6095 644 1380 490
5983 6081 643 1400 500
6003 6052 644 1400 500
6022 6006 646 1380 500
6040 5959 646 1380 500
6059 5926 646 1400 510
6077 5904 650 1400 510
6094 5904 655 1400 510
6114 5935 658 1400 510
6137 5988 656 1400 510
6164 6078 658 1400 510
6194 6200 655 1400 510
6224 6343 656 1400 510
6255 6534 656 1410 500
6284 6669 659 1410 500
6294 6767 670 1410 500
6294 6796 670 1410 500
6289 6801 667 1410 500
6289 6789 664 1410 500
6289 6725 669 1410 500
6297 6622 678 1410 500
6304 6494 684 1410 500
6313 6349 690 1410 500
6326 6221 691 1410 500
6338 6104 694 1420 490
6349 6012 696 1420 490
6358 5956 700 1410 500
6363 5925 696 1410 500
6363 5925 722 1400 500
6363 5948 728 1400 500
6370 5985 731 1400 500
6377 6072 731 1400 500
6406 6169 733 1400 500
6448 6272 720 1400 500
6498 6355 733 1400 500
6550 6419 731 1400 500
6606 6471 731 1400 500
6649 6500 724 1400 500
6684 6500 724 1400 500
6692 6486 724 1400 500
6670 6441 727 1400 500
6629 6364 728 1420 490
6546 6266 728 1420 490
6464 6167 731 1420 490
6382 6107 720 1420 490
6388 6074 733 1420 490
6454 6045 758 1420 490
6559 6045 750 1420 490
6715 6058 760 1430 500
6899 6074 757 1430 500
7101 6084 679 1430 500