182
2861 5712 1360 490 280
2808 5565 1350 490 310
2765 5605 1360 480 324
2800 5643 1360 480 333
2911 5680 1360 470 361
3072 5775 1350 470 399
3294 5909 1350 470 431
3535 6070 1360 480 443
3788 6185 1360 480 469
3978 6267 1360 480 464
4149 6326 1380 480 464
4308 6357 1380 480 473
4393 6373 1380 480 468
4432 6379 1380 480 466
4440 6379 1380 480 388
4430 6415 1390 480 206
4392 6467 1390 480 56
4149 6665 1400 480 48
3954 6810 1400 480 95
3903 6830 1420 470 125
3871 6820 1420 470 149
3847 6765 1400 470 206
3822 6618 1400 470 273
3797 6409 1400 470 346
3759 6108 1400 470 410
3714 5717 1400 470 444
3654 5265 1400 470 486
3623 4738 1400 470 522
3611 4260 1390 470 541
3605 3816 1380 480 546
3637 3462 1370 480 554
3695 3186 1370 500 556
3742 2962 1360 500 550
3783 2775 1350 510 540
3805 2653 1340 510 485
3817 2575 1330 520 225
2960 3283 1160 550 277
2786 3338 1160 550 317
2697 3422 1160 550 351
2645 3463 1160 550 415
2615 3518 1160 550 464
2607 3583 1160 550 517
2648 3673 1170 550 548
2722 3787 1170 550 584
2847 3916 1200 550 597
3040 4069 1200 550 605
3278 4251 1210 550 605
3522 4453 1210 550 591
3774 4644 1230 550 586
4030 4838 1230 550 524
4273 5033 1240 540 239
4670 5704 1360 490 242
4645 5681 1340 490 257
4623 5691 1340 490 264
4600 5710 1340 490 269
4600 5710 1340 490 275
4600 5701 1340 490 312
4618 5615 1330 500 364
4636 5478 1330 500 409
4652 5263 1330 500 449
4652 5074 1330 500 488
4640 4903 1320 500 513
4634 4781 1300 500 535
4634 4730 1290 500 554
4634 4730 1290 500 609
4634 4730 1280 500 616
4634 4783 1280 500 622
4654 4873 1280 500 624
4681 4995 1280 500 617
4724 5119 1290 510 613
4769 5245 1290 510 614
4818 5350 1290 510 585
4870 5417 1300 520 468
4932 5460 1300 520 190
5404 5529 1310 520 115
5481 5547 1330 530 213
5475 5560 1330 530 259
5455 5577 1330 530 330
5423 5589 1330 530 391
5383 5595 1330 530 422
5323 5578 1330 530 450
5263 5548 1330 530 475
5203 5490 1330 530 496
5158 5415 1330 530 496
5131 5330 1330 530 505
5115 5263 1330 530 512
5120 5215 1330 530 520
5130 5179 1330 530 516
5151 5165 1340 520 535
5180 5165 1330 530 536
5219 5180 1330 530 545
5267 5228 1330 530 546
5312 5292 1330 530 546
5354 5367 1330 530 548
5384 5423 1330 530 551
5402 5447 1330 530 551
5411 5447 1330 530 554
5428 5439 1330 530 557
5448 5401 1330 530 562
5470 5347 1310 520 565
5492 5302 1310 520 561
5518 5275 1300 530 570
5551 5261 1300 530 570
5591 5274 1300 530 577
5650 5327 1300 530 578
5720 5407 1300 530 577
5794 5510 1310 540 578
5858 5586 1310 540 583
5914 5643 1310 540 578
5946 5654 1330 540 584
5967 5635 1330 540 589
5981 5595 1330 540 603
5981 5537 1340 550 620
5981 5478 1340 550 616
5981 5434 1340 550 622
5981 5401 1350 550 634
5981 5396 1350 550 644
5981 5413 1350 550 650
6013 5444 1350 550 650
6058 5532 1360 560 652
6118 5623 1350 570 650
6177 5716 1350 570 653
6237 5772 1350 570 650
6274 5790 1350 570 655
6296 5784 1350 570 658
6312 5748 1350 570 665
6321 5696 1350 570 671
6326 5634 1350 570 666
6342 5584 1350 570 667
6360 5556 1340 560 678
6387 5544 1340 560 684
6420 5551 1340 560 684
6460 5588 1340 560 679
6502 5646 1320 570 678
6540 5717 1320 570 673
6571 5812 1320 570 669
6599 5922 1320 570 669
6626 6047 1340 560 667
6655 6184 1340 560 667
6689 6328 1350 550 672
6703 6429 1350 550 678
6703 6471 1360 550 678
6703 6471 1360 550 676
6703 6471 1370 540 681
6692 6401 1370 540 691
6681 6290 1390 540 702
6666 6158 1390 540 699
6658 6019 1390 540 705
6651 5874 1400 530 711
6651 5735 1400 530 721
6651 5631 1400 530 721
6651 5547 1400 530 721
6657 5499 1400 530 721
6657 5482 1400 530 724
6663 5482 1390 540 737
6663 5508 1390 540 737
6672 5579 1390 540 740
6695 5681 1370 540 736
6727 5799 1370 540 737
6773 5915 1360 550 740
6822 6031 1360 550 737
6873 6084 1360 550 737
6915 6105 1360 550 739
6950 6105 1380 550 739
6976 6081 1380 550 740
6990 6052 1380 550 743
6995 6007 1400 550 742
6985 5952 1400 550 743
6956 5892 1400 550 742
6915 5833 1410 550 743
6863 5775 1430 550 742
6808 5727 1430 550 746
6752 5684 1430 550 746
6739 5665 1430 550 748
6739 5656 1430 550 754
6759 5656 1410 560 756
6809 5651 1410 560 779
6892 5651 1410 560 797
6996 5660 1400 560 791
7115 5660 1400 560 794
7274 5665 1390 570 788
7459 5678 1380 580 760