180
5943 5617 367 1270 480
5973 5628 441 1260 480
5957 5694 455 1260 480
6046 5783 471 1250 480
6204 5888 491 1240 490
6385 5987 512 1240 490
6558 6070 515 1240 490
6726 6143 522 1250 500
6886 6186 505 1250 500
6989 6205 362 1250 500
6783 6132 387 1320 500
6626 6080 456 1320 500
6560 6061 505 1320 500
6508 5963 594 1330 500
6457 5813 700 1320 500
6432 5564 785 1320 500
6424 5148 832 1320 500
6470 4622 858 1300 510
6519 4116 858 1290 510
6560 3692 906 1270 510
6596 3323 909 1260 510
6616 2982 926 1240 520
6616 2719 939 1230 520
6609 2508 935 1210 530
6580 2384 935 1170 530
6533 2287 935 1140 530
6475 2209 933 1130 540
6397 2173 939 1100 540
6309 2187 899 1100 550
6213 2235 817 1070 560
6103 2343 644 1050 560
5976 2511 122 1040 560
5622 2991 165 1010 570
5261 3433 333 1010 570
5149 3550 415 1010 570
5124 3627 465 1020 550
5192 3727 541 1020 550
5323 3842 591 1020 550
5528 3981 644 1030 550
5804 4165 672 1030 550
6127 4378 681 1050 550
6497 4586 663 1060 550
6863 4789 638 1060 550
7416 4959 550 1170 540
7294 4872 616 1170 540
7241 4872 616 1180 540
7232 4879 644 1180 540
7232 4879 655 1190 540
7239 4879 717 1200 540
7276 4816 721 1200 540
7333 4716 731 1190 540
7387 4605 737 1180 540
7424 4494 746 1180 540
7450 4401 760 1180 540
7461 4321 777 1180 540
7461 4275 808 1170 540
7461 4256 845 1170 540
7453 4256 855 1170 540
7445 4277 861 1150 540
7434 4342 860 1150 540
7443 4436 851 1150 540
7456 4549 837 1140 550
7486 4662 817 1140 550
7526 4774 803 1140 550
7574 4853 784 1140 550
7622 4903 760 1140 550
7666 4933 757 1140 550
7708 4954 748 1140 550
7751 4974 736 1150 540
7794 4994 714 1150 540
7841 5021 700 1160 550
7896 5051 693 1170 550
7934 5081 697 1170 550
7960 5110 690 1200 550
7972 5126 710 1200 550
7964 5134 724 1200 550
7943 5143 736 1220 560
7909 5134 759 1220 560
7867 5114 793 1220 560
7820 5068 825 1240 550
7790 4996 854 1240 550
7766 4906 866 1240 550
7766 4827 866 1240 550
7766 4766 866 1240 550
7790 4716 857 1220 560
7818 4696 849 1220 560
7855 4703 839 1220 560
7894 4729 833 1210 560
7930 4780 828 1210 560
7949 4842 830 1210 560
7957 4912 833 1210 560
7962 4972 837 1210 560
7962 5001 845 1210 560
7962 5010 848 1210 560
7962 5001 855 1220 570
7969 4950 863 1220 570
7976 4872 867 1230 560
7986 4803 869 1220 570
8000 4761 867 1220 570
8017 4737 861 1230 580
8038 4737 848 1230 580
8061 4779 822 1230 580
8090 4846 794 1230 580
8116 4921 719 1240 570
8138 4996 684 1240 570
8157 5072 687 1240 570
8169 5115 700 1240 570
8175 5123 731 1230 560
8175 5109 787 1230 560
8191 5061 834 1230 560
8205 4996 855 1230 560
8219 4919 879 1230 560
8236 4860 882 1230 560
8253 4828 882 1230 560
8265 4814 884 1230 560
8272 4824 875 1250 560
8289 4868 867 1250 560
8306 4934 854 1250 560
8324 5005 846 1260 560
8342 5068 831 1250 550
8360 5125 833 1250 550
8373 5137 840 1250 550
8381 5119 855 1250 550
8401 5082 853 1250 550
8420 5023 863 1260 560
8436 4964 873 1260 560
8451 4923 876 1260 560
8466 4894 876 1260 560
8484 4894 873 1260 560
8503 4927 860 1260 560
8530 4991 855 1260 560
8555 5073 823 1260 560
8572 5167 752 1260 560
8583 5270 682 1260 560
8590 5401 614 1260 560
8600 5544 570 1260 560
8614 5695 568 1260 560
8629 5831 581 1260 560
8644 5916 597 1260 560
8657 5968 628 1260 560
8671 5968 700 1260 560
8685 5914 760 1260 560
8696 5819 817 1270 550
8696 5671 854 1270 550
8696 5494 876 1270 550
8703 5298 887 1270 550
8714 5133 894 1270 550
8722 4993 897 1270 550
8722 4870 894 1270 550
8740 4805 896 1270 550
8748 4786 902 1270 550
8748 4799 902 1270 550
8733 4845 902 1270 550
8720 4918 894 1270 550
8708 5010 878 1270 550
8702 5117 849 1270 550
8719 5240 817 1260 560
8750 5373 797 1260 560
8803 5479 797 1260 560
8856 5532 799 1260 560
8896 5550 808 1260 560
8927 5540 820 1260 560
8938 5501 827 1260 560
8916 5442 832 1250 560
8872 5353 824 1250 560
8808 5275 839 1250 560
8746 5204 854 1250 560
8687 5162 905 1250 560
8636 5148 971 1250 560
8607 5154 1014 1250 560
8593 5171 1023 1250 560
8593 5187 1023 1250 560
8617 5199 1023 1250 560
8656 5206 1023 1250 560
8747 5201 1023 1250 560
8894 5188 1023 1250 560
9079 5204 1023 1250 560
9315 5250 1023 1250 560
9548 5315 906 1250 560
9779 5401 53 1250 560