NLDCC-001_001_005 1121
6529 6449 146 1060 540
6535 6473 193 1060 540
6535 6498 214 1060 540
6535 6520 240 1060 540
6535 6536 250 1060 540
6535 6553 287 1070 540
6535 6568 307 1070 540
6535 6583 334 1070 540
6541 6595 356 1070 540
6541 6606 377 1070 540
6546 6617 405 1080 540
6546 6628 440 1080 540
6546 6635 474 1080 540
6546 6642 488 1080 540
6554 6649 522 1100 530
6554 6649 551 1100 530
6554 6649 589 1100 530
6554 6649 613 1100 530
6554 6649 638 1090 520
6554 6635 656 1100 520
6554 6605 666 1100 520
6554 6562 679 1100 520
6548 6495 688 1100 520
6539 6423 690 1100 520
6527 6341 705 1100 520
6516 6252 711 1100 520
6504 6158 722 1100 520
6490 6059 724 1100 520
6474 5951 725 1090 520
6457 5838 727 1090 520
6438 5726 728 1090 520
6420 5610 730 1090 520
6400 5499 731 1080 530
6380 5394 722 1080 530
6359 5315 731 1080 530
6347 5261 736 1060 530
6336 5225 736 1060 530
6330 5205 736 1060 530
6330 5200 736 1050 530
6330 5200 737 1050 530
6330 5200 737 1050 530
6336 5217 737 1040 530
6336 5238 740 1040 530
6348 5281 739 1040 530
6361 5345 739 1040 530
6375 5424 739 1040 530
6393 5516 736 1040 530
6413 5608 730 1040 530
6433 5704 725 1040 530
6450 5802 721 1040 530
6466 5902 721 1040 530
6482 6011 720 1040 530
6498 6127 720 1040 530
6513 6228 733 1040 530
6527 6326 731 1050 530
6543 6419 730 1050 530
6558 6505 731 1050 530
6574 6566 731 1060 530
6584 6613 731 1060 530
6590 6641 721 1060 530
6596 6652 737 1080 530
6596 6652 748 1080 530
6596 6652 746 1080 530
6596 6652 746 1090 520
6590 6640 742 1090 520
6590 6627 746 1090 520
6585 6595 746 1090 520
6580 6551 748 1090 520
6580 6507 748 1090 520
6580 6469 748 1090 520
6580 6436 749 1090 520
6580 6409 751 1090 520
6592 6384 749 1100 530
6606 6360 752 1100 530
6621 6348 752 1100 530
6638 6339 749 1100 530
6659 6331 749 1100 530
6687 6331 751 1080 540
6721 6339 748 1080 540
6759 6355 746 1080 540
6802 6377 739 1080 540
6847 6409 734 1080 540
6892 6447 728 1080 540
6936 6489 733 1080 540
6971 6531 727 1080 540
7002 6574 719 1080 540
7033 6619 717 1080 540
7062 6660 713 1080 540
7088 6700 708 1080 530
7112 6737 700 1080 530
7134 6771 699 1080 530
7150 6800 697 1090 520
7163 6822 697 1090 520
7170 6836 697 1090 520
7170 6844 697 1090 520
7176 6844 697 1090 520
7176 6849 697 1090 520
7176 6849 702 1100 520
7176 6849 702 1100 520
7176 6849 703 1100 520
7176 6843 703 1100 520
7176 6843 702 1100 520
7176 6837 700 1100 520
7176 6832 703 1100 520
7176 6823 700 1120 520
7167 6812 705 1120 520
7161 6798 705 1120 520
7154 6782 713 1120 520
7147 6763 722 1120 520
7135 6739 728 1120 520
7120 6711 731 1120 520
7102 6675 733 1120 520
7080 6632 739 1120 520
7056 6582 749 1120 520
7031 6524 749 1100 520
7000 6460 761 1100 520
6971 6396 757 1100 520
6944 6334 773 1100 520
6919 6266 784 1100 520
6894 6193 790 1080 520
6870 6118 791 1080 520
6847 6043 794 1080 520
6828 5959 797 1080 520
6813 5885 794 1070 520
6803 5825 796 1080 530
6797 5773 794 1080 530
6797 5724 796 1080 530
6797 5683 793 1080 530
6808 5648 791 1060 530
6818 5625 790 1060 530
6833 5608 788 1060 530
6848 5595 784 1060 530
6864 5584 777 1060 530
6882 5575 774 1060 530
6900 5575 767 1060 530
6916 5575 765 1060 530
6932 5575 762 1060 530
6946 5575 762 1050 530
6962 5587 760 1050 530
6982 5605 757 1050 530
7002 5622 753 1050 530
7022 5646 763 1050 530
7044 5675 761 1050 530
7067 5711 754 1040 520
7089 5750 749 1040 520
7108 5792 748 1040 520
7125 5828 748 1040 520
7136 5864 748 1040 520
7148 5897 746 1040 520
7154 5926 749 1040 520
7154 5949 749 1060 520
7154 5968 748 1060 520
7154 5983 748 1060 530
7143 5992 749 1060 530
7132 5992 752 1080 530
7121 5997 757 1080 530
7107 5991 755 1080 530
7092 5978 760 1080 530
7073 5955 754 1090 520
7056 5929 757 1090 520
7041 5901 757 1090 520
7027 5870 757 1090 520
7015 5834 757 1090 520
7008 5798 760 1090 520
7003 5764 759 1090 520
7003 5727 760 1090 520
6998 5687 759 1090 520
6998 5648 756 1070 520
6998 5611 756 1070 520
6998 5581 756 1070 520
7012 5546 756 1070 520
7028 5515 756 1060 520
7045 5490 753 1060 520
7063 5471 750 1060 520
7081 5460 750 1040 520
7100 5455 750 1040 520
7125 5455 763 1040 520
7150 5460 763 1030 520
7178 5472 750 1040 530
7208 5489 763 1040 530
7238 5514 750 1040 530
7265 5545 763 1040 530
7294 5580 763 1040 530
7320 5614 761 1040 530
7344 5648 761 1040 530
7370 5683 757 1040 530
7393 5718 754 1040 530
7415 5752 746 1040 540
7431 5780 737 1040 540
7447 5806 728 1040 540
7464 5830 725 1040 540
7474 5851 722 1040 540
7483 5867 721 1060 540
7490 5879 720 1060 540
7495 5886 731 1060 540
7495 5886 731 1070 540
7495 5886 728 1070 550
7495 5886 728 1070 550
7495 5880 730 1070 550
7495 5873 730 1090 550
7495 5862 731 1090 550
7488 5846 731 1090 550
7483 5829 720 1090 550
7483 5813 721 1090 550
7483 5796 725 1090 550
7483 5782 725 1090 550
7483 5771 725 1080 540
7490 5764 722 1080 540
7496 5764 721 1080 540
7501 5764 722 1070 540
7509 5759 721 1070 540
7518 5759 721 1070 540
7529 5759 722 1070 540
7542 5768 724 1070 540
7560 5779 722 1070 540
7578 5793 724 1070 540
7596 5809 725 1070 540
7616 5825 724 1070 540
7638 5841 725 1070 540
7659 5858 722 1070 550
7678 5876 720 1070 550
7695 5891 720 1070 550
7711 5906 720 1070 550
7725 5921 731 1070 550
7737 5932 728 1070 550
7747 5941 727 1070 550
7752 5947 728 1070 550
7752 5952 730 1070 550
7752 5952 731 1090 550
7752 5952 731 1090 550
7752 5952 733 1090 550
7746 5945 720 1090 550
7741 5939 721 1090 550
7734 5928 721 1090 550
7725 5915 724 1100 540
7716 5900 728 1100 540
7707 5882 728 1100 540
7695 5859 731 1100 540
7685 5835 742 1100 540
7676 5809 749 1090 550
7670 5786 749 1090 550
7665 5765 752 1090 550
7660 5741 752 1090 550
7660 5718 752 1090 550
7660 5700 754 1090 550
7660 5684 752 1070 550
7660 5669 751 1070 550
7668 5653 751 1070 550
7668 5640 751 1070 550
7680 5630 751 1070 550
7688 5618 749 1060 550
7697 5612 748 1060 550
7708 5612 751 1060 550
7722 5612 748 1060 550
7737 5612 748 1060 550
7753 5617 748 1050 550
7771 5630 749 1050 550
7793 5646 749 1050 550
7815 5664 749 1050 550
7835 5686 749 1050 550
7858 5709 749 1050 550
7880 5733 749 1050 550
7902 5759 748 1050 550
7919 5784 743 1050 550
7934 5807 740 1050 550
7948 5830 739 1050 550
7965 5853 739 1050 550
7975 5870 736 1050 550
7975 5885 736 1050 550
7983 5897 739 1060 550
7983 5906 739 1060 540
7983 5911 740 1060 540
7983 5911 743 1060 540
7983 5911 749 1060 540
7983 5911 758 1070 540
7983 5911 750 1060 530
7983 5906 756 1060 530
7976 5899 759 1060 530
7976 5892 765 1060 530
7971 5882 770 1060 520
7971 5869 771 1060 520
7962 5857 776 1060 520
7957 5846 779 1060 520
7957 5837 777 1060 520
7957 5830 779 1060 520
7957 5821 779 1060 520
7957 5812 779 1060 520
7963 5803 779 1060 520
7963 5797 777 1060 520
7972 5792 777 1060 520
7977 5792 776 1040 520
7982 5783 773 1040 520
7982 5783 773 1040 520
7989 5783 774 1050 530
7994 5778 773 1050 530
7999 5778 773 1050 530
7999 5778 774 1050 530
8008 5778 773 1050 530
8013 5787 777 1050 530
8020 5795 777 1050 530
8028 5795 779 1040 530
8036 5808 779 1040 530
8042 5821 780 1040 540
8049 5834 780 1040 540
8059 5848 780 1040 540
8070 5863 782 1040 540
8077 5878 780 1040 540
8083 5889 782 1060 540
8089 5898 780 1060 540
8094 5908 782 1060 540
8094 5908 782 1060 540
8099 5916 782 1060 540
8099 5916 784 1060 540
8099 5916 785 1060 540
8099 5916 790 1060 540
8099 5916 796 1060 540
8099 5916 788 1070 540
8099 5916 794 1070 540
8099 5911 799 1070 540
8099 5902 802 1070 540
8091 5891 808 1070 540
8086 5870 818 1070 540
8081 5841 832 1070 540
8081 5806 828 1070 540
8072 5763 839 1070 540
8067 5711 845 1070 540
8054 5656 846 1060 540
8041 5578 848 1060 540
8023 5484 846 1060 540
8002 5375 848 1040 540
7976 5259 849 1040 540
7944 5138 855 1040 540
7907 5009 866 1030 540
7875 4897 861 1030 550
7847 4797 873 1020 550
7828 4710 879 1020 550
7812 4637 882 1000 560
7803 4574 885 1000 560
7797 4538 887 990 560
7797 4517 885 990 560
7792 4506 879 990 560
7792 4506 869 980 570
7792 4506 860 980 570
7798 4506 854 980 570
7807 4525 869 980 570
7819 4558 866 980 570
7837 4602 864 980 570
7859 4656 857 980 570
7883 4719 852 980 570
7909 4789 846 980 570
7939 4868 848 980 570
7973 4946 849 980 570
8008 5022 849 980 570
8040 5085 849 980 570
8071 5139 849 990 570
8104 5191 849 990 560
8136 5228 848 990 560
8164 5256 848 990 560
8190 5270 849 990 560
8217 5281 851 990 560
8245 5287 857 990 560
8273 5287 860 990 560
8300 5292 854 990 560
8328 5292 860 990 560
8355 5292 864 990 560
8380 5292 866 990 560
8404 5292 870 990 560
8424 5300 870 990 560
8442 5307 873 990 570
8459 5315 875 990 570
8472 5324 876 990 570
8484 5338 876 990 570
8497 5356 878 990 570
8509 5376 876 980 570
8523 5396 875 980 570
8535 5415 873 980 580
8545 5428 869 980 580
8554 5440 858 980 580
8564 5447 861 980 580
8576 5452 836 980 580
8589 5452 800 980 580
8604 5452 745 980 580
8622 5452 586 980 580
8642 5457 299 1000 580
8642 5457 0 1000 590
8673 5476 0 1000 590
8673 5506 0 1000 590
8668 5547 0 1000 590
8656 5599 0 1000 590
8640 5655 0 1000 590
8626 5715 0 1000 590
8604 5788 0 1000 590
8576 5867 0 1000 590
8596 5949 0 1000 590
8550 6035 0 1000 590
8461 6118 0 1000 590
8472 6195 0 1000 590
8426 6266 0 1000 590
8341 6333 0 980 580
8238 6385 0 980 570
8170 6426 0 970 560
8124 6447 0 980 540
8077 6462 0 980 530
8034 6462 0 980 520
7999 6445 0 990 510
7980 6422 0 980 500
7970 6391 0 980 490
7970 6354 0 980 490
7970 6354 765 980 480
7993 6304 821 970 460
7966 6297 818 970 450
7960 6306 793 970 430
7969 6306 788 980 430
7991 6315 790 1000 440
8019 6324 782 1010 440
8057 6338 722 1010 440
8101 6358 627 1020 450
8153 6383 496 1030 460
8213 6415 212 1030 470
8213 6415 0 1040 490
8340 6468 0 1050 500
8394 6529 0 1050 510
8443 6569 0 1060 520
8486 6595 0 1060 530
8525 6612 0 1070 540
8560 6626 0 1070 550
8597 6633 0 1070 550
8630 6633 0 1100 550
8661 6624 0 1100 550
8717 6624 0 1100 550
8746 6624 0 1100 550
8756 6624 0 1100 560
8775 6624 0 1100 560
8800 6624 0 1100 560
8830 6624 0 1100 560
8861 6624 0 1120 560
8889 6611 0 1120 560
8915 6595 0 1130 560
8936 6567 0 1130 560
8962 6536 0 1120 550
8996 6498 0 1110 530
9034 6461 0 1100 510
9073 6425 0 1080 500
9114 6379 0 1080 490
9157 6332 0 1050 470
9202 6284 0 1040 460
9247 6228 0 1020 450
9292 6172 0 1010 440
9332 6117 0 1000 440
9371 6060 0 980 430
9409 6003 0 970 430
9443 5949 0 960 420
9475 5898 0 960 420
9510 5848 0 960 420
9541 5797 0 960 420
9566 5747 0 960 420
9587 5702 0 970 430
9610 5661 0 970 430
9627 5627 0 970 440
9640 5602 0 970 440
9579 5584 0 940 450
9567 5572 0 910 470
9587 5560 0 900 470
9587 5549 0 880 480
9587 5537 0 890 490
9578 5528 0 900 490
9569 5528 0 900 500
9557 5523 0 910 510
9543 5523 0 920 510
9528 5523 0 950 520
9512 5531 0 960 520
9496 5540 0 980 530
9486 5556 0 990 530
9476 5576 0 1010 530
9465 5596 0 1040 530
9452 5616 0 1060 540
9440 5637 0 1070 540
9429 5656 0 1080 540
9420 5675 0 1080 540
9411 5693 0 1100 530
9403 5709 0 1090 520
9391 5728 0 1090 520
9380 5748 0 1090 520
9369 5767 0 1100 520
9353 5785 0 1100 520
9337 5802 0 1100 520
9319 5818 0 1100 510
9305 5837 0 1100 510
9291 5855 0 1110 510
9278 5872 0 1110 510
9278 5872 58 1120 520
9278 5872 203 1120 520
9278 5872 284 1120 520
9229 5924 344 1120 520
9217 5930 404 1120 520
9208 5937 467 1120 520
9208 5937 512 1120 520
9202 5943 537 1120 520
9202 5943 553 1120 520
9202 5943 562 1130 520
9210 5943 569 1130 520
9218 5948 591 1130 520
9231 5948 589 1130 520
9245 5948 619 1130 520
9259 5948 622 1130 520
9276 5948 636 1130 520
9294 5948 638 1130 520
9309 5941 641 1130 520
9323 5933 638 1130 520
9340 5921 656 1130 520
9357 5906 661 1130 520
9375 5889 665 1130 520
9390 5870 671 1130 520
9405 5848 667 1140 530
9415 5821 670 1140 530
9422 5795 675 1140 530
9422 5766 685 1140 530
9427 5733 690 1140 530
9427 5689 691 1120 530
9419 5651 693 1120 530
9410 5617 690 1120 530
9400 5570 696 1110 530
9395 5524 705 1110 530
9395 5479 708 1110 530
9395 5443 708 1100 530
9395 5410 707 1100 530
9395 5378 710 1100 530
9405 5349 708 1100 530
9419 5325 710 1080 540
9438 5304 708 1080 540
9460 5286 710 1080 540
9487 5278 708 1070 540
9509 5278 710 1070 540
9529 5283 711 1070 540
9553 5298 711 1070 540
9577 5319 716 1060 540
9599 5348 716 1060 540
9619 5384 717 1060 540
9638 5424 717 1060 550
9658 5474 721 1060 550
9674 5521 722 1060 550
9687 5564 724 1060 550
9701 5605 727 1060 550
9710 5642 727 1060 550
9715 5670 731 1060 550
9715 5694 731 1060 550
9723 5713 724 1060 550
9723 5726 730 1070 550
9723 5736 737 1070 550
9728 5741 743 1070 550
9728 5741 751 1070 550
9728 5741 752 1090 550
9728 5741 754 1090 550
9728 5741 758 1090 550
9728 5741 757 1090 550
9728 5733 755 1100 540
9737 5726 754 1100 540
9742 5717 757 1100 540
9752 5707 757 1100 540
9762 5696 760 1100 540
9774 5686 761 1100 540
9787 5676 763 1100 540
9800 5671 763 1100 540
9815 5671 750 1100 540
9831 5664 756 1100 540
9850 5664 757 1100 540
9871 5675 763 1100 540
9895 5682 770 1100 540
9919 5695 774 1100 540
9943 5713 777 1100 540
9966 5730 788 1090 550
9988 5746 793 1090 550
10010 5762 794 1090 550
10028 5780 783 1090 550
10047 5796 784 1080 540
10060 5809 787 1080 540
10068 5820 787 1080 540
10077 5828 790 1080 540
10077 5828 790 1080 540
10077 5834 791 1080 540
10077 5834 794 1080 530
10077 5834 796 1080 530
10077 5834 800 1090 520
10077 5834 811 1090 520
10077 5834 820 1090 520
10072 5829 823 1090 520
10065 5823 827 1090 520
10054 5813 827 1080 520
10038 5800 832 1080 520
10017 5781 830 1080 520
9993 5761 827 1080 520
9964 5736 827 1090 520
9933 5709 829 1090 520
9901 5682 830 1090 520
9877 5652 830 1090 520
9851 5619 832 1090 520
9824 5580 832 1090 520
9806 5537 832 1090 520
9791 5498 817 1100 530
9779 5463 832 1080 540
9770 5421 832 1080 540
9765 5392 830 1080 540
9765 5372 826 1080 540
9765 5372 824 1080 540
9771 5366 820 1070 540
9780 5366 820 1070 540
9791 5366 821 1070 550
9803 5366 823 1070 550
9819 5379 826 1060 550
9837 5395 824 1060 550
9861 5428 823 1060 550
9889 5465 826 1060 550
9917 5506 823 1060 550
9943 5550 821 1060 550
9968 5592 821 1060 550
9988 5631 818 1060 550
10005 5666 820 1060 550
10021 5699 818 1060 540
10031 5727 818 1060 540
10042 5752 817 1070 540
10048 5771 817 1070 540
10048 5784 818 1070 540
10048 5784 818 1070 540
10048 5784 821 1070 540
10048 5784 823 1080 540
10048 5784 827 1080 530
10048 5779 830 1080 530
10042 5768 830 1090 520
10037 5751 832 1090 520
10030 5722 817 1090 520
10022 5686 817 1090 520
10022 5655 821 1080 520
10015 5625 825 1080 520
10015 5595 825 1080 520
10015 5558 827 1080 520
10024 5524 825 1080 520
10030 5497 825 1080 520
10039 5475 828 1080 520
10048 5457 828 1070 520
10062 5438 827 1070 520
10078 5419 825 1070 520
10094 5409 828 1080 530
10115 5402 827 1060 530
10138 5397 825 1060 530
10161 5397 825 1060 530
10184 5403 827 1060 530
10208 5416 828 1050 530
10233 5435 828 1050 530
10259 5459 833 1050 530
10284 5485 833 1060 540
10308 5514 831 1060 540
10327 5546 833 1060 540
10343 5566 834 1060 540
10358 5584 833 1060 540
10368 5592 833 1060 540
10374 5592 834 1060 540
10379 5592 836 1060 540
10384 5586 845 1060 550
10384 5586 861 1070 550
10398 5570 861 1070 550
10408 5556 875 1070 550
10419 5540 896 1070 550
10425 5524 894 1070 550
10425 5511 908 1070 550
10436 5496 915 1070 550
10443 5490 918 1070 550
10448 5490 920 1070 550
10454 5490 921 1070 550
10459 5490 924 1070 550
10464 5490 924 1070 550
10469 5490 929 1070 550
10474 5490 932 1070 550
10481 5490 933 1080 560
10481 5490 933 1080 560
10492 5490 933 1080 560
10497 5490 932 1080 560
10503 5490 932 1080 560
10503 5490 930 1080 560
10517 5490 914 1080 560
10531 5490 893 1080 560
10548 5485 817 1080 560
10570 5485 659 1080 560
10600 5485 343 1070 560
10600 5485 0 1070 560
10660 5505 0 1070 570
10683 5531 0 1070 570
10702 5565 0 1070 570
10709 5608 0 1070 570
10719 5654 0 1090 570
10730 5703 0 1090 570
10780 5767 0 1090 570
10809 5848 0 1090 570
10823 5940 0 1090 570
10858 6052 0 1090 570
10902 6144 0 1090 570
10951 6223 0 1090 570
11062 6373 0 1090 570
11144 6430 0 1090 570
11207 6425 0 1090 570
11207 6425 0 1090 570
11207 6425 0 1090 570
11207 6425 -1 0 0
11258 6380 -1 0 0
11310 6336 -1 0 0
11361 6292 -1 0 0
11413 6248 -1 0 0
11465 6204 -1 0 0
11516 6160 -1 0 0
11568 6116 -1 0 0
11619 6072 -1 0 0
11671 6028 -1 0 0
11723 5984 -1 0 0
11774 5940 -1 0 0
11826 5896 -1 0 0
11877 5852 -1 0 0
11929 5808 -1 0 0
11981 5764 -1 0 0
12032 5720 -1 0 0
12084 5676 -1 0 0
12136 5632 0 0 900
12136 5632 0 1350 890
12136 5632 0 1350 860
12121 5639 0 1350 830
12095 5652 0 1350 800
12060 5671 0 1350 800
12023 5689 0 1350 800
11984 5706 0 1350 800
11944 5723 0 1350 800
11900 5740 0 1350 800
11852 5758 0 1310 790
11802 5778 0 1280 790
11756 5800 0 1290 770
11717 5829 0 1270 750
11680 5862 0 1250 730
11649 5909 0 1260 720
11618 5962 0 1250 700
11593 6020 0 1240 670
11573 6074 0 1230 650
11552 6126 0 1220 630
11529 6174 0 1230 620
11506 6219 0 1200 600
11485 6263 0 1210 590
11468 6302 0 1190 580
11454 6337 0 1180 560
11441 6367 0 1170 550
11479 6392 0 1160 530
11469 6415 0 1160 530
11426 6438 0 1150 520
11434 6425 0 1140 530
11444 6446 0 1130 520
11455 6489 0 1120 520
11470 6504 0 1110 530
11487 6518 0 1110 530
11506 6528 0 1110 530
11531 6541 0 1110 530
11558 6556 0 1120 540
11587 6567 0 1120 540
11618 6578 0 1130 540
11650 6585 0 1130 540
11650 6585 22 1140 550
11715 6598 93 1140 550
11743 6607 134 1150 540
11769 6617 170 1160 550
11797 6625 210 1160 550
11823 6633 253 1160 550
11848 6641 289 1160 550
11871 6646 325 1160 550
11894 6653 358 1160 550
11917 6662 407 1160 550
11936 6669 452 1170 550
11958 6676 494 1170 550
11979 6682 536 1170 550
11994 6689 580 1170 550
12006 6694 611 1170 550
12018 6694 638 1170 550
12028 6702 667 1170 550
12036 6702 679 1170 550
12047 6713 700 1170 550
12055 6722 707 1170 550
12061 6722 733 1170 550
12061 6729 749 1170 550
12061 6735 770 1170 550
12069 6735 791 1190 540
12069 6743 830 1190 540
12069 6743 858 1190 540
12069 6748 878 1190 540
12069 6748 893 1190 540
12069 6748 912 1190 540
12062 6748 929 1190 540
12055 6748 944 1190 540
12044 6748 947 1190 540
12030 6748 944 1180 540
12007 6742 941 1180 540
11975 6728 942 1180 540
11937 6708 941 1180 540
11903 6685 939 1190 540
11866 6653 941 1200 540
11826 6614 941 1200 540
11784 6565 942 1200 540
11739 6516 941 1200 540
11693 6465 939 1200 540
11648 6415 938 1200 540
11604 6366 932 1200 540
11562 6318 926 1200 540
11520 6272 923 1190 540
11485 6241 921 1190 540
11469 6220 912 1190 540
11469 6209 892 1190 540
11469 6203 888 1190 540
11469 6203 872 1190 540
11469 6198 861 1190 540
11480 6198 858 1190 540
11493 6198 858 1190 540
11514 6198 858 1190 540
11542 6198 860 1190 540
11575 6207 860 1190 540
11612 6215 858 1190 540
11648 6227 855 1190 540
11677 6241 860 1190 540
11703 6253 858 1190 540
11726 6265 860 1190 540
11742 6275 860 1190 540
11754 6282 858 1190 540
11754 6282 860 1190 540
11754 6287 861 1190 540
11754 6287 864 1190 540
11748 6287 867 1190 540
11735 6279 870 1190 540
11717 6269 870 1190 540
11690 6254 866 1190 540
11654 6233 864 1190 540
11612 6205 866 1190 540
11570 6175 867 1190 540
11527 6135 870 1190 540
11485 6088 870 1190 540
11446 6044 869 1190 540
11408 5999 870 1190 540
11374 5953 869 1190 540
11343 5913 869 1190 540
11318 5877 869 1190 540
11298 5847 869 1190 540
11283 5817 869 1190 540
11268 5787 870 1180 540
11255 5752 866 1180 540
11248 5722 867 1180 540
11248 5698 864 1180 540
11248 5677 857 1180 540
11248 5659 861 1180 540
11255 5641 836 1170 530
11262 5625 821 1170 530
11270 5617 830 1170 530
11281 5617 827 1160 530
11293 5617 824 1160 530
11307 5617 821 1160 530
11322 5617 820 1160 530
11340 5623 820 1160 530
11358 5635 818 1160 530
11379 5650 812 1160 530
11401 5670 811 1160 530
11424 5689 809 1160 530
11443 5708 808 1160 530
11460 5724 806 1140 530
11475 5737 806 1140 530
11488 5748 806 1140 530
11499 5755 806 1140 530
11510 5760 805 1150 540
11516 5766 802 1150 540
11516 5766 803 1150 540
11516 5766 806 1150 540
11516 5766 808 1150 540
11516 5758 811 1150 540
11507 5748 814 1150 540
11498 5734 823 1150 540
11486 5716 830 1150 540
11474 5695 817 1150 540
11461 5674 819 1150 540
11449 5653 822 1150 540
11437 5632 827 1150 540
11431 5618 827 1150 540
11431 5607 827 1150 540
11431 5596 825 1150 540
11436 5586 825 1150 540
11441 5578 824 1150 540
11447 5571 825 1150 540
11455 5565 825 1150 540
11469 5560 825 1150 540
11484 5555 827 1150 540
11506 5555 828 1150 540
11529 5555 828 1150 540
11551 5555 828 1150 540
11575 5565 828 1150 540
11600 5578 830 1150 540
11628 5595 828 1150 540
11654 5611 828 1150 540
11679 5630 830 1150 540
11702 5651 831 1150 540
11724 5670 831 1140 550
11744 5688 831 1140 550
11764 5705 831 1140 550
11785 5720 833 1150 550
11801 5733 831 1150 550
11813 5745 833 1150 550
11827 5755 833 1150 550
11837 5763 834 1150 550
11845 5770 834 1150 550
11858 5778 836 1150 550
11868 5786 837 1150 550
11875 5795 837 1150 550
11884 5800 836 1150 550
11890 5806 836 1150 550
11890 5811 837 1150 550
11899 5816 837 1150 550
11905 5821 839 1150 550
11912 5826 837 1150 550
11917 5826 837 1150 550
11922 5833 837 1150 550
11922 5833 839 1150 550
11922 5833 840 1150 550
11922 5833 846 1150 550
11922 5833 855 1150 550
11922 5833 866 1150 550
11922 5833 853 1150 550
11922 5833 857 1150 550
11922 5833 860 1150 550
11917 5833 861 1140 550
11917 5827 861 1140 550
11911 5827 863 1140 550
11911 5827 863 1140 550
11911 5820 864 1140 550
11911 5820 864 1140 550
11906 5813 863 1140 550
11906 5808 861 1140 550
11906 5808 863 1140 550
11901 5799 863 1140 550
11901 5799 864 1140 550
11901 5792 866 1150 540
11901 5785 864 1150 540
11894 5776 867 1150 540
11889 5765 870 1150 540
11884 5751 876 1150 540
11884 5738 885 1150 540
11874 5724 896 1150 540
11868 5709 905 1150 540
11859 5695 908 1150 540
11849 5679 893 1150 540
11838 5660 897 1150 540
11826 5639 900 1140 550
11814 5616 900 1140 550
11801 5594 905 1140 550
11788 5566 905 1140 550
11776 5531 905 1140 550
11766 5499 905 1140 550
11757 5471 902 1140 550
11757 5448 903 1140 550
11751 5423 903 1140 550
11751 5392 902 1140 550
11751 5360 903 1140 550
11751 5330 902 1140 550
11760 5312 900 1140 550
11768 5301 900 1140 550
11778 5290 900 1120 550
11790 5278 900 1120 550
11804 5272 902 1120 550
11818 5272 902 1120 550
11832 5272 903 1120 550
11850 5277 902 1120 550
11868 5283 906 1120 550
11884 5291 908 1120 550
11898 5298 908 1120 550
11916 5304 906 1120 550
11931 5309 906 1110 550
11942 5309 905 1110 550
11951 5316 906 1110 550
11961 5316 905 1110 550
11976 5321 906 1110 550
11990 5321 906 1110 550
12003 5330 905 1120 560
12014 5335 908 1120 560
12027 5345 906 1120 560
12044 5358 908 1120 560
12062 5373 908 1120 560
12081 5391 909 1120 560
12100 5412 908 1100 560
12122 5426 908 1100 560
12135 5439 908 1100 560
12142 5450 908 1100 560
12149 5457 908 1100 560
12154 5462 909 1100 560
12154 5462 909 1100 560
12154 5462 909 1100 560
12154 5462 909 1100 560
12154 5462 909 1100 560
12154 5462 911 1100 560
12154 5462 909 1100 560
12154 5462 911 1100 560
12154 5462 912 1100 560
12154 5467 911 1100 560
12154 5467 912 1100 560
12154 5467 912 1100 560
12154 5467 912 1100 560
12154 5467 909 1100 560
12154 5467 909 1120 560
12154 5467 909 1100 560
12154 5467 909 1100 560
12154 5467 909 1100 560
12159 5473 909 1100 560
12159 5479 911 1100 560
12159 5486 911 1100 560
12164 5493 912 1100 560
12164 5500 911 1100 560
12164 5509 911 1100 560
12164 5509 912 1100 560
12164 5515 909 1100 560
12171 5520 911 1100 560
12171 5520 911 1100 560
12176 5528 909 1100 560
12176 5538 909 1100 560
12183 5548 909 1120 560
12183 5558 911 1120 560
12192 5567 911 1120 560
12197 5575 911 1120 560
12202 5586 909 1120 560
12209 5599 909 1120 560
12209 5609 909 1120 560
12215 5617 909 1120 560
12215 5622 911 1120 560
12221 5622 909 1120 560
12221 5628 909 1120 560
12221 5628 909 1120 560
12226 5628 911 1120 560
12226 5628 912 1120 560
12226 5636 912 1120 560
12233 5642 912 1120 560
12233 5648 914 1120 560
12233 5653 912 1120 560
12239 5658 915 1120 560
12239 5658 914 1120 560
12245 5667 915 1120 560
12245 5672 917 1120 560
12245 5679 914 1120 560
12250 5679 918 1120 560
12250 5685 917 1120 560
12250 5685 917 1120 560
12250 5685 917 1120 560
12250 5690 918 1120 560
12250 5690 917 1120 560
12255 5690 917 1120 560
12255 5690 918 1120 560
12255 5690 921 1120 560
12255 5690 920 1120 560
12255 5690 920 1120 560
12255 5690 923 1120 560
12255 5690 923 1120 560
12255 5690 921 1120 560
12255 5690 926 1120 560
12255 5690 926 1120 560
12255 5690 930 1120 560
12255 5685 933 1120 560
12255 5685 939 1120 560
12255 5676 944 1130 560
12255 5663 947 1130 560
12255 5641 938 1130 560
12255 5613 953 1130 560
12255 5567 964 1130 560
12255 5509 970 1130 560
12248 5429 974 1130 560
12233 5344 971 1130 560
12214 5239 973 1120 560
12192 5122 973 1120 560
12168 4989 971 1120 560
12139 4854 974 1120 560
12106 4739 977 1100 560
12062 4639 977 1100 560
12023 4558 980 1100 560
11994 4496 983 1090 570
11975 4446 982 1090 570
11964 4415 982 1090 570
11959 4392 979 1070 570
11959 4374 974 1070 570
11954 4374 965 1060 570
11954 4374 953 1060 570
11954 4381 944 1040 570
11966 4411 937 1040 570
11980 4467 937 1040 570
12004 4540 951 1040 570
12029 4624 945 1040 570
12052 4708 945 1030 570
12079 4793 944 1030 570
12107 4896 944 1030 570
12136 5004 950 1030 570
12172 5115 934 1030 570
12209 5208 934 1030 570
12246 5297 947 1040 570
12279 5364 959 1040 570
12310 5419 973 1040 570
12339 5467 989 1040 570
12361 5495 992 1060 570
12377 5510 995 1060 570
12383 5510 978 1060 570
12383 5510 981 1070 570
12383 5504 988 1070 570
12388 5504 993 1070 570
12388 5499 1003 1090 570
12388 5493 1015 1090 570
12388 5484 1023 1090 570
12394 5473 1023 1100 560
12394 5456 1023 1100 560
12394 5427 1023 1100 560
12381 5389 1023 1100 560
12356 5347 1023 1120 560
12322 5284 1023 1120 560
12280 5216 1023 1120 560
12230 5149 1023 1120 560
12175 5084 1023 1120 560
12122 5019 1023 1120 560
12074 4973 1023 1120 560
12032 4940 1023 1120 560
11995 4915 1023 1120 560
11963 4898 997 1100 560
11938 4887 906 1100 560
11919 4887 688 1100 560
