141
4275 6263 1290 440 237
4284 6216 1290 440 277
4271 6222 1300 450 294
4290 6243 1300 450 351
4353 6275 1310 450 386
4446 6359 1310 450 391
4575 6483 1330 450 399
4710 6634 1330 450 399
4850 6775 1330 450 397
4952 6929 1340 460 396
5025 7093 1340 460 366
5078 7233 1350 450 361
5078 7355 1350 450 364
5047 7465 1360 460 377
4986 7540 1360 460 399
4915 7546 1360 460 409
4822 7506 1360 460 415
4714 7367 1370 460 443
4579 7151 1380 460 458
4462 6883 1380 460 478
4356 6565 1370 460 489
4261 6154 1360 460 504
4190 5682 1360 460 514
4134 5255 1350 460 517
4092 4820 1330 460 517
4047 4379 1320 470 514
3999 4009 1280 470 512
3978 3762 1270 480 478
3990 3596 1240 480 384
4024 3543 1230 480 249
4038 3543 1210 490 63
4348 5251 1270 440 463
4234 5059 1260 440 473
4211 5049 1270 450 465
4196 5049 1260 460 465
4250 5061 1260 460 469
4348 5123 1270 460 465
4476 5221 1270 460 504
4716 5407 1280 470 537
5025 5584 1300 480 544
5381 5755 1300 480 543
5726 5867 1310 480 517
5985 5978 1330 480 417
6187 6056 1340 490 165
5405 6529 1380 480 507
5405 6529 1370 470 492
5352 6576 1370 470 493
5342 6523 1360 470 498
5352 6399 1370 460 489
5328 6228 1370 460 499
5305 5993 1370 470 507
5282 5665 1370 470 517
5259 5275 1370 470 522
5204 4905 1360 480 515
5154 4595 1350 490 516
5141 4324 1330 500 515
5150 4165 1320 500 458
5187 4070 1300 510 299
5846 4730 1260 500 277
5873 4697 1260 500 322
5839 4710 1260 500 366
5788 4705 1250 500 398
5776 4687 1250 500 420
5784 4677 1250 500 450
5804 4694 1240 490 485
5870 4728 1240 490 522
5968 4840 1240 490 519
6086 4996 1240 490 527
6197 5182 1250 480 527
6276 5322 1260 490 533
6333 5457 1260 490 535
6345 5548 1260 490 535
6328 5612 1270 490 533
6292 5653 1280 490 527
6238 5653 1280 490 521
6170 5626 1280 490 519
6092 5535 1290 490 519
6025 5361 1290 490 521
5977 5131 1290 490 521
5942 4914 1280 490 516
5928 4695 1270 490 524
5953 4561 1270 490 527
6005 4485 1260 490 535
6102 4457 1260 490 538
6238 4493 1260 490 544
6401 4573 1260 490 538
6574 4717 1260 500 518
6751 4884 1260 500 512
6888 5066 1260 500 504
6997 5201 1270 510 504
7062 5297 1270 510 504
7094 5366 1290 510 519
7103 5378 1290 510 520
7094 5355 1290 510 529
7078 5310 1290 510 540
7057 5203 1300 510 536
7040 5091 1320 510 536
7026 4971 1320 510 536
7039 4886 1320 510 546
7070 4823 1330 520 544
7111 4823 1330 520 532
7167 4877 1330 520 516
7234 4970 1330 520 513
7314 5071 1340 520 513
7386 5170 1340 520 521
7453 5235 1340 520 533
7491 5279 1330 530 544
7514 5291 1330 530 540
7526 5280 1330 530 543
7540 5254 1330 530 550
7552 5196 1330 530 553
7562 5135 1340 540 569
7581 5067 1340 540 585
7625 5018 1340 540 614
7685 4980 1340 540 636
7773 4951 1340 540 641
7885 4958 1340 540 658
8014 4990 1350 540 670
8169 5091 1350 540 662
8353 5258 1350 540 663
8555 5469 1360 550 661
8702 5655 1360 550 650
8774 5773 1360 550 650
8796 5846 1380 550 649
8765 5883 1380 550 644
8726 5897 1380 550 646
8681 5897 1400 550 643
8629 5866 1400 550 640
8574 5828 1400 550 643
8518 5779 1410 550 646
8462 5696 1410 550 649
8385 5591 1400 550 653
8293 5404 1400 550 658
8200 5175 1400 550 676
8166 4918 1390 560 696
8171 4721 1390 560 722
8289 4669 1390 560 745
8542 4714 1380 570 760
8885 4878 1380 570 785
9303 5120 1390 570 809
9793 5415 1390 570 670