117
4050 6899 1320 500 34
4041 6822 1320 500 372
4033 6871 1340 500 368
4026 6968 1340 500 335
4060 7036 1360 500 322
4096 7124 1360 500 322
4138 7226 1380 500 322
4184 7374 1400 510 322
4206 7529 1410 510 325
4213 7689 1420 500 332
4206 7795 1430 510 330
4170 7854 1430 510 332
4115 7881 1430 510 325
4046 7876 1440 500 342
3965 7823 1440 500 371
3876 7739 1440 500 444
3814 7567 1450 500 483
3756 7252 1450 500 489
3708 6841 1440 500 498
3684 6337 1440 500 488
3676 5828 1430 510 491
3703 5433 1420 520 489
3709 5115 1410 520 509
3702 4926 1390 540 521
3650 4777 1360 550 526
3596 4655 1350 550 469
3541 4566 1310 560 297
3693 5795 1300 550 382
4054 6094 1310 550 394
4216 6252 1330 540 341
4416 6399 1340 540 276
4585 6496 1340 540 212
4733 6562 1350 540 25
5020 7203 1440 560 435
5020 7203 1450 550 418
5003 7158 1460 540 418
4960 7107 1450 540 439
4899 6964 1450 540 497
4822 6764 1450 540 546
4739 6525 1430 530 553
4653 6252 1420 540 562
4623 6024 1410 530 539
4641 5825 1400 540 491
4692 5709 1370 540 418
4764 5632 1360 550 251
5194 6040 1310 570 491
5219 5997 1320 570 468
5232 6026 1340 560 464
5285 6044 1340 560 481
5363 6094 1340 560 520
5447 6165 1350 550 540
5521 6229 1350 550 544
5589 6294 1360 560 539
5662 6374 1360 560 543
5727 6463 1380 550 536
5786 6561 1380 550 540
5808 6633 1360 560 543
5803 6689 1360 560 533
5781 6716 1360 560 527
5731 6737 1360 560 526
5668 6726 1360 560 533
5596 6696 1380 550 546
5535 6621 1380 550 564
5478 6481 1380 550 583
5431 6298 1380 550 591
5415 6134 1380 550 597
5415 6016 1390 550 595
5472 5929 1370 540 594
5555 5868 1370 540 577
5656 5850 1370 540 544
5781 5860 1370 540 473
5892 5911 1370 540 305
6336 6698 1380 570 307
6336 6698 1380 570 362
6304 6678 1360 570 374
6284 6647 1360 570 431
6262 6585 1360 570 519
6236 6480 1360 570 562
6208 6364 1360 570 566
6208 6242 1360 570 578
6223 6152 1380 570 588
6253 6084 1380 570 595
6283 6031 1390 560 595
6310 6001 1380 550 595
6335 5990 1380 550 584
6363 5990 1380 550 560
6392 6016 1380 550 543
6453 6074 1380 550 543
6515 6155 1380 550 543
6576 6202 1380 550 546
6610 6211 1380 550 559
6628 6195 1390 560 592
6653 6168 1390 560 610
6682 6122 1390 560 625
6718 6063 1390 560 639
6789 6018 1390 560 638
6881 6001 1390 560 649
6991 6001 1390 560 652
7102 6038 1390 560 656
7214 6091 1400 560 649
7300 6155 1400 560 647
7370 6242 1400 560 628
7410 6337 1400 560 633
7404 6437 1420 570 636
7367 6475 1420 570 640
7306 6475 1420 570 670
7248 6455 1420 570 699
7197 6378 1400 560 727
7170 6284 1400 560 755
7158 6179 1400 560 784
7206 6097 1400 560 827
7340 6036 1400 560 860
7530 5990 1380 570 864
7812 5961 1380 570 870
8141 5961 1380 570 869
8501 5976 1390 570 734
8856 5991 1390 570 366