125
4645 7688 1430 480 220
4591 7484 1420 480 275
4548 7469 1410 490 307
4542 7514 1400 500 307
4542 7514 1400 500 302
4542 7533 1380 500 309
4589 7562 1380 500 304
4656 7660 1380 500 307
4770 7775 1400 510 307
4844 7902 1400 510 312
4892 8006 1400 510 314
4906 8079 1420 500 320
4906 8132 1430 510 327
4889 8171 1450 510 332
4854 8181 1450 510 340
4788 8172 1480 500 348
4702 8103 1480 500 386
4598 7964 1480 500 418
4497 7778 1480 500 440
4439 7542 1460 500 455
4408 7231 1450 500 471
4344 6870 1440 500 464
4344 6502 1430 500 473
4376 6131 1420 500 474
4414 5831 1400 510 464
4446 5581 1370 520 465
4446 5407 1360 520 452
4429 5263 1330 530 391
4393 5139 1300 540 235
4060 5754 1250 540 339
4177 5980 1240 530 366
4231 6077 1270 530 366
4280 6179 1280 530 364
4407 6274 1290 520 366
4559 6388 1300 530 364
4727 6516 1300 530 359
4879 6621 1330 530 301
4993 6720 1340 540 143
5269 7306 1370 540 94
5302 7419 1390 540 252
5284 7466 1400 540 327
5268 7488 1410 530 359
5255 7493 1410 530 362
5247 7485 1410 530 400
5214 7429 1410 530 443
5165 7341 1410 530 469
5102 7176 1410 530 472
5041 6949 1410 530 473
4981 6681 1410 530 481
4953 6448 1390 540 488
4953 6256 1390 540 466
4980 6091 1390 540 397
5025 5979 1360 540 277
5081 5893 1350 540 86
5465 6177 1310 560 339
5488 6142 1310 560 409
5488 6130 1320 550 392
5472 6130 1320 550 397
5492 6138 1320 550 435
5537 6179 1340 550 480
5598 6242 1340 550 488
5682 6318 1340 550 496
5767 6391 1340 550 504
5836 6470 1350 550 507
5895 6554 1350 550 514
5925 6625 1350 550 513
5931 6676 1350 550 524
5921 6715 1350 550 537
5896 6734 1350 550 535
5856 6734 1350 550 538
5807 6726 1360 550 540
5759 6686 1360 550 543
5715 6612 1360 550 543
5679 6516 1360 550 546
5669 6404 1360 550 544
5677 6316 1360 550 489
5714 6243 1350 540 397
5780 6203 1350 540 241
5864 6203 1340 550 85
6303 6719 1340 570 272
6377 6804 1340 570 349
6377 6813 1340 570 358
6371 6813 1340 570 358
6366 6813 1340 570 415
6346 6762 1350 570 468
6315 6685 1350 570 496
6285 6564 1360 560 522
6278 6440 1360 560 521
6287 6313 1360 560 526
6331 6239 1360 560 532
6392 6198 1350 550 535
6465 6178 1350 550 521
6543 6191 1350 550 505
6622 6234 1340 560 453
6690 6298 1340 560 393
6750 6370 1340 560 282
6780 6444 1340 560 252
6793 6519 1340 560 287
6793 6550 1350 570 304
6793 6556 1360 560 320
6793 6545 1360 560 396
6806 6520 1360 560 436
6822 6480 1360 560 478
6855 6429 1360 560 504
6899 6401 1360 560 532
6952 6392 1360 560 542
7029 6392 1360 560 570
7122 6437 1360 560 567
7257 6498 1360 560 577
7395 6573 1360 560 580
7489 6642 1360 560 584
7551 6707 1380 570 578
7569 6763 1380 570 595
7558 6812 1380 570 585
7527 6828 1380 570 603
7478 6822 1380 570 641
7432 6787 1380 570 667
7387 6736 1380 570 675
7387 6674 1380 570 690
7422 6604 1380 570 697
7481 6537 1380 570 699
7618 6494 1380 570 707
7821 6466 1380 570 710
8068 6466 1380 570 667
8357 6466 1390 570 410