204
4421 6385 34 1290 440
4421 6345 191 1290 440
4416 6361 254 1300 450
4407 6377 279 1310 450
4407 6392 307 1310 450
4421 6430 339 1320 460
4452 6483 348 1330 450
4496 6567 362 1330 450
4554 6657 374 1330 450
4607 6750 379 1330 450
4656 6819 384 1330 450
4674 6883 394 1340 450
4666 6940 399 1340 450
4641 6977 399 1350 450
4601 7000 391 1360 460
4540 6985 386 1360 460
4465 6898 393 1360 460
4360 6764 393 1360 460
4228 6560 391 1360 460
4078 6285 399 1360 460
3925 5963 422 1360 460
3775 5649 449 1350 460
3632 5353 493 1340 460
3487 5070 518 1320 460
3428 4863 533 1320 460
3428 4744 540 1300 460
3478 4684 546 1290 460
3582 4674 542 1270 460
3721 4728 505 1260 470
3861 4824 420 1260 470
4002 4962 314 1260 470
4144 5085 149 1260 470
4259 5498 369 1230 450
4093 5410 394 1230 450
4038 5428 394 1230 450
4030 5434 394 1240 460
4054 5443 398 1240 460
4114 5484 398 1240 460
4215 5546 389 1250 460
4343 5614 394 1250 460
4500 5677 392 1250 460
4659 5736 394 1270 460
4817 5764 394 1270 460
4926 5753 397 1280 470
5005 5715 402 1280 470
5054 5631 410 1300 480
5054 5478 412 1310 480
5031 5280 418 1310 480
4973 5107 418 1300 500
4907 4932 417 1300 500
4835 4755 448 1300 500
4761 4615 455 1290 500
4692 4500 455 1290 500
4668 4424 452 1280 500
4673 4392 430 1270 500
4707 4392 391 1260 500
4777 4419 306 1260 500
4872 4489 184 1260 500
5852 5436 190 1340 510
5852 5387 247 1340 510
5812 5365 279 1340 510
5757 5345 316 1340 510
5722 5317 346 1330 520
5711 5294 379 1330 520
5716 5299 389 1330 520
5756 5319 399 1330 520
5829 5364 397 1340 520
5923 5447 400 1340 520
6032 5556 392 1340 520
6144 5652 387 1340 520
6262 5749 371 1340 520
6360 5847 373 1340 520
6444 5951 361 1340 520
6506 6057 359 1360 520
6534 6133 361 1360 520
6534 6174 366 1370 520
6499 6192 361 1370 520
6456 6192 364 1380 510
6409 6144 369 1380 510
6268 6074 364 1380 510
6151 5961 384 1400 510
6050 5830 404 1400 510
5965 5688 446 1380 510
5916 5566 465 1380 510
5891 5443 480 1370 520
5907 5353 488 1370 520
5959 5285 498 1360 520
6036 5244 493 1350 530
6138 5234 490 1350 530
6261 5244 477 1340 540
6397 5302 465 1350 540
6546 5413 443 1340 550
6710 5560 427 1340 550
6884 5716 427 1340 550
7021 5869 428 1340 550
7145 6020 453 1350 550
7260 6114 453 1350 550
7369 6183 443 1360 550
7447 6236 443 1380 550
7505 6254 442 1390 550
7541 6254 442 1390 550
7567 6244 447 1400 540
7585 6210 453 1410 550
7594 6170 456 1420 540
7603 6122 456 1420 540
7612 6075 461 1420 540
7641 6048 473 1410 530
7689 6033 481 1410 530
7749 6033 490 1410 530
7821 6046 493 1400 540
7895 6064 491 1400 540
7970 6094 493 1400 540
8042 6127 493 1410 550
8114 6163 496 1410 550
8184 6202 491 1410 550
8257 6236 491 1410 550
8335 6261 491 1400 550
8414 6282 496 1400 550
8492 6303 496 1400 550
8576 6331 498 1400 550
8668 6366 496 1400 550
8769 6405 485 1400 550
8880 6476 461 1410 560
8996 6567 449 1410 560
9107 6672 448 1410 560
9208 6764 448 1410 560
9303 6855 447 1410 560
9394 6939 473 1430 560
9482 7017 491 1430 560
9567 7089 512 1430 560
9663 7157 516 1430 560
9764 7222 521 1430 560
9865 7279 519 1440 560
9965 7328 518 1440 560
10039 7358 517 1440 560
10083 7375 504 1440 560
10108 7367 505 1440 560
10120 7355 504 1440 560
10129 7334 509 1430 560
10135 7305 520 1430 560
10141 7270 521 1430 560
10146 7230 527 1430 560
10140 7166 529 1430 560
10127 7088 533 1430 560
10088 6957 535 1430 560
10025 6777 538 1430 560
9945 6564 538 1430 560
9846 6308 540 1420 570
9749 6050 543 1420 570
9656 5788 536 1420 570
9563 5524 540 1420 580
9465 5232 545 1410 590
9364 4956 554 1390 600
9252 4690 561 1390 600
9134 4427 564 1380 600
9013 4101 570 1380 600
8855 3734 557 1360 610
8678 3367 544 1350 620
8488 2994 519 1350 620
8281 2616 512 1330 620
8086 2308 509 1330 620
7900 2028 512 1350 630
7714 1766 517 1330 630
7550 1561 522 1330 630
7401 1429 524 1320 640
7250 1345 544 1300 650
7102 1301 553 1280 650
6971 1301 569 1240 660
6851 1320 584 1220 670
6753 1407 591 1200 670
6719 1560 595 1180 680
6727 1758 592 1180 680
6842 2004 602 1190 660
7028 2287 595 1210 660
7262 2594 594 1230 650
7553 2931 578 1270 640
7854 3272 562 1270 630
8161 3616 546 1300 620
8467 3972 538 1330 620
8760 4305 543 1350 620
9037 4623 567 1360 610
9307 4888 600 1380 600
9574 5121 627 1380 600
9831 5332 640 1380 600
10080 5521 650 1390 600
10304 5668 646 1390 600
10540 5787 633 1390 600
10784 5899 569 1410 590
10965 5955 468 1410 590
11091 5974 423 1420 590
11179 5932 364 1420 590
11201 5861 369 1450 590
11190 5772 391 1450 590
11156 5708 452 1460 600
11133 5658 490 1470 610
11112 5618 496 1470 610
11098 5577 509 1480 610
11087 5542 507 1470 620
11098 5510 519 1470 620
11124 5478 524 1460 630
11197 5445 546 1460 630
11332 5411 543 1460 630
11509 5387 538 1460 630
11695 5371 400 1470 620