144
3262 4798 254 1220 460
3274 4705 284 1220 470
3230 4727 276 1220 470
3152 4787 285 1240 480
3169 4832 285 1240 480
3218 4913 276 1260 480
3288 5018 291 1270 480
3360 5196 309 1280 480
3411 5360 304 1310 480
3448 5515 307 1310 480
3467 5644 307 1310 480
3461 5734 315 1320 480
3438 5799 319 1320 480
3387 5822 320 1320 480
3288 5794 324 1330 470
3158 5733 336 1330 470
2977 5595 382 1330 470
2801 5375 425 1340 470
2645 5100 456 1340 470
2499 4753 478 1330 470
2408 4406 488 1330 470
2375 4022 488 1310 470
2380 3615 489 1300 480
2442 3351 491 1280 480
2552 3163 474 1270 490
2694 3025 423 1250 500
2837 2968 339 1240 500
2981 2963 216 1220 500
3098 2992 1 1200 500
2953 3588 254 1170 510
2832 3698 299 1160 500
2795 3771 311 1170 500
2817 3860 316 1180 490
2877 3931 314 1190 490
2983 4010 317 1190 490
3111 4092 319 1220 500
3253 4173 345 1230 490
3373 4225 349 1230 490
3472 4245 353 1240 490
3556 4245 364 1250 500
3602 4198 435 1250 500
3616 4088 477 1250 500
3608 3935 504 1250 500
3575 3692 533 1250 500
3544 3481 557 1240 500
3531 3291 567 1240 500
3531 3127 577 1220 500
3538 3002 577 1220 500
3582 2904 575 1210 510
3649 2855 580 1200 510
3752 2843 569 1190 510
3873 2855 504 1190 510
4005 2917 346 1170 520
4657 4006 440 1230 520
4615 3913 435 1240 520
4542 3908 420 1240 520
4542 3895 450 1260 510
4577 3906 496 1260 510
4630 3965 524 1250 510
4744 4057 546 1250 510
4871 4194 543 1250 510
5007 4353 551 1250 510
5143 4526 553 1250 510
5245 4684 553 1250 510
5325 4806 561 1250 510
5333 4905 570 1260 500
5311 4955 560 1260 500
5268 4977 560 1270 500
5205 4977 565 1280 490
5127 4937 562 1290 500
5038 4841 562 1290 500
4971 4710 564 1300 500
4933 4563 568 1300 500
4913 4399 568 1280 490
4938 4225 568 1280 490
5001 4122 561 1280 490
5088 4068 561 1270 500
5210 4046 570 1260 490
5360 4078 578 1250 500
5528 4173 575 1250 500
5730 4310 575 1260 500
5890 4455 567 1260 500
6023 4589 561 1260 500
6097 4705 562 1270 510
6131 4820 568 1270 510
6139 4888 572 1280 500
6121 4924 572 1290 510
6104 4924 569 1300 510
6091 4924 568 1300 510
6085 4915 570 1300 510
6109 4898 564 1320 500
6152 4878 566 1320 500
6257 4890 566 1320 500
6380 4924 564 1320 500
6516 4981 551 1330 510
6631 5049 545 1330 510
6735 5124 546 1330 510
6832 5222 545 1330 510
6907 5344 545 1330 510
6963 5483 545 1330 510
7006 5583 546 1340 510
7036 5666 550 1340 510
7059 5739 561 1350 510
7078 5776 561 1350 510
7078 5788 553 1350 510
7089 5783 550 1350 510
7099 5770 550 1360 500
7129 5727 557 1360 500
7163 5663 560 1360 500
7205 5567 595 1360 500
7223 5402 633 1360 500
7223 5191 668 1370 510
7165 4847 666 1360 510
7084 4411 664 1360 510
6990 3913 672 1350 520
6920 3521 679 1340 520
6834 3226 708 1330 530
6737 2995 743 1310 540
6645 2837 750 1300 540
6585 2740 768 1280 540
6546 2685 763 1250 550
6546 2692 753 1240 550
6600 2800 761 1210 550
6682 2976 749 1210 550
6837 3229 733 1200 550
7019 3528 691 1200 550
7220 3859 694 1200 550
7482 4220 644 1210 550
7745 4576 620 1240 550
7932 4831 619 1250 550
8067 5021 664 1260 540
8093 5095 697 1290 550
8082 5111 699 1300 540
8046 5089 722 1330 540
7989 4981 731 1340 540
7933 4859 725 1350 530
7953 4727 734 1350 530
8022 4692 763 1350 530
8175 4731 770 1350 530
8440 4819 763 1340 540
8780 4960 746 1340 540
9133 5113 702 1350 540
9495 5274 577 1350 540
9864 5474 332 1350 540