231
4096 5894 330 1310 460
4096 5894 384 1310 460
4096 5894 447 1320 460
4096 5894 551 1340 460
4096 5894 614 1350 450
4096 5894 684 1360 460
4096 5894 716 1370 450
4096 5894 743 1380 460
4096 5894 759 1380 460
4096 5894 787 1390 450
4198 5981 791 1390 450
4247 6045 806 1390 450
4295 6118 821 1390 450
4347 6210 830 1390 450
4400 6309 839 1390 450
4434 6414 863 1390 450
4454 6490 870 1390 450
4446 6536 888 1390 450
4428 6563 896 1390 450
4402 6579 896 1390 450
4357 6591 896 1400 450
4295 6591 893 1390 440
4222 6572 890 1390 440
4122 6533 888 1390 440
4019 6460 888 1390 440
3914 6367 888 1390 440
3814 6262 885 1390 440
3714 6150 885 1390 440
3615 6037 887 1380 450
3541 5917 888 1380 450
3484 5794 896 1380 450
3434 5678 896 1370 450
3385 5539 900 1360 460
3341 5380 903 1360 460
3300 5210 906 1350 460
3260 5037 892 1330 460
3221 4860 896 1330 460
3200 4707 899 1320 470
3200 4572 902 1320 470
3217 4461 911 1300 470
3241 4359 914 1300 470
3286 4263 917 1280 470
3345 4206 929 1280 470
3425 4189 933 1270 480
3534 4200 939 1270 480
3663 4248 950 1260 480
3796 4328 935 1260 480
3902 4430 943 1260 480
3989 4528 946 1260 480
4069 4629 950 1260 480
4125 4735 958 1260 480
4166 4844 967 1270 480
4171 4964 971 1270 480
4156 5051 976 1280 470
4127 5117 980 1300 470
4098 5166 979 1310 470
4073 5197 986 1320 470
4053 5217 985 1320 470
4035 5228 977 1330 470
4021 5236 982 1340 470
4014 5236 981 1340 470
4014 5236 994 1340 470
4014 5236 985 1340 470
4023 5236 989 1340 470
4070 5228 992 1340 470
4142 5233 977 1340 470
4243 5245 997 1340 470
4328 5253 997 1340 470
4401 5258 977 1340 470
4453 5258 977 1340 470
4482 5246 979 1340 470
4496 5232 981 1340 470
4496 5212 988 1340 470
4487 5163 993 1340 470
4462 5096 997 1340 470
4414 4993 999 1350 470
4364 4875 1006 1350 470
4312 4746 1008 1350 470
4283 4671 1006 1340 480
4272 4614 1008 1330 470
4272 4568 1006 1330 470
4282 4533 1000 1320 480
4293 4510 979 1320 480
4307 4496 914 1310 480
4322 4496 823 1300 480
4343 4496 650 1300 480
4372 4496 322 1280 480
5222 5016 115 1340 480
5222 5016 208 1340 480
5222 5016 307 1340 480
5222 5016 423 1340 480
5222 5016 513 1340 480
5222 5016 597 1350 470
5222 5016 664 1350 470
5152 4997 714 1350 470
5141 4990 761 1350 470
5135 4990 774 1350 470
5135 4990 785 1350 470
5135 4990 788 1350 470
5141 4990 812 1350 470
5162 4996 818 1350 470
5193 5005 833 1360 480
5229 5017 846 1360 480
5269 5036 857 1370 470
5318 5059 864 1370 470
5381 5092 853 1370 470
5451 5125 861 1370 470
5528 5162 864 1370 470
5602 5202 870 1370 470
5673 5243 882 1380 480
5735 5295 888 1380 480
5791 5355 897 1380 480
5844 5420 899 1380 480
5871 5482 906 1390 480
5888 5538 893 1390 480
5899 5577 899 1390 480
5899 5605 906 1390 480
5899 5625 914 1390 480
5889 5644 920 1410 490
5882 5659 927 1410 490
5871 5669 932 1410 490
5857 5676 932 1410 490
5844 5676 927 1420 480
5822 5667 924 1420 480
5795 5650 924 1400 480
5759 5622 923 1400 480
5725 5587 923 1400 480
5690 5543 927 1400 480
5654 5490 929 1400 480
5617 5429 930 1400 480
5584 5362 938 1390 470
5552 5293 947 1390 470
5523 5225 933 1380 480
5494 5151 940 1380 480
5467 5066 949 1380 480
5440 4974 956 1380 480
5415 4876 964 1380 480
5398 4788 976 1380 480
5398 4709 979 1370 470
5398 4641 983 1370 470
5418 4584 986 1360 480
5442 4535 989 1360 480
5477 4492 992 1360 480
5523 4464 979 1350 490
5580 4446 987 1350 490
5652 4446 993 1360 490
5734 4479 1003 1360 490
5822 4530 1012 1360 490
5903 4604 1014 1360 490
5977 4690 1014 1360 490
6050 4783 1018 1360 490
6122 4894 1021 1370 500
6192 4987 1023 1380 490
6251 5069 1023 1380 490
6303 5129 1023 1380 490
6328 5165 1023 1390 480
6339 5185 1023 1390 480
6339 5185 1023 1410 490
6339 5185 1023 1420 480
6339 5185 1023 1420 480
6339 5178 1023 1420 480
6339 5165 1023 1420 480
6339 5135 1023 1420 480
6350 5095 1023 1420 480
6376 5058 1023 1420 480
6412 5034 1023 1420 480
6456 5018 1023 1420 480
6518 5026 1023 1430 490
6593 5061 1023 1430 490
6689 5113 1023 1430 490
6809 5199 1023 1430 490
6944 5305 1023 1430 490
7076 5424 1023 1440 490
7228 5551 1023 1440 490
7394 5678 1023 1440 490
7552 5827 1023 1450 500
7700 5992 1023 1450 500
7840 6141 1023 1460 490
7958 6254 1023 1470 490
8046 6344 1023 1480 480
8113 6414 1023 1490 490
8152 6460 1023 1500 480
8167 6489 1023 1500 480
8167 6489 1023 1510 480
8167 6489 1023 1510 480
8147 6460 1023 1510 480
8119 6415 1023 1510 480
8081 6346 1023 1510 480
8036 6259 1023 1510 480
7985 6160 1023 1510 480
7927 6043 1023 1500 480
7862 5911 1023 1500 480
7791 5769 1023 1490 490
7733 5627 1023 1480 480
7668 5474 1023 1480 480
7599 5304 1023 1470 490
7528 5128 1023 1460 490
7456 4952 1023 1450 500
7385 4766 1023 1450 500
7304 4573 1023 1440 500
7217 4371 1023 1430 500
7139 4169 1023 1430 500
7081 3984 1023 1430 500
7037 3810 1023 1420 500
7017 3669 1023 1420 500
7024 3574 1023 1410 510
7049 3509 1023 1410 510
7099 3480 1023 1380 510
7181 3502 1023 1380 510
7283 3557 1023 1380 510
7421 3666 1023 1380 510
7559 3815 1023 1380 510
7697 3991 1023 1380 510
7819 4154 1023 1400 520
7929 4321 1023 1410 510
8004 4490 1023 1410 510
8062 4629 1023 1420 520
8108 4756 1023 1430 510
8149 4874 1023 1430 510
8180 4976 1023 1430 510
8203 5039 1023 1430 510
8203 5076 1023 1440 500
8203 5076 1023 1440 500
8210 5069 1023 1430 500
8249 5048 1023 1430 500
8310 5019 1023 1440 500
8423 5024 1023 1440 500
8596 5082 1023 1450 500
8808 5176 1023 1460 500
9070 5291 870 1460 500
9336 5406 1 1460 500