317
3612 5968 148 1360 460
3612 5968 207 1360 460
3612 5968 294 1360 460
3612 5968 422 1370 460
3612 5968 516 1360 470
3612 5968 595 1360 470
3612 5968 658 1360 470
3612 5968 717 1360 470
3612 5968 750 1370 470
3612 5968 793 1370 470
3612 5968 806 1370 470
3722 6071 827 1380 470
3781 6158 827 1380 470
3840 6250 851 1380 470
3886 6346 860 1380 460
3923 6425 887 1380 460
3929 6499 899 1390 450
3917 6552 900 1390 450
3892 6592 894 1380 450
3860 6625 903 1390 440
3822 6640 902 1390 440
3779 6640 899 1390 440
3706 6632 902 1380 440
3605 6582 902 1390 430
3486 6506 903 1380 440
3354 6381 903 1380 440
3213 6253 902 1380 440
3065 6117 899 1380 440
2950 5961 899 1360 440
2861 5792 905 1360 440
2788 5650 914 1350 440
2729 5491 915 1340 450
2670 5320 920 1340 450
2612 5139 923 1330 450
2561 4957 929 1310 450
2515 4777 935 1300 460
2480 4600 933 1290 460
2468 4455 932 1270 460
2468 4326 938 1270 460
2494 4207 939 1260 470
2539 4110 938 1250 460
2598 4048 941 1240 470
2684 4009 933 1240 470
2773 4001 944 1240 470
2881 4035 950 1240 470
3000 4098 958 1240 470
3119 4188 961 1240 470
3211 4283 964 1240 470
3284 4381 950 1240 470
3329 4468 947 1240 470
3349 4552 909 1240 470
3349 4629 888 1240 470
3349 4701 863 1240 470
3340 4765 828 1240 470
3328 4820 826 1240 470
3322 4871 767 1250 460
3316 4888 653 1250 460
3310 4888 400 1260 460
3304 4877 67 1260 460
3370 4974 37 1290 460
3370 4974 284 1290 460
3370 4974 423 1290 460
3342 5040 580 1290 460
3322 5051 685 1290 460
3309 5061 774 1290 460
3299 5070 833 1300 460
3299 5070 869 1300 460
3299 5070 893 1300 460
3299 5070 905 1300 460
3299 5070 896 1300 460
3299 5070 924 1300 460
3316 5070 944 1310 450
3354 5076 976 1310 450
3405 5100 997 1310 450
3478 5136 996 1310 450
3557 5181 1005 1310 450
3636 5209 1012 1320 450
3713 5223 1021 1330 450
3770 5223 1023 1330 450
3827 5233 1023 1320 460
3889 5238 1023 1330 460
3957 5238 1023 1330 460
4022 5238 1023 1330 460
4083 5217 1023 1330 460
4139 5190 1023 1340 470
4186 5154 1023 1350 460
4228 5116 1023 1350 460
4256 5053 1023 1350 460
4256 4973 1023 1350 460
4245 4855 1023 1350 460
4211 4723 1023 1350 460
4165 4581 1023 1340 470
4112 4396 1023 1340 470
4045 4199 1023 1340 470
3993 3994 1023 1330 470
3952 3821 1023 1330 470
3919 3670 1023 1310 470
3892 3533 1023 1300 480
3869 3415 1023 1280 480
3862 3344 1023 1260 480
3862 3304 1023 1260 480
3862 3304 1023 1250 480
3862 3312 973 1240 490
3862 3336 824 1240 490
3891 3428 449 1230 480
4935 4458 338 1250 470
4935 4458 397 1250 470
4935 4458 561 1260 480
4935 4458 659 1270 480
4935 4458 731 1280 480
4935 4458 784 1280 480
4935 4458 812 1310 480
4935 4458 817 1310 480
4935 4458 833 1310 480
4935 4458 857 1310 480
4935 4458 870 1320 480
4935 4458 888 1320 480
4935 4458 900 1320 480
4935 4458 894 1320 480
5045 4478 903 1330 480
5105 4512 915 1330 480
5174 4554 927 1330 480
5247 4593 933 1330 480
5317 4631 938 1330 480
5373 4660 947 1330 480
5420 4691 948 1330 480
5470 4736 937 1350 490
5519 4791 944 1350 490
5568 4867 944 1350 490
5615 4940 947 1350 490
5664 5008 955 1360 480
5703 5058 961 1360 480
5734 5097 976 1370 470
5742 5116 989 1370 470
5742 5134 979 1380 480
5742 5146 994 1390 470
5742 5155 999 1390 470
5735 5155 1008 1390 470
5735 5155 1003 1390 470
5735 5155 999 1380 480
5735 5155 1000 1380 480
5726 5145 1000 1380 480
5712 5127 1000 1380 480
5691 5096 999 1380 480
5665 5058 999 1390 470
5644 5006 1000 1390 470
5622 4949 999 1390 470
5600 4883 1005 1390 470
5578 4806 1005 1390 470
5555 4723 1008 1380 480
5535 4654 1006 1380 480
5516 4581 1008 1380 480
5492 4501 1014 1360 480
5463 4402 1017 1360 480
5436 4291 1023 1350 490
5412 4180 1023 1350 490
5396 4082 1023 1350 490
5389 3993 1023 1350 490
5389 3907 1023 1340 490
5399 3836 1023 1340 490
5415 3774 1023 1340 490
5438 3736 1023 1340 490
5474 3715 1023 1330 480
5518 3705 1023 1330 500
5575 3713 1023 1330 500
5653 3748 1023 1330 500
5744 3800 1023 1330 500
5843 3880 1023 1330 500
5936 3971 1023 1330 500
6027 4070 1023 1330 500
6117 4181 1023 1330 500
6213 4293 1023 1330 500
6306 4407 1023 1350 500
6375 4491 1023 1350 500
6429 4549 1023 1350 500
6460 4590 1023 1360 490
6473 4615 1023 1360 490
6473 4631 1023 1360 490
6473 4640 1023 1360 490
6465 4645 1023 1360 490
6460 4645 1023 1360 490
6460 4645 1023 1360 490
6460 4645 1023 1370 480
6460 4632 1023 1370 480
6460 4617 1023 1370 480
6466 4602 1023 1370 480
6472 4590 1023 1370 480
6482 4579 1023 1370 480
6490 4570 1023 1370 480
6498 4563 1023 1370 480
6503 4557 1023 1370 480
6509 4557 1023 1370 480
6517 4557 1023 1370 480
6522 4557 1023 1390 480
6527 4557 1023 1390 480
6527 4557 1023 1380 490
6534 4557 1023 1380 490
6534 4557 1023 1380 490
6539 4557 1023 1380 490
6539 4557 1023 1380 490
6546 4557 1023 1380 490
6546 4557 1023 1380 490
6551 4557 1023 1380 490
6551 4557 1023 1380 490
6558 4557 1023 1380 490
6563 4557 1023 1380 490
6563 4557 1023 1390 480
6563 4557 1023 1390 480
6571 4557 1023 1390 480
6571 4557 1023 1390 480
6581 4557 1023 1390 480
6588 4557 1023 1390 480
6594 4557 1023 1390 480
6602 4557 1023 1390 480
6610 4562 1023 1390 480
6619 4562 1023 1390 480
6627 4562 1023 1390 480
6634 4567 1023 1390 480
6640 4567 1023 1390 480
6649 4567 1023 1410 490
6658 4573 1023 1410 490
6665 4573 1023 1410 490
6671 4573 1023 1410 490
6671 4573 1023 1410 490
6678 4573 1023 1410 490
6678 4573 1023 1410 490
6683 4573 1023 1410 490
6683 4579 1023 1410 490
6691 4579 1023 1410 490
6698 4579 1023 1410 490
6708 4579 1023 1410 490
6718 4586 1023 1410 490
6730 4586 1023 1410 490
6742 4591 1023 1410 490
6754 4591 1023 1410 490
6769 4596 1023 1410 490
6784 4596 1023 1410 490
6804 4606 1023 1410 490
6830 4616 1023 1410 490
6861 4626 1023 1420 490
6893 4639 1023 1420 490
6924 4655 1023 1420 490
6962 4672 1023 1420 490
7004 4691 1023 1420 490
7055 4711 1023 1420 490
7112 4734 1023 1430 500
7175 4768 1023 1430 500
7242 4809 1023 1430 500
7325 4871 1023 1450 500
7418 4943 1023 1450 500
7515 5023 1023 1450 500
7597 5087 1023 1460 500
7668 5150 1023 1460 500
7729 5212 1023 1480 500
7783 5282 1023 1480 500
7833 5358 1023 1480 500
7886 5459 1023 1480 500
7934 5533 1023 1480 500
7972 5589 1023 1500 500
8004 5636 1023 1500 500
8025 5669 1023 1500 500
8034 5693 1023 1500 500
8034 5704 1023 1500 500
8034 5712 1023 1500 500
8034 5712 1023 1500 500
8034 5712 1023 1500 500
8034 5712 1023 1500 500
8023 5686 1023 1500 500
8007 5647 1023 1500 500
7981 5588 1023 1500 500
7946 5503 1023 1500 500
7906 5400 1023 1500 500
7851 5291 1023 1500 500
7797 5181 1023 1500 500
7745 5067 1023 1500 500
7695 4930 1023 1500 500
7635 4779 1023 1490 510
7568 4634 1023 1480 500
7493 4459 1023 1480 500
7414 4264 1023 1480 500
7333 4074 1023 1460 500
7259 3890 1023 1450 510
7190 3709 1023 1450 510
7132 3558 1023 1450 510
7083 3402 1023 1430 510
7058 3239 1023 1430 510
7048 3123 1023 1430 510
7069 3040 1023 1410 510
7109 2992 1023 1410 510
7161 2978 1023 1410 510
7229 2986 1023 1410 510
7326 3042 1023 1410 510
7441 3145 1023 1410 510
7559 3279 1023 1410 510
7677 3440 1023 1410 510
7786 3592 1023 1410 510
7890 3739 1023 1410 510
7970 3914 1023 1410 510
8043 4071 1023 1410 510
8110 4215 1023 1410 510
8174 4355 1023 1420 500
8223 4469 1023 1430 510
8263 4565 1023 1430 510
8281 4620 1023 1440 500
8281 4645 1023 1440 500
8281 4645 1023 1450 510
8281 4645 1023 1450 510
8287 4617 1023 1450 510
8314 4571 1023 1450 510
8354 4521 1023 1460 500
8440 4497 1023 1460 500
8587 4491 1023 1480 500
8775 4528 1023 1480 500
9024 4589 1023 1480 500
9269 4667 1023 1490 510
9512 4748 1023 1490 510
9763 4834 803 1490 510