137
3862 5161 186 1300 430
3944 5116 186 1300 450
3906 5223 176 1310 450
3927 5313 178 1310 460
3986 5392 178 1310 460
4052 5506 180 1310 470
4100 5615 193 1310 470
4137 5720 214 1310 470
4131 5798 244 1310 470
4103 5876 259 1310 470
4060 5954 287 1320 470
4021 5989 296 1330 460
3965 5994 301 1340 470
3897 5949 312 1350 460
3787 5827 333 1360 460
3633 5655 366 1360 460
3450 5391 376 1360 460
3285 5070 399 1350 450
3139 4711 409 1340 460
3006 4388 422 1330 460
2914 4026 425 1320 470
2856 3638 417 1310 470
2821 3386 417 1270 480
2842 3226 415 1260 480
2922 3127 415 1250 480
3040 3100 397 1230 490
3213 3127 287 1210 490
3387 3191 13 1190 490
3595 4087 364 1190 470
3624 4203 338 1210 480
3596 4298 302 1220 480
3658 4359 299 1230 480
3750 4438 316 1240 490
3861 4529 327 1250 480
3944 4579 333 1250 480
4015 4597 344 1250 480
4077 4597 348 1260 480
4132 4563 367 1250 470
4163 4480 410 1250 470
4179 4362 449 1250 470
4162 4153 465 1250 470
4133 3917 478 1250 470
4095 3663 491 1240 480
4075 3501 499 1240 480
4088 3382 505 1230 480
4123 3291 514 1230 480
4221 3250 504 1220 480
4361 3273 443 1210 490
4530 3339 241 1190 490
5480 4378 391 1260 490
5423 4320 384 1270 490
5403 4328 353 1270 490
5422 4328 366 1270 500
5471 4369 396 1270 500
5551 4437 415 1270 500
5651 4529 444 1270 500
5790 4632 447 1270 500
5908 4743 453 1280 500
6011 4873 465 1280 500
6090 4980 463 1290 500
6126 5072 464 1290 500
6134 5122 472 1300 500
6110 5151 481 1300 500
6070 5166 478 1300 500
6020 5149 472 1320 490
5962 5102 473 1320 490
5908 5034 473 1320 490
5874 4935 480 1320 490
5851 4818 477 1320 490
5851 4688 478 1320 490
5886 4606 477 1320 490
5943 4559 478 1300 500
6039 4536 483 1300 500
6184 4568 490 1300 500
6361 4651 483 1300 500
6536 4767 477 1300 500
6679 4889 470 1300 500
6800 4996 425 1320 500
6880 5092 420 1320 500
6929 5194 420 1330 510
6957 5286 417 1330 510
6971 5325 427 1350 510
6971 5333 443 1350 510
6971 5328 456 1350 510
6962 5301 472 1350 510
6957 5259 477 1350 510
6957 5220 485 1360 500
6991 5201 498 1360 500
7071 5196 489 1370 510
7180 5245 492 1370 510
7359 5335 492 1370 510
7538 5453 483 1370 510
7715 5576 480 1370 510
7862 5705 481 1370 510
7993 5839 490 1380 510
8058 5954 498 1380 510
8108 6051 489 1400 510
8149 6135 489 1410 500
8199 6219 490 1420 490
8224 6270 485 1430 500
8233 6298 468 1440 490
8220 6280 472 1440 490
8181 6190 480 1440 490
8125 6051 492 1450 480
8067 5842 542 1450 480
8000 5572 620 1440 490
7928 5262 641 1440 490
7832 4781 652 1430 500
7731 4291 668 1410 500
7627 3795 694 1400 510
7545 3445 737 1380 510
7469 3207 750 1360 520
7397 3044 768 1340 520
7347 2952 763 1310 540
7336 2927 760 1300 540
7351 2946 691 1290 550
7439 3060 611 1290 550
7566 3297 481 1270 550
7720 3615 417 1270 550
7911 4006 413 1270 550
8094 4397 425 1270 550
8271 4746 427 1300 550
8456 5067 465 1300 550
8589 5287 478 1310 550
8687 5408 480 1340 550
8725 5462 488 1350 540
8739 5462 543 1370 540
8739 5450 594 1390 540
8749 5425 630 1410 530
8786 5389 662 1410 530
8840 5389 669 1410 530
8986 5405 690 1410 530
9225 5502 694 1410 530
9527 5607 676 1400 530
9885 5717 633 1400 530
10232 5819 546 1410 530
10571 5919 369 1410 530