NLDCC-002_002_005 1452
7849 4614 103 1300 500
7849 4614 139 1290 490
7845 4684 200 1290 490
7840 4711 249 1290 490
7831 4739 312 1290 490
7820 4767 377 1290 490
7808 4796 436 1290 490
7793 4825 474 1290 490
7775 4854 513 1290 490
7756 4881 551 1280 480
7739 4908 600 1280 480
7722 4931 630 1280 480
7707 4953 668 1280 480
7693 4972 694 1280 480
7683 4982 724 1280 480
7676 4982 740 1280 480
7671 4989 755 1270 480
7671 4989 758 1270 480
7671 4989 752 1270 480
7671 4982 748 1270 480
7671 4966 746 1270 480
7671 4927 746 1270 480
7679 4874 745 1280 470
7689 4809 746 1280 470
7704 4739 748 1270 460
7723 4662 748 1270 460
7749 4580 748 1270 480
7775 4489 749 1270 480
7803 4390 751 1270 480
7835 4289 754 1270 480
7866 4189 752 1270 480
7893 4093 754 1270 480
7916 3997 754 1260 480
7941 3902 757 1260 480
7964 3832 755 1250 480
7979 3772 757 1250 480
7989 3720 758 1240 490
8000 3679 754 1240 490
8007 3647 748 1240 490
8012 3621 736 1230 490
8017 3602 719 1230 490
8017 3589 676 1230 490
8023 3580 628 1220 500
8023 3574 592 1220 500
8023 3574 567 1220 500
8023 3574 514 1210 490
8023 3585 443 1190 490
8018 3603 348 1190 490
8018 3626 207 1190 490
8008 3658 60 1190 490
8008 3658 0 1190 490
7992 3737 0 1190 490
7978 3787 0 1190 490
7959 3844 0 1190 490
7937 3905 0 1190 490
7913 3979 0 1190 490
7883 4052 0 1190 480
7850 4120 0 1200 480
7818 4183 0 1200 480
7786 4240 0 1200 480
7749 4291 0 1200 480
7708 4337 0 1200 480
7667 4376 0 1200 480
7628 4410 0 1200 480
7590 4439 0 1200 480
7557 4464 0 1210 480
7526 4485 0 1210 480
7504 4505 0 1210 480
7486 4528 0 1210 480
7476 4552 0 1210 480
7476 4552 143 1210 480
7463 4603 175 1220 470
7463 4632 196 1220 470
7475 4661 215 1220 470
7499 4698 251 1220 470
7527 4741 277 1220 470
7558 4781 299 1220 470
7597 4821 336 1230 470
7637 4858 388 1220 460
7678 4893 407 1220 460
7720 4925 418 1230 470
7759 4955 438 1230 470
7801 4970 439 1230 470
7838 4977 442 1230 470
7872 4971 442 1230 470
7903 4961 445 1240 470
7934 4942 478 1240 470
7965 4919 486 1240 470
7989 4893 491 1240 470
8007 4863 515 1240 470
8026 4827 520 1240 470
8039 4784 515 1240 470
8049 4740 527 1240 470
8056 4692 537 1240 470
8063 4636 533 1240 470
8063 4576 538 1240 470
8063 4514 540 1240 470
8055 4449 541 1230 470
8044 4378 533 1230 470
8029 4322 529 1230 470
8015 4277 524 1230 470
8001 4238 512 1220 460
7988 4212 517 1210 470
7977 4194 512 1210 470
7970 4183 509 1210 470
7970 4183 501 1210 470
7963 4183 485 1210 470
7963 4194 465 1210 470
7963 4209 473 1200 470
7969 4228 471 1200 470
7969 4254 471 1200 470
7985 4282 469 1200 470
7998 4312 473 1200 470
8013 4337 471 1200 470
8029 4360 473 1200 470
8045 4380 475 1200 470
8064 4397 490 1200 470
8082 4407 488 1200 470
8101 4407 496 1200 470
8120 4402 512 1200 470
8144 4387 521 1200 470
8173 4361 526 1200 470
8201 4332 545 1200 470
8227 4301 561 1200 470
8253 4260 570 1210 480
8273 4220 577 1210 480
8289 4182 589 1200 480
8308 4142 592 1200 480
8323 4100 595 1200 480
8332 4063 586 1200 480
8337 4029 586 1200 480
8337 4008 591 1200 480
8337 3991 591 1200 480
8337 3977 595 1200 480
8337 3969 600 1190 480
8337 3969 606 1190 480
8337 3969 614 1190 480
8337 3969 616 1190 480
8337 3975 616 1190 480
8329 3986 616 1190 480
8329 4003 617 1190 480
8329 4027 614 1170 490
8329 4051 613 1170 490
8329 4074 605 1170 490
8329 4097 603 1170 490
8329 4120 603 1170 490
8337 4139 603 1170 490
8345 4155 600 1170 490
8359 4171 600 1170 490
8373 4179 594 1170 490
8385 4185 595 1190 480
8397 4185 595 1190 480
8410 4185 599 1190 480
8428 4176 595 1190 480
8448 4166 600 1190 480
8471 4155 602 1190 480
8496 4138 606 1190 490
8524 4121 609 1190 490
8550 4105 613 1190 490
8576 4093 613 1190 490
8601 4083 616 1190 490
8626 4076 614 1190 490
8651 4070 616 1190 490
8674 4070 616 1190 490
8696 4070 614 1190 490
8716 4070 616 1190 490
8734 4070 617 1190 490
8751 4081 619 1180 490
8770 4091 617 1180 490
8786 4104 619 1190 500
8801 4116 617 1190 500
8814 4133 619 1190 500
8827 4153 610 1190 500
8840 4176 611 1190 500
8849 4198 611 1190 500
8854 4223 613 1190 500
8854 4250 614 1190 500
8854 4280 614 1200 500
8846 4310 616 1200 500
8834 4340 614 1210 510
8818 4370 614 1210 510
8800 4400 617 1210 510
8776 4430 616 1210 510
8753 4456 614 1210 510
8730 4476 620 1210 510
8707 4488 624 1210 510
8689 4494 631 1200 500
8673 4494 638 1200 500
8663 4494 639 1200 500
8656 4485 636 1200 500
8656 4475 636 1200 500
8647 4459 634 1200 500
8642 4434 633 1200 500
8642 4400 634 1200 500
8642 4359 634 1200 500
8642 4317 634 1190 490
8654 4271 636 1190 490
8665 4229 636 1190 490
8679 4186 636 1190 490
8693 4148 638 1190 490
8710 4112 638 1180 490
8726 4079 638 1180 490
8742 4057 638 1180 490
8758 4042 634 1180 490
8773 4029 638 1180 490
8786 4022 638 1170 500
8797 4022 638 1170 500
8808 4022 639 1180 510
8819 4027 641 1180 510
8827 4036 644 1180 510
8834 4051 645 1180 510
8842 4069 647 1180 510
8849 4089 636 1180 510
8855 4108 637 1180 510
8855 4130 637 1180 510
8861 4153 637 1180 510
8861 4178 640 1180 510
8868 4203 643 1180 510
8868 4229 644 1180 510
8868 4257 643 1180 510
8868 4284 641 1180 510
8857 4310 643 1180 510
8851 4335 643 1180 510
8846 4359 646 1180 510
8840 4374 673 1180 510
8834 4379 675 1180 510
8834 4379 682 1180 510
8834 4379 682 1190 500
8834 4379 679 1190 500
8834 4368 682 1190 500
8839 4354 682 1190 500
8844 4333 685 1190 500
8852 4302 685 1190 500
8865 4263 685 1190 500
8877 4230 685 1190 500
8887 4203 684 1190 500
8898 4179 685 1190 500
8909 4159 687 1190 500
8921 4141 681 1190 500
8929 4131 681 1180 510
8934 4121 679 1180 510
8944 4115 676 1180 510
8944 4115 676 1180 510
8944 4110 678 1170 500
8944 4110 678 1170 500
8944 4110 678 1170 500
8944 4115 678 1170 500
8949 4120 678 1160 490
8949 4131 678 1160 490
8956 4146 676 1160 490
8962 4160 678 1160 490
8969 4180 678 1160 490
8976 4205 675 1150 480
8985 4228 673 1150 480
8994 4255 667 1150 480
9004 4284 664 1150 480
9011 4307 662 1150 480
9011 4328 659 1150 480
9019 4346 661 1150 480
9024 4359 658 1150 480
9031 4369 659 1150 480
9037 4376 659 1150 480
9044 4376 658 1150 480
9049 4376 659 1150 480
9049 4376 662 1150 480
9062 4376 665 1160 490
9071 4369 667 1160 490
9080 4361 667 1160 490
9093 4352 668 1170 490
9103 4342 668 1170 490
9113 4330 671 1170 490
9122 4318 671 1170 490
9128 4309 671 1170 490
9133 4302 671 1170 490
9139 4295 670 1170 490
9139 4290 671 1170 490
9144 4290 670 1170 490
9144 4283 670 1170 490
9144 4283 668 1170 490
9144 4283 668 1170 490
9144 4283 668 1170 490
9144 4288 670 1170 490
9144 4293 668 1170 490
9144 4293 668 1170 490
9144 4304 668 1170 490
9151 4319 670 1170 490
9151 4337 668 1170 490
9162 4356 668 1170 490
9168 4371 668 1170 490
9173 4379 670 1170 490
9178 4385 670 1170 490
9178 4392 670 1170 490
9184 4392 670 1170 490
9184 4392 670 1170 490
9192 4392 670 1170 490
9199 4392 663 1170 490
9206 4382 669 1170 490
9216 4371 666 1170 490
9225 4360 664 1170 490
9236 4349 664 1170 490
9245 4341 663 1170 490
9256 4332 664 1170 490
9265 4327 666 1170 490
9272 4327 664 1170 490
9279 4320 667 1170 490
9284 4320 666 1170 490
9284 4320 669 1170 490
9294 4325 669 1180 490
9300 4325 670 1180 490
9300 4334 676 1180 490
9312 4344 678 1180 490
9320 4357 678 1180 490
9327 4371 676 1180 490
9334 4388 678 1180 490
9347 4406 676 1180 490
9359 4426 676 1180 490
9374 4444 676 1180 490
9391 4462 678 1180 490
9407 4478 676 1180 490
9423 4490 675 1180 490
9439 4495 673 1180 490
9445 4495 673 1190 490
9451 4495 673 1190 490
9459 4495 673 1190 490
9465 4495 675 1190 490
9470 4486 673 1190 490
9477 4481 673 1190 490
9483 4476 673 1200 500
9488 4476 673 1200 500
9494 4471 675 1200 500
9499 4471 676 1200 500
9504 4471 676 1200 500
9504 4471 676 1200 500
9511 4476 678 1200 500
9516 4476 681 1200 500
9521 4486 681 1200 500
9527 4495 679 1200 500
9535 4504 681 1200 500
9543 4515 681 1200 500
9551 4527 681 1200 500
9560 4541 681 1200 500
9568 4554 682 1200 500
9577 4563 679 1200 500
9584 4570 681 1220 500
9591 4576 678 1220 500
9596 4576 678 1220 500
9602 4581 678 1220 500
9609 4581 678 1220 500
9615 4581 678 1220 500
9623 4575 678 1220 500
9634 4570 681 1220 500
9645 4565 681 1220 500
9657 4565 679 1220 500
9669 4556 681 1220 500
9678 4556 685 1220 500
9685 4556 687 1220 500
9691 4556 691 1220 500
9697 4561 693 1220 500
9702 4567 699 1230 490
9702 4573 699 1230 490
9707 4578 716 1230 490
9707 4578 725 1230 490
9707 4584 752 1230 490
9707 4584 760 1230 490
9707 4590 771 1240 500
9707 4595 777 1240 500
9700 4600 773 1240 500
9693 4605 774 1240 500
9685 4605 771 1240 500
9674 4615 767 1240 500
9662 4620 763 1240 500
9649 4620 743 1240 500
9633 4628 734 1230 490
9615 4628 731 1230 490
9603 4636 719 1230 490
9591 4641 700 1230 490
9580 4646 691 1230 490
9574 4646 696 1230 490
9574 4655 684 1230 490
9574 4655 670 1230 490
9574 4655 667 1230 490
9574 4661 664 1230 490
9584 4661 666 1230 490
9593 4673 664 1230 490
9603 4680 663 1230 490
9614 4686 666 1230 490
9627 4696 667 1230 490
9645 4708 673 1230 490
9668 4725 682 1230 490
9695 4745 690 1230 490
9725 4767 693 1230 490
9758 4793 703 1230 490
9791 4823 710 1240 500
9826 4855 724 1240 500
9861 4890 731 1240 500
9896 4924 728 1240 500
9923 4954 737 1240 500
9945 4980 748 1240 500
9961 5001 757 1240 500
9968 5016 768 1240 500
9968 5027 794 1250 500
9974 5032 814 1250 500
9974 5032 827 1250 500
9974 5032 840 1250 500
9974 5032 846 1250 500
9974 5032 845 1250 500
9974 5032 842 1250 500
9969 5025 837 1250 500
9964 5014 831 1250 500
9957 4997 825 1250 500
9951 4966 824 1240 490
9944 4926 824 1240 490
9939 4886 824 1240 490
9939 4847 830 1240 490
9933 4809 827 1250 500
9933 4773 826 1250 500
9933 4745 821 1250 500
9933 4716 823 1250 500
9933 4692 815 1250 500
9939 4672 803 1240 500
9944 4662 793 1240 500
9950 4653 787 1240 500
9959 4645 785 1250 510
9966 4645 787 1250 510
9971 4645 785 1250 510
9981 4645 785 1250 510
9990 4650 788 1250 510
9997 4657 790 1250 510
10003 4664 794 1240 500
10012 4675 797 1240 500
10022 4688 799 1240 500
10033 4710 800 1240 500
10043 4731 800 1240 500
10053 4760 800 1230 490
10053 4794 800 1230 490
10062 4831 802 1230 490
10062 4877 799 1230 490
10062 4928 799 1220 480
10053 4998 790 1220 480
10042 5075 797 1220 480
10026 5158 768 1220 480
10004 5241 754 1220 480
9979 5329 737 1220 480
9953 5421 727 1220 480
9924 5509 720 1220 480
9896 5593 733 1230 490
9873 5653 724 1230 490
9854 5699 743 1240 490
9838 5722 754 1240 490
9824 5730 763 1240 490
9813 5730 753 1240 490
9803 5719 750 1240 490
9793 5708 754 1250 480
9784 5669 757 1250 480
9784 5613 756 1250 480
9789 5539 759 1250 480
9805 5469 767 1260 490
9829 5403 774 1270 490
9860 5317 791 1270 490
9899 5229 796 1270 490
9945 5138 796 1270 490
9994 5051 788 1260 490
10045 4967 794 1260 490
10094 4904 796 1260 490
10139 4846 788 1250 500
10180 4791 783 1250 500
10217 4755 785 1250 500
10253 4724 742 1250 500
10283 4697 702 1240 500
10310 4677 572 1240 500
10331 4666 391 1240 500
10350 4661 115 1240 500
10350 4661 0 1240 500
10382 4680 0 1240 500
10395 4700 0 1240 500
10406 4722 0 1240 500
10417 4750 0 1240 500
10428 4783 0 1240 500
10439 4820 0 1240 500
10449 4857 0 1240 500
10458 4895 0 1240 500
10458 4932 0 1240 500
10458 4968 0 1240 500
10458 4988 0 1250 500
10445 4998 0 1250 500
10445 4998 8 1250 500
10445 4998 389 1250 500
10445 4998 498 1250 500
10379 5007 521 1250 500
10357 5012 561 1250 500
10343 5012 559 1250 500
10330 5017 530 1250 500
10319 5022 469 1250 500
10312 5022 291 1240 500
10312 5022 0 1240 500
10307 5042 0 1240 500
10307 5056 0 1220 500
10321 5074 0 1220 500
10337 5101 0 1220 500
10370 5135 0 1210 510
10413 5167 0 1210 510
10465 5202 0 1210 510
10521 5238 0 1210 510
10585 5273 0 1210 510
10654 5309 0 1210 510
10740 5347 0 1210 510
10837 5378 0 1210 510
10882 5412 0 1210 510
10956 5449 0 1210 510
11048 5431 0 1210 510
11118 5462 0 1200 500
11180 5527 0 1210 490
11236 5549 0 1200 480
11285 5566 0 1200 480
11334 5575 0 1200 470
11369 5580 0 1200 470
11393 5580 0 1190 460
11405 5573 0 1200 460
11405 5564 0 1200 460
11396 5548 0 1190 450
11380 5532 0 1200 450
11354 5512 0 1200 440
11321 5488 0 1200 440
11278 5461 0 1190 430
11232 5433 0 1170 430
11184 5404 0 1170 430
11133 5381 0 1160 420
11083 5361 0 1150 420
11032 5343 0 1150 420
10982 5330 0 1140 420
10941 5320 0 1150 430
10908 5320 0 1140 430
10888 5320 0 1140 430
10876 5320 0 1130 450
10867 5326 0 1130 450
10861 5336 0 1140 450
10861 5347 0 1150 460
10861 5363 0 1140 460
10861 5380 0 1150 470
10866 5398 0 1150 480
10866 5418 0 1150 480
10866 5440 0 1160 490
10866 5464 0 1170 500
10866 5489 0 1190 500
10859 5515 0 1200 510
10854 5543 0 1200 510
10847 5533 0 1200 510
10840 5551 0 1210 520
10840 5551 48 1200 510
10820 5644 337 1200 510
10806 5670 435 1210 510
10793 5676 483 1210 510
10781 5687 543 1210 510
10772 5696 602 1210 510
10764 5701 647 1220 500
10759 5701 659 1220 500
10759 5701 668 1220 500
10759 5701 667 1220 500
10759 5695 665 1220 500
10759 5684 668 1220 500
10766 5664 670 1220 500
10774 5634 663 1220 500
10785 5594 664 1220 500
10796 5547 666 1220 500
10805 5508 664 1220 500
10813 5476 666 1220 500
10820 5449 672 1220 500
10830 5418 678 1220 500
10835 5396 679 1200 500
10835 5379 691 1200 500
10835 5362 693 1200 500
10835 5343 700 1200 500
10835 5336 693 1200 500
10835 5336 696 1190 500
10835 5336 705 1190 500
10835 5336 721 1190 500
10835 5336 743 1190 500
10835 5336 753 1190 500
10835 5342 756 1190 500
10828 5351 754 1180 490
10821 5366 754 1180 490
10821 5386 757 1180 490
10821 5405 759 1180 490
10815 5424 759 1180 490
10815 5445 756 1180 490
10810 5472 757 1180 490
10810 5501 757 1180 490
10810 5526 759 1180 490
10803 5553 759 1180 490
10803 5582 757 1180 490
10803 5595 757 1180 490
10803 5607 756 1180 490
10811 5615 751 1180 490
10816 5615 761 1180 490
10822 5615 757 1180 490
10830 5615 752 1180 490
10844 5607 754 1180 490
10864 5593 754 1180 490
10891 5573 752 1180 490
10924 5549 752 1180 490
10961 5520 754 1180 490
11003 5490 757 1180 490
11046 5461 758 1180 490
11087 5433 758 1180 490
11123 5418 758 1180 490
11157 5402 757 1180 490
11189 5388 758 1180 490
11214 5376 758 1180 490
11240 5366 760 1180 490
11258 5361 760 1180 490
11271 5361 758 1180 490
11277 5361 761 1180 490
11283 5361 750 1180 490
11283 5361 759 1170 500
11283 5361 787 1170 500
11283 5361 824 1160 490
11283 5361 866 1160 490
11283 5366 876 1160 490
11283 5373 905 1160 490
11283 5384 906 1160 490
11283 5400 911 1160 490
11276 5419 909 1160 490
11276 5450 914 1160 490
11267 5481 911 1160 490
11261 5520 911 1160 490
11254 5565 905 1160 490
11244 5608 894 1160 490
11231 5651 899 1170 490
11217 5698 878 1170 490
11203 5748 867 1170 490
11189 5791 819 1170 490
11175 5832 818 1170 490
11160 5871 791 1170 490
11149 5897 752 1170 490
11141 5918 690 1170 490
11136 5932 603 1170 490
11136 5937 470 1190 480
11136 5937 291 1190 480
11136 5929 51 1190 480
11136 5929 0 1190 480
11150 5910 0 1200 480
11156 5898 0 1200 480
11162 5886 0 1200 480
11169 5874 0 1200 480
11183 5863 0 1200 480
11198 5852 0 1190 470
11219 5840 0 1200 470
11243 5830 0 1200 470
11274 5818 0 1190 460
11308 5804 0 1200 460
11341 5785 0 1200 460
11369 5763 0 1190 450
11399 5738 0 1190 450
11423 5712 0 1190 450
11442 5688 0 1190 450
11458 5665 0 1190 450
11493 5643 0 1190 450
11541 5621 0 1190 450
11541 5621 225 1190 450
11441 5588 391 1180 450
11449 5580 495 1190 460
11439 5580 578 1190 460
11431 5580 647 1180 460
11425 5580 673 1190 470
11425 5580 721 1190 470
11418 5586 736 1180 480
11418 5586 748 1190 480
11418 5592 751 1190 480
11418 5592 749 1170 490
11418 5597 749 1170 490
11418 5597 725 1170 490
11418 5602 690 1170 490
11424 5608 594 1170 490
11430 5619 470 1170 490
11436 5630 241 1170 490
11436 5630 0 1170 490
11448 5647 0 1170 490
11448 5656 0 1170 490
11448 5669 0 1170 490
11448 5687 0 1170 490
11448 5710 0 1170 490
11456 5735 0 1170 490
11468 5761 0 1170 490
11486 5788 0 1180 480
11545 5839 0 1180 480
11630 5878 0 1180 480
11603 5908 0 1190 470
11632 5948 0 1190 460
11698 5988 0 1200 460
11754 6028 0 1210 460
11810 6069 0 1210 460
11865 6109 0 1220 460
11944 6146 0 1220 460
11993 6177 0 1220 460
12023 6205 0 1210 470
12063 6230 0 1200 460
12102 6249 0 1190 450
12138 6261 0 1170 450
12161 6269 0 1170 440
12177 6274 0 1160 440
12184 6274 0 1140 430
12184 6268 0 1130 440
12177 6256 0 1110 430
12163 6241 0 1100 430
12139 6223 0 1080 430
12109 6201 0 1070 420
12077 6175 0 1070 420
12042 6148 0 1060 410
12006 6123 0 1060 410
11968 6097 0 1060 410
11936 6070 0 1060 410
11907 6043 0 1070 420
11883 6021 0 1080 440
11862 6002 0 1090 440
11847 5985 0 1100 450
11831 5971 0 1100 450
11816 5960 0 1120 460
11807 5960 0 1130 470
11800 5960 0 1150 470
11794 5960 0 1150 480
11794 5967 0 1160 490
11794 5978 0 1170 490
11794 5994 0 1180 490
11794 6011 0 1190 500
11803 6027 0 1190 500
11803 6027 1 1190 500
11803 6027 185 1200 500
11809 6084 280 1200 500
11809 6100 333 1190 490
11800 6114 418 1190 490
11800 6124 504 1190 490
11792 6124 562 1180 490
11792 6130 602 1180 490
11792 6130 613 1180 490
11787 6130 614 1180 490
11787 6121 616 1180 490
11787 6111 617 1180 490
11787 6083 624 1180 490
11797 6045 625 1170 500
11809 6002 625 1170 500
11821 5959 634 1170 500
11835 5914 641 1170 500
11853 5865 639 1180 490
11869 5819 647 1180 490
11883 5772 647 1170 500
11894 5724 637 1170 500
11905 5713 640 1170 500
11917 5688 646 1170 500
11926 5653 644 1170 500
11932 5626 646 1170 500
11937 5609 646 1180 510
11937 5599 644 1170 510
11942 5590 643 1170 510
11942 5590 643 1170 510
11942 5590 641 1170 510
11942 5590 638 1170 510
11942 5590 639 1150 510
11932 5602 619 1150 510
11924 5618 611 1150 510
11914 5633 594 1150 510
11905 5654 570 1150 510
11897 5679 553 1150 510
11891 5713 544 1150 510
11885 5749 522 1150 510
11878 5787 499 1150 510
11870 5832 489 1150 510
11863 5876 485 1150 510
11858 5932 465 1150 510
11853 5995 464 1150 500
11853 6061 464 1150 500
11853 6123 467 1150 500
11853 6183 475 1160 500
11853 6234 478 1160 500
11861 6279 490 1160 500
11868 6314 502 1160 500
11875 6342 520 1160 500
11884 6366 538 1170 500
11893 6383 543 1170 500
11902 6395 548 1170 500
11908 6395 546 1170 500
11913 6400 543 1170 500
11913 6400 545 1180 490
11918 6400 546 1180 490
11924 6388 559 1180 490
11931 6371 559 1180 490
11942 6348 559 1180 490
11950 6320 561 1180 490
11950 6290 565 1180 490
11956 6258 568 1180 490
11956 6224 570 1180 490
11951 6188 561 1180 490
11951 6150 560 1180 490
11945 6109 561 1180 490
11937 6066 561 1180 490
11927 6023 563 1180 490
11915 5980 561 1180 490
11903 5941 539 1180 490
11891 5905 521 1170 500
11879 5870 502 1170 500
11867 5842 504 1170 500
11860 5826 505 1170 500
11855 5818 507 1170 500
11855 5818 512 1160 500
11855 5818 509 1160 500
11855 5818 509 1160 500
11855 5824 509 1160 500
11860 5824 509 1160 500
11860 5824 512 1160 500
11869 5824 512 1160 500
11877 5824 514 1160 500
11888 5824 518 1160 500
11905 5816 537 1160 500
11926 5804 548 1150 500
11948 5790 548 1150 500
11974 5775 553 1150 500
12000 5761 562 1150 500
12025 5743 561 1150 500
12056 5724 564 1150 500
12084 5706 564 1150 500
12110 5694 567 1150 500
12139 5687 570 1150 500
12167 5674 570 1150 500
12193 5664 572 1150 500
12217 5656 570 1150 500
12242 5656 575 1140 500
12265 5656 574 1140 500
12287 5656 574 1140 500
12309 5656 575 1140 500
12332 5656 575 1140 500
12355 5667 572 1140 500
12377 5676 569 1140 500
12397 5687 566 1140 500
12418 5700 567 1140 500
12434 5713 567 1140 500
12447 5728 569 1140 500
12457 5747 569 1140 500
12468 5770 567 1140 500
12473 5789 569 1140 500
12473 5811 567 1140 500
12480 5839 567 1140 500
12480 5869 569 1150 490
12475 5901 567 1150 490
12465 5933 569 1150 490
12454 5966 567 1150 490
12441 6001 567 1150 490
12423 6040 569 1150 490
12403 6075 569 1150 490
12382 6101 567 1150 490
12364 6121 569 1160 490
12347 6134 569 1160 490
12332 6139 570 1160 490
12316 6139 569 1160 490
12303 6131 569 1160 490
12291 6119 567 1160 490
12280 6103 569 1160 490
12271 6081 567 1160 490
12261 6053 569 1160 490
12254 6020 567 1160 490
12254 5985 570 1160 490
12254 5951 569 1160 490
12259 5917 570 1160 490
12266 5884 572 1160 490
12275 5858 570 1160 490
12287 5837 570 1160 490
12298 5820 570 1150 490
12311 5806 570 1150 490
12324 5794 570 1140 480
12338 5788 572 1140 480
12354 5782 572 1140 480
12371 5782 572 1140 480
12388 5791 572 1140 480
12405 5799 570 1140 480
12423 5812 569 1140 480
12442 5828 567 1140 480
12458 5847 570 1140 480
12471 5866 567 1140 480
12482 5884 567 1140 480
12493 5903 570 1150 490
12504 5924 570 1150 490
12511 5945 567 1150 490
12519 5966 569 1150 490
12524 5984 572 1150 490
12524 6002 580 1150 490
12524 6016 589 1150 490
12524 6025 614 1150 490
12524 6025 636 1150 490
12524 6025 644 1150 490
12524 6025 656 1150 490
12524 6025 658 1150 490
12524 6025 658 1150 490
12524 6025 655 1150 490
12524 6014 655 1150 490
12524 6006 655 1150 490
12529 5995 656 1150 490
12529 5986 653 1150 490
12536 5979 655 1150 490
12536 5971 653 1150 490
12544 5965 655 1150 490
12549 5965 655 1150 490
12554 5965 655 1150 490
12554 5960 655 1150 490
12559 5960 656 1150 490
12559 5960 655 1160 490
12565 5960 655 1160 490
12565 5965 656 1160 490
12571 5971 658 1160 490
12576 5980 656 1160 490
12583 5991 659 1160 490
12592 6007 658 1160 490
12600 6023 655 1160 490
12607 6037 652 1160 490
12614 6051 649 1150 490
12620 6063 649 1150 490
12626 6072 650 1150 490
12631 6077 647 1150 490
12631 6077 646 1150 490
12631 6083 646 1150 490
12636 6083 646 1150 490
12642 6072 646 1150 490
12649 6060 647 1150 490
12661 6041 650 1150 490
12678 6018 649 1160 500
12696 5994 649 1160 500
12716 5975 652 1160 500
12736 5959 652 1160 500
12757 5946 653 1160 500
12776 5938 655 1160 500
12793 5933 655 1160 500
12807 5933 655 1160 500
12818 5933 656 1160 500
12832 5940 658 1160 500
12842 5951 658 1160 500
12849 5965 662 1160 500
12857 5982 662 1160 500
12865 6004 665 1160 500
12873 6024 667 1160 500
12878 6051 667 1160 500
12884 6083 665 1160 500
12890 6117 661 1160 500
12897 6151 661 1160 500
12903 6184 655 1160 500
12908 6219 646 1160 500
12908 6253 647 1160 500
12914 6293 617 1160 500
12914 6338 603 1160 500
12907 6386 563 1160 500
12899 6437 556 1160 500
12890 6491 543 1160 500
12881 6551 541 1170 500
12867 6609 538 1170 500
12849 6664 532 1170 500
12829 6712 530 1170 500
12810 6753 535 1170 500
12790 6790 538 1180 490
12770 6815 544 1180 490
12753 6832 546 1180 490
12740 6839 557 1180 490
12731 6839 567 1180 490
12725 6839 568 1190 490
12725 6839 561 1190 490
12725 6825 570 1190 490
12725 6808 560 1190 490
12725 6782 564 1190 490
12725 6751 567 1190 490
12734 6715 574 1200 480
12745 6676 584 1200 480
12761 6622 588 1200 480
12779 6558 595 1190 480
12798 6452 606 1190 480
12820 6399 606 1190 480
12842 6381 617 1190 480
12861 6330 614 1190 480
12881 6279 614 1190 490
12900 6229 616 1180 490
12914 6197 616 1180 490
12926 6177 617 1180 490
12938 6152 617 1180 490
12947 6136 617 1170 500
12954 6126 614 1170 500
12954 6121 611 1170 500
12962 6121 619 1180 510
12962 6121 619 1180 510
12970 6130 620 1180 510
12976 6144 619 1180 510
12982 6162 611 1180 510
12989 6189 611 1180 510
12997 6215 619 1180 510
13003 6245 617 1180 510
13003 6277 617 1180 510
13010 6308 617 1180 510
13010 6343 617 1180 510
13010 6382 617 1180 510
13010 6419 617 1190 510
13010 6454 611 1190 510
13010 6481 633 1190 510
13010 6497 644 1190 510
13005 6504 663 1190 510
13005 6504 679 1190 510
13005 6504 685 1190 510
13005 6504 684 1200 510
13005 6498 681 1200 510
13005 6488 681 1200 510
12997 6473 682 1200 510
12991 6457 679 1200 510
12991 6437 681 1200 510
12980 6416 681 1200 510
12970 6393 681 1200 510
12960 6370 679 1200 510
12950 6352 679 1200 510
12939 6335 673 1200 510
12929 6315 672 1200 510
12920 6298 666 1200 510
12911 6287 661 1190 500
12911 6279 644 1190 500
12905 6271 638 1190 500
12905 6262 617 1190 500
12905 6253 619 1190 500
12910 6244 620 1180 510
12916 6235 619 1180 510
12927 6226 610 1180 510
12941 6218 613 1180 510
12960 6211 616 1180 510
12981 6211 614 1180 510
13004 6211 613 1180 510
13025 6211 616 1180 510
13048 6218 617 1180 510
13072 6227 619 1180 510
13096 6239 617 1180 510
13119 6251 620 1180 510
13140 6268 622 1180 510
13167 6289 624 1180 510
13191 6307 622 1180 510
13212 6329 624 1170 500
13234 6352 624 1170 500
13257 6375 625 1170 500
13281 6400 622 1170 500
13305 6424 625 1170 500
13328 6448 624 1170 500
13350 6473 622 1170 500
13371 6498 624 1170 500
13386 6522 622 1170 500
13402 6546 617 1170 500
13413 6571 616 1170 500
13420 6598 613 1180 490
13420 6622 613 1180 490
13420 6645 613 1180 490
13420 6667 611 1180 490
13405 6689 610 1180 490
13389 6709 610 1190 490
13367 6727 613 1190 490
13341 6741 613 1190 490
13320 6753 624 1190 490
13299 6759 622 1190 490
13279 6759 625 1210 490
13261 6759 625 1210 490
13247 6750 624 1210 490
13235 6733 624 1210 490
13224 6708 625 1210 490
13213 6680 627 1210 490
13203 6650 627 1210 490
13195 6617 628 1210 490
13189 6577 631 1210 490
13189 6536 634 1210 490
13183 6495 634 1210 490
13183 6460 633 1210 490
13194 6428 638 1190 490
13204 6397 638 1190 490
13216 6367 636 1190 490
13229 6349 639 1190 490
13244 6339 636 1190 480
13255 6326 636 1170 490
13268 6319 638 1170 490
13278 6319 639 1170 490
13289 6319 639 1170 490
13300 6319 639 1170 490
13311 6329 641 1170 490
13319 6339 645 1170 490
13324 6353 645 1170 490
13335 6370 644 1170 490
13344 6388 645 1180 490
13353 6408 647 1180 490
13362 6430 647 1180 490
13371 6448 644 1180 490
13378 6470 644 1180 490
13383 6493 645 1180 490
13389 6516 637 1180 490
13389 6532 638 1180 490
13394 6551 644 1180 490
13394 6571 649 1180 490
13394 6585 661 1180 490
13389 6593 667 1180 490
13389 6593 679 1180 490
13383 6593 688 1180 490
13383 6593 688 1180 490
13383 6593 687 1180 490
13383 6584 690 1180 490
13388 6563 687 1180 490
13395 6534 687 1180 490
13403 6503 688 1180 490
13414 6474 688 1180 490
13427 6449 688 1180 490
13443 6424 685 1180 490
13456 6406 685 1180 490
13468 6392 679 1180 490
13480 6382 679 1180 490
13490 6382 679 1180 490
13498 6382 682 1180 490
13504 6382 681 1180 490
13513 6396 684 1180 490
13521 6410 687 1180 490
13528 6425 687 1170 500
13535 6443 687 1170 500
13543 6464 690 1170 500
13552 6489 688 1170 500
13562 6514 687 1170 500
13571 6539 687 1180 510
13579 6566 687 1190 500
13587 6594 687 1190 500
13596 6626 684 1190 500
13606 6659 678 1190 500
13606 6692 678 1190 500
13606 6723 676 1190 500
13606 6753 676 1190 500
13606 6780 675 1190 500
13598 6811 676 1200 500
13589 6841 675 1200 500
13582 6871 675 1200 500
13571 6894 679 1200 500
13558 6915 679 1200 500
13546 6933 679 1220 500
13534 6945 681 1220 500
13523 6954 685 1220 500
13514 6954 682 1220 500
13507 6954 679 1220 500
13499 6954 676 1230 490
13490 6954 673 1230 490
13479 6941 669 1230 490
13470 6926 673 1230 490
13470 6910 662 1230 490
13465 6896 650 1230 490
13465 6881 649 1230 490
13474 6864 647 1220 480
13481 6846 647 1220 480
13490 6829 647 1220 480
13502 6813 650 1220 480
13518 6797 655 1220 480
13536 6779 668 1230 490
13558 6759 672 1230 490
13581 6741 676 1230 490
13605 6724 682 1230 490
13627 6701 688 1230 490
13645 6676 690 1230 490
13666 6650 690 1230 490
13684 6626 691 1230 490
13703 6600 693 1220 500
13722 6575 691 1220 500
13736 6550 693 1220 500
13746 6530 693 1220 500
13758 6514 693 1220 500
13764 6503 694 1220 500
13764 6497 693 1220 500
13764 6497 693 1210 510
13764 6497 693 1210 510
13764 6497 693 1220 510
13769 6497 693 1220 510
13769 6497 690 1220 510
13779 6508 679 1220 510
13786 6518 668 1220 510
13796 6532 628 1220 510
13806 6545 580 1220 510
13816 6557 502 1220 510
13827 6568 398 1220 510
13840 6581 287 1220 510
13853 6594 141 1220 510
13853 6594 0 1220 510
13879 6616 0 1220 510
13887 6627 0 1220 510
13887 6639 0 1220 510
13893 6651 0 1230 520
13893 6665 0 1230 520
13893 6679 0 1240 520
13893 6691 0 1240 520
13885 6701 0 1240 520
13871 6708 0 1240 520
13854 6713 0 1240 520
13834 6713 0 1260 510
13806 6713 0 1260 510
13775 6718 0 1260 510
13743 6718 0 1260 510
13705 6718 0 1270 510
13657 6707 0 1260 500
13603 6698 0 1260 500
13539 6686 0 1260 500
13470 6671 0 1260 490
13397 6652 0 1260 490
13320 6631 0 1250 480
13240 6603 0 1250 480
13157 6569 0 1240 480
13073 6535 0 1240 480
12989 6501 0 1230 470
12905 6467 0 1220 470
12837 6437 0 1210 470
12773 6409 0 1210 470
12715 6392 0 1210 470
12665 6380 0 1190 460
12621 6371 0 1190 460
12584 6371 0 1190 460
12555 6382 0 1180 460
12530 6397 0 1180 460
12513 6419 0 1180 460
12504 6444 0 1180 460
12521 6471 0 1180 460
12556 6498 0 1180 460
12480 6524 0 1190 470
12458 6548 0 1190 470
12471 6567 0 1190 470
12466 6583 0 1190 470
12466 6583 371 1180 460
12466 6583 436 1180 460
12466 6583 473 1180 460
12466 6583 502 1190 470
12402 6591 535 1190 470
12391 6573 546 1190 470
12383 6561 556 1200 470
12377 6546 561 1200 470
12371 6522 565 1200 470
12371 6501 567 1210 480
12371 6484 570 1210 480
12371 6467 568 1210 480
12371 6456 568 1200 480
12371 6448 565 1200 480
12379 6443 567 1200 480
12386 6443 560 1200 480
12393 6443 560 1200 480
12400 6438 560 1200 480
12400 6438 561 1200 480
12409 6446 566 1200 480
12416 6454 570 1200 480
12416 6462 574 1200 480
12422 6471 578 1200 480
12422 6480 580 1200 480
12422 6487 584 1200 480
12422 6496 584 1200 480
12410 6506 588 1200 480
12402 6506 586 1200 480
12388 6515 584 1200 480
12370 6521 574 1200 480
12354 6521 554 1200 480
12331 6521 540 1200 480
12304 6514 520 1200 480
12280 6501 493 1200 480
12255 6482 458 1200 480
12231 6457 418 1200 480
12209 6428 319 1200 480
12188 6397 179 1200 480
12169 6364 60 1200 480
12169 6364 0 1200 480
12137 6295 0 1200 480
12122 6263 0 1200 480
12110 6234 0 1190 480
12100 6212 0 1190 480
12092 6196 0 1180 480
12092 6186 0 1170 480
12092 6178 0 1160 470
12103 6172 0 1150 460
12109 6157 0 1140 460
12119 6157 0 1130 460
12129 6150 0 1130 460
12139 6139 0 1120 450
12147 6112 0 1110 440
12157 6095 0 1090 430
12157 6084 0 1080 430
12157 6058 0 1070 420
12147 6029 0 1060 410
12137 5992 0 1060 410
12125 5951 0 1070 400
12101 5909 0 1070 390
12077 5869 0 1070 380
12054 5823 0 1080 380
12033 5775 0 1080 370
11988 5724 0 1080 370
11924 5670 0 1090 360
11870 5616 0 1100 370
11808 5556 0 1110 380
11741 5492 0 1130 390
11666 5427 0 1140 400
11586 5355 0 1150 390
11503 5283 0 1150 400
11412 5212 0 1150 400
11321 5127 0 1160 410
11227 5039 0 1160 410
11130 4948 0 1150 410
11023 4859 0 1160 420
10914 4776 0 1150 420
10803 4694 0 1160 430
10708 4614 0 1170 440
10615 4531 0 1160 450
10525 4450 0 1160 450
10428 4373 0 1160 440
10326 4300 0 1160 440
10233 4228 0 1140 430
10141 4160 0 1140 430
10055 4094 0 1140 430
9960 4025 0 1140 430
9859 3962 0 1140 430
9773 3904 0 1160 440
9699 3849 0 1170 440
9633 3799 0 1170 450
9566 3753 0 1180 450
9502 3712 0 1180 450
9441 3673 0 1170 460
9380 3635 0 1170 460
9323 3601 0 1170 460
9271 3567 0 1170 460
9221 3536 0 1170 460
9171 3507 0 1170 460
9127 3430 0 1190 460
9085 3389 0 1190 460
9047 3371 0 1190 460
9011 3393 0 1200 470
8977 3384 0 1200 470
8977 3384 187 1200 470
8912 3345 235 1190 470
8882 3345 251 1190 470
8859 3345 255 1190 470
8843 3345 277 1180 480
8830 3357 299 1190 480
8819 3367 309 1190 480
8813 3379 327 1190 480
8813 3394 356 1190 490
8813 3408 389 1190 490
8813 3419 396 1190 490
8819 3429 410 1200 500
8828 3438 420 1200 500
8844 3451 415 1200 500
8868 3464 415 1200 500
8898 3478 418 1200 500
8934 3491 418 1200 500
8985 3508 425 1200 500
9044 3528 430 1200 500
9109 3552 428 1200 500
9211 3585 438 1220 500
9338 3624 450 1220 500
9415 3679 473 1220 500
9548 3749 488 1220 500
9718 3830 513 1220 500
9910 3940 543 1220 500
10131 4068 572 1220 500
10370 4208 594 1220 500
10652 4359 617 1210 490
10970 4534 633 1230 490
11312 4724 638 1230 490
11660 4913 665 1230 490
12029 5117 675 1230 490
12413 5332 690 1230 490
12805 5540 700 1250 500
13203 5739 690 1250 500
13561 5933 696 1250 500
13890 6122 700 1260 490
14233 6293 694 1260 490
14530 6451 670 1280 490
14796 6596 656 1280 490
15036 6735 599 1280 490
15239 6845 556 1300 500
15418 6938 509 1300 500
15547 7010 393 1300 500
15639 7079 281 1320 490
15705 7120 107 1320 490
15705 7120 0 1330 500
15692 7148 0 1340 490
15634 7133 0 1340 490
15546 7106 0 1340 490
15436 7060 0 1340 490
15311 7010 0 1340 490
15150 6951 0 1340 490
14979 6887 0 1350 490
14802 6816 0 1350 490
14618 6739 0 1350 490
14436 6657 0 1350 490
14256 6570 0 1340 480
14072 6482 0 1340 480
13894 6393 0 1340 480
13720 6270 0 1320 480
13566 6185 0 1320 480
13417 6126 0 1320 480
13282 6028 0 1310 470
13155 5942 0 1300 470
13032 5865 0 1310 460
12930 5798 0 1300 460
12843 5732 0 1310 450
12780 5667 0 1310 450
12722 5608 0 1310 450
12676 5553 0 1290 450
12638 5498 0 1290 450
12609 5447 0 1290 450
12592 5399 0 1290 450
12583 5355 0 1270 450
12583 5311 0 1270 450
12583 5274 0 1270 450
12595 5242 0 1270 450
12605 5217 0 1280 450
12613 5200 0 1280 450
12622 5188 0 1260 460
12632 5180 0 1260 470
12640 5180 0 1250 470
12646 5180 0 1240 470
12646 5180 0 1230 470
12654 5189 0 1230 470
12654 5197 0 1230 480
12668 5183 0 1230 480
12679 5199 0 1230 480
12690 5235 0 1230 480
12701 5248 0 1240 490
12716 5248 0 1240 490
12728 5248 0 1240 490
12728 5248 13 1240 490
12728 5248 322 1240 490
12748 5316 348 1260 490
12731 5325 394 1260 490
12718 5333 427 1260 490
12703 5333 471 1260 490
12686 5333 486 1260 490
12670 5333 496 1260 490
12651 5321 496 1260 490
12631 5307 519 1270 490
12611 5294 527 1280 490
12595 5275 532 1280 490
12585 5256 532 1280 490
12579 5235 532 1280 490
12579 5219 532 1280 490
12579 5206 532 1270 490
12589 5194 532 1270 490
12601 5182 530 1270 490
12618 5175 535 1270 490
12637 5175 535 1270 490
12658 5170 537 1270 490
12678 5170 540 1270 490
12696 5178 546 1270 490
12715 5190 546 1270 490
12731 5203 572 1270 490
12745 5216 603 1270 490
12751 5229 638 1270 490
12751 5240 658 1270 490
12751 5249 664 1270 490
12741 5261 662 1270 490
12721 5275 650 1270 490
12693 5280 614 1270 490
12657 5271 546 1270 490
12603 5253 512 1270 490
12537 5222 448 1270 490
12461 5180 334 1260 490
12385 5130 117 1260 490
