178
2975 6875 272 1200 480
2975 6875 282 1210 490
2975 6875 296 1220 500
2982 6828 353 1220 500
2999 6751 400 1240 500
3022 6584 420 1250 510
3043 6350 435 1250 510
3067 6072 435 1260 510
3095 5766 436 1240 520
3103 5507 440 1240 520
3103 5280 440 1230 520
3089 5135 438 1210 530
3083 5059 399 1190 530
3083 5029 330 1170 540
3089 5040 125 1150 540
2414 6403 410 1230 520
2261 6370 428 1250 530
2207 6396 427 1270 520
2165 6424 428 1280 520
2206 6454 438 1290 520
2323 6510 473 1300 520
2491 6609 515 1300 520
2794 6736 524 1330 520
3102 6855 529 1330 520
3413 6935 526 1340 510
3724 6990 518 1360 510
3939 6990 515 1360 510
4108 6948 522 1370 520
4246 6886 515 1380 510
4322 6797 519 1380 510
4342 6703 529 1380 510
4324 6607 532 1380 510
4265 6482 537 1380 510
4168 6347 538 1370 520
4045 6206 538 1370 520
3925 6080 540 1360 520
3843 5987 543 1360 520
3786 5917 540 1360 520
3759 5870 544 1370 530
3766 5849 539 1370 530
3796 5849 543 1370 530
3878 5849 546 1370 530
3995 5861 550 1370 530
4134 5881 550 1390 540
4280 5891 551 1390 540
4385 5883 550 1390 540
4462 5862 550 1370 540
4489 5816 559 1370 540
4481 5765 565 1360 550
4449 5693 591 1350 550
4391 5608 608 1340 550
4319 5511 611 1320 550
4238 5387 617 1310 560
4134 5244 625 1300 560
4019 5086 636 1300 560
3897 4915 653 1280 570
3792 4736 666 1280 570
3729 4622 673 1270 570
3694 4553 667 1270 570
3704 4514 676 1270 570
3756 4514 681 1270 570
3835 4545 684 1270 570
3948 4606 679 1260 580
4094 4693 662 1240 570
4262 4798 650 1240 570
4417 4914 625 1260 580
4571 5039 600 1270 570
4723 5185 592 1270 570
4883 5344 591 1280 580
5028 5523 589 1280 580
5163 5672 591 1280 580
5258 5800 592 1290 590
5292 5901 616 1320 590
5286 5965 627 1320 590
5233 6005 634 1340 580
5150 6024 634 1350 580
5048 6011 630 1350 580
4949 5977 630 1360 570
4851 5897 636 1380 570
4756 5785 659 1380 570
4698 5653 669 1360 560
4663 5501 675 1350 570
4677 5367 676 1340 570
4726 5244 684 1310 570
4798 5203 687 1310 570
4887 5198 685 1300 580
4977 5218 685 1290 590
5070 5282 681 1280 590
5170 5376 673 1280 590
5278 5491 664 1280 610
5389 5605 666 1280 610
5501 5718 685 1280 610
5624 5831 693 1280 610
5758 5922 693 1290 610
5899 5965 687 1290 610
5998 5975 682 1310 610
6079 5942 672 1320 610
6149 5873 668 1320 610
6199 5780 664 1340 610
6226 5704 668 1320 610
6237 5650 663 1320 610
6250 5612 675 1300 620
6266 5599 693 1290 630
6284 5613 690 1270 630
6329 5644 696 1250 640
6402 5702 694 1240 640
6494 5772 696 1240 640
6608 5849 690 1240 640
6724 5919 679 1250 650
6843 5957 664 1270 640
6933 5975 670 1290 640
7005 5959 670 1320 640
7057 5907 671 1320 640
7085 5831 663 1330 630
7096 5755 666 1330 630
7112 5698 667 1330 630
7132 5655 681 1320 640
7162 5641 690 1300 650
7209 5654 697 1280 650
7267 5686 697 1260 660
7337 5733 699 1240 660
7407 5800 697 1240 660
7479 5881 697 1240 660
7543 5945 699 1260 670
7602 5985 693 1280 660
7659 6009 693 1300 660
7718 6026 694 1330 660
7781 6006 690 1350 650
7845 5962 693 1370 650
7909 5910 694 1380 640
7972 5862 694 1380 640
8038 5836 699 1380 640
8106 5823 702 1370 650
8172 5836 700 1370 650
8240 5878 691 1350 650
8289 5939 694 1350 650
8325 6007 696 1350 650
8357 6076 696 1320 650
8382 6147 694 1320 650
8403 6183 693 1320 650
8408 6183 691 1320 650
8403 6169 690 1350 650
8390 6096 687 1350 650
8349 5938 687 1350 650
8288 5723 690 1370 650
8214 5464 690 1370 660
8111 5131 690 1370 660
7960 4749 700 1370 660
7777 4371 707 1370 670
7546 3990 731 1350 680
7276 3608 731 1330 690
6981 3297 739 1330 700
6664 3028 742 1310 710
6347 2787 737 1280 710
6027 2627 721 1260 720
5683 2561 713 1230 720
5326 2561 702 1230 720
4944 2624 705 1210 730
4558 2750 716 1160 720
4170 2916 725 1160 720
3832 3106 728 1150 710
3561 3327 754 1150 710
3334 3570 755 1160 700
3273 3753 768 1150 690
3318 3917 777 1170 690
3433 4068 779 1200 670
3704 4225 782 1210 660
4110 4397 784 1230 650
4606 4580 784 1230 650
5212 4765 779 1250 650
5894 4954 756 1250 650
6627 5145 750 1250 650
7310 5315 763 1280 650
7866 5413 753 1300 660
8336 5463 750 1300 660
8639 5422 755 1330 660
8813 5327 697 1350 670
8902 5195 325 1350 670