221
3591 5186 49 740 600
3567 5248 98 740 600
3556 5282 129 730 610
3541 5323 187 730 610
3525 5370 200 730 610
3511 5403 221 730 610
3502 5428 277 720 610
3502 5435 349 720 600
3502 5435 425 720 600
3502 5435 468 720 600
3502 5435 490 720 600
3502 5394 498 720 600
3511 5328 513 720 600
3535 5142 533 720 600
3569 4892 578 720 600
3594 4599 609 720 610
3607 4302 633 720 610
3613 4026 639 720 610
3613 3763 644 700 600
3613 3596 636 700 600
3603 3499 633 680 600
3603 3450 560 670 600
3603 3450 405 650 600
3603 3473 274 650 600
3594 3520 93 650 600
3321 5282 63 760 590
3268 5216 76 760 590
3236 5185 96 770 580
3208 5169 149 750 580
3187 5162 188 750 580
3170 5171 188 750 580
3152 5186 196 750 580
3136 5216 216 740 580
3129 5253 257 740 580
3129 5287 299 740 580
3151 5324 341 750 580
3182 5364 379 750 580
3238 5408 391 750 580
3327 5462 417 770 580
3439 5524 442 770 580
3582 5583 450 780 580
3737 5633 466 780 580
3899 5676 474 780 580
4045 5717 470 800 600
4190 5726 480 800 600
4292 5714 489 800 600
4366 5674 526 810 610
4401 5607 568 810 610
4412 5521 597 810 610
4412 5393 619 810 620
4371 5240 614 810 620
4304 5070 633 780 630
4217 4943 639 780 630
4129 4838 636 760 620
4050 4748 646 760 620
3987 4688 652 750 620
3963 4665 639 750 610
3963 4665 560 750 610
3970 4665 540 740 600
3970 4678 533 740 600
4028 4716 535 750 590
4115 4773 533 750 590
4227 4836 529 750 590
4339 4897 526 750 590
4446 4948 521 740 600
4548 4995 526 750 610
4647 5020 516 750 610
4747 5020 516 750 620
4819 5001 526 760 630
4871 4957 535 750 640
4903 4885 543 750 640
4911 4794 575 750 640
4904 4663 583 750 650
4863 4506 560 750 650
4777 4331 575 720 650
4661 4132 586 720 650
4522 3938 572 720 650
4373 3754 589 700 650
4218 3597 595 700 650
4056 3458 603 690 640
3934 3362 614 700 630
3839 3301 610 690 610
3799 3263 592 700 600
3793 3263 522 710 600
3809 3273 513 690 590
3832 3322 515 700 580
3915 3399 518 700 580
4037 3509 518 710 570
4201 3642 521 700 580
4382 3791 526 700 580
4574 3933 532 690 590
4765 4079 539 710 600
4945 4228 550 700 600
5118 4373 570 690 610
5288 4484 568 700 630
5409 4574 561 680 640
5498 4650 568 700 660
5550 4705 554 700 660
5572 4747 570 690 670
5572 4754 619 690 670
5572 4754 641 680 670
5539 4754 627 680 670
5490 4762 608 680 670
5418 4739 613 680 670
5334 4699 611 680 670
5241 4646 619 680 670
5162 4581 616 680 670
5115 4507 608 690 670
5090 4422 609 690 670
5084 4338 605 690 670
5099 4256 592 700 660
5128 4233 586 700 660
5175 4213 589 700 660
5251 4222 564 700 650
5345 4249 568 700 660
5420 4310 561 700 660
5490 4386 570 700 660
5557 4472 568 690 670
5607 4545 561 690 670
5633 4579 550 690 670
5642 4587 568 680 670
5649 4581 578 680 670
5663 4536 586 680 670
5677 4466 628 680 670
5690 4388 644 680 670
5685 4337 641 680 670
5685 4305 616 680 670
5699 4305 586 680 670
5704 4305 591 680 670
5743 4341 569 680 670
5804 4389 568 680 670
5856 4449 562 660 680
5897 4486 557 660 680
5930 4509 570 660 680
5947 4499 589 660 680
5964 4466 609 660 680
5981 4419 661 660 680
6006 4362 650 660 680
6021 4334 647 660 680
6028 4325 640 660 680
6051 4325 647 660 680
6102 4325 638 690 690
6171 4357 644 680 700
6238 4409 645 680 700
6314 4464 641 680 700
6396 4515 639 680 700
6467 4545 636 670 710
6534 4562 638 670 710
6597 4570 638 670 710
6660 4579 633 650 710
6716 4593 630 650 710
6768 4610 633 650 710
6824 4629 630 650 710
6878 4644 620 650 710
6924 4656 610 640 720
6965 4656 616 640 720
7003 4643 608 640 720
7037 4630 609 640 720
7068 4612 619 670 730
7083 4595 620 670 730
7100 4554 616 670 730
7123 4498 614 670 730
7151 4379 577 650 740
7178 4236 559 650 740
7195 4076 562 650 740
7206 3946 570 640 740
7206 3821 567 640 740
7189 3699 561 620 750
7159 3576 532 620 750
7101 3461 515 620 750
7002 3352 492 590 750
6875 3253 469 590 750
6697 3162 465 590 750
6495 3077 458 590 750
6276 3008 463 610 740
6022 2951 442 610 740
5729 2913 420 590 730
5409 2880 404 590 730
5045 2853 364 610 720
4669 2831 382 610 720
4284 2813 455 630 710
3913 2800 481 640 700
3593 2793 498 630 690
3306 2802 492 640 680
3042 2820 539 650 670
2853 2842 519 630 670
2713 2877 516 640 660
2623 2922 509 650 650
2603 2972 499 630 650
2629 3043 509 650 650
2721 3129 514 660 640
2874 3224 517 660 640
3068 3315 516 660 640
3339 3398 543 660 640
3643 3477 557 660 640
3969 3562 560 660 640
4347 3671 591 660 640
4729 3796 638 670 650
5120 3924 656 670 650
5516 4043 653 670 650
5914 4156 643 660 660
6277 4276 644 650 670
6617 4390 649 660 680
6976 4499 644 650 690
7281 4598 649 640 700
7551 4690 664 630 710
7784 4778 663 630 710
7972 4843 673 610 720
8129 4888 685 610 720
8242 4920 694 610 720
8315 4937 697 610 720
8361 4942 733 610 720
8367 4942 788 610 720
8367 4937 827 610 720
8361 4937 869 610 720
8361 4937 863 640 720
8361 4937 857 640 720
8361 4943 854 640 720
8356 4943 809 640 720
8356 4943 697 640 720
8356 4943 399 640 720