299
4003 6863 1350 430 54
3980 6926 1360 440 90
3925 6976 1370 440 139
3914 6976 1370 440 184
3903 6988 1370 440 172
3903 7001 1370 440 177
3903 6979 1380 440 202
3914 6911 1380 440 254
3921 6812 1380 440 284
3921 6667 1380 440 302
3932 6435 1380 440 305
3937 6144 1370 440 324
3945 5769 1370 440 332
3945 5420 1370 440 342
3945 5088 1360 450 338
3939 4779 1340 450 344
3925 4535 1330 450 349
3906 4335 1310 460 351
3888 4150 1290 460 349
3875 4019 1270 460 336
3890 3925 1260 470 282
3922 3880 1250 470 212
4055 6278 1310 420 245
4006 6321 1330 420 254
4017 6461 1340 430 255
4054 6527 1350 430 265
4173 6588 1350 430 277
4322 6639 1360 440 307
4491 6656 1360 440 322
4638 6651 1370 440 332
4744 6606 1370 440 340
4823 6536 1380 450 333
4843 6450 1380 450 349
4810 6345 1380 450 361
4742 6212 1380 450 364
4599 6060 1380 450 368
4456 5901 1370 450 373
4318 5777 1370 450 366
4184 5676 1360 460 387
4080 5621 1350 450 397
4032 5596 1340 460 391
4021 5591 1320 460 396
4034 5584 1320 460 396
4093 5573 1300 460 398
4182 5566 1300 460 391
4303 5566 1300 460 391
4436 5566 1300 460 391
4576 5566 1300 460 391
4702 5561 1300 460 389
4789 5537 1300 460 389
4850 5502 1310 460 397
4870 5427 1310 460 420
4847 5304 1300 470 428
4794 5148 1300 470 440
4693 4958 1300 470 443
4566 4763 1300 470 461
4422 4602 1280 470 477
4274 4467 1280 470 498
4126 4327 1280 470 498
4017 4221 1270 480 498
3935 4138 1270 480 490
3903 4093 1250 470 443
3903 4068 1250 470 372
3920 4057 1250 470 279
4949 4625 1240 470 335
4925 4518 1240 470 344
4856 4518 1240 480 349
4832 4542 1240 480 342
4837 4542 1250 480 356
4861 4580 1250 480 405
4919 4645 1250 480 435
5011 4751 1250 480 447
5125 4875 1250 480 456
5256 5012 1270 490 458
5369 5085 1270 490 463
5469 5193 1270 490 471
5541 5325 1280 480 465
5574 5411 1280 480 477
5582 5476 1280 480 485
5552 5526 1310 480 490
5496 5559 1310 480 490
5423 5559 1310 480 485
5322 5528 1310 480 480
5205 5443 1310 480 480
5078 5329 1310 480 478
4979 5197 1310 480 488
4914 5074 1300 480 491
4871 4966 1300 480 504
4871 4868 1300 480 504
4905 4774 1300 480 509
4961 4710 1300 480 519
5050 4665 1270 480 515
5174 4656 1270 480 518
5322 4690 1270 480 521
5472 4753 1270 480 524
5646 4874 1270 480 519
5835 5003 1280 480 516
5983 5138 1280 480 522
6111 5258 1280 480 519
6225 5362 1290 490 514
6299 5456 1290 490 522
6334 5519 1290 490 513
6344 5571 1290 490 518
6344 5616 1310 480 518
6334 5659 1310 480 515
6322 5697 1320 490 513
6313 5713 1320 490 520
6307 5713 1320 490 497
6307 5713 1330 480 492
6307 5685 1330 480 497
6307 5636 1330 480 509
6293 5554 1330 480 515
6280 5448 1330 480 521
6261 5327 1330 480 524
6242 5206 1330 480 532
6224 5105 1330 480 532
6224 5018 1320 490 535
6224 4956 1320 490 535
6238 4921 1320 490 537
6251 4904 1310 480 538
6262 4904 1310 480 543
6277 4923 1310 480 536
6319 4961 1310 480 538
6378 5046 1310 480 537
6461 5142 1310 480 527
6545 5246 1320 490 516
6633 5342 1320 490 522
6725 5440 1320 490 522
6822 5539 1320 490 520
6891 5610 1320 490 519
6941 5653 1320 490 512
6972 5678 1320 490 509
6991 5684 1330 500 504
7001 5684 1340 490 517
7008 5676 1340 490 533
7008 5635 1340 490 546
6996 5573 1340 490 550
6966 5472 1340 490 565
6930 5373 1340 490 566
6890 5275 1340 490 577
6872 5215 1340 490 580
6872 5164 1340 490 578
6878 5120 1330 500 583
6896 5084 1330 500 586
6917 5063 1330 500 589
6945 5052 1330 500 595
6989 5061 1330 500 586
7044 5107 1330 500 594
7121 5177 1330 500 589
7203 5260 1330 500 588
7284 5349 1330 500 583
7362 5441 1330 500 584
7422 5512 1330 500 583
7467 5566 1330 500 583
7501 5610 1330 500 578
7537 5652 1330 500 580
7573 5694 1340 490 584
7602 5730 1350 500 584
7625 5761 1350 500 583
7640 5783 1350 500 583
7646 5791 1350 500 575
7646 5791 1350 500 575
7646 5791 1360 490 561
7646 5786 1360 490 570
7646 5786 1360 490 568
7646 5775 1360 490 568
7646 5768 1360 490 568
7646 5760 1360 490 568
7646 5754 1360 490 570
7653 5749 1360 490 568
7653 5749 1360 490 568
7658 5740 1350 490 560
7658 5732 1350 490 560
7658 5719 1350 490 564
7653 5700 1350 490 566
7646 5676 1350 490 564
7635 5639 1350 490 569
7621 5594 1350 490 570
7604 5527 1340 490 575
7586 5457 1340 490 586
7568 5382 1340 490 594
7551 5307 1340 490 586
7536 5254 1350 500 586
7526 5216 1350 500 589
7526 5186 1340 500 589
7526 5167 1340 500 591
7537 5156 1340 500 594
7553 5156 1340 500 602
7571 5165 1340 500 603
7606 5182 1340 500 613
7650 5224 1340 500 611
7699 5276 1340 500 613
7751 5334 1340 500 613
7825 5415 1340 500 613
7913 5500 1340 500 614
8002 5589 1340 500 613
8093 5651 1350 510 611
8184 5706 1360 500 613
8265 5747 1360 500 616
8339 5779 1360 500 614
8389 5805 1360 500 616
8416 5829 1370 510 614
8427 5839 1380 500 613
8427 5839 1380 500 609
8434 5839 1380 500 603
8434 5834 1400 500 609
8442 5802 1400 500 616
8442 5754 1400 500 614
8442 5704 1400 500 619
8455 5667 1380 500 611
8479 5638 1380 500 614
8511 5612 1380 500 616
8560 5596 1380 500 620
8624 5586 1380 500 628
8698 5594 1380 500 634
8774 5614 1380 500 641
8850 5641 1380 500 644
8923 5675 1380 500 636
8969 5709 1380 500 643
8999 5759 1380 500 644
9027 5820 1380 500 644
9053 5913 1380 500 638
9078 6018 1380 500 636
9099 6130 1400 500 616
9121 6244 1400 500 619
9133 6358 1410 490 619
9133 6445 1410 490 619
9133 6516 1430 490 620
9133 6565 1430 490 611
9119 6590 1430 490 616
9104 6598 1440 480 597
9083 6582 1440 480 589
9057 6517 1440 480 600
9017 6420 1440 480 613
8980 6276 1450 470 610
8944 6128 1450 470 630
8911 5949 1440 480 644
8878 5750 1440 480 649
8878 5750 1440 480 669
8815 5350 1440 490 714
8805 5100 1430 500 728
8779 4830 1420 500 730
8742 4548 1410 510 742
8700 4259 1410 510 749
8658 4026 1380 510 760
8595 3802 1370 520 756
8517 3585 1360 520 765
8398 3400 1350 530 776
8235 3213 1350 530 779
8042 3041 1340 540 782
7832 2881 1340 540 790
7608 2718 1330 540 797
7374 2589 1330 540 787
7134 2483 1310 550 791
6890 2390 1310 550 794
6643 2304 1300 550 796
6371 2223 1300 550 799
6069 2136 1270 550 799
5748 2072 1270 550 803
5422 2023 1270 550 803
5098 1997 1260 540 799
4794 1991 1260 540 802
4503 1999 1260 540 803
4231 2028 1250 550 802
3959 2073 1250 550 799
3705 2128 1240 540 806
3463 2188 1240 540 806
3232 2253 1240 540 805
3036 2321 1230 530 802
2863 2393 1230 530 797
2863 2393 1230 530 794
2662 2533 1230 530 785
2595 2615 1230 530 788
2559 2706 1230 530 788
2540 2805 1230 530 785
2533 2902 1230 530 787
2545 2992 1240 530 779
2597 3076 1250 540 774
2675 3166 1250 540 776
2787 3266 1250 540 776
2952 3371 1250 540 779
3151 3471 1250 540 777
3405 3570 1250 530 776
3700 3665 1250 530 779
4021 3786 1250 530 782
4383 3925 1270 520 782
4761 4074 1270 520 787
5150 4246 1280 520 784
5574 4434 1290 520 785
5574 4434 1300 520 785
6477 4822 1300 520 797
6985 5031 1330 520 784
7482 5248 1340 520 787
8025 5456 1340 520 787
8025 5456 1360 520 790
9232 5874 1370 530 785
9845 6098 1400 530 751
10444 6300 1410 530 609
11059 6486 1420 540 155