200
3793 5336 39 880 630
3800 5416 93 880 630
3800 5453 186 880 630
3809 5488 279 880 640
3818 5521 324 880 640
3826 5544 373 880 640
3833 5551 442 880 640
3833 5551 512 880 640
3833 5546 562 880 640
3833 5486 597 880 640
3843 5387 663 880 650
3836 5208 676 880 650
3820 4995 697 880 650
3786 4759 728 880 650
3742 4497 753 880 650
3692 4235 796 880 660
3659 3974 802 860 660
3632 3827 802 830 660
3609 3725 790 830 660
3600 3652 757 810 660
3595 3631 519 780 670
3595 3645 297 780 670
3490 5329 320 900 660
3429 5291 423 900 660
3410 5268 413 900 660
3396 5247 386 900 650
3396 5252 399 900 650
3414 5262 412 900 650
3470 5275 428 880 640
3566 5313 448 880 640
3688 5373 473 880 650
3829 5448 498 900 650
3993 5501 492 900 650
4172 5555 499 900 650
4352 5579 509 900 660
4508 5579 517 900 660
4649 5567 522 920 660
4760 5529 533 920 670
4823 5477 600 920 670
4854 5393 622 920 680
4854 5259 620 900 690
4803 5091 636 900 690
4719 4906 664 900 700
4598 4717 693 900 700
4478 4555 703 900 700
4360 4414 721 870 700
4242 4305 728 870 700
4165 4235 742 870 700
4116 4192 743 850 690
4116 4192 690 850 690
4116 4201 656 850 690
4126 4214 659 820 690
4175 4221 664 820 690
4251 4258 662 830 680
4353 4319 668 830 680
4460 4370 668 830 680
4573 4415 670 850 680
4679 4442 671 850 690
4780 4460 671 850 690
4853 4472 663 850 690
4904 4463 662 850 700
4941 4439 682 850 700
4953 4401 708 840 710
4953 4323 699 840 710
4939 4219 694 840 720
4889 4080 694 840 720
4786 3943 699 840 720
4648 3805 705 840 720
4484 3647 725 840 720
4311 3478 730 840 720
4132 3316 721 810 710
3975 3194 725 820 700
3862 3099 725 820 700
3779 3017 725 790 700
3726 2971 725 800 690
3708 2950 675 800 690
3708 2957 673 770 690
3753 2968 679 780 680
3849 2985 702 780 680
3982 3048 694 780 680
4169 3142 702 770 690
4382 3286 702 770 690
4612 3428 697 770 690
4873 3570 707 760 690
5096 3702 699 790 700
5294 3828 699 790 700
5487 3950 691 790 710
5649 4069 690 810 710
5789 4178 672 810 720
5882 4281 643 810 720
5927 4342 620 810 720
5939 4362 619 840 720
5920 4356 616 840 720
5853 4350 545 840 720
5753 4312 557 840 720
5632 4253 568 840 720
5529 4154 577 840 720
5439 4051 580 840 710
5375 3945 592 840 710
5347 3863 591 840 710
5347 3826 594 850 700
5357 3819 586 820 700
5412 3819 602 820 700
5494 3819 616 820 700
5592 3874 614 790 710
5693 3960 627 790 710
5798 4060 634 790 710
5902 4148 633 790 710
5976 4229 630 780 720
6030 4260 622 810 720
6056 4260 641 810 720
6078 4242 687 810 720
6098 4179 714 800 730
6104 4095 725 800 730
6111 3998 725 800 730
6117 3932 710 800 730
6117 3898 694 800 730
6148 3885 694 800 730
6186 3899 697 800 730
6230 3921 697 800 730
6308 3948 702 810 720
6395 4004 699 780 720
6489 4052 697 810 720
6577 4095 690 800 730
6653 4109 690 800 730
6722 4099 691 800 730
6789 4074 702 800 740
6853 4055 694 800 740
6912 4037 694 800 740
6968 4037 699 790 750
7016 4049 703 790 750
7066 4082 703 780 760
7121 4099 703 780 760
7160 4105 702 820 760
7186 4093 722 820 760
7220 4051 721 820 760
7251 3990 728 820 760
7267 3896 731 860 760
7273 3802 727 860 760
7266 3720 727 860 760
7254 3646 724 860 760
7239 3586 691 820 760
7204 3516 667 820 760
7127 3440 659 770 770
7021 3345 638 770 770
6884 3229 617 770 770
6720 3098 658 730 760
6539 2976 702 730 760
6340 2856 684 740 750
6110 2739 675 710 750
5860 2628 685 710 750
5593 2522 694 710 750
5290 2456 699 710 750
4963 2415 691 690 740
4634 2375 717 690 740
4304 2361 728 700 730
4013 2361 724 680 720
3748 2376 716 690 710
3521 2421 708 690 710
3332 2488 696 680 700
3168 2584 697 700 700
3034 2684 707 710 690
2954 2798 702 710 690
2911 2921 697 710 690
2911 3040 694 740 690
2942 3166 702 740 690
3004 3272 694 740 690
3112 3361 691 760 690
3256 3399 708 760 690
3424 3406 725 770 690
3629 3393 733 770 690
3863 3369 727 770 690
4116 3361 746 770 690
4413 3377 754 770 690
4717 3389 751 770 690
5026 3423 767 800 690
5352 3473 774 800 690
5690 3529 794 790 700
6035 3581 788 790 700
6354 3631 799 790 700
6660 3683 814 790 710
6958 3737 821 780 720
7199 3792 821 770 730
7411 3836 815 770 730
7604 3873 823 760 740
7746 3895 832 800 740
7842 3907 817 790 750
7907 3912 839 790 750
7916 3912 875 830 750
7916 3912 917 830 750
7904 3912 950 830 750
7904 3912 953 830 750
7898 3912 967 830 750
7898 3912 971 860 750
7898 3912 958 860 760
7898 3912 948 860 760
7898 3912 892 860 760
7898 3912 817 860 760
7898 3912 662 820 760
7898 3912 235 820 760