NLDCC-003_003_003 485
6178 16180 109 1340 470
6148 16136 108 1340 470
6109 16084 139 1340 470
6064 16022 163 1330 470
6015 15953 186 1330 470
5960 15876 181 1330 470
5895 15794 202 1320 480
5822 15706 244 1320 480
5745 15616 267 1320 480
5667 15520 277 1320 480
5588 15416 292 1320 480
5512 15308 312 1320 480
5434 15204 317 1310 480
5354 15108 315 1310 480
5266 15005 324 1310 480
5180 14894 330 1290 490
5099 14787 356 1290 490
5026 14685 382 1290 490
4961 14590 394 1290 490
4901 14499 400 1290 490
4847 14411 404 1280 490
4798 14322 407 1280 490
4751 14254 412 1270 490
4721 14200 415 1270 490
4704 14157 415 1260 490
4696 14127 417 1260 490
4696 14107 413 1260 490
4704 14094 415 1260 490
4723 14094 417 1260 490
4749 14094 418 1260 490
4791 14117 425 1260 490
4844 14147 415 1260 490
4895 14184 420 1260 490
4950 14232 418 1260 490
5016 14299 428 1260 490
5091 14378 444 1270 500
5176 14473 442 1270 500
5277 14574 466 1270 500
5389 14680 475 1270 500
5506 14794 477 1270 500
5627 14920 483 1270 500
5758 15055 480 1270 500
5891 15181 483 1270 500
6022 15310 473 1270 500
6144 15447 463 1280 500
6275 15589 453 1280 500
6412 15707 442 1290 500
6530 15812 439 1290 500
6635 15909 440 1290 500
6728 15996 449 1290 500
6809 16066 440 1320 500
6881 16125 440 1320 500
6937 16168 440 1320 500
6972 16196 439 1330 500
6992 16215 440 1330 500
6999 16222 447 1330 500
6999 16222 448 1340 490
6986 16222 448 1340 490
6962 16205 448 1340 490
6925 16180 445 1340 490
6879 16143 443 1340 490
6812 16100 445 1340 490
6737 16049 439 1350 490
6657 15978 446 1340 490
6563 15894 444 1340 490
6455 15797 436 1330 480
6337 15695 430 1330 480
6199 15585 418 1330 480
6062 15451 396 1320 490
5914 15300 392 1320 490
5759 15170 388 1320 490
5596 15027 392 1320 490
5439 14875 396 1300 500
5279 14720 417 1300 500
5115 14574 443 1290 490
4974 14434 448 1280 490
4836 14288 460 1280 490
4701 14156 463 1280 490
4570 14033 466 1270 500
4457 13911 468 1270 500
4354 13792 471 1270 500
4259 13691 471 1270 500
4169 13601 471 1260 500
4103 13533 473 1250 500
4051 13484 473 1250 500
4019 13448 471 1250 500
4007 13427 449 1240 500
4007 13427 430 1240 500
4021 13432 425 1240 500
4054 13461 418 1240 500
4099 13506 417 1240 500
4162 13562 420 1250 510
4231 13628 417 1250 510
4315 13701 431 1250 510
4407 13778 439 1250 510
4513 13872 448 1250 510
4623 13974 460 1250 510
4755 14081 465 1250 510
4899 14191 478 1260 500
5027 14311 488 1260 500
5173 14438 498 1270 510
5330 14557 488 1270 510
5483 14671 489 1280 500
5637 14785 489 1280 500
5795 14902 488 1280 500
5955 15008 496 1280 500
6091 15108 475 1300 510
6211 15197 472 1300 510
6341 15279 449 1300 510
6453 15356 444 1320 500
6554 15433 440 1320 500
6634 15495 441 1320 500
6701 15548 438 1320 500
6758 15583 441 1340 500
6796 15612 441 1340 500
6815 15632 450 1340 500
6820 15644 474 1340 500
6809 15644 472 1340 500
6784 15644 475 1350 510
6749 15637 472 1350 510
6701 15619 475 1350 510
6637 15588 472 1350 510
6562 15548 472 1350 510
6472 15498 472 1350 510
6358 15432 467 1350 510
6228 15356 473 1350 510
6092 15281 453 1350 510
5940 15203 456 1350 510
5778 15112 453 1350 510
5601 15012 456 1350 510
5424 14899 456 1350 510
5247 14781 468 1350 510
5068 14669 473 1340 500
4905 14563 473 1340 500
4750 14455 475 1340 500
4597 14343 473 1340 500
4468 14248 475 1330 510
4355 14166 464 1320 500
4250 14095 471 1320 500
4145 14030 468 1320 500
4063 13970 455 1320 500
3995 13917 450 1300 510
3944 13874 449 1290 500
3900 13838 449 1290 500
3869 13813 448 1290 500
3856 13800 436 1290 500
3856 13795 413 1280 500
3856 13795 407 1280 500
3880 13802 407 1280 500
3911 13813 407 1280 500
3960 13832 413 1280 500
4015 13858 418 1280 500
4080 13889 422 1280 500
4163 13925 433 1280 500
4256 13964 443 1280 500
4367 14005 448 1280 500
4482 14049 464 1290 510
4606 14100 486 1290 510
4754 14155 515 1300 510
4916 14214 513 1300 510
5061 14279 537 1300 510
5232 14348 546 1300 510
5421 14421 567 1300 510
5615 14497 595 1300 510
5823 14574 605 1330 510
6040 14647 613 1330 510
6266 14726 633 1330 510
6513 14815 647 1330 510
6775 14910 665 1340 510
7045 15006 679 1350 510
7301 15102 699 1350 510
7580 15195 705 1350 510
7879 15290 717 1360 510
8167 15399 731 1360 510
8460 15516 733 1360 510
8756 15626 746 1360 510
9066 15724 751 1380 510
9337 15815 754 1380 510
9583 15905 754 1380 510
9826 15990 754 1380 510
10070 16066 758 1400 520
10269 16126 758 1400 520
10437 16177 757 1410 510
10608 16216 754 1410 510
10749 16252 748 1420 520
10871 16280 742 1420 520
10978 16301 733 1420 520
11061 16316 691 1420 520
11127 16322 634 1420 520
11165 16322 554 1430 510
11181 16322 468 1430 510
11181 16322 349 1420 500
11163 16315 158 1420 500
11163 16315 0 1420 500
11040 16289 0 1420 500
10938 16273 0 1420 500
10816 16255 0 1420 500
10681 16234 0 1420 500
10534 16209 0 1430 500
10376 16177 0 1430 500
10210 16139 0 1420 490
10045 16093 0 1420 490
9868 16040 0 1420 490
9684 15985 0 1410 490
9515 15929 0 1410 490
9344 15818 0 1410 490
9172 15776 0 1390 480
9005 15781 0 1390 480
8834 15692 0 1390 480
8659 15641 0 1380 480
8516 15615 0 1370 480
8374 15615 0 1370 480
8245 15585 0 1360 480
8125 15527 0 1350 490
7980 15503 0 1350 490
7839 15488 0 1330 480
7723 15478 0 1330 480
7622 15441 0 1320 490
7540 15424 0 1320 490
7475 15424 0 1320 490
7420 15424 0 1330 480
7376 15430 0 1330 480
7347 15443 0 1330 470
7328 15463 0 1340 470
7321 15489 0 1350 460
7328 15522 0 1350 460
7345 15561 0 1340 460
7372 15596 0 1340 460
7413 15638 0 1340 460
7462 15684 0 1340 460
7519 15727 0 1340 460
7579 15770 0 1350 450
7649 15814 0 1360 460
7728 15860 0 1370 450
7811 15898 0 1370 450
7897 15937 0 1360 460
7978 15976 0 1350 450
8050 16006 0 1330 460
8115 16029 0 1320 470
8174 16049 0 1310 460
8221 16064 0 1320 460
8260 16075 0 1320 460
8290 16081 0 1330 450
8307 16087 0 1340 450
8316 16079 0 1340 450
8316 16063 0 1350 440
8300 16043 0 1350 440
8277 16018 0 1340 440
8244 15985 0 1350 430
8204 15948 0 1340 430
8159 15904 0 1320 430
8096 15853 0 1320 430
8024 15798 0 1300 420
7947 15737 0 1310 430
7844 15674 0 1300 430
7755 15606 0 1300 430
7674 15533 0 1300 450
7526 15452 0 1300 450
7404 15368 0 1290 450
7300 15284 0 1290 450
7183 15198 0 1290 450
7068 15110 0 1290 450
6955 15067 0 1290 450
6841 14985 0 1290 450
6727 14877 0 1290 450
6670 14871 0 1290 450
6592 14834 0 1290 450
6500 14777 0 1300 460
6454 14746 0 1300 460
6413 14727 0 1300 460
6389 14717 0 1310 460
6375 14722 0 1310 460
6375 14738 0 1300 460
6389 14761 0 1290 460
6418 14741 0 1290 460
6460 14794 0 1300 470
6508 14896 0 1280 470
6565 14963 0 1280 470
6640 15037 0 1300 480
6727 15117 0 1300 480
6839 15201 0 1310 480
6954 15297 0 1310 480
7075 15402 0 1310 480
7202 15510 0 1310 480
7335 15613 0 1310 480
7471 15709 0 1320 480
7603 15799 0 1330 480
7734 15886 0 1330 480
7869 15971 0 1340 480
8002 16041 0 1340 480
8102 16102 0 1350 490
8102 16102 51 1350 490
8102 16102 60 1360 480
8293 16210 50 1360 480
8325 16210 65 1360 480
8337 16210 106 1360 480
8337 16198 127 1360 480
8317 16174 142 1360 490
8284 16132 143 1360 490
8238 16086 172 1360 490
8182 16030 170 1360 490
8117 15967 215 1360 490
8042 15895 209 1360 490
7960 15819 251 1360 490
7850 15740 284 1360 490
7740 15657 306 1360 490
7629 15571 369 1350 490
7527 15484 392 1350 490
7428 15398 446 1350 490
7335 15321 464 1340 490
7258 15249 477 1340 490
7191 15188 480 1340 490
7142 15137 483 1340 490
7111 15094 486 1340 490
7092 15066 485 1340 490
7092 15054 478 1320 490
7101 15054 477 1320 490
7128 15054 481 1320 490
7168 15074 478 1320 490
7223 15104 465 1320 490
7296 15151 448 1320 490
7382 15211 449 1320 490
7484 15280 436 1320 490
7592 15361 436 1320 490
7711 15458 431 1320 490
7848 15567 435 1330 500
7995 15667 440 1330 500
8121 15766 440 1330 500
8251 15864 440 1330 500
8387 15957 440 1340 500
8506 16042 441 1340 500
8613 16107 436 1340 500
8701 16159 435 1340 500
8764 16193 428 1350 510
8809 16209 417 1360 500
8834 16214 397 1360 500
8834 16205 396 1360 500
8819 16191 396 1360 500
8783 16160 394 1360 500
8728 16118 394 1360 500
8660 16059 396 1360 500
8576 15995 397 1360 500
8468 15920 404 1360 500
8344 15837 417 1360 500
8208 15751 418 1360 500
8073 15661 463 1360 500
7930 15569 485 1360 500
7781 15474 499 1360 500
7653 15387 526 1360 500
7541 15306 529 1350 500
7439 15239 538 1350 500
7350 15181 541 1340 500
7282 15129 540 1340 500
7227 15087 538 1340 500
7198 15065 515 1330 500
7189 15056 470 1330 500
7189 15056 455 1330 500
7212 15062 440 1330 500
7249 15076 427 1330 500
7298 15099 425 1330 500
7366 15134 427 1330 500
7448 15178 412 1330 500
7540 15231 402 1320 500
7649 15304 405 1320 500
7775 15390 407 1320 500
7911 15480 405 1320 500
8046 15570 413 1330 510
8183 15659 412 1330 510
8325 15743 418 1330 510
8474 15825 417 1330 510
8609 15902 413 1330 510
8736 15969 412 1330 510
8849 16029 404 1340 510
8944 16071 394 1340 510
9028 16101 394 1350 510
9081 16112 384 1350 510
9109 16118 379 1350 510
9121 16118 377 1350 510
9112 16098 377 1350 510
9084 16073 382 1350 510
9044 16035 389 1350 510
8978 15991 396 1350 510
8890 15937 407 1350 510
8787 15876 412 1350 510
8677 15811 415 1350 510
8543 15733 415 1350 510
8392 15646 435 1350 510
8222 15555 446 1350 510
8040 15450 438 1350 510
7851 15335 447 1350 510
7645 15229 448 1350 510
7429 15120 461 1350 510
7206 15008 460 1350 510
6995 14882 455 1350 510
6772 14756 452 1340 510
6541 14631 449 1340 510
6325 14500 442 1330 510
6113 14369 447 1330 510
5927 14241 461 1330 510
5755 14138 465 1320 510
5606 14048 466 1320 510
5495 13968 466 1320 510
5408 13903 471 1300 510
5347 13847 464 1300 510
5318 13818 471 1290 510
5311 13807 463 1290 510
5331 13807 465 1290 510
5372 13815 468 1290 510
5427 13840 466 1280 500
5497 13877 472 1280 500
5591 13928 488 1280 500
5700 13989 522 1280 500
5844 14056 541 1280 500
5988 14133 566 1290 510
6162 14229 592 1290 510
6355 14337 622 1290 510
6573 14463 641 1290 510
6815 14589 667 1290 510
7073 14716 678 1290 510
7323 14845 699 1290 510
7586 14976 702 1290 510
7865 15108 708 1320 510
8142 15227 710 1320 510
8401 15347 708 1320 510
8648 15468 711 1320 510
8892 15577 710 1320 510
9104 15665 713 1330 510
9294 15740 708 1340 510
9473 15804 702 1340 510
9619 15864 693 1340 510
9743 15915 684 1350 520
9840 15951 659 1360 510
9909 15977 628 1360 510
9960 15988 591 1370 520
9985 15996 545 1370 520
9985 15996 496 1370 520
9973 15996 418 1370 520
9935 15985 244 1370 520
9935 15985 0 1390 520
9810 15962 0 1390 520
9723 15951 0 1390 520
9618 15943 0 1390 520
9500 15938 0 1390 520
9369 15938 0 1390 520
9240 15938 0 1390 520
9117 15938 0 1380 510
8993 15938 0 1380 510
8870 15938 0 1380 510
8750 15932 0 1380 510
8644 15932 0 1370 510
8547 15932 0 1370 510
8450 15932 0 1370 510
8352 15932 0 1360 500
8262 15932 0 1370 500
8178 15948 0 1370 500
8109 15905 0 1360 490
8027 15929 0 1350 490
7937 15999 0 1350 470
7859 15974 0 1330 460
7789 15986 0 1340 460
7723 16022 0 1330 450
7667 16085 0 1330 440
7615 16100 0 1340 440
7572 16084 0 1340 440
7534 16137 0 1350 430
7507 16156 0 1360 430
7486 16156 0 1370 420
7477 16156 0 1380 420
7470 16156 0 1380 420
7505 16156 0 1380 420
7566 16120 0 1390 410
7607 16070 0 1390 410
7607 16070 817 1390 410
7733 16069 882 1410 420
7752 16103 864 1420 420
7762 16130 866 1440 430
7762 16169 866 1450 430
7822 16217 861 1450 430
7904 16243 861 1450 430
8002 16266 840 1440 440
8096 16283 794 1420 440
8199 16307 724 1410 450
8324 16334 631 1410 460
8461 16368 477 1400 470
8606 16413 246 1400 470
