257
3525 5568 48 880 670
3518 5624 109 880 670
3518 5656 168 880 670
3518 5688 244 880 670
3525 5719 279 880 670
3532 5730 367 880 670
3532 5730 443 880 670
3532 5720 520 880 670
3539 5653 543 880 670
3547 5546 560 880 670
3539 5391 575 880 670
3519 5188 600 880 670
3499 4954 627 880 670
3479 4698 644 880 670
3461 4465 636 850 670
3445 4247 640 850 670
3434 4085 636 830 670
3428 3998 611 830 670
3428 3998 448 810 670
3436 3976 131 810 670
3436 3976 0 810 670
3453 4146 0 780 670
3463 4311 0 780 670
3479 4479 0 780 670
3498 4653 0 810 670
3517 4837 0 810 670
3537 4992 0 810 670
3557 5126 0 830 670
3562 5229 0 850 670
3557 5287 0 850 670
3541 5315 0 880 670
3518 5315 0 880 660
3490 5310 0 900 660
3466 5298 0 900 660
3440 5298 0 900 660
3412 5298 0 900 660
3383 5317 0 900 660
3354 5348 0 900 650
3327 5390 0 900 650
3301 5432 0 900 650
3275 5456 0 900 650
3249 5470 0 900 640
3223 5460 0 900 640
3223 5460 592 900 640
3177 5428 584 900 640
3155 5412 616 900 640
3134 5407 586 900 640
3141 5407 561 900 630
3154 5414 566 900 640
3223 5427 595 900 640
3326 5446 597 900 640
3464 5489 622 900 640
3622 5536 634 920 650
3794 5586 638 920 650
3947 5620 641 940 650
4086 5634 636 940 650
4215 5634 634 940 660
4314 5618 628 970 660
4368 5582 641 970 660
4393 5533 661 970 670
4393 5448 661 970 670
4343 5307 662 950 670
4265 5129 671 950 680
4148 4969 673 950 680
4050 4835 696 920 680
3965 4718 708 920 680
3905 4654 730 920 680
3883 4633 728 900 680
3883 4642 658 900 680
3889 4648 649 900 680
3924 4657 659 900 670
3981 4690 664 900 670
4076 4738 662 900 670
4180 4790 667 900 670
4291 4830 664 900 670
4389 4863 659 900 670
4472 4878 661 900 680
4546 4888 661 900 690
4613 4877 653 900 690
4664 4853 661 900 700
4705 4821 670 900 710
4729 4775 675 900 710
4729 4721 684 900 710
4705 4643 693 900 710
4647 4535 691 900 710
4562 4406 681 900 710
4459 4266 668 900 710
4323 4118 664 900 710
4165 3964 684 900 700
3991 3823 682 900 700
3830 3671 699 870 700
3669 3545 691 870 700
3541 3441 708 850 690
3433 3348 724 850 690
3375 3299 746 820 690
3356 3280 702 820 690
3362 3294 694 820 690
3390 3310 693 800 690
3463 3354 699 800 690
3565 3416 690 800 690
3702 3490 700 800 690
3858 3582 691 800 690
4027 3686 696 820 690
4223 3823 697 820 690
4413 3960 697 820 690
4600 4086 696 850 700
4790 4205 702 850 700
4952 4304 696 850 700
5095 4392 694 870 700
5225 4473 676 870 710
5310 4524 658 870 710
5364 4549 636 870 710
5374 4558 664 870 710
5374 4558 684 870 710
5356 4551 666 870 710
5314 4551 662 870 710
5263 4545 640 870 710
5207 4545 671 870 710
5175 4537 664 870 710
5159 4537 643 870 710
5153 4531 616 870 700
5143 4509 600 870 700
5136 4473 595 870 700
5136 4417 586 870 700
5147 4352 591 870 700
5172 4280 594 870 690
5203 4233 608 870 690
5238 4208 603 870 690
5279 4197 611 870 690
5323 4206 628 870 700
5376 4230 638 850 700
5429 4264 646 850 700
5484 4326 644 840 710
5520 4389 643 840 710
5542 4424 656 840 710
5542 4440 693 840 710
5535 4440 699 840 710
5524 4419 675 840 710
5485 4389 681 840 710
5451 4326 685 840 710
5437 4264 666 840 710
5437 4232 662 840 710
5445 4220 638 840 710
5460 4220 641 840 710
5497 4220 650 840 710
5546 4244 652 840 710
5605 4279 659 840 710
5666 4316 656 840 710
5710 4344 644 840 710
5742 4344 659 870 710
5766 4332 667 870 720
5789 4290 702 870 720
5810 4233 700 870 720
5828 4165 691 870 720
5843 4132 673 870 720
5856 4117 687 870 720
5885 4117 697 870 720
5927 4141 724 840 720
5978 4183 721 840 720
6027 4235 724 840 720
6071 4271 717 840 720
6111 4282 716 870 720
6149 4276 722 870 720
6182 4255 721 870 720
6212 4235 721 870 720
6241 4215 716 870 720
6271 4193 702 870 720
6298 4193 708 870 720
6324 4198 721 870 720
6363 4230 721 870 720
6405 4279 721 870 720
6452 4339 733 870 720
6502 4378 728 870 720
6542 4395 724 870 720
6575 4395 731 870 730
6603 4395 721 900 730
6633 4375 722 900 730
6656 4354 724 900 730
6674 4354 722 900 730
6697 4354 724 900 730
6721 4354 728 900 730
6750 4379 727 900 730
6780 4401 717 900 730
6811 4423 713 900 730
6842 4416 703 900 730
6872 4404 713 900 730
6900 4358 713 900 730
6926 4291 713 930 740
6942 4223 713 930 740
6951 4149 708 930 740
6956 4066 710 940 750
6949 3978 708 940 750
6923 3888 708 900 760
6884 3795 682 900 760
6814 3680 687 900 760
6714 3551 690 900 760
6595 3424 707 860 760
6451 3296 710 860 760
6280 3163 727 820 760
6092 3027 696 830 750
5888 2918 705 790 750
5660 2834 671 790 750
5415 2767 702 760 740
5147 2727 699 760 740
4883 2715 722 730 730
4608 2721 699 740 720
4325 2743 697 740 720
4034 2789 676 710 720
3760 2850 684 710 720
3496 2926 681 710 720
3279 3003 649 720 710
3084 3101 640 690 710
2903 3213 625 690 710
2776 3297 630 720 710
2687 3355 627 720 710
2622 3395 625 730 700
2596 3425 610 730 700
2605 3447 620 720 710
2636 3465 620 720 710
2729 3480 616 720 710
2871 3495 636 720 710
3046 3509 659 730 700
3286 3536 694 730 700
3561 3567 702 730 700
3860 3618 708 760 700
4170 3680 716 760 700
4520 3734 721 760 700
4897 3783 727 760 690
5247 3829 737 790 710
5603 3868 745 790 710
5964 3907 746 790 710
6307 3947 755 810 710
6621 3978 763 810 720
6915 4004 759 840 720
7157 4025 760 840 720
7379 4047 771 830 730
7588 4062 765 830 730
7736 4071 767 870 740
7846 4071 768 870 740
7930 4063 770 870 740
7962 4058 787 870 740
7970 4058 849 870 740
7963 4058 899 870 740
7963 4058 912 870 730
7963 4058 917 870 730
7958 4058 908 870 730
7958 4058 858 870 730
7958 4065 751 870 730
7958 4065 532 870 730
7958 4065 0 870 730
7945 4086 0 870 720
7928 4096 0 870 720
7912 4096 0 840 720
7894 4096 0 840 710
7874 4115 0 840 710
7861 4145 0 820 700
7849 4185 0 820 690