218
3483 5262 58 710 640
3483 5349 187 710 640
3477 5380 284 690 640
3477 5397 399 690 640
3477 5402 507 690 640
3477 5402 519 690 640
3477 5390 538 700 630
3491 5288 562 720 630
3530 5123 569 720 630
3584 4867 583 710 640
3630 4592 617 710 640
3654 4304 639 710 640
3664 4039 645 710 640
3682 3880 617 710 640
3701 3791 562 690 640
3706 3768 373 690 640
3701 3768 146 670 630
3193 5442 471 740 600
3193 5442 423 740 600
3193 5442 420 740 600
3240 5435 425 760 600
3320 5435 418 750 610
3435 5442 430 750 610
3577 5486 430 750 610
3736 5553 440 750 620
3905 5620 428 760 620
4069 5693 435 760 620
4211 5756 423 760 630
4338 5812 418 780 630
4422 5812 420 780 630
4472 5759 436 770 640
4499 5681 450 770 640
4499 5556 485 770 650
4464 5399 519 770 650
4416 5220 542 770 650
4340 5069 557 770 650
4255 4937 560 750 650
4163 4817 577 750 650
4091 4721 584 750 650
4053 4674 580 720 650
4038 4659 519 720 650
4044 4659 485 730 640
4051 4687 485 730 640
4099 4729 483 720 630
4173 4801 483 720 630
4286 4874 485 720 630
4397 4940 470 720 630
4506 5001 464 710 640
4608 5054 473 710 640
4707 5087 463 720 650
4804 5107 461 720 660
4861 5085 472 730 670
4899 5030 512 730 670
4924 4952 543 750 680
4924 4835 577 750 680
4897 4692 613 750 680
4853 4531 611 720 680
4770 4354 667 720 680
4653 4160 662 720 680
4512 3956 667 700 680
4366 3771 667 680 670
4211 3586 690 680 670
4051 3433 676 660 660
3948 3302 684 640 660
3898 3215 702 650 650
3883 3184 666 660 640
3893 3191 584 650 630
3907 3191 588 660 620
3924 3228 594 660 620
4010 3284 586 650 620
4138 3372 595 660 610
4295 3487 608 650 620
4467 3620 610 650 620
4639 3762 640 650 620
4816 3895 643 650 630
4996 4021 646 640 640
5155 4151 650 630 650
5300 4274 658 650 650
5436 4383 661 640 660
5545 4484 652 650 670
5622 4574 640 640 680
5678 4640 639 640 680
5707 4691 617 640 680
5715 4706 636 630 690
5709 4706 658 630 690
5702 4706 640 630 690
5654 4706 636 630 690
5578 4696 628 630 690
5503 4678 630 630 690
5430 4657 644 630 690
5379 4638 644 630 690
5341 4621 609 640 680
5304 4604 589 640 680
5270 4572 586 640 680
5237 4531 594 650 670
5225 4475 595 650 670
5230 4420 594 650 670
5247 4367 580 660 660
5291 4323 570 660 660
5334 4303 567 660 660
5376 4303 566 660 660
5432 4312 560 660 660
5487 4348 566 660 660
5541 4399 566 660 660
5590 4463 572 650 670
5635 4519 569 650 670
5673 4569 566 650 670
5692 4584 567 650 670
5697 4584 584 640 680
5702 4578 585 640 680
5707 4546 602 640 680
5714 4503 609 640 680
5714 4453 616 640 680
5714 4431 600 640 680
5714 4426 566 640 680
5719 4432 543 640 680
5719 4443 540 640 680
5749 4458 536 640 680
5797 4494 540 640 680
5836 4544 543 640 680
5875 4580 540 640 680
5904 4590 546 640 680
5927 4584 570 640 680
5961 4555 591 640 680
5993 4524 585 640 680
6023 4492 594 640 680
6044 4477 584 630 690
6065 4477 588 630 690
6085 4477 575 630 690
6120 4497 586 630 690
6160 4527 594 620 700
6207 4566 595 620 700
6258 4606 595 620 700
6297 4625 588 640 700
6321 4625 586 630 710
6334 4625 595 630 710
6363 4620 595 630 710
6394 4604 595 610 720
6428 4604 589 610 720
6463 4604 588 610 720
6504 4609 589 610 720
6542 4624 591 610 720
6579 4643 589 610 720
6617 4661 586 570 720
6649 4669 578 570 720
6676 4669 570 570 720
6693 4669 575 570 720
6711 4653 577 570 720
6737 4631 570 590 730
6767 4624 566 580 740
6795 4624 561 580 740
6826 4636 559 580 740
6864 4666 542 580 740
6893 4718 545 580 740
6916 4763 540 560 740
6942 4803 539 590 750
6956 4816 550 590 750
6961 4816 561 590 750
6968 4816 569 600 760
6979 4811 578 600 760
6995 4797 569 600 760
7012 4776 567 600 760
7031 4732 566 600 760
7049 4660 565 600 760
7065 4570 570 600 760
7079 4456 566 600 760
7086 4327 575 580 770
7081 4187 588 540 770
7068 4054 570 540 770
7036 3923 578 540 770
6974 3776 554 510 770
6893 3619 559 480 770
6769 3456 569 480 770
6623 3295 561 450 760
6463 3136 559 450 760
6250 2992 564 420 750
6015 2859 566 420 750
5765 2739 559 420 750
5489 2622 543 420 740
5179 2531 520 420 740
4846 2456 512 450 730
4474 2419 509 450 720
4113 2407 513 450 720
3758 2413 544 490 710
3456 2443 557 490 690
3236 2497 565 510 680
3070 2566 561 520 680
2962 2659 561 520 660
2901 2765 559 540 660
2870 2881 554 550 650
2893 3000 559 570 650
2978 3124 560 570 650
3105 3257 588 570 650
3305 3367 592 590 660
3555 3463 611 600 650
3839 3536 622 600 650
4150 3595 630 600 650
4485 3646 636 600 650
4836 3702 638 600 650
5163 3762 664 590 660
5513 3827 663 590 660
5878 3906 676 600 670
6209 3995 679 580 680
6544 4093 690 570 690
6845 4207 703 580 700
7122 4332 690 560 710
7385 4446 697 540 720
7609 4546 696 520 720
7808 4636 703 520 720
7984 4708 707 500 730
8102 4769 702 480 740
8181 4823 694 480 740
8217 4841 690 480 740
8229 4848 684 480 740
8229 4848 679 480 740
8229 4848 639 500 750
8215 4848 491 500 750
8199 4842 98 500 750