234
5085 5475 880 630 49
5090 5539 900 630 98
5096 5566 900 630 212
5105 5591 900 630 272
5113 5598 900 630 339
5113 5598 900 640 478
5120 5574 900 640 561
5130 5528 900 640 614
5124 5400 900 640 638
5106 5213 920 640 638
5081 4987 920 640 673
5054 4724 900 640 699
5025 4489 900 640 724
5000 4274 900 640 731
4993 4112 900 640 716
4999 4007 880 640 682
5010 3941 880 640 569
5021 3906 860 630 364
4822 5381 920 600 371
4766 5286 920 600 358
4746 5276 920 600 320
4752 5276 900 600 335
4789 5287 900 600 359
4847 5314 900 610 382
4943 5370 900 610 418
5090 5445 900 610 463
5272 5534 920 620 468
5473 5619 920 620 470
5674 5695 920 620 455
5875 5724 920 630 396
6009 5724 940 640 396
6107 5681 940 650 396
6180 5619 940 650 417
6210 5544 940 660 461
6196 5455 950 670 480
6152 5340 950 670 488
6057 5208 920 670 469
5931 5061 920 670 509
5783 4922 920 670 515
5647 4811 900 670 522
5540 4716 900 670 557
5451 4646 900 670 575
5414 4616 900 670 575
5409 4616 900 660 513
5425 4616 900 660 516
5444 4637 900 660 529
5514 4667 900 660 532
5619 4733 900 650 540
5744 4805 900 660 535
5860 4882 900 660 538
5969 4919 900 660 543
6055 4926 900 670 536
6125 4913 900 670 543
6185 4901 900 670 550
6230 4870 900 680 565
6259 4827 900 680 570
6276 4780 900 680 589
6255 4688 900 680 586
6198 4566 900 680 569
6116 4431 900 690 570
5997 4264 900 690 489
5845 4075 900 690 529
5671 3867 900 690 533
5489 3654 880 680 536
5303 3471 880 680 588
5115 3309 850 680 600
4988 3174 850 670 616
4905 3094 830 670 636
4851 3050 830 670 628
4846 3050 810 660 584
4870 3050 810 660 595
4914 3103 810 660 594
5025 3184 790 650 595
5176 3296 790 650 591
5353 3414 790 660 591
5536 3537 810 660 602
5734 3661 810 660 605
5943 3778 810 670 603
6129 3880 830 670 602
6300 3973 830 680 595
6462 4050 830 680 589
6601 4131 850 690 589
6723 4219 850 690 583
6833 4287 850 690 583
6907 4341 870 690 564
6947 4367 870 690 536
6963 4375 870 690 542
6954 4375 870 690 554
6911 4375 870 690 477
6844 4388 870 690 550
6761 4388 870 690 540
6693 4378 870 690 550
6634 4359 870 690 550
6575 4336 870 690 570
6540 4311 870 690 543
6522 4275 880 680 533
6503 4220 880 680 520
6514 4152 880 680 450
6544 4084 880 680 438
6580 4023 880 680 431
6618 3986 880 680 436
6673 3964 880 680 440
6738 3964 880 680 439
6807 3989 880 680 456
6877 4027 850 680 478
6937 4082 850 690 493
6990 4148 870 690 492
7035 4222 870 690 496
7055 4275 870 690 518
7055 4287 870 690 613
7055 4272 870 690 636
7047 4264 870 690 633
7034 4254 870 690 627
7012 4224 870 690 620
6992 4183 870 690 620
6992 4170 870 690 594
6992 4164 870 690 585
7011 4164 870 690 586
7029 4164 870 690 591
7050 4172 870 690 591
7072 4191 870 690 585
7095 4217 870 690 595
7119 4250 870 690 600
7130 4287 870 690 619
7130 4278 870 690 611
7130 4271 870 690 645
7130 4235 900 690 661
7139 4181 900 690 661
7149 4149 900 690 646
7158 4138 900 690 641
7168 4138 900 690 644
7184 4148 900 700 667
7205 4173 900 700 669
7234 4211 870 700 664
7270 4263 900 700 670
7286 4279 900 700 658
7286 4272 900 700 664
7293 4255 900 700 663
7309 4226 900 700 666
7333 4190 900 700 667
7343 4173 900 700 664
7356 4173 900 700 662
7382 4180 900 710 676
7417 4198 900 710 687
7451 4230 870 710 691
7483 4271 870 710 694
7508 4298 870 710 681
7528 4305 900 710 693
7542 4299 900 710 707
7565 4259 900 710 724
7599 4203 900 710 717
7638 4137 900 710 708
7661 4122 900 710 699
7693 4107 900 710 694
7726 4107 900 720 703
7757 4125 900 720 702
7808 4167 900 720 713
7853 4218 870 720 717
7893 4275 870 720 714
7943 4325 870 720 710
7966 4340 870 720 699
7971 4333 870 720 705
7982 4312 900 720 713
8000 4261 900 710 708
8028 4189 900 710 703
8061 4142 900 710 702
8088 4120 870 710 691
8115 4115 870 700 691
8142 4122 870 700 697
8162 4146 870 700 705
8193 4182 870 700 703
8225 4220 870 700 705
8258 4258 870 700 703
8296 4295 870 710 697
8318 4309 870 710 691
8330 4309 900 710 690
8338 4304 900 710 690
8349 4298 900 720 694
8367 4284 900 720 694
8388 4266 900 720 705
8410 4239 900 720 705
8436 4181 900 720 710
8443 4103 900 720 710
8436 4013 900 720 708
8426 3892 900 720 707
8387 3751 900 720 724
8328 3615 900 720 722
8245 3477 900 730 727
8124 3319 870 730 734
7977 3149 870 730 737
7790 2986 830 730 754
7579 2841 830 730 754
7352 2708 800 740 745
7088 2588 800 740 749
6804 2501 760 740 743
6507 2436 760 740 745
6197 2392 730 730 763
5898 2385 730 730 727
5606 2402 740 720 722
5315 2445 710 720 694
5029 2518 720 710 681
4752 2611 720 710 669
4536 2721 700 700 687
4359 2807 700 700 690
4255 2876 710 690 697
4202 2962 710 690 687
4183 3058 720 680 676
4229 3162 720 680 669
4329 3252 720 680 679
4465 3319 730 670 684
4650 3370 730 670 687
4891 3411 750 670 700
5169 3441 750 670 710
5485 3464 750 670 705
5824 3480 750 670 724
6178 3489 750 670 733
6542 3494 770 690 736
6924 3516 770 690 734
7317 3543 770 690 743
7700 3571 790 700 746
8078 3599 790 700 752
8404 3631 790 700 757
8697 3655 820 700 752
8929 3674 820 700 755
9089 3680 850 700 761
9200 3680 850 700 755
9259 3674 850 700 751
9278 3674 870 700 794
9271 3669 870 700 857
9271 3669 870 700 869
9264 3669 870 700 852
9264 3669 870 700 805
9264 3669 870 700 763
9257 3674 870 700 496