192
3690 5365 129 880 650
3754 5452 160 880 650
3769 5501 207 880 640
3769 5526 277 880 640
3778 5534 394 880 640
3778 5534 455 880 640
3778 5523 463 880 630
3766 5474 466 880 630
3757 5397 492 880 630
3747 5256 566 880 630
3747 5084 595 880 630
3729 4892 605 880 640
3701 4667 619 880 640
3679 4445 616 860 640
3658 4263 619 860 640
3643 4108 570 840 650
3643 4044 442 810 650
3643 4029 233 790 650
3434 5334 379 880 620
3405 5320 330 880 620
3418 5328 325 880 620
3437 5344 366 880 620
3517 5366 374 880 620
3636 5390 409 880 620
3804 5421 440 880 620
3974 5463 458 880 620
4183 5512 465 900 630
4416 5526 471 900 630
4600 5515 474 900 630
4733 5488 478 900 640
4833 5431 545 900 650
4866 5350 592 900 660
4857 5252 620 900 670
4819 5111 641 900 680
4735 4970 667 900 680
4624 4828 699 900 690
4494 4713 700 900 690
4371 4616 714 900 690
4282 4574 703 870 690
4216 4538 702 870 690
4205 4528 600 880 680
4214 4533 591 880 680
4236 4550 589 880 670
4316 4585 585 880 670
4424 4632 589 880 670
4551 4693 594 880 660
4709 4744 595 880 670
4832 4769 591 880 670
4931 4779 595 880 670
4994 4752 639 880 680
5010 4697 641 870 690
4995 4623 633 870 690
4937 4490 611 870 700
4815 4317 630 870 700
4650 4118 653 870 710
4470 3905 661 870 710
4257 3681 684 870 710
4022 3451 691 840 710
3838 3272 690 850 700
3656 3139 713 820 700
3539 3037 733 820 690
3465 2993 724 800 690
3465 2986 684 800 690
3473 3005 685 800 690
3546 3050 687 780 680
3661 3128 685 780 680
3814 3229 691 780 680
3987 3334 707 780 680
4172 3424 722 780 680
4351 3503 724 780 680
4518 3585 724 780 680
4677 3662 724 780 680
4805 3731 728 800 680
4899 3795 708 800 680
4970 3840 699 800 690
5024 3888 687 800 690
5044 3936 684 800 690
5044 3984 687 790 700
5035 4021 681 820 700
5006 4052 672 820 700
4963 4077 663 820 700
4920 4087 656 820 700
4878 4087 638 820 700
4822 4071 643 820 700
4757 4037 656 820 700
4717 3991 658 850 700
4701 3955 644 850 700
4701 3937 639 850 700
4715 3932 639 850 690
4762 3913 647 850 690
4829 3898 649 850 690
4897 3903 653 820 690
4974 3920 658 820 690
5052 3951 676 820 690
5127 3996 690 820 690
5214 4051 685 820 700
5256 4077 685 820 700
5268 4084 697 850 700
5263 4078 696 840 710
5258 4067 694 840 710
5253 4014 703 840 710
5253 3934 696 840 710
5253 3889 691 840 710
5253 3876 679 840 710
5266 3884 682 840 710
5299 3884 691 840 710
5346 3894 693 840 710
5410 3935 694 810 710
5477 3996 697 810 710
5549 4065 693 810 710
5611 4103 685 810 710
5665 4120 685 840 710
5713 4106 697 840 720
5761 4072 691 840 720
5810 4026 690 840 720
5843 3995 702 840 720
5864 3970 702 840 720
5883 3948 691 840 720
5905 3955 703 810 710
5942 3966 713 810 710
5988 4003 713 810 710
6048 4056 707 810 720
6109 4080 705 840 720
6163 4080 705 840 720
6212 4064 702 840 720
6261 4037 702 870 720
6305 4004 703 870 730
6345 3966 714 870 730
6411 3973 724 870 730
6480 3985 736 870 730
6557 4025 750 870 720
6634 4082 753 870 730
6715 4133 756 870 730
6798 4172 759 870 730
6862 4203 760 870 730
6911 4208 765 900 740
6951 4208 765 900 740
6979 4199 774 900 740
7008 4172 787 900 750
7037 4116 777 900 750
7058 4040 771 900 750
7063 3926 771 900 760
7057 3791 782 900 760
7024 3642 779 900 760
6981 3473 779 900 760
6931 3302 779 900 760
6846 3130 763 900 750
6736 2964 777 900 750
6609 2835 768 860 750
6471 2732 759 860 750
6279 2643 737 830 750
6050 2546 797 830 750
5801 2445 785 800 740
5528 2371 787 800 740
5238 2319 796 800 740
4941 2282 814 760 740
4644 2252 790 770 730
4346 2252 771 770 730
4038 2265 728 740 720
3727 2287 728 740 720
3414 2319 724 750 710
3143 2357 728 720 710
2939 2398 755 720 710
2779 2443 761 730 700
2677 2491 752 730 700
2627 2548 734 720 710
2611 2626 724 720 710
2664 2717 727 720 710
2789 2800 731 720 710
2961 2873 737 710 720
3197 2940 763 710 720
3485 3009 759 710 720
3808 3078 796 710 720
4143 3146 806 710 720
4529 3223 826 710 720
4950 3298 828 740 720
5359 3370 840 750 710
5772 3426 857 750 710
6163 3471 860 750 710
6536 3499 861 740 720
6862 3527 867 740 720
7141 3555 863 740 720
7388 3575 863 740 720
7576 3598 853 730 730
7724 3619 867 760 740
7846 3629 869 760 740
7910 3634 857 760 740
7926 3634 869 760 740
7911 3634 853 800 740
7902 3634 817 790 750
7891 3641 708 790 750
7852 3641 254 790 750