NLDCC-003_003_005 464
7073 6089 180 1370 460
7040 6036 203 1370 460
6997 5983 212 1370 460
6947 5931 212 1360 470
6886 5846 215 1360 470
6816 5774 209 1350 470
6741 5712 254 1340 470
6662 5613 275 1330 470
6574 5510 280 1310 470
6479 5397 280 1300 480
6378 5275 274 1300 480
6268 5146 317 1300 480
6152 5011 338 1280 480
6052 4871 362 1280 480
5956 4752 392 1280 480
5867 4647 420 1280 480
5782 4546 450 1280 480
5705 4451 461 1280 480
5649 4361 472 1270 490
5605 4286 485 1270 490
5571 4227 486 1270 490
5553 4179 485 1270 490
5546 4147 490 1260 490
5553 4124 488 1260 490
5566 4108 488 1260 490
5589 4100 493 1260 490
5627 4100 498 1260 490
5674 4115 502 1260 490
5736 4141 507 1260 490
5804 4183 515 1270 500
5885 4236 516 1270 500
5972 4308 526 1270 500
6070 4398 530 1270 500
6187 4500 544 1270 500
6316 4618 544 1270 500
6456 4743 539 1270 500
6599 4873 546 1270 500
6749 5021 546 1270 500
6905 5168 546 1270 500
7063 5314 550 1270 500
7207 5453 539 1270 500
7356 5595 538 1280 490
7507 5739 526 1280 490
7637 5859 521 1290 500
7761 5975 514 1290 500
7882 6082 512 1300 500
7990 6185 512 1300 500
8065 6254 514 1300 500
8119 6305 515 1330 500
8162 6345 512 1330 500
8186 6370 535 1330 500
8196 6379 537 1330 500
8196 6379 537 1340 490
8176 6372 546 1340 490
8150 6351 544 1340 490
8106 6320 535 1340 490
8050 6266 533 1340 490
7987 6210 521 1340 490
7896 6131 522 1340 490
7790 6039 515 1340 490
7675 5937 517 1330 500
7556 5831 515 1320 490
7418 5718 514 1320 490
7268 5584 512 1320 490
7114 5438 512 1300 500
6962 5286 512 1300 500
6792 5132 507 1300 500
6608 4964 520 1300 500
6448 4788 513 1300 500
6278 4630 533 1290 500
6102 4464 538 1290 500
5946 4293 540 1280 490
5786 4132 554 1270 500
5622 3973 570 1270 500
5490 3815 580 1270 500
5362 3699 599 1260 500
5243 3593 614 1260 500
5145 3494 611 1260 500
5060 3418 614 1260 500
5001 3363 616 1250 510
4961 3323 617 1250 510
4933 3303 617 1250 510
4922 3297 619 1250 510
4922 3297 600 1250 510
4934 3309 592 1250 510
4961 3336 588 1250 510
4993 3376 592 1250 510
5043 3427 592 1250 510
5103 3491 592 1250 510
5179 3563 592 1250 510
5274 3644 595 1250 510
5382 3734 595 1250 510
5506 3831 588 1250 510
5634 3955 595 1250 510
5788 4078 588 1270 510
5957 4197 589 1270 510
6100 4316 588 1270 510
6268 4432 588 1270 510
6452 4553 595 1280 520
6628 4677 586 1290 510
6809 4786 574 1290 510
6996 4895 564 1290 510
7161 5008 535 1300 520
7312 5124 521 1320 510
7471 5217 514 1320 510
7607 5304 494 1320 510
7728 5381 491 1320 510
7840 5451 492 1330 520
7930 5512 497 1340 510
8006 5563 501 1340 510
8055 5604 502 1340 510
8083 5629 515 1340 510
8096 5643 544 1340 510
8096 5643 561 1340 510
8079 5643 567 1350 510
8057 5638 570 1350 510
8014 5620 567 1350 510
7948 5591 557 1350 510
7867 5547 546 1350 510
7766 5494 537 1350 510
7650 5427 538 1350 510
7524 5360 491 1350 510
7378 5276 491 1340 510
7211 5182 490 1340 510
7029 5076 477 1340 510
6826 4959 478 1340 510
6619 4835 497 1340 510
6410 4715 516 1340 510
6190 4593 535 1330 510
5985 4468 570 1320 510
5790 4344 567 1320 510
5593 4228 591 1320 510
5420 4118 616 1320 510
5262 4011 619 1320 510
5114 3904 620 1320 510
4989 3814 620 1320 510
4879 3737 611 1320 510
4772 3662 617 1300 510
4669 3599 592 1300 510
4592 3543 595 1300 510
4531 3492 583 1300 510
4484 3455 580 1290 510
4457 3427 574 1290 510
4442 3412 545 1290 510
4449 3412 537 1290 510
4462 3412 535 1290 510
4498 3422 537 1290 510
4547 3445 533 1290 510
4615 3478 541 1290 510
4707 3517 536 1290 510
4816 3563 548 1290 510
4930 3615 553 1290 510
5050 3670 565 1290 510
5191 3728 568 1290 510
5345 3788 572 1300 520
5510 3852 580 1300 520
5679 3923 583 1300 520
5864 4000 595 1320 510
6058 4073 603 1320 510
6260 4145 619 1320 510
6475 4213 616 1320 510
6698 4281 628 1320 510
6950 4350 641 1320 510
7192 4424 637 1330 510
7426 4503 643 1330 510
7682 4586 656 1340 510
7948 4667 667 1340 510
8220 4745 671 1340 510
8511 4825 678 1340 510
8810 4912 688 1360 510
9113 5004 699 1360 510
9380 5100 696 1360 510
9666 5195 699 1360 510
9964 5287 707 1370 520
10251 5377 710 1370 520
10519 5464 714 1370 520
10773 5549 713 1370 520
11026 5630 713 1370 520
11247 5705 713 1400 520
11446 5768 711 1400 520
11645 5823 711 1400 520
11812 5872 700 1400 520
11957 5918 696 1400 520
12100 5960 697 1400 520
12206 5998 669 1400 520
12287 6029 641 1400 520
12351 6055 570 1400 520
12396 6077 460 1400 520
12427 6092 297 1400 520
12427 6102 98 1400 520
12427 6102 0 1400 520
12361 6109 0 1380 510
12284 6117 0 1380 510
12172 6117 0 1370 520
12037 6111 0 1370 520
11867 6098 0 1370 520
11685 6069 0 1370 520
11495 6032 0 1370 520
11306 5983 0 1360 510
11074 5930 0 1360 510
10812 5868 0 1360 500
10584 5802 0 1360 500
10356 5736 0 1350 500
10129 5658 0 1360 490
9868 5581 0 1350 490
9631 5504 0 1350 490
9410 5428 0 1350 470
9180 5350 0 1340 470
8950 5270 0 1330 460
8725 5189 0 1320 460
8504 5103 0 1300 450
8298 5014 0 1280 430
8104 4929 0 1270 430
7919 4853 0 1270 420
7734 4784 0 1270 420
7576 4725 0 1270 420
7435 4663 0 1260 410
7320 4615 0 1260 410
7211 4578 0 1260 410
7129 4547 0 1250 400
7063 4531 0 1250 400
7019 4524 0 1240 400
7000 4530 0 1240 400
7000 4551 0 1230 390
7014 4581 0 1240 390
7051 4618 0 1250 390
7102 4668 0 1260 390
7168 4728 0 1260 390
7255 4798 0 1280 390
7356 4880 0 1290 400
7480 4969 0 1290 400
7606 5072 0 1280 400
7761 5174 0 1290 410
7935 5271 0 1290 410
8088 5365 0 1290 410
8241 5455 0 1300 410
8398 5544 0 1310 420
8554 5631 0 1320 430
8697 5703 0 1330 430
8829 5769 0 1340 440
8953 5818 0 1360 440
9050 5858 0 1370 440
9129 5894 0 1370 440
9186 5916 0 1370 440
9224 5928 0 1370 440
9248 5928 0 1360 450
9248 5919 0 1360 450
9238 5902 0 1360 450
9213 5877 0 1370 440
9172 5843 0 1360 440
9118 5803 0 1360 440
9056 5757 0 1370 430
8974 5701 0 1370 430
8869 5639 0 1360 430
8748 5569 0 1360 430
8628 5487 0 1350 430
8495 5397 0 1350 430
8353 5303 0 1330 430
8209 5204 0 1320 440
8065 5095 0 1310 440
7918 4981 0 1310 440
7768 4880 0 1300 450
7638 4788 0 1300 460
7534 4673 0 1300 460
7447 4610 0 1290 460
7378 4583 0 1290 460
7353 4541 0 1280 470
7358 4501 0 1280 470
7284 4462 0 1270 480
7279 4537 0 1270 480
7319 4584 0 1270 480
7363 4613 0 1270 480
7411 4671 0 1280 480
7476 4740 0 1300 480
7552 4817 0 1300 480
7641 4907 0 1310 480
7747 5012 0 1320 480
7863 5128 0 1320 490
8003 5234 0 1320 490
8139 5340 0 1320 490
8271 5445 0 1320 490
8424 5551 0 1320 490
8568 5647 0 1330 500
8568 5647 105 1340 490
8831 5811 141 1340 490
8934 5875 146 1340 490
9023 5926 149 1350 500
9078 5957 132 1350 500
9116 5976 134 1350 500
9143 5983 136 1350 500
9151 5975 146 1350 500
9141 5957 151 1350 500
9119 5922 163 1340 490
9080 5882 173 1340 490
9023 5831 183 1350 490
8953 5770 207 1350 490
8865 5701 223 1350 490
8769 5623 239 1350 490
8668 5532 262 1350 490
8559 5433 314 1350 490
8441 5337 366 1340 490
8316 5240 399 1340 490
8205 5147 452 1340 490
8114 5057 495 1330 480
8037 4981 499 1330 480
7982 4922 520 1330 480
7947 4875 513 1320 490
7926 4850 522 1320 490
7931 4840 515 1320 490
7942 4840 517 1320 490
7977 4845 517 1320 490
8025 4868 512 1320 490
8087 4902 497 1320 490
8167 4960 464 1320 490
8259 5034 460 1320 490
8373 5120 428 1320 490
8503 5211 423 1320 490
8644 5308 415 1320 490
8795 5410 415 1330 500
8954 5518 417 1330 500
9119 5628 425 1330 500
9269 5739 431 1330 500
9419 5834 441 1340 500
9556 5916 440 1340 500
9683 5990 441 1340 500
9788 6051 443 1360 500
9869 6091 443 1360 500
9934 6116 436 1350 510
9977 6121 428 1350 510
9995 6121 428 1350 510
9995 6101 428 1350 510
9969 6069 428 1350 510
9921 6024 431 1350 510
9858 5966 431 1350 510
9782 5900 436 1350 510
9689 5830 443 1360 500
9585 5757 445 1350 510
9462 5669 452 1350 510
9328 5573 465 1350 510
9187 5470 496 1350 510
9059 5375 516 1340 500
8931 5291 545 1340 500
8806 5212 570 1340 500
8711 5141 569 1330 510
8635 5083 570 1330 510
8573 5034 569 1330 510
8532 4992 570 1330 510
8504 4964 566 1330 510
8493 4946 536 1330 510
8493 4946 522 1330 510
8511 4946 497 1330 510
8537 4946 488 1330 510
8580 4973 474 1330 510
8633 5008 442 1330 510
8703 5051 446 1330 510
8794 5110 438 1330 510
8900 5176 436 1340 510
9034 5247 433 1340 510
9162 5326 433 1340 510
9286 5413 438 1340 510
9431 5505 449 1340 510
9576 5592 440 1340 510
9707 5674 442 1340 510
9829 5749 440 1340 510
9945 5803 440 1340 510
10037 5845 449 1340 510
10112 5866 440 1340 510
10159 5882 439 1340 510
10180 5882 439 1340 510
10180 5867 452 1340 510
10164 5843 461 1340 510
10120 5802 466 1340 510
10060 5750 472 1350 510
9961 5682 496 1350 510
9844 5602 517 1350 510
9715 5513 512 1350 510
9566 5409 533 1350 510
9392 5301 546 1350 510
9202 5186 566 1350 510
9010 5064 570 1330 510
8797 4937 584 1330 510
8570 4808 592 1330 510
8343 4685 586 1320 500
8121 4557 595 1320 500
7907 4425 588 1300 510
7698 4297 600 1300 510
7504 4184 606 1300 510
7320 4078 616 1300 510
7165 3976 613 1300 510
7043 3897 619 1290 510
6944 3834 617 1290 510
6863 3792 620 1280 500
6812 3767 625 1280 500
6780 3753 622 1280 500
6780 3753 620 1280 500
6794 3759 617 1280 500
6827 3774 622 1280 500
6886 3805 627 1280 500
6960 3846 630 1280 500
7043 3893 638 1280 500
7144 3967 638 1280 500
7273 4045 656 1280 500
7420 4126 670 1280 500
7587 4220 666 1280 500
7783 4321 681 1280 500
7997 4427 691 1280 500
8198 4547 697 1290 510
8425 4667 702 1290 510
8670 4788 691 1290 510
8935 4906 693 1290 510
9176 5025 696 1290 510
9402 5146 696 1290 510
9624 5236 693 1300 510
9828 5322 699 1320 510
10021 5398 690 1320 510
10172 5461 662 1320 510
10306 5516 634 1330 520
10428 5555 589 1330 520
10525 5590 493 1330 520
10597 5615 396 1340 510
10652 5631 213 1340 510
10652 5631 0 1350 520
10687 5653 0 1350 520
10679 5662 0 1350 520
10644 5678 0 1350 520
10587 5697 0 1350 520
10514 5718 0 1360 510
10419 5742 0 1360 510
10318 5768 0 1360 510
10214 5768 0 1350 510
10109 5786 0 1360 500
9996 5823 0 1350 500
9878 5823 0 1350 490
9744 5841 0 1360 480
9633 5876 0 1360 470
9536 5898 0 1370 460
9436 5920 0 1380 460
9345 5946 0 1380 460
9259 5980 0 1390 450
9138 6011 0 1390 440
9030 6040 0 1400 430
8941 6064 0 1400 420
8855 6088 0 1400 410
8779 6113 0 1390 410
8712 6135 0 1390 410
8653 6154 0 1380 420
8602 6167 0 1370 420
8559 6175 0 1370 430
8526 6175 0 1360 440
8479 6185 0 1350 440
8421 6198 0 1340 450
8421 6183 0 1340 450
8469 6151 0 1330 440
8543 6107 0 1330 440
8543 6107 943 1330 440
8543 6107 952 1340 450
8659 6112 897 1310 460
8620 6119 897 1280 480
8653 6145 899 1260 490
8735 6184 890 1230 510
8837 6206 857 1230 510
8953 6226 777 1250 510
9078 6236 646 1250 510
9205 6271 445 1250 510
