174
3166 6867 314 1250 440
3193 6841 307 1250 440
3158 6764 340 1250 450
3135 6647 371 1250 450
3121 6413 410 1280 450
3100 6116 417 1270 460
3106 5777 425 1270 460
3131 5467 423 1270 480
3146 5154 425 1260 480
3141 4901 409 1250 480
3123 4689 382 1240 490
3106 4580 301 1220 500
3106 4546 158 1200 500
2592 6510 68 1220 420
2473 6383 315 1220 420
2358 6428 325 1230 430
2311 6536 325 1250 430
2311 6599 332 1260 440
2364 6660 338 1270 450
2490 6716 376 1270 450
2662 6764 394 1280 450
2877 6810 391 1300 460
3134 6856 394 1310 460
3418 6882 400 1320 460
3685 6911 405 1340 460
3891 6942 404 1340 460
4056 6942 404 1360 460
4157 6900 409 1360 460
4183 6828 422 1380 460
4158 6725 425 1380 460
4070 6583 425 1370 460
3951 6416 422 1370 460
3811 6245 422 1370 460
3661 6094 425 1360 470
3517 5956 415 1360 470
3377 5836 436 1350 470
3298 5757 443 1350 470
3273 5705 449 1350 490
3285 5687 471 1350 490
3370 5667 473 1340 490
3517 5647 465 1340 490
3705 5614 473 1330 500
3878 5568 469 1330 500
4020 5513 463 1320 500
4141 5442 463 1320 500
4200 5356 465 1300 510
4191 5260 471 1300 510
4136 5144 465 1300 520
4045 5024 468 1300 520
3940 4896 478 1300 520
3825 4770 493 1300 520
3712 4646 520 1300 520
3609 4555 544 1290 520
3561 4496 539 1290 520
3545 4459 554 1290 520
3570 4454 570 1290 520
3651 4469 568 1290 520
3770 4497 561 1280 530
3898 4548 561 1280 530
4076 4618 540 1280 530
4288 4700 518 1280 530
4496 4814 498 1280 530
4678 4953 473 1300 530
4842 5110 466 1300 530
4928 5255 469 1300 530
4969 5402 474 1310 540
4981 5551 496 1310 540
4975 5657 514 1330 540
4965 5716 518 1310 550
4951 5744 522 1320 550
4933 5744 519 1320 550
4891 5692 517 1320 550
4832 5614 517 1320 550
4747 5494 515 1320 550
4664 5375 527 1320 550
4612 5257 538 1320 550
4581 5153 543 1310 550
4581 5062 543 1310 550
4604 4979 543 1310 550
4652 4911 546 1310 550
4749 4886 543 1310 550
4872 4886 540 1310 550
5011 4956 533 1310 550
5152 5063 518 1320 550
5266 5198 515 1320 550
5363 5309 513 1310 560
5420 5384 524 1320 570
5456 5436 544 1320 570
5478 5436 561 1320 570
5483 5436 572 1320 570
5490 5397 583 1320 570
5490 5343 589 1320 570
5477 5277 594 1340 570
5470 5222 595 1320 580
5470 5175 594 1320 580
5470 5153 585 1320 580
5500 5167 591 1320 590
5547 5206 589 1320 590
5618 5288 594 1320 590
5713 5384 589 1320 590
5825 5489 594 1340 600
5926 5563 594 1340 600
6029 5617 605 1340 600
6135 5659 603 1350 600
6241 5672 603 1350 600
6312 5665 603 1350 600
6363 5645 603 1360 610
6388 5615 603 1360 610
6407 5582 603 1350 620
6423 5545 609 1370 620
6451 5509 611 1370 620
6479 5482 620 1370 620
6518 5461 614 1350 630
6564 5461 620 1350 630
6624 5490 619 1350 630
6690 5544 595 1350 630
6768 5624 588 1350 630
6849 5707 575 1350 630
6928 5793 575 1350 630
6997 5857 580 1350 630
7063 5890 589 1350 630
7122 5903 592 1380 630
7183 5897 603 1380 630
7244 5871 611 1400 620
7311 5831 614 1400 620
7380 5805 616 1400 620
7453 5798 616 1400 620
7529 5804 597 1400 620
7610 5841 585 1400 630
7689 5902 594 1400 630
7766 5979 586 1400 630
7845 6057 597 1400 630
7923 6111 616 1400 630
7988 6148 614 1400 630
8045 6140 617 1410 630
8091 6076 620 1410 630
8123 5975 622 1430 620
8145 5801 620 1430 620
8145 5578 602 1430 620
8106 5322 600 1430 630
8046 4992 614 1430 630
7935 4606 633 1410 640
7782 4182 640 1420 650
7602 3774 649 1400 660
7408 3418 650 1420 660
7210 3096 649 1400 670
7008 2861 639 1390 680
6802 2691 611 1370 690
6547 2565 578 1370 690
6258 2505 553 1350 690
5927 2476 546 1350 690
5555 2468 542 1310 690
5156 2468 554 1310 690
4766 2480 586 1270 690
4370 2504 652 1250 680
3971 2562 716 1240 670
3645 2664 757 1220 670
3383 2795 759 1230 650
3163 2938 785 1220 650
3051 3117 787 1220 650
3089 3320 774 1200 640
3228 3547 756 1200 640
3556 3795 757 1210 630
4031 4056 727 1220 630
4603 4312 682 1220 630
5229 4552 653 1240 630
5846 4781 644 1250 640
6456 5002 649 1250 640
7002 5176 675 1290 640
7471 5319 697 1300 650
7889 5390 710 1320 640
8268 5398 697 1330 650
8625 5363 575 1350 640
8968 5282 1 1350 640