NLDCC-004_004_004 620
13515 10173 180 1430 460
13590 10197 210 1420 470
13629 10222 232 1430 480
13667 10244 284 1430 490
13703 10260 340 1430 490
13742 10283 382 1430 500
13778 10309 423 1430 500
13813 10326 448 1430 510
13843 10347 477 1430 510
13874 10370 518 1430 510
13899 10390 543 1440 510
13919 10408 570 1440 510
13934 10423 595 1450 530
13942 10434 624 1450 530
13942 10442 649 1450 530
13948 10442 667 1460 530
13948 10442 679 1460 530
13935 10447 694 1460 530
13921 10447 699 1460 530
13899 10447 700 1460 530
13871 10436 702 1460 530
13823 10420 702 1460 530
13769 10396 690 1460 530
13711 10367 699 1460 530
13655 10337 705 1460 530
13601 10308 710 1460 530
13551 10278 713 1460 530
13506 10247 717 1460 530
13467 10215 721 1460 530
13433 10187 721 1460 530
13403 10162 722 1460 530
13382 10132 722 1450 530
13373 10118 719 1450 530
13373 10118 705 1460 520
13373 10106 694 1460 520
13373 10097 663 1460 520
13381 10091 647 1440 510
13392 10086 613 1440 510
13408 10086 589 1440 510
13428 10086 574 1440 510
13453 10091 545 1440 510
13479 10097 532 1430 510
13506 10097 512 1430 510
13522 10104 492 1430 510
13530 10104 498 1430 510
13530 10104 488 1430 510
13522 10095 496 1430 510
13507 10084 512 1430 510
13489 10069 537 1420 520
13463 10051 570 1420 520
13432 10031 589 1420 520
13404 10011 625 1420 520
13376 9989 640 1420 520
13349 9967 665 1420 520
13324 9945 675 1420 520
13300 9921 693 1420 520
13275 9895 699 1420 520
13252 9868 722 1420 520
13234 9842 722 1420 520
13222 9820 730 1420 520
13210 9799 731 1420 520
13200 9776 743 1420 520
13193 9752 748 1410 510
13193 9727 748 1410 510
13188 9708 749 1400 520
13188 9692 752 1400 520
13188 9673 752 1400 520
13197 9656 752 1400 520
13205 9646 755 1400 520
13214 9641 754 1400 520
13225 9633 760 1390 520
13239 9633 761 1390 520
13254 9633 751 1390 520
13271 9633 754 1390 520
13290 9648 754 1400 530
13313 9664 756 1400 530
13339 9685 757 1400 530
13368 9709 759 1400 530
13397 9734 762 1400 530
13423 9757 765 1400 530
13447 9779 763 1400 530
13470 9801 762 1400 530
13490 9823 765 1400 530
13507 9845 765 1400 530
13524 9861 767 1400 530
13535 9875 765 1400 530
13543 9884 767 1400 530
13543 9889 768 1400 530
13551 9889 767 1400 530
13551 9889 770 1400 530
13551 9889 768 1400 530
13551 9889 767 1400 530
13551 9889 767 1400 530
13551 9889 765 1400 530
13545 9881 767 1400 530
13545 9869 770 1400 530
13534 9853 771 1400 530
13534 9835 773 1400 530
13525 9815 780 1400 530
13525 9794 784 1400 530
13516 9773 784 1400 530
13516 9753 787 1400 530
13516 9738 788 1400 530
13511 9726 793 1400 530
13511 9713 791 1400 530
13516 9706 793 1400 530
13516 9706 797 1400 530
13522 9699 785 1400 530
13522 9699 790 1400 530
13528 9699 809 1400 530
13528 9699 823 1400 530
13528 9699 825 1400 530
13528 9699 839 1400 530
13536 9707 846 1390 540
13543 9717 852 1390 540
13553 9728 860 1390 540
13564 9745 861 1370 530
13576 9765 863 1390 540
13589 9781 860 1390 540
13601 9798 854 1390 540
13615 9816 831 1390 540
13629 9839 818 1390 540
13643 9867 784 1390 540
13658 9891 737 1390 540
13675 9912 690 1390 540
13688 9928 652 1390 540
13697 9937 583 1390 540
13702 9942 480 1390 540
13702 9942 341 1390 540
13702 9948 165 1400 540
13702 9948 0 1400 540
13702 9940 0 1400 540
13702 9933 0 1400 540
13695 9924 0 1400 540
13690 9913 0 1400 540
13690 9902 0 1400 540
13690 9890 0 1400 540
13690 9878 0 1410 530
13690 9867 0 1410 530
13697 9855 0 1410 530
13705 9844 0 1410 530
13714 9835 0 1410 530
13725 9828 0 1410 530
13737 9823 0 1410 530
13750 9823 0 1420 530
13762 9818 0 1420 530
13775 9818 0 1420 530
13786 9818 0 1420 530
13799 9824 0 1420 530
13811 9831 0 1420 530
13823 9840 0 1420 530
13833 9850 0 1420 530
13843 9861 0 1420 530
13854 9871 0 1420 530
13854 9871 91 1420 530
13854 9871 143 1420 530
13854 9871 176 1420 530
13854 9871 226 1410 530
13854 9871 277 1410 530
13854 9871 304 1410 530
13854 9871 353 1410 530
13854 9871 391 1410 530
13854 9871 442 1410 530
13802 9866 478 1410 530
13786 9848 519 1400 540
13770 9828 562 1400 540
13754 9803 608 1400 540
13738 9775 638 1400 540
13724 9749 665 1400 540
13713 9725 663 1400 540
13706 9701 679 1400 540
13700 9675 690 1400 540
13695 9651 690 1400 540
13695 9636 691 1400 540
13695 9626 693 1400 540
13701 9619 694 1400 540
13701 9619 694 1400 540
13710 9614 697 1390 540
13715 9614 700 1370 540
13722 9620 707 1370 540
13733 9631 708 1370 540
13750 9651 710 1370 540
13774 9681 700 1370 540
13801 9718 705 1370 540
13828 9751 705 1370 540
13850 9784 699 1370 540
13869 9817 702 1370 540
13893 9854 690 1370 540
13917 9893 687 1370 540
13944 9935 678 1370 540
13972 9978 644 1370 540
13997 10023 572 1370 540
14020 10070 554 1370 540
14045 10121 535 1370 540
14068 10174 522 1400 540
14089 10220 515 1400 540
14109 10263 492 1400 540
14126 10287 489 1400 540
14135 10301 489 1400 540
14135 10301 489 1420 540
14135 10301 491 1420 540
14129 10289 497 1420 540
14116 10273 501 1420 540
14099 10242 501 1420 540
14079 10200 502 1420 540
14056 10159 509 1440 540
14035 10111 513 1440 540
14015 10060 515 1450 540
13990 10010 524 1450 540
13962 9951 532 1450 540
13933 9892 544 1430 530
13903 9820 545 1420 540
13873 9739 567 1420 540
13849 9674 572 1420 540
13830 9622 575 1420 540
13819 9578 577 1410 530
13819 9548 580 1400 540
13819 9531 580 1400 540
13826 9524 584 1400 540
13826 9524 600 1400 540
13832 9524 616 1390 540
13839 9540 614 1370 540
13854 9569 613 1370 540
13874 9609 613 1370 540
13897 9656 614 1360 540
13920 9705 608 1360 540
13948 9754 603 1360 540
13974 9806 595 1360 540
13999 9859 583 1360 540
14023 9917 543 1360 540
14056 9978 530 1370 540
14093 10040 491 1370 540
14132 10100 466 1370 540
14177 10158 473 1370 540
14220 10210 472 1370 540
14256 10244 483 1370 540
14286 10268 496 1370 540
14310 10281 517 1370 540
14329 10290 524 1400 540
14344 10290 538 1400 540
14353 10290 550 1400 540
14361 10290 563 1400 540
14367 10276 588 1410 530
14367 10262 606 1410 530
14367 10242 628 1410 530
14367 10215 647 1410 530
14354 10182 671 1410 530
14341 10146 697 1410 530
14322 10110 722 1410 530
14296 10073 725 1420 530
14266 10034 740 1420 530
14236 9994 740 1420 530
14205 9960 740 1420 530
14173 9930 742 1420 530
14141 9903 748 1420 530
14120 9883 748 1420 530
14106 9868 748 1420 530
14098 9857 749 1420 530
14092 9849 745 1420 530
14092 9844 724 1420 530
14092 9844 703 1420 530
14092 9844 688 1410 530
14104 9844 663 1410 530
14116 9844 647 1410 530
14135 9844 602 1410 530
14162 9849 556 1410 530
14191 9860 522 1410 530
14220 9870 486 1400 540
14249 9878 440 1400 540
14276 9886 396 1400 540
14301 9886 358 1410 550
14320 9892 336 1410 550
14335 9892 339 1410 550
14346 9892 337 1410 550
14351 9887 345 1410 550
14351 9880 373 1410 550
14345 9870 407 1410 550
14330 9854 442 1410 550
14311 9836 514 1410 550
14289 9815 542 1410 550
14266 9792 600 1410 550
14242 9766 631 1410 550
14213 9740 655 1420 540
14182 9715 678 1420 540
14155 9688 696 1410 550
14129 9665 710 1410 550
14107 9645 728 1410 550
14089 9618 727 1410 550
14075 9597 731 1410 550
14066 9583 733 1410 550
14066 9572 733 1410 550
14066 9563 731 1410 550
14066 9554 728 1410 550
14066 9554 725 1410 550
14066 9554 725 1410 550
14076 9554 727 1400 550
14088 9554 730 1400 550
14106 9564 728 1390 550
14133 9575 727 1390 550
14169 9593 722 1390 550
14204 9617 724 1390 550
14238 9638 694 1390 550
14272 9664 691 1390 550
14306 9693 659 1390 550
14341 9725 646 1390 550
14372 9755 641 1390 550
14404 9784 628 1400 550
14433 9815 608 1400 550
14460 9845 600 1400 550
14476 9872 603 1400 550
14492 9895 600 1400 550
14502 9916 597 1400 550
14507 9934 602 1400 550
14507 9950 603 1400 550
14507 9966 613 1410 550
14502 9980 617 1410 550
14497 9989 630 1410 550
14492 9995 644 1410 550
14487 9995 638 1420 540
14487 10000 638 1420 540
14480 10000 638 1420 540
14480 10000 637 1420 540
14480 9993 647 1420 540
14480 9993 647 1430 530
14480 9984 641 1430 530
14480 9978 634 1430 530
14487 9972 624 1430 530
14492 9967 614 1430 530
14492 9960 613 1430 530
14501 9954 591 1450 530
14506 9948 581 1430 530
14514 9948 570 1430 530
14525 9938 567 1430 530
14536 9933 556 1430 530
14549 9933 540 1430 530
14565 9933 535 1420 540
14577 9933 524 1420 540
14587 9927 519 1420 540
14594 9927 518 1420 540
14594 9920 521 1420 540
14594 9920 527 1420 540
14594 9911 537 1410 550
14587 9905 567 1410 550
14577 9897 574 1430 550
14565 9886 597 1430 550
14553 9874 634 1430 550
14541 9862 668 1430 550
14526 9848 700 1430 550
14510 9830 728 1430 550
14493 9809 731 1430 550
14477 9790 748 1430 550
14463 9773 760 1430 550
14453 9758 750 1430 550
14446 9743 754 1410 550
14446 9726 763 1410 550
14439 9710 770 1410 550
14439 9695 771 1410 550
14439 9685 771 1410 550
14439 9678 773 1410 550
14439 9672 771 1410 550
14445 9666 771 1410 550
14451 9666 773 1410 550
14457 9659 774 1410 550
14465 9659 776 1410 550
14476 9659 777 1410 550
14487 9659 780 1410 550
14504 9670 784 1410 550
14526 9678 784 1410 550
14551 9688 785 1410 550
14578 9703 780 1410 550
14603 9719 776 1410 550
14627 9734 760 1410 550
14652 9752 761 1410 550
14677 9772 752 1430 550
14702 9791 748 1430 550
14723 9810 742 1430 550
14739 9828 742 1430 550
14754 9845 736 1430 550
14769 9861 730 1430 550
14781 9875 728 1430 550
14781 9884 727 1430 550
14781 9884 727 1430 550
14781 9884 724 1430 550
14781 9884 721 1430 550
14772 9884 721 1440 560
14772 9878 725 1440 560
14761 9868 730 1440 560
14751 9853 736 1440 560
14736 9835 742 1440 560
14717 9817 749 1440 560
14707 9799 760 1440 560
14696 9780 757 1440 560
14685 9761 770 1440 560
14677 9742 774 1440 560
14670 9726 779 1450 550
14670 9711 780 1450 550
14670 9695 782 1440 560
14670 9686 782 1440 560
14675 9680 782 1440 560
14675 9673 780 1440 560
14684 9667 780 1440 560
14692 9667 779 1440 560
14703 9662 770 1440 560
14716 9668 750 1440 560
14733 9680 740 1440 560
14754 9700 733 1440 560
14774 9720 707 1430 550
14793 9739 702 1430 550
14811 9759 681 1430 550
14827 9780 668 1430 550
14840 9803 646 1430 550
14851 9826 633 1430 550
14858 9850 624 1430 550
14864 9875 619 1430 550
14864 9892 616 1430 550
14869 9907 619 1430 550
14869 9915 611 1430 550
14858 9915 628 1430 550
14850 9923 638 1430 550
14841 9923 667 1430 550
14833 9915 678 1430 550
14825 9907 696 1430 550
14816 9895 708 1430 550
14804 9882 722 1430 550
14791 9869 720 1430 550
14785 9854 731 1430 550
14779 9841 746 1430 550
14779 9829 751 1430 550
14779 9818 761 1430 550
14779 9807 761 1430 550
14779 9797 753 1430 550
14787 9787 767 1430 550
14795 9776 773 1430 550
14804 9765 777 1430 550
14815 9759 779 1430 550
14826 9759 779 1430 550
14839 9753 779 1430 550
14857 9753 784 1430 550
14876 9753 785 1430 550
14895 9753 788 1430 550
14916 9759 791 1430 550
14938 9765 790 1430 550
14959 9774 779 1430 550
14981 9786 767 1430 550
15004 9802 749 1430 550
15025 9820 728 1430 550
15046 9839 716 1430 550
15067 9856 693 1430 550
15084 9873 672 1430 550
15097 9890 671 1430 550
15104 9905 655 1430 550
15104 9920 653 1430 550
15104 9934 659 1430 550
15104 9942 665 1430 550
15104 9947 663 1430 550
15097 9947 664 1430 550
15087 9947 676 1430 550
15074 9936 697 1430 550
15058 9929 711 1430 550
15043 9914 731 1430 550
15027 9899 749 1430 550
15008 9881 767 1430 550
14991 9861 780 1430 550
14976 9839 783 1430 550
14962 9815 812 1430 550
14950 9790 817 1430 550
14940 9766 817 1430 550
14934 9746 817 1430 550
14934 9731 817 1430 550
14934 9717 817 1430 550
14934 9701 820 1430 550
14943 9690 818 1430 550
14949 9683 821 1430 550
14958 9678 821 1430 550
14970 9678 823 1430 550
14985 9678 824 1430 550
15001 9678 808 1430 550
15022 9688 782 1430 550
15046 9701 728 1430 550
15077 9721 646 1430 550
15113 9740 529 1430 550
15144 9757 304 1430 550
15171 9772 12 1430 550
15171 9772 0 1430 550
15210 9806 0 1430 550
15223 9826 0 1430 550
15231 9846 0 1430 550
15231 9866 0 1430 550
15238 9884 0 1410 550
15238 9901 0 1410 550
15238 9915 0 1420 540
15238 9925 0 1410 530
15224 9925 0 1410 530
15203 9925 0 1420 530
15183 9916 0 1410 520
15157 9902 0 1410 520
15126 9884 0 1410 520
15100 9861 0 1410 520
15071 9836 0 1420 520
15041 9808 0 1420 520
15041 9808 277 1420 520
14987 9751 359 1420 530
14964 9728 400 1420 530
14945 9708 488 1420 530
14932 9691 527 1430 530
14932 9681 554 1430 530
14932 9676 583 1420 540
14932 9668 617 1440 540
14937 9661 641 1440 540
14943 9661 658 1430 550
14950 9656 669 1430 550
14961 9663 691 1430 550
14977 9670 733 1430 550
14997 9682 742 1430 550
15019 9697 752 1430 550
15044 9717 754 1430 550
15072 9742 760 1430 550
15100 9771 760 1430 550
15132 9797 757 1430 550
15168 9825 758 1430 550
15205 9854 758 1430 550
15246 9885 751 1430 550
15287 9919 740 1430 550
15329 9954 731 1430 550
15373 9991 710 1430 550
15420 10029 694 1430 550
15468 10069 702 1440 560
15517 10111 684 1440 560
15563 10156 669 1440 560
15608 10199 667 1450 550
15647 10236 669 1450 550
15674 10265 667 1450 550
15693 10286 670 1460 550
15706 10301 676 1460 550
15706 10309 691 1460 550
15706 10314 700 1470 550
15706 10314 696 1470 550
15700 10314 700 1490 550
15691 10309 716 1490 550
15677 10295 730 1490 550
15649 10273 728 1490 550
15612 10244 749 1490 550
15569 10208 773 1490 550
15528 10168 803 1500 540
15491 10124 831 1500 540
15456 10074 857 1500 540
15424 10037 853 1500 540
15397 10007 854 1500 540
15375 9973 858 1500 540
15359 9945 864 1500 540
15350 9922 863 1500 540
15344 9907 861 1490 550
15344 9891 861 1470 550
15344 9880 863 1470 550
15351 9872 861 1470 550
15360 9865 860 1470 550
15371 9857 858 1470 550
15383 9857 858 1470 550
15401 9852 855 1460 550
15422 9857 869 1460 550
15449 9857 857 1460 550
15482 9865 848 1460 550
15518 9873 834 1460 550
15553 9884 820 1480 560
15589 9891 794 1480 560
15625 9900 782 1480 560
15660 9910 761 1480 560
15687 9918 740 1480 560
15708 9924 731 1480 560
15724 9929 727 1480 560
15730 9929 725 1480 560
15730 9929 725 1490 560
15725 9929 727 1490 560
15713 9929 725 1490 560
15694 9924 725 1490 560
15663 9916 725 1490 560
15629 9907 727 1490 560
15592 9900 725 1490 560
15551 9889 728 1490 560
15503 9877 730 1490 560
15449 9865 728 1490 560
15386 9853 746 1490 560
15307 9841 751 1490 560
15216 9829 759 1490 560
15099 9810 771 1490 560
14963 9787 791 1490 560
14815 9762 794 1480 560
14639 9733 821 1480 560
14447 9699 849 1490 550
14244 9655 872 1470 550
14012 9609 893 1470 550
13771 9556 912 1470 550
13525 9496 935 1470 550
13306 9430 964 1470 550
13114 9382 974 1460 540
12940 9345 997 1460 540
12818 9298 991 1460 540
12725 9265 1014 1460 540
12651 9242 1023 1450 540
12611 9224 1015 1450 540
12600 9216 1003 1450 540
12608 9216 1000 1450 540
12638 9201 1000 1450 540
12701 9186 1011 1450 540
12786 9172 1015 1450 540
12915 9172 1023 1450 540
13104 9172 1023 1430 530
13333 9196 1023 1430 530
13586 9238 1023 1430 530
13898 9289 1023 1450 540
14250 9339 1023 1450 540
14564 9388 1023 1450 540
14916 9434 1023 1460 540
15292 9476 1023 1460 540
15601 9509 1023 1460 540
15936 9535 1023 1470 550
16289 9555 947 1470 550
16578 9570 867 1490 550
16881 9583 746 1490 550
17194 9590 465 1500 550
