361
4385 6123 251 1330 430
4463 6145 345 1340 440
4439 6231 489 1340 440
4451 6270 609 1350 440
4463 6303 684 1360 450
4463 6313 707 1360 450
4463 6313 761 1380 450
4463 6282 802 1380 450
4457 6199 822 1380 450
4441 6079 843 1380 450
4408 5931 852 1370 450
4375 5782 861 1370 450
4364 5702 860 1370 450
4364 5669 857 1360 460
4384 5653 824 1340 460
4395 5648 743 1340 460
4403 5648 595 1320 460
4403 5648 32 1310 460
3499 5255 371 1300 430
3499 5255 415 1300 430
3499 5255 538 1310 440
3421 5215 616 1320 450
3414 5209 650 1310 450
3414 5209 707 1310 450
3423 5209 765 1310 450
3474 5209 832 1310 450
3554 5246 869 1310 450
3728 5307 903 1310 450
3940 5405 942 1310 450
4178 5503 943 1310 450
4439 5601 953 1310 450
4670 5669 965 1330 450
4881 5733 967 1330 450
5023 5772 973 1330 450
5114 5796 974 1340 460
5172 5796 967 1350 460
5180 5796 968 1350 460
5172 5796 942 1360 470
5152 5796 876 1370 470
5102 5802 752 1380 470
5054 5802 423 1380 470
4727 5481 428 1340 470
4727 5481 501 1330 460
4737 5405 586 1330 460
4721 5348 668 1330 460
4699 5290 721 1330 460
4670 5229 761 1330 460
4636 5150 793 1330 460
4593 5059 824 1330 460
4541 4957 860 1320 470
4482 4846 881 1320 470
4419 4728 906 1320 470
4356 4628 905 1310 470
4289 4527 914 1310 470
4218 4422 920 1310 470
4147 4312 927 1280 470
4077 4225 933 1280 470
4008 4154 942 1270 480
3952 4112 951 1260 470
3899 4089 940 1260 470
3856 4078 944 1260 470
3820 4078 935 1250 470
3788 4090 945 1250 470
3757 4101 939 1250 470
3727 4122 935 1250 470
3698 4146 932 1250 470
3683 4173 930 1250 470
3662 4211 927 1250 470
3637 4263 923 1240 470
3622 4324 921 1240 470
3613 4373 917 1240 470
3608 4418 914 1240 470
3608 4459 911 1240 470
3608 4500 909 1230 460
3608 4543 905 1230 460
3619 4588 903 1230 460
3628 4626 903 1230 460
3636 4659 894 1240 460
3644 4680 892 1250 460
3653 4697 906 1250 460
3668 4714 903 1250 460
3685 4736 905 1250 460
3705 4762 905 1260 460
3732 4796 903 1260 460
3763 4825 899 1280 450
3780 4852 896 1280 450
3797 4863 896 1290 450
3810 4873 897 1290 450
3821 4882 896 1290 450
3834 4889 896 1300 450
3846 4897 899 1310 450
3861 4909 900 1310 450
3879 4923 899 1310 450
3899 4935 900 1310 450
3917 4945 899 1320 450
3933 4950 900 1320 450
3946 4950 905 1320 450
3956 4959 892 1320 450
3964 4959 894 1320 450
3975 4964 902 1320 450
3992 4970 911 1320 450
4012 4979 909 1320 450
4033 4985 912 1320 450
4052 4985 909 1320 450
4068 4991 914 1320 450
4082 4991 912 1320 450
4097 4991 917 1320 450
4113 4991 924 1320 450
4131 4986 932 1320 450
4152 4986 933 1320 450
4175 4986 933 1320 450
4200 4986 935 1320 450
4218 4986 939 1330 450
4232 4986 942 1330 450
4246 4979 945 1330 450
4259 4974 951 1330 450
4270 4969 935 1330 450
4281 4969 943 1330 450
4293 4960 947 1330 450
4307 4955 953 1330 450
4320 4955 958 1330 450
4333 4948 964 1330 450
4348 4948 973 1320 460
4360 4940 980 1320 460
4371 4933 989 1320 460
4385 4926 978 1320 460
4398 4920 990 1320 460
4411 4913 996 1320 460
4425 4907 1003 1320 460
4439 4902 1012 1320 460
4455 4895 1021 1330 450
4471 4888 1023 1340 460
4488 4879 1023 1340 460
4506 4869 1023 1330 460
4527 4858 1023 1330 460
4554 4846 1023 1330 460
4583 4834 1023 1330 460
4612 4823 1023 1330 460
4640 4812 1023 1330 460
4669 4802 1023 1330 460
4697 4790 1023 1330 460
4724 4776 1023 1330 460
4754 4762 1023 1320 470
4780 4748 1023 1320 470
4804 4735 1023 1320 470
4827 4723 1023 1310 470
4850 4712 1023 1320 480
4872 4700 1023 1320 480
4893 4686 1023 1310 480
4910 4677 1023 1320 490
4926 4672 1023 1320 490
4941 4666 1023 1320 490
4959 4661 1023 1320 490
4978 4656 1023 1320 490
4998 4656 1023 1320 490
5020 4656 1023 1320 490
5046 4656 1023 1330 500
5078 4656 1023 1330 500
5137 4678 1023 1330 500
5212 4743 1023 1330 500
5325 4840 1023 1340 500
5428 4959 903 1340 500
5525 5021 142 1340 500
5588 5199 85 1350 460
5588 5199 144 1340 470
5614 5271 289 1340 470
5620 5299 391 1340 470
5626 5318 520 1340 470
5626 5332 605 1330 470
5631 5337 667 1330 470
5631 5337 727 1330 470
5631 5337 779 1330 470
5631 5337 794 1340 470
5631 5332 814 1340 470
5631 5332 820 1340 470
5631 5332 823 1340 470
5631 5332 818 1340 470
5631 5332 840 1340 470
5631 5332 869 1340 470
5631 5327 879 1350 460
5631 5327 905 1350 460
5631 5327 905 1350 460
5631 5327 927 1350 460
5631 5327 947 1350 460
5631 5327 944 1350 460
5631 5327 953 1350 460
5631 5327 967 1340 460
5631 5327 973 1340 460
5631 5327 979 1350 460
5631 5327 983 1350 460
5631 5327 986 1350 460
5631 5327 991 1350 460
5631 5327 991 1350 460
5631 5327 986 1350 460
5631 5327 986 1350 460
5631 5327 985 1350 460
5631 5327 994 1350 460
5631 5327 997 1350 460
5631 5327 982 1350 460
5631 5327 994 1350 460
5631 5327 1005 1350 460
5631 5327 1008 1350 460
5631 5327 1012 1350 460
5631 5327 1015 1350 460
5631 5327 1018 1350 460
5631 5327 1023 1350 460
5631 5327 1023 1350 460
5631 5327 1023 1350 460
5631 5327 1023 1350 460
5631 5327 1023 1340 460
5631 5327 1023 1340 460
5631 5327 1023 1340 460
5631 5327 1023 1340 460
5631 5327 1023 1350 460
5631 5327 1023 1350 460
5631 5327 1023 1350 460
5631 5327 1023 1350 460
5631 5327 1023 1360 460
5631 5327 1023 1360 460
5631 5327 1023 1360 460
5631 5327 1023 1360 460
5631 5327 1023 1360 460
5631 5327 1023 1360 460
5631 5327 1023 1360 460
5631 5327 1023 1360 460
5631 5327 1023 1360 460
5631 5327 1023 1360 460
5631 5327 1023 1360 460
5631 5327 1023 1360 460
5631 5327 1023 1360 460
5631 5327 1023 1360 460
5631 5327 1023 1360 460
5631 5327 1023 1360 460
5631 5327 1023 1360 460
5631 5327 1023 1360 460
5631 5327 1023 1360 460
5631 5327 1023 1360 460
5631 5327 1023 1360 460
5631 5327 1023 1360 460
5631 5327 1023 1360 460
5631 5327 1023 1350 450
5631 5327 1023 1350 450
5631 5327 1023 1350 450
5631 5327 1023 1350 450
5631 5327 1023 1360 460
5631 5327 1023 1360 460
5631 5327 1023 1360 460
5631 5327 1023 1360 460
5631 5327 1023 1360 460
5631 5327 1023 1360 460
5631 5327 1023 1360 460
5631 5327 1023 1360 460
5631 5327 1023 1360 460
5631 5327 1023 1360 460
5631 5327 1023 1360 460
5631 5327 1023 1360 460
5631 5327 1023 1360 460
5631 5327 1023 1360 460
5631 5327 1023 1360 460
5631 5327 1023 1360 460
5631 5327 1023 1360 460
5631 5327 1023 1360 460
5631 5327 1023 1360 460
5631 5327 1023 1360 460
5631 5327 1023 1360 460
5631 5327 1023 1360 460
5631 5327 1023 1360 460
5631 5327 1023 1360 460
5631 5327 1023 1360 460
5631 5327 1023 1370 460
5631 5321 1023 1370 460
5631 5321 1023 1370 460
5631 5321 1023 1370 460
5631 5321 1023 1370 460
5631 5315 1023 1370 460
5631 5315 1023 1360 460
5631 5315 1023 1370 450
5631 5309 1023 1370 450
5631 5304 1023 1370 450
5631 5304 1023 1370 450
5631 5297 1023 1370 450
5631 5297 1023 1370 450
5631 5297 1023 1370 450
5637 5297 1023 1370 450
5637 5302 1023 1370 450
5663 5318 1023 1370 450
5704 5364 1023 1370 450
5756 5430 1023 1380 460
5816 5506 1023 1380 460
5870 5577 1023 1380 460
5901 5644 1023 1390 460
5919 5687 1023 1390 460
5919 5723 1023 1390 460
5919 5747 1023 1400 470
5919 5762 1023 1400 470
5914 5768 1023 1400 470
5914 5768 1023 1400 470
5914 5768 1023 1400 470
5914 5763 1023 1410 460
5919 5735 1023 1410 460
5924 5693 1023 1410 460
5924 5623 1023 1410 460
5919 5556 1023 1400 470
5919 5490 1023 1400 470
5926 5428 1023 1400 470
5939 5364 1023 1400 470
5953 5316 1023 1400 470
5967 5280 1023 1400 470
5979 5260 1023 1400 470
5987 5251 1023 1390 470
5993 5251 1023 1390 470
5993 5251 1023 1390 470
6007 5281 1023 1390 470
6026 5324 1023 1390 470
6057 5400 1023 1390 470
6096 5481 1023 1400 480
6134 5566 1023 1400 480
6170 5642 1023 1420 470
6197 5714 1023 1420 470
6219 5782 1023 1420 470
6231 5851 1023 1420 470
6245 5935 1023 1430 460
6265 6028 1023 1440 470
6286 6111 1023 1450 460
6305 6173 1023 1450 460
6312 6222 1023 1460 460
6312 6255 1023 1470 450
6312 6283 1023 1470 440
6312 6297 1023 1470 440
6318 6303 1023 1470 440
6318 6303 1023 1480 430
6318 6303 1023 1480 430
6324 6292 1023 1480 430
6331 6273 1023 1490 430
6338 6233 1023 1480 430
6346 6179 1023 1480 430
6355 6098 1023 1480 430
6365 5991 1023 1470 440
6373 5867 1023 1470 440
6380 5738 1023 1480 450
6380 5614 1023 1470 460
6386 5493 1023 1460 470
6386 5348 1023 1450 470
6392 5210 1023 1450 470
6392 5076 1023 1440 480
6399 4945 1023 1440 480
6399 4818 1023 1430 490
6399 4693 1023 1430 490
6392 4586 1023 1420 490
6384 4478 1023 1420 490
6369 4380 1023 1410 500
6348 4288 1023 1410 500
6323 4212 1023 1400 510
6299 4162 1023 1400 510
6274 4129 1023 1370 510
6250 4109 1023 1370 510
6201 4104 1023 1370 510
6136 4109 1023 1370 510
6032 4135 1023 1360 500
5866 4197 1023 1360 500
5658 4284 822 1350 500