97
5272 6709 1230 510 473
5272 6709 1230 510 491
5291 6772 1240 520 496
5277 6772 1240 520 491
5277 6754 1240 520 517
5277 6692 1270 520 521
5267 6604 1270 520 529
5258 6498 1290 520 527
5252 6387 1290 520 493
5252 6297 1290 520 393
5263 6220 1290 520 249
5258 6167 1290 520 20
4966 5942 1280 530 86
4762 5806 1280 530 249
4655 5755 1280 530 364
4579 5727 1250 530 431
4526 5714 1250 530 447
4526 5714 1250 530 477
4585 5714 1240 520 512
4684 5760 1240 520 532
4848 5827 1250 530 544
5056 5941 1250 530 544
5293 6055 1250 530 537
5510 6154 1280 530 490
5691 6244 1280 530 399
5849 6325 1280 530 246
5598 5894 1290 560 566
5598 5894 1270 560 572
5709 5797 1270 560 569
5704 5706 1270 560 566
5720 5566 1250 560 564
5710 5404 1250 560 567
5682 5237 1250 560 584
5633 5044 1250 560 585
5559 4836 1230 560 597
5469 4619 1240 570 602
5396 4438 1240 570 609
5263 4282 1230 580 616
5089 4192 1230 580 616
4981 4165 1200 570 609
4903 4181 1200 570 592
4845 4239 1190 580 584
4815 4340 1190 580 560
4807 4470 1180 570 562
4813 4630 1170 560 553
4840 4812 1170 560 553
4896 5009 1180 560 559
4970 5145 1170 550 564
5064 5210 1190 540 570
5193 5229 1190 540 589
5345 5159 1200 550 586
5516 5031 1210 550 594
5691 4865 1200 550 592
5874 4712 1210 560 595
6005 4634 1190 560 597
6102 4606 1200 570 557
6162 4591 1190 580 402
6191 4591 1180 590 122
6418 5843 1220 570 538
6531 5982 1230 560 553
6524 6005 1250 560 537
6469 6005 1250 560 533
6482 5981 1260 560 542
6499 5934 1270 560 575
6523 5869 1270 560 595
6570 5799 1270 560 585
6631 5727 1280 570 568
6690 5689 1270 570 535
6736 5689 1270 570 493
6773 5717 1260 580 398
6810 5808 1250 590 366
6848 5950 1250 590 366
6886 6126 1250 590 410
6928 6314 1250 590 473
6970 6502 1250 590 524
7005 6647 1270 590 567
7035 6764 1280 580 595
7060 6868 1300 580 620
7084 6945 1310 580 647
7108 7003 1320 580 656
7130 7017 1340 570 679
7156 6957 1350 570 716
7185 6847 1360 570 737
7231 6620 1380 570 755
7301 6258 1380 570 761
7386 5807 1380 580 755
7470 5351 1360 580 730
7517 4908 1360 600 736
7539 4474 1340 610 743
7522 4129 1320 630 750
7460 3854 1290 640 787
7368 3625 1250 650 828
7251 3460 1240 660 852
7135 3370 1200 670 851
7021 3329 1180 680 826
6904 3378 1160 680 721
6785 3485 1160 680 399