92
5502 6510 132 1300 520
5502 6510 195 1300 520
5502 6510 250 1310 520
5498 6457 312 1310 520
5498 6413 376 1330 520
5505 6348 409 1330 520
5505 6270 427 1330 520
5505 6200 433 1330 520
5505 6138 435 1340 510
5505 6081 433 1330 520
5505 6029 389 1330 520
5499 5987 253 1330 520
4980 5693 267 1240 520
4875 5624 400 1220 510
4833 5624 442 1220 510
4810 5616 537 1220 500
4810 5616 564 1220 500
4819 5624 575 1220 500
4860 5639 583 1220 500
4958 5698 586 1240 500
5095 5782 565 1250 500
5269 5884 443 1260 490
5448 5978 155 1270 500
5836 6010 242 1360 540
5749 5878 274 1350 540
5683 5801 351 1350 540
5624 5705 461 1340 540
5565 5607 526 1330 540
5507 5487 563 1330 540
5449 5353 613 1330 540
5391 5226 628 1300 540
5327 5109 644 1310 550
5260 4999 640 1310 550
5196 4909 652 1300 550
5146 4862 668 1290 550
5104 4845 668 1270 550
5072 4854 661 1260 540
5037 4896 638 1260 540
4999 4959 589 1250 540
4980 5044 561 1240 530
4980 5129 554 1240 530
4992 5214 543 1240 530
5026 5296 543 1230 520
5063 5358 538 1230 520
5107 5407 544 1230 520
5163 5426 535 1230 520
5227 5419 546 1240 520
5300 5394 556 1250 530
5373 5353 588 1250 530
5440 5308 617 1250 530
5496 5264 638 1270 530
5549 5221 644 1270 530
5591 5176 666 1280 540
5634 5153 671 1280 540
5676 5146 670 1290 550
5716 5152 630 1290 550
5755 5194 452 1290 550
5808 5261 56 1290 550
5946 5872 379 1300 550
5950 5939 438 1310 550
5931 5925 464 1320 550
5920 5896 509 1340 550
5914 5841 543 1340 550
5914 5784 536 1340 550
5921 5723 536 1350 540
5944 5681 513 1340 540
5980 5652 464 1330 540
6017 5652 345 1330 540
6071 5705 191 1340 550
6135 5790 112 1320 550
6179 5926 58 1320 550
6206 6061 99 1320 550
6222 6196 191 1320 550
6222 6310 306 1350 550
6206 6376 452 1350 550
6185 6411 522 1360 550
6179 6411 529 1360 550
6179 6382 536 1360 550
6179 6330 557 1390 550
6191 6227 594 1390 550
6198 6061 631 1390 550
6216 5852 690 1380 550
6242 5618 763 1380 550
6251 5396 790 1360 560
6227 5181 817 1360 560
6182 5011 819 1350 570
6136 4885 827 1340 570
6090 4789 851 1320 580
6022 4746 845 1320 580
5938 4731 815 1320 580
5808 4731 713 1310 570
5643 4739 247 1310 570