110
6435 6318 230 920 660
6410 6429 310 920 660
6397 6480 364 940 650
6385 6510 473 940 650
6376 6526 509 940 650
6390 6517 517 960 650
6390 6508 542 960 650
6390 6488 570 990 650
6425 6461 588 990 650
6460 6366 586 990 650
6494 6269 491 990 650
6515 6171 223 990 650
6252 6108 39 900 640
6163 6129 595 900 640
6148 6102 616 900 640
6126 6085 636 920 630
6119 6085 616 920 630
6133 6085 628 940 630
6151 6085 670 940 630
6265 6085 697 960 640
6443 6077 705 960 640
6601 6111 708 980 640
6750 6162 694 990 650
6893 6224 619 990 650
6981 6247 399 990 660
7019 6253 58 990 670
6586 6043 210 970 660
6614 6057 211 970 660
6614 6052 309 970 660
6609 6052 458 990 650
6609 6052 543 990 650
6598 6047 546 990 660
6581 6005 559 990 660
6533 5913 589 990 660
6466 5787 622 990 660
6387 5661 653 990 660
6273 5533 662 970 660
6160 5392 661 940 660
6047 5243 662 920 660
5963 5150 645 920 660
5899 5093 591 900 650
5859 5061 481 900 650
5847 5056 287 880 650
5854 5086 148 880 650
5968 5360 78 860 640
6096 5614 188 860 640
6164 5705 251 860 640
6206 5773 312 880 640
6232 5804 358 880 640
6247 5811 428 880 640
6247 5801 499 880 640
6279 5752 542 880 640
6328 5657 560 880 650
6365 5532 569 880 650
6410 5451 588 880 650
6461 5371 588 880 660
6514 5292 586 880 660
6558 5243 588 880 660
6595 5208 588 880 670
6646 5183 567 850 670
6685 5154 527 850 670
6705 5154 443 850 670
6716 5162 335 830 680
6726 5177 103 830 680
7041 5869 218 900 660
7061 5981 291 900 670
7061 5995 427 920 670
7061 5995 546 920 680
7061 5995 566 950 680
7054 5958 569 950 680
7047 5905 569 950 690
7040 5838 575 950 690
7033 5774 564 950 690
7033 5750 464 950 690
7033 5750 377 930 690
7033 5766 309 900 680
7050 5819 125 900 680
7073 5899 96 900 680
7091 5994 85 900 680
7108 6094 167 900 680
7119 6198 254 900 680
7127 6324 279 900 680
7158 6415 315 920 680
7190 6484 349 950 680
7213 6532 384 970 680
7230 6556 404 970 680
7239 6565 427 1000 680
7244 6565 458 1000 680
7244 6565 490 1000 680
7244 6555 535 1020 680
7244 6542 561 1020 680
7268 6464 588 1020 680
7298 6344 586 1020 680
7321 6176 595 1030 690
7347 5972 634 1000 690
7380 5745 634 1000 690
7415 5523 659 980 700
7437 5314 707 950 700
7450 5115 763 930 710
7450 4954 784 900 720
7455 4830 796 870 730
7442 4730 833 830 730
7416 4616 840 760 740
7400 4532 858 730 730
7375 4468 881 700 730
7345 4463 861 700 730
7326 4470 824 700 730
7237 4485 749 670 730
7102 4565 518 670 730
6963 4669 324 680 720