113
5097 4912 900 660 569
5097 4912 900 660 585
5097 4964 900 660 628
5097 4964 900 670 682
5097 4959 900 670 705
5105 4959 900 670 721
5117 4924 900 680 743
5142 4843 900 680 727
5175 4732 900 680 662
5190 4657 900 680 496
5195 4606 900 680 232
4828 4460 810 660 521
4750 4445 810 660 550
4743 4445 810 650 543
4751 4445 810 650 567
4766 4445 810 650 667
4825 4438 810 650 714
4913 4438 830 660 767
5018 4477 830 660 808
5159 4547 830 660 827
5324 4613 850 670 832
5484 4693 850 670 806
5600 4783 880 680 736
5686 4826 870 690 570
5727 4836 900 690 351
5244 4494 900 700 219
5127 4384 900 690 483
5097 4351 870 690 468
5071 4316 880 680 488
5071 4280 880 680 562
5071 4258 880 680 638
5090 4224 880 670 696
5100 4151 880 670 746
5091 4056 880 670 787
5071 3920 880 670 797
5024 3772 880 680 805
4958 3616 880 680 812
4880 3490 880 680 805
4795 3369 850 680 802
4711 3298 850 680 794
4628 3259 830 680 794
4573 3259 830 670 759
4535 3298 810 670 746
4507 3360 810 660 731
4490 3484 810 660 721
4509 3636 810 650 728
4551 3808 810 650 724
4620 3987 810 650 722
4702 4116 840 650 716
4792 4212 840 650 717
4862 4250 860 660 728
4925 4238 860 660 746
4982 4193 880 660 768
5060 4114 880 670 784
5127 4024 900 670 790
5186 3926 900 680 793
5263 3850 900 680 793
5331 3800 880 680 797
5393 3767 870 690 787
5481 3751 870 690 760
5541 3778 850 690 727
5581 3833 850 700 673
5630 3895 850 700 616
5659 3983 810 710 561
5675 4089 810 710 560
5695 4231 840 710 566
5715 4334 840 710 570
5735 4412 840 710 595
5747 4462 840 710 609
5755 4490 840 710 641
5755 4504 870 710 669
5749 4519 870 710 685
5744 4536 870 710 699
5744 4541 870 710 714
5744 4541 870 710 703
5744 4534 870 710 696
5744 4508 870 710 696
5756 4468 870 710 699
5767 4405 870 710 690
5777 4394 870 720 691
5784 4418 870 720 710
5784 4418 840 720 724
5784 4453 840 720 754
5805 4502 840 720 755
5818 4629 840 720 752
5825 4787 840 720 754
5825 4965 840 720 749
5843 5105 840 720 746
5870 5231 870 720 745
5898 5349 870 720 745
5922 5441 870 710 743
5937 5492 900 710 739
5946 5517 900 710 742
5946 5517 900 710 736
5952 5510 900 710 757
5960 5428 930 710 761
5977 5294 930 710 753
5995 5092 930 710 751
6022 4830 930 710 757
6063 4528 900 720 776
6110 4207 900 720 771
6160 3898 900 720 791
6212 3634 870 730 830
6268 3398 830 730 821
6313 3207 800 740 831
6350 3069 760 740 861
6355 2966 720 740 894
6348 2951 670 750 905
6333 2956 640 740 875
6299 2975 620 750 806
6140 3051 620 750 685
5898 3152 590 750 586
5726 3271 590 750 259