97
4888 6476 584 1290 520
5003 6472 614 1300 530
4966 6532 617 1300 530
4955 6532 608 1300 530
4962 6527 620 1300 530
4975 6477 616 1300 530
4988 6400 617 1300 530
5003 6306 619 1310 520
5035 6225 614 1310 520
5079 6154 592 1310 520
5120 6104 526 1310 520
5142 6074 402 1330 530
5151 6058 158 1330 530
4912 5940 68 1310 540
4735 5775 339 1290 530
4604 5719 450 1290 530
4519 5689 512 1280 540
4465 5669 518 1270 530
4465 5669 540 1250 540
4522 5683 586 1250 540
4620 5723 613 1240 530
4799 5787 620 1240 530
4980 5867 620 1270 530
5185 5944 594 1270 530
5406 6015 496 1280 530
5565 6074 361 1290 530
5678 6118 88 1310 540
5533 6016 488 1330 540
5483 5786 535 1310 550
5422 5669 545 1310 550
5371 5549 559 1300 550
5327 5314 572 1300 550
5271 5115 616 1290 560
5202 4940 650 1270 560
5125 4757 668 1270 560
5048 4609 664 1260 570
4970 4485 667 1240 570
4895 4383 675 1240 570
4826 4328 684 1230 580
4776 4304 676 1230 580
4736 4337 658 1230 580
4722 4419 640 1230 580
4722 4535 647 1220 570
4742 4666 647 1220 570
4771 4797 647 1210 560
4812 4907 643 1210 560
4860 5005 649 1210 560
4926 5072 661 1210 560
5012 5115 671 1220 560
5110 5143 664 1220 560
5238 5159 673 1220 560
5366 5159 676 1250 560
5480 5150 675 1250 560
5585 5124 681 1260 570
5660 5099 675 1260 570
5707 5075 664 1240 570
5736 5050 630 1260 580
5749 5035 526 1260 580
5749 5027 351 1260 580
5927 5659 501 1270 590
6071 5681 546 1270 590
6083 5674 553 1270 590
6060 5674 567 1270 590
6067 5659 595 1270 590
6084 5632 603 1270 590
6108 5596 620 1270 590
6123 5558 614 1250 590
6155 5519 569 1250 590
6198 5496 423 1250 590
6245 5484 274 1250 590
6286 5509 1 1250 590
6357 5656 58 1250 590
6468 5899 208 1260 600
6540 6048 286 1280 590
6619 6199 394 1280 590
6695 6366 505 1290 590
6747 6545 630 1310 580
6784 6670 691 1320 580
6784 6711 710 1340 570
6784 6696 725 1360 570
6776 6686 742 1360 570
6768 6613 779 1360 570
6760 6499 817 1380 570
6780 6269 831 1380 570
6818 5912 846 1380 580
6875 5471 858 1380 580
6937 4872 864 1360 580
6943 4324 881 1360 600
6911 3811 935 1340 610
6854 3421 958 1330 620
6801 3133 986 1300 630
6758 2914 979 1280 650
6695 2814 997 1240 660
6619 2777 947 1220 680
6529 2782 900 1190 680
6421 2822 806 1190 680
6300 2881 645 1170 690