109
5212 4980 609 860 660
5178 5044 639 860 660
5188 5044 690 860 660
5188 5037 737 860 660
5188 5037 763 850 670
5188 4988 782 850 670
5188 4911 794 850 670
5202 4792 761 850 670
5207 4695 667 850 670
5207 4613 513 850 680
5213 4556 86 830 680
4989 4426 491 760 660
4937 4426 543 770 650
4925 4426 557 750 650
4925 4426 551 770 650
4925 4426 564 770 650
4931 4432 613 770 650
4980 4449 638 770 650
5056 4483 638 780 670
5153 4527 644 780 670
5254 4570 646 780 670
5346 4614 591 800 680
5431 4647 455 800 680
5483 4672 255 800 680
5499 4679 58 820 690
5460 4637 8 820 690
5356 4567 146 820 690
5299 4532 279 820 690
5247 4495 346 820 690
5204 4452 387 820 690
5167 4406 418 800 690
5135 4341 455 800 690
5105 4253 464 800 680
5067 4150 527 800 680
5023 4027 567 800 680
4982 3905 605 810 670
4935 3783 653 780 670
4883 3686 662 780 670
4843 3607 666 760 660
4806 3556 676 760 660
4776 3538 663 740 660
4762 3538 639 740 660
4762 3548 595 720 660
4741 3595 560 720 660
4730 3669 540 700 660
4722 3770 540 700 650
4746 3863 527 720 650
4783 3950 529 720 650
4829 4023 527 720 650
4882 4076 538 750 650
4937 4117 564 750 650
4995 4110 591 770 650
5056 4063 613 760 660
5126 3990 614 760 660
5203 3894 614 760 660
5286 3801 634 750 670
5347 3711 628 750 670
5393 3656 620 750 670
5448 3605 610 750 680
5495 3586 605 720 680
5531 3586 594 710 690
5562 3606 578 710 690
5598 3670 543 680 700
5613 3764 446 680 700
5613 3887 332 680 700
5613 4011 88 680 700
5652 4295 146 730 700
5678 4438 216 730 700
5683 4484 306 760 700
5688 4508 336 760 700
5693 4518 443 790 700
5693 4518 520 790 700
5693 4494 565 790 700
5711 4462 578 790 710
5728 4395 591 790 710
5748 4334 589 790 710
5764 4283 580 790 710
5780 4263 545 790 710
5794 4263 540 790 710
5808 4285 543 790 710
5825 4357 565 760 700
5833 4462 561 760 700
5833 4584 560 760 700
5833 4733 566 760 700
5841 4901 561 790 710
5863 5042 565 790 710
5896 5151 565 790 710
5931 5238 562 820 700
5950 5283 583 820 700
5958 5283 645 820 700
5964 5262 666 850 700
5974 5189 691 850 700
5991 5049 724 850 700
6001 4865 739 840 710
6008 4627 760 840 710
6045 4357 753 840 710
6103 4067 756 840 720
6175 3806 784 810 720
6247 3593 784 780 720
6300 3411 794 740 720
6339 3257 832 700 730
6353 3154 825 670 730
6353 3084 857 620 730
6333 3065 817 580 740
6272 3050 808 550 730
6156 3060 794 550 730
6004 3086 754 550 730
5882 3126 589 520 720
5788 3165 225 520 720