97
5224 6199 1420 430 216
5224 6199 1420 430 256
5189 6232 1440 430 251
5183 6225 1430 440 246
5192 6180 1430 440 246
5211 6111 1430 440 249
5240 6029 1420 440 251
5274 5946 1420 440 249
5316 5871 1420 450 249
5361 5803 1410 460 228
5408 5756 1410 460 190
5455 5716 1400 470 105
4927 5333 1380 480 108
4634 5157 1370 470 212
4480 5094 1380 470 282
4381 5094 1380 470 301
4339 5100 1370 460 299
4339 5100 1370 460 299
4357 5100 1370 460 314
4445 5127 1370 460 341
4576 5169 1360 460 374
4795 5247 1360 460 398
5020 5346 1370 460 392
5282 5460 1370 460 399
5566 5548 1370 460 394
5810 5608 1380 470 366
5970 5650 1380 470 277
6073 5659 1380 470 148
5869 5523 1400 500 193
5771 5436 1400 500 216
5707 5399 1400 500 256
5635 5360 1400 500 281
5587 5253 1410 490 330
5541 5080 1390 480 366
5499 4862 1390 480 386
5421 4605 1380 480 391
5317 4329 1370 480 404
5173 4041 1370 480 417
5031 3814 1360 490 438
4895 3642 1360 490 446
4766 3508 1340 490 449
4638 3397 1330 500 443
4547 3327 1300 500 422
4482 3285 1280 490 338
4455 3322 1260 490 217
4465 3453 1260 490 63
4686 4550 1270 490 60
4877 4907 1270 490 88
4945 4963 1280 480 107
5001 4963 1310 480 184
5060 4916 1320 480 252
5120 4829 1330 470 322
5186 4712 1340 480 376
5268 4572 1340 480 425
5361 4418 1340 480 439
5488 4258 1340 480 458
5659 4125 1350 490 469
5859 4010 1340 490 465
6032 3955 1340 490 431
6209 3929 1330 500 305
6355 3922 1330 500 61
6555 5273 1400 480 527
6610 5168 1400 480 527
6519 5176 1400 480 501
6484 5221 1400 480 469
6484 5087 1400 480 417
6484 4980 1400 480 393
6489 4891 1390 480 386
6507 4857 1380 490 382
6536 4857 1380 490 344
6528 4886 1370 500 222
6575 4959 1370 500 110
6921 6075 1400 500 156
7012 6493 1410 490 254
7031 6618 1420 480 304
7031 6659 1430 480 314
7013 6649 1440 470 314
6991 6605 1460 470 310
6958 6503 1460 470 361
6910 6322 1470 460 405
6853 6088 1470 460 443
6789 5730 1460 470 468
6731 5326 1460 470 493
6712 4891 1450 470 496
6717 4421 1440 480 515
6743 3994 1430 490 519
6784 3596 1410 500 529
6834 3396 1380 510 561
6877 3257 1360 510 588
6891 3158 1340 520 614
6886 3102 1330 530 662
6855 3080 1310 540 691
6791 3080 1300 540 690
6704 3130 1290 550 669
6593 3250 1290 550 610
6453 3417 1290 550 490
6294 3612 1290 550 254