158
4639 5611 1110 530 218
4703 5630 1110 530 264
4703 5630 1120 540 255
4703 5630 1120 540 267
4703 5621 1120 540 314
4693 5609 1120 540 356
4679 5579 1120 540 391
4656 5538 1120 540 405
4636 5492 1130 540 425
4621 5448 1130 540 430
4614 5411 1130 540 443
4614 5380 1130 540 465
4614 5351 1120 530 468
4623 5328 1110 530 481
4632 5309 1110 530 493
4647 5294 1110 530 497
4668 5286 1110 530 519
4714 5286 1120 540 518
4775 5295 1120 540 524
4851 5335 1120 540 533
4932 5394 1120 540 537
5023 5462 1120 540 535
5120 5525 1120 540 535
5226 5588 1120 540 537
5330 5652 1120 540 529
5432 5726 1120 540 515
5537 5820 1120 550 514
5643 5927 1120 550 492
5754 6047 1140 550 483
5849 6168 1160 550 472
5933 6289 1170 550 473
5990 6377 1190 540 473
6016 6443 1220 540 485
6022 6458 1230 530 488
6011 6458 1240 530 505
5985 6446 1250 530 515
5948 6414 1250 530 532
5916 6378 1250 530 544
5889 6334 1270 520 536
5873 6299 1270 520 540
5862 6271 1270 520 550
5852 6223 1270 520 565
5824 6154 1250 530 564
5782 6072 1250 530 577
5726 5968 1250 530 588
5664 5844 1240 530 595
5599 5707 1240 530 586
5535 5565 1230 530 589
5471 5385 1220 540 594
5401 5179 1200 540 602
5326 4963 1190 540 611
5250 4735 1170 550 614
5178 4499 1150 550 619
5134 4327 1130 560 619
5107 4198 1100 560 619
5101 4099 1080 560 614
5101 4019 1070 560 619
5111 3976 1050 560 611
5136 3958 1040 560 603
5179 3972 1020 560 602
5227 4026 1020 560 592
5288 4108 1020 560 588
5357 4226 1020 560 564
5425 4378 1020 560 537
5491 4554 1020 560 521
5531 4730 1020 560 526
5554 4905 1020 560 527
5535 5038 1040 560 545
5488 5142 1050 560 575
5423 5219 1070 570 597
5343 5267 1090 570 616
5249 5296 1100 560 620
5146 5296 1120 560 619
5050 5278 1120 560 619
4961 5245 1120 560 614
4882 5197 1130 560 611
4808 5146 1130 560 611
4737 5090 1130 560 611
4673 5033 1130 560 611
4621 4979 1130 560 605
4592 4927 1120 550 600
4577 4864 1120 550 597
4584 4801 1120 550 603
4647 4740 1120 550 614
4746 4715 1110 550 614
4875 4715 1110 550 620
5032 4759 1110 550 628
5207 4821 1110 550 628
5375 4894 1110 550 634
5535 4964 1110 550 633
5690 5034 1120 560 634
5858 5115 1120 560 625
5993 5204 1130 560 610
6105 5310 1140 570 586
6220 5428 1140 570 553
6306 5555 1140 570 533
6373 5674 1160 560 527
6393 5750 1160 570 543
6379 5798 1160 570 561
6343 5798 1160 570 595
6289 5774 1160 570 628
6227 5728 1160 570 659
6160 5667 1180 570 687
6097 5603 1180 570 707
6037 5531 1180 570 722
5983 5452 1180 570 720
5936 5367 1180 570 725
5923 5285 1180 570 725
5930 5237 1180 570 728
5982 5210 1160 560 734
6066 5210 1160 560 736
6171 5234 1160 560 725
6288 5278 1160 560 724
6386 5322 1160 560 717
6472 5373 1160 560 707
6556 5429 1160 560 699
6625 5487 1160 560 682
6684 5542 1160 560 672
6725 5588 1160 560 667
6737 5629 1160 560 675
6730 5659 1160 560 679
6708 5669 1160 560 693
6678 5669 1180 570 699
6642 5650 1180 570 708
6624 5634 1180 570 707
6631 5625 1180 570 714
6655 5625 1180 570 724
6704 5630 1180 570 727
6777 5655 1180 570 728
6867 5691 1180 570 727
6949 5722 1180 570 728
7028 5750 1190 560 724
7106 5770 1200 570 722
7174 5783 1200 570 716
7244 5791 1200 570 716
7319 5797 1200 570 717
7402 5811 1200 570 721
7493 5830 1210 580 722
7592 5863 1210 580 722
7698 5897 1230 580 721
7805 5931 1260 580 721
7888 5951 1270 570 722
7955 5960 1280 570 725
8001 5960 1300 580 728
8052 5974 1310 570 731
8120 5995 1320 570 731
8199 6023 1340 570 724
8300 6057 1340 570 737
8401 6091 1350 570 754
8501 6123 1350 570 753
8596 6155 1360 570 759
8689 6194 1360 570 765
8790 6239 1360 570 760
8903 6288 1380 580 757
9023 6343 1380 580 724
9113 6393 1390 580 694
9156 6431 1400 580 560
9168 6444 1420 580 30