80
3863 4079 1270 450 287
3863 4079 1270 450 289
3737 4023 1280 450 311
3710 4023 1280 450 366
3710 4037 1290 460 382
3727 4074 1290 460 371
3821 4198 1300 470 349
3957 4379 1300 470 349
4120 4559 1300 470 345
4318 4733 1310 470 333
4486 4889 1320 470 334
4633 5035 1330 470 341
4742 5096 1330 470 341
4790 5096 1340 480 361
4798 5057 1350 470 418
4803 4972 1360 480 466
4778 4811 1370 480 514
4732 4599 1370 480 564
4653 4318 1380 490 585
4575 3989 1380 490 613
4503 3629 1370 500 646
4434 3351 1370 500 662
4418 3146 1370 510 655
4407 2990 1360 510 649
4425 2911 1360 510 640
4460 2896 1350 520 630
4491 2923 1340 520 594
4537 3064 1340 520 538
4572 3271 1340 520 517
4593 3523 1340 520 497
4579 3697 1340 510 504
4516 3823 1340 510 516
4421 3918 1350 510 537
4314 3950 1350 510 561
4204 3929 1350 510 564
4093 3873 1360 500 589
4003 3783 1360 500 594
3967 3691 1360 500 597
3967 3623 1360 490 594
4009 3573 1360 490 588
4103 3543 1360 490 599
4231 3555 1350 490 594
4408 3595 1350 490 564
4622 3719 1350 490 536
4860 3867 1360 490 529
5075 4032 1360 490 520
5247 4169 1370 500 495
5391 4242 1380 500 496
5440 4272 1400 510 526
5440 4266 1410 510 578
5416 4255 1420 520 605
5368 4209 1430 520 622
5310 4143 1460 520 662
5246 4065 1460 520 666
5193 3982 1450 530 676
5167 3893 1450 530 666
5160 3844 1450 530 663
5197 3820 1430 530 662
5257 3808 1430 530 646
5331 3841 1430 530 641
5435 3904 1420 530 609
5539 3984 1430 530 581
5642 4044 1430 530 586
5702 4092 1430 530 594
5725 4092 1450 540 617
5725 4092 1460 540 630
5725 4087 1460 540 641
5725 4081 1470 550 673
5725 4053 1470 550 693
5746 4025 1470 550 702
5769 4000 1470 550 699
5813 3976 1480 540 694
5870 3964 1480 540 702
5963 3986 1480 540 707
6095 4031 1480 540 708
6254 4059 1480 540 714
6426 4104 1500 540 720
6574 4161 1500 540 761
6706 4199 1510 540 739
6854 4282 1530 550 474