202
2895 4984 1220 460 220
2861 4914 1230 470 254
2835 4921 1230 470 247
2825 4927 1230 470 241
2825 4933 1230 470 249
2845 4940 1230 470 254
2883 4974 1230 470 277
2935 5026 1230 470 316
3022 5112 1230 470 314
3152 5235 1230 470 330
3310 5383 1230 470 340
3502 5594 1230 470 346
3736 5833 1230 470 364
3997 6092 1240 480 377
4297 6346 1250 470 384
4573 6571 1250 470 384
4833 6778 1270 480 387
5001 6929 1270 480 391
5125 7032 1300 480 393
5219 7103 1310 470 392
5255 7133 1320 480 452
5268 7143 1330 470 469
5268 7143 1340 480 466
5247 7121 1340 480 471
5188 7046 1350 470 473
5103 6934 1340 480 474
4997 6759 1340 480 465
4858 6513 1330 480 464
4696 6219 1330 480 464
4479 5854 1310 480 473
4279 5474 1290 490 473
4091 5083 1270 490 477
3939 4670 1260 490 488
3810 4275 1250 500 501
3696 3892 1220 500 522
3585 3509 1200 500 529
3512 3149 1190 500 540
3464 2804 1170 500 544
3451 2512 1160 500 539
3478 2300 1130 510 539
3532 2142 1130 520 539
3627 2066 1120 520 536
3735 2046 1120 520 535
3851 2063 1100 520 504
3967 2114 1090 520 485
4086 2199 1090 520 474
4208 2307 1090 520 466
4327 2432 1090 520 461
4426 2590 1090 520 463
4514 2771 1090 520 471
4592 3000 1080 520 470
4659 3258 1100 510 481
4718 3536 1100 510 485
4753 3771 1110 510 488
4766 4002 1110 510 488
4766 4202 1120 510 493
4730 4384 1130 510 491
4685 4554 1130 510 491
4632 4700 1150 500 491
4571 4831 1160 500 490
4487 4940 1170 500 485
4387 4995 1170 500 480
4248 5013 1180 490 478
4074 4974 1190 490 472
3877 4891 1200 500 468
3681 4780 1200 500 473
3479 4674 1200 500 478
3272 4584 1200 500 480
3114 4505 1190 500 488
2994 4435 1180 510 489
2899 4363 1180 510 488
2851 4276 1160 500 492
2839 4181 1160 500 492
2851 4092 1160 500 492
2898 4014 1160 500 491
2997 3943 1160 500 497
3130 3905 1170 500 505
3311 3913 1170 500 504
3519 3953 1170 500 509
3744 4034 1180 490 514
3958 4139 1170 500 512
4193 4259 1170 500 514
4441 4394 1170 500 514
4662 4513 1170 500 512
4851 4622 1170 500 519
5018 4708 1170 500 519
5164 4794 1180 510 520
5297 4880 1180 510 520
5421 4967 1190 500 520
5524 5041 1200 510 522
5612 5111 1200 510 522
5689 5155 1210 510 489
5735 5184 1210 510 474
5748 5184 1230 510 471
5739 5166 1230 510 473
5702 5137 1230 510 474
5657 5093 1230 510 474
5606 5061 1250 510 465
5574 5036 1250 510 473
5557 5041 1250 510 477
5549 5049 1250 510 473
5542 5060 1250 510 472
5542 5066 1250 510 468
5542 5066 1250 510 465
5542 5066 1240 500 461
5542 5066 1240 500 461
5558 5054 1240 500 465
5587 5032 1240 500 465
5631 5005 1240 500 465
5700 4993 1240 500 465
5786 4993 1240 500 470
5856 4998 1240 500 473
5907 4998 1240 500 468
5945 4998 1240 500 483
5960 4975 1220 500 497
5965 4938 1220 500 509
5965 4889 1220 500 514
5965 4856 1220 500 512
5965 4835 1210 510 522
5965 4835 1210 510 520
5965 4871 1210 510 519
5948 4927 1210 510 512
5920 4973 1210 510 509
5876 5013 1210 510 505
5832 5033 1210 510 505
5788 5042 1210 510 504
5772 5048 1220 500 497
5757 5054 1220 500 491
5757 5069 1220 500 488
5769 5091 1240 500 489
5769 5107 1240 500 497
5764 5107 1240 500 488
5750 5100 1250 500 496
5705 5071 1250 500 496
5645 5010 1250 500 491
5575 4928 1250 500 498
5511 4811 1250 500 496
5449 4677 1240 500 496
5388 4533 1240 500 491
5356 4400 1240 500 491
5343 4295 1220 500 492
5366 4210 1220 500 492
5411 4166 1220 500 497
5471 4166 1200 500 499
5556 4192 1200 500 505
5677 4271 1200 510 504
5823 4395 1200 510 509
5961 4550 1200 510 509
6105 4698 1200 510 505
6259 4813 1200 510 509
6355 4905 1220 510 509
6413 4940 1220 510 509
6435 4954 1220 510 509
6442 4954 1230 510 517
6442 4930 1230 510 522
6416 4873 1230 510 513
6390 4793 1230 510 515
6361 4716 1240 520 515
6347 4646 1240 520 516
6357 4580 1240 520 518
6383 4529 1240 520 518
6425 4503 1240 520 521
6490 4493 1230 520 524
6569 4526 1230 520 524
6668 4582 1230 520 524
6778 4654 1230 520 526
6895 4732 1230 520 526
6988 4806 1230 520 526
7077 4878 1240 530 521
7162 4916 1250 530 516
7236 4910 1250 530 516
7296 4875 1270 530 521
7346 4805 1270 530 519
7382 4740 1280 530 526
7421 4678 1270 530 524
7468 4641 1270 530 526
7524 4626 1270 530 529
7598 4626 1250 540 529
7683 4657 1250 540 527
7784 4709 1240 540 529
7886 4776 1240 540 524
7969 4848 1240 540 526
8039 4918 1240 540 524
8107 4963 1250 550 521
8166 4994 1250 550 519
8218 4989 1250 550 526
8267 4949 1260 540 537
8310 4886 1260 540 540
8350 4811 1260 540 538
8393 4748 1260 540 544
8439 4694 1270 550 546
8507 4667 1260 560 543
8587 4659 1260 560 545
8695 4664 1250 560 554
8809 4673 1260 570 557
8933 4678 1260 570 561
9037 4663 1260 570 565
9126 4636 1260 570 565
9209 4598 1240 570 564
9301 4585 1240 570 561
9400 4585 1240 570 513
9550 4677 1240 570 286