NLDCC-021_005_002 2369
14902 20887 117 1390 520
14902 20887 148 1390 520
14902 20887 178 1390 520
14902 20887 220 1390 520
14902 20887 235 1390 520
14902 20887 249 1390 520
14902 20887 280 1390 520
14902 20887 286 1390 520
14902 20887 312 1390 520
14902 20887 315 1390 520
14902 20887 334 1390 520
14902 20887 338 1390 520
14902 20887 356 1390 520
14902 20887 362 1390 520
14902 20887 381 1390 520
14902 20887 389 1390 520
14902 20887 407 1390 520
14902 20887 414 1390 520
14902 20887 427 1390 520
14902 20887 435 1390 520
14902 20887 446 1390 520
14902 20887 448 1390 520
14902 20887 465 1390 520
14902 20887 473 1390 520
14902 20887 493 1390 520
14902 20887 502 1390 520
14902 20887 515 1390 520
14902 20887 532 1390 520
14902 20887 536 1390 520
14902 20887 550 1390 520
14902 20887 565 1390 520
14902 20887 578 1390 520
14902 20887 602 1390 520
14902 20887 617 1390 520
14902 20887 634 1390 520
14902 20887 643 1390 520
14876 20941 667 1390 520
14867 20948 675 1390 520
14861 20953 688 1390 520
14861 20959 699 1400 530
14852 20968 699 1400 530
14852 20975 697 1400 530
14845 20984 699 1400 530
14845 20992 690 1400 530
14836 21002 690 1400 530
14836 21009 694 1400 530
14828 21015 697 1400 530
14828 21022 700 1400 530
14828 21029 708 1400 530
14828 21034 714 1400 530
14828 21034 722 1400 530
14823 21045 728 1400 530
14823 21051 731 1400 530
14823 21059 721 1400 530
14823 21068 725 1400 530
14823 21078 727 1400 530
14823 21090 728 1400 530
14830 21104 733 1400 530
14830 21115 734 1400 530
14837 21126 740 1400 530
14837 21136 739 1400 530
14842 21150 739 1400 530
14842 21161 740 1400 530
14842 21169 748 1400 530
14842 21176 746 1400 530
14848 21187 748 1400 530
14848 21201 752 1400 530
14855 21214 755 1400 530
14860 21228 758 1400 530
14867 21241 758 1420 530
14873 21254 761 1420 530
14881 21266 761 1420 530
14889 21284 761 1420 530
14899 21300 761 1420 530
14911 21315 761 1420 530
14921 21329 763 1420 530
14930 21344 760 1420 530
14938 21356 761 1420 530
14945 21364 761 1420 530
14952 21374 761 1420 530
14963 21386 760 1430 520
14973 21398 760 1430 520
14983 21410 761 1430 520
14995 21419 763 1430 520
15008 21428 761 1430 520
15018 21436 761 1430 520
15026 21444 760 1430 520
15040 21452 760 1430 520
15053 21462 761 1430 520
15067 21473 760 1430 520
15082 21482 761 1430 520
15099 21492 760 1430 520
15116 21500 761 1450 530
15135 21508 761 1450 530
15156 21515 760 1450 530
15179 21524 760 1450 530
15201 21534 761 1450 530
15220 21542 761 1450 530
15240 21551 760 1450 530
15260 21559 761 1430 520
15279 21565 760 1430 520
15298 21572 760 1430 520
15320 21580 761 1430 520
15341 21588 761 1430 520
15361 21594 761 1430 520
15378 21600 758 1430 510
15393 21600 758 1430 510
15412 21607 758 1430 510
15432 21607 760 1430 510
15455 21612 758 1430 510
15478 21612 760 1430 510
15502 21622 760 1430 510
15528 21622 761 1420 500
15555 21622 761 1430 510
15581 21622 760 1430 510
15610 21631 761 1430 510
15640 21631 761 1430 510
15666 21631 761 1430 510
15689 21631 760 1430 510
15709 21631 760 1440 510
15730 21631 760 1440 510
15752 21623 760 1440 510
15770 21618 760 1440 510
15789 21618 760 1440 510
15809 21607 761 1460 520
15827 21597 761 1460 520
15847 21585 763 1460 520
15869 21576 763 1460 520
15892 21565 763 1460 520
15913 21555 750 1460 520
15935 21545 763 1470 520
15959 21536 750 1470 520
15986 21527 750 1460 530
16014 21518 750 1460 530
16040 21509 750 1460 530
16064 21499 761 1460 530
16089 21488 763 1460 530
16114 21477 750 1450 540
16138 21466 750 1450 540
16161 21455 763 1450 540
16185 21444 763 1450 540
16205 21433 763 1440 540
16223 21421 761 1440 540
16247 21405 761 1440 540
16272 21388 761 1440 540
16292 21373 763 1440 540
16308 21360 763 1420 540
16323 21347 751 1420 540
16339 21333 751 1420 540
16356 21317 763 1420 540
16374 21300 750 1420 540
16388 21284 763 1420 540
16399 21267 750 1420 540
16409 21247 763 1420 540
16419 21226 750 1420 540
16428 21204 763 1420 540
16433 21185 763 1420 540
16438 21170 760 1420 540
16443 21153 760 1420 540
16448 21133 758 1420 540
16454 21111 758 1430 550
16454 21090 758 1430 550
16454 21071 758 1430 550
16454 21051 757 1430 550
16463 21034 757 1430 550
16463 21019 757 1430 550
16470 21003 760 1430 550
16470 20986 760 1430 550
16470 20972 758 1430 550
16470 20962 760 1430 550
16470 20950 761 1410 560
16470 20938 761 1410 560
16470 20927 761 1410 560
16470 20914 760 1410 560
16470 20904 758 1410 560
16470 20895 758 1410 560
16470 20884 757 1410 560
16462 20874 758 1410 560
16455 20867 760 1410 560
16449 20857 760 1410 560
16444 20850 758 1410 560
16444 20845 758 1410 560
16436 20838 758 1410 560
16429 20830 758 1410 560
16421 20820 761 1410 560
16416 20810 758 1410 560
16410 20802 761 1410 560
16405 20795 760 1410 560
16399 20788 760 1410 560
16392 20781 761 1410 560
16384 20772 760 1410 560
16374 20763 760 1410 560
16363 20754 761 1410 560
16356 20748 763 1410 560
16347 20748 763 1410 560
16336 20738 750 1410 560
16323 20732 763 1410 560
16312 20724 750 1410 560
16300 20719 754 1410 560
16286 20711 751 1410 560
16273 20711 750 1410 560
16257 20705 754 1410 560
16240 20699 753 1410 560
16227 20693 754 1410 560
16212 20687 754 1410 560
16195 20682 753 1410 560
16175 20675 753 1410 560
16156 20668 753 1410 560
16140 20658 759 1410 560
16126 20651 759 1410 560
16115 20651 759 1410 560
16104 20639 756 1410 560
16088 20629 756 1410 560
16069 20618 754 1410 560
16052 20608 756 1410 560
16035 20599 757 1410 560
16019 20586 756 1410 560
16003 20575 756 1410 560
15988 20564 757 1410 560
15972 20552 756 1400 560
15954 20538 757 1400 560
15934 20523 756 1400 560
15914 20507 756 1400 560
15894 20491 757 1400 560
15872 20477 756 1400 560
15853 20465 759 1400 560
15833 20453 757 1400 560
15814 20437 760 1400 560
15795 20422 757 1400 560
15776 20409 760 1400 560
15758 20398 762 1400 560
15746 20389 762 1400 560
15734 20382 760 1400 560
15724 20375 759 1400 560
15716 20368 759 1400 560
15704 20360 759 1400 560
15689 20352 760 1400 560
15680 20346 759 1400 560
15671 20346 759 1400 560
15663 20335 762 1400 560
15656 20335 762 1400 560
15656 20335 763 1400 560
15656 20330 763 1400 560
15651 20330 763 1400 560
15651 20330 762 1400 560
15651 20330 762 1390 560
15651 20330 762 1390 560
15651 20330 762 1390 560
15651 20330 762 1390 560
15651 20330 763 1390 560
15651 20330 762 1390 560
15651 20330 765 1390 560
15651 20330 763 1390 560
15651 20330 765 1390 560
15651 20330 765 1390 560
15651 20330 763 1390 560
15651 20330 765 1390 560
15651 20330 765 1390 560
15651 20330 765 1390 560
15651 20330 767 1390 560
15651 20330 767 1390 560
15651 20330 765 1390 560
15651 20330 763 1390 560
15651 20330 765 1390 560
15651 20330 765 1390 560
15651 20330 767 1390 560
15651 20330 768 1390 560
15651 20330 768 1390 560
15651 20330 765 1390 560
15651 20330 767 1390 560
15651 20330 767 1390 560
15651 20330 765 1390 560
15651 20330 767 1390 560
15651 20330 765 1390 560
15651 20330 767 1390 560
15651 20330 765 1390 560
15651 20330 765 1390 560
15651 20330 767 1390 560
15651 20330 767 1390 560
15651 20330 762 1390 560
15651 20330 762 1390 560
15651 20330 767 1390 560
15651 20330 765 1390 560
15651 20330 767 1390 560
15656 20330 762 1390 560
15656 20330 765 1390 560
15656 20330 763 1390 560
15656 20330 763 1390 560
15656 20330 763 1390 560
15656 20330 763 1390 560
15656 20330 760 1390 560
15656 20330 760 1390 560
15651 20330 760 1390 560
15651 20330 759 1390 560
15651 20330 759 1390 560
15651 20330 760 1390 560
15651 20330 760 1390 560
15651 20330 762 1390 560
15651 20330 762 1390 560
15651 20330 760 1390 560
15651 20330 760 1390 560
15651 20330 760 1390 560
15651 20330 759 1390 560
15651 20330 759 1390 560
15651 20330 760 1390 560
15651 20330 762 1380 550
15651 20330 760 1380 550
15651 20330 759 1380 550
15651 20330 763 1380 550
15651 20330 762 1390 560
15651 20330 759 1390 560
15651 20330 760 1390 560
15651 20330 759 1390 560
15651 20330 759 1390 560
15651 20330 759 1390 560
15651 20330 759 1390 560
15651 20330 762 1390 560
15651 20330 760 1390 560
15651 20330 760 1390 560
15651 20330 759 1390 560
15651 20330 760 1390 560
15651 20330 759 1390 560
15651 20330 759 1390 560
15651 20330 759 1390 560
15651 20330 759 1390 560
15651 20330 760 1390 560
15651 20330 759 1390 560
15651 20330 759 1390 560
15651 20330 759 1390 560
15651 20330 760 1390 560
15651 20330 760 1390 560
15651 20330 760 1390 560
15651 20330 760 1390 560
15651 20330 760 1390 560
15651 20330 762 1380 550
15651 20330 762 1380 550
15651 20330 763 1380 550
15651 20330 762 1380 550
15651 20330 762 1380 550
15651 20330 762 1380 550
15651 20330 763 1380 550
15651 20330 762 1380 550
15651 20330 767 1380 550
15651 20330 767 1380 550
15651 20330 762 1380 550
15651 20330 765 1380 550
15651 20330 763 1380 550
15651 20330 763 1380 550
15651 20330 762 1380 550
15651 20330 763 1380 550
15651 20330 763 1380 550
15651 20330 763 1380 550
15651 20330 762 1380 550
15651 20330 763 1380 550
15651 20330 762 1380 550
15651 20330 763 1380 550
15651 20330 763 1380 550
15651 20330 762 1380 550
15651 20330 763 1380 550
15651 20330 763 1380 550
15651 20330 762 1380 550
15651 20330 762 1380 550
15651 20330 762 1380 550
15651 20330 765 1380 550
15651 20330 767 1380 550
15651 20330 765 1380 550
15651 20330 767 1380 550
15651 20330 765 1380 550
15651 20330 765 1380 550
15651 20330 765 1380 550
15651 20335 763 1380 550
15651 20335 762 1380 550
15651 20335 765 1380 550
15651 20335 765 1380 550
15651 20335 765 1380 550
15651 20335 765 1380 550
15651 20335 767 1380 550
15651 20335 767 1380 550
15651 20335 768 1380 550
15651 20335 768 1380 550
15651 20335 770 1380 550
15651 20335 770 1380 550
15651 20335 770 1380 550
15651 20335 771 1380 550
15651 20335 771 1380 550
15651 20335 770 1380 550
15651 20335 773 1380 550
15651 20335 770 1380 550
15651 20335 773 1380 550
15651 20335 771 1380 550
15651 20335 771 1380 550
15651 20335 771 1380 550
15651 20335 771 1380 550
15651 20335 773 1380 550
15651 20335 773 1380 550
15651 20335 773 1380 550
15651 20335 773 1380 550
15651 20335 774 1380 550
15651 20335 776 1380 550
15651 20335 776 1380 550
15651 20335 779 1380 550
15651 20335 779 1380 550
15651 20335 779 1380 550
15651 20335 777 1380 550
15651 20335 780 1380 550
15651 20335 779 1380 550
15651 20335 779 1380 550
15651 20335 780 1380 550
15651 20335 782 1380 550
15651 20335 780 1380 550
15651 20335 782 1380 550
15651 20335 782 1380 550
15651 20340 780 1380 550
15651 20340 782 1380 550
15651 20340 782 1380 550
15651 20340 780 1380 550
15651 20340 782 1380 550
15651 20340 780 1380 550
15651 20340 782 1380 550
15651 20340 782 1380 550
15651 20340 782 1380 550
15651 20340 782 1380 550
15651 20340 782 1380 550
15651 20340 784 1380 550
15651 20340 784 1380 550
15651 20340 782 1380 550
15651 20340 782 1380 550
15651 20340 780 1380 550
15651 20340 782 1380 550
15656 20340 782 1380 550
15656 20340 782 1380 550
15656 20340 779 1380 550
15656 20340 779 1380 550
15656 20340 777 1380 550
15656 20340 779 1380 550
15656 20340 779 1380 550
15656 20340 777 1380 550
15656 20340 776 1380 550
15656 20340 776 1380 550
15656 20340 773 1380 550
15656 20340 776 1380 550
15656 20340 776 1380 550
15656 20340 776 1380 550
15656 20340 774 1380 550
15656 20340 773 1380 550
15656 20340 771 1380 550
15656 20348 770 1380 550
15656 20354 768 1380 550
15662 20361 767 1380 550
15662 20368 762 1380 550
15667 20377 759 1380 550
15672 20385 756 1380 550
15672 20394 750 1380 550
15672 20402 760 1380 550
15672 20410 760 1380 550
15672 20419 758 1380 550
15672 20425 760 1380 550
15672 20425 758 1380 550
15672 20425 760 1380 550
15672 20430 758 1380 550
15665 20430 757 1380 550
15665 20438 754 1380 550
15659 20445 754 1380 550
15659 20452 752 1380 550
15650 20452 754 1380 550
15650 20460 754 1380 550
15645 20460 754 1380 550
15645 20466 754 1380 550
15639 20466 752 1380 550
15639 20472 752 1380 550
15634 20472 752 1380 550
15634 20472 752 1380 550
15634 20478 752 1380 550
15634 20483 754 1380 550
15628 20483 752 1380 550
15628 20489 752 1380 550
15628 20489 752 1380 550
15622 20495 752 1380 550
15622 20495 752 1380 550
15622 20495 752 1380 550
15622 20500 754 1380 550
15622 20500 754 1380 550
15622 20500 752 1380 550
15622 20505 752 1380 550
15622 20505 752 1380 550
15617 20505 754 1380 550
15617 20505 755 1380 550
15617 20505 755 1380 550
15617 20505 755 1380 550
15617 20505 755 1380 550
15617 20505 755 1380 550
15617 20505 755 1380 550
15617 20505 754 1380 550
15617 20505 754 1380 550
15617 20505 754 1380 550
15617 20505 752 1380 550
15617 20505 754 1380 550
15617 20505 754 1380 550
15617 20505 752 1380 550
15617 20505 751 1380 550
15617 20505 749 1380 550
15617 20505 749 1380 550
15617 20505 749 1380 550
15617 20505 749 1380 550
15617 20505 749 1380 550
15617 20505 749 1380 550
15617 20505 749 1380 550
15617 20505 749 1380 550
15617 20505 749 1380 550
15617 20505 749 1380 550
15617 20505 749 1380 550
15617 20505 749 1380 550
15617 20505 749 1380 550
15617 20505 748 1380 550
15617 20505 748 1380 550
15617 20505 746 1380 550
15617 20505 746 1380 550
15617 20505 748 1380 550
15617 20505 748 1380 550
15617 20505 748 1380 550
15617 20505 746 1380 550
15617 20505 746 1380 550
15617 20505 748 1380 550
15617 20505 746 1380 550
15617 20505 748 1380 550
15617 20505 745 1380 550
15617 20505 745 1380 550
15617 20505 745 1380 550
15617 20505 745 1380 550
15617 20505 745 1380 550
15617 20505 743 1380 550
15617 20505 745 1380 550
15617 20505 742 1380 550
15617 20505 742 1380 550
15617 20505 745 1380 550
15617 20505 742 1380 550
15617 20505 743 1380 550
15617 20505 743 1380 550
15617 20500 743 1380 550
15617 20500 743 1380 550
15617 20500 740 1380 550
15622 20500 742 1380 550
15622 20500 742 1380 550
15622 20500 740 1380 550
15622 20500 739 1380 550
15622 20500 737 1380 550
15628 20495 737 1380 550
15628 20495 736 1380 550
15633 20488 736 1380 550
15633 20488 736 1380 550
15633 20480 739 1380 550
15641 20474 736 1380 550
15641 20474 736 1380 550
15647 20468 736 1380 550
15647 20468 736 1380 550
15647 20462 737 1380 550
15652 20462 736 1380 550
15652 20462 736 1380 550
15652 20462 736 1380 550
15652 20455 736 1380 550
15658 20455 734 1380 550
15658 20449 734 1380 550
15663 20444 734 1380 550
15663 20439 736 1380 550
15668 20432 734 1380 550
15668 20426 734 1380 550
15673 20426 736 1380 550
15673 20420 736 1380 550
15673 20420 733 1380 550
15673 20414 733 1380 550
15673 20414 733 1380 550
15673 20407 733 1380 550
15678 20407 731 1380 550
15678 20400 731 1380 550
15678 20400 733 1380 550
15678 20400 733 1380 550
15678 20400 731 1380 550
15678 20400 731 1360 560
15678 20394 734 1360 560
15678 20394 734 1360 560
15678 20389 736 1360 560
15678 20389 734 1360 560
15678 20389 737 1360 560
15678 20382 737 1360 560
15678 20382 737 1360 560
15678 20377 736 1360 560
15678 20377 736 1360 560
15673 20371 736 1360 560
15673 20371 737 1360 560
15673 20371 736 1360 560
15673 20365 734 1360 560
15673 20365 734 1360 560
15667 20360 734 1360 560
15667 20360 736 1360 560
15667 20360 736 1360 560
15667 20360 734 1360 560
15667 20360 736 1360 560
15667 20354 734 1360 560
15667 20354 736 1360 560
15667 20354 736 1380 550
15659 20354 737 1380 550
15659 20354 737 1380 550
15659 20349 737 1380 550
15654 20349 736 1380 550
15654 20349 737 1380 550
15654 20349 737 1380 550
15654 20349 736 1380 550
15648 20349 734 1380 550
15648 20344 733 1380 550
15648 20344 733 1380 550
15648 20344 736 1380 550
15643 20344 734 1380 550
15643 20344 731 1380 550
15643 20344 731 1380 550
15643 20339 733 1380 550
15643 20339 731 1380 550
15637 20339 731 1380 550
15637 20334 731 1380 550
15628 20334 728 1380 550
15618 20328 728 1380 550
15618 20323 728 1380 550
15610 20323 730 1380 550
15605 20323 728 1380 550
15605 20323 731 1380 550
15596 20318 730 1380 550
15596 20318 730 1380 550
15587 20318 730 1380 550
15580 20318 725 1380 550
15569 20312 721 1380 550
15558 20312 722 1380 550
15546 20307 720 1380 550
15536 20307 733 1380 550
15526 20301 733 1380 550
15516 20301 733 1380 550
15510 20295 720 1380 550
15504 20295 733 1380 550
15497 20290 731 1380 550
15488 20290 733 1380 550
15483 20284 720 1380 550
15478 20284 733 1380 550
15473 20284 720 1380 550
15473 20279 733 1380 550
15466 20279 733 1380 550
15466 20279 720 1380 550
15466 20279 720 1380 550
15466 20279 721 1380 550
15466 20279 721 1380 550
15461 20279 721 1380 550
15461 20286 722 1380 550
15461 20286 721 1380 550
15456 20291 733 1380 550
15456 20291 733 1380 550
15456 20298 731 1380 550
15456 20303 731 1380 550
15456 20309 730 1380 550
15456 20314 731 1380 550
15451 20320 731 1380 550
15451 20327 730 1380 550
15451 20334 730 1380 550
15451 20341 731 1380 550
15451 20350 730 1380 550
15451 20361 730 1380 550
15451 20370 731 1380 550
15451 20379 731 1380 550
15451 20386 730 1380 550
15451 20392 731 1380 550
15451 20398 731 1380 550
15451 20404 731 1380 550
15451 20410 730 1380 550
15451 20416 731 1380 550
15451 20416 730 1380 550
15451 20425 728 1380 550
15451 20425 728 1380 550
15451 20433 727 1380 550
15451 20433 728 1380 550
15456 20433 728 1380 550
15456 20440 728 1380 550
15456 20445 728 1380 550
15464 20445 724 1380 550
15470 20453 724 1380 550
15470 20459 725 1380 550
15478 20465 725 1360 550
15483 20465 725 1360 550
15488 20474 724 1360 550
15493 20474 725 1360 550
15498 20481 725 1360 550
15506 20481 724 1360 550
15513 20487 725 1360 550
15522 20487 725 1360 550
15531 20496 725 1360 550
15540 20496 725 1360 550
15547 20507 724 1360 550
15556 20507 725 1380 550
15563 20514 725 1380 550
15571 20519 725 1380 550
15578 20519 724 1380 550
15585 20519 724 1380 550
15591 20519 724 1380 550
15596 20519 725 1380 550
15596 20519 728 1380 550
15602 20519 728 1380 550
15602 20519 727 1380 550
15611 20511 725 1380 550
15617 20506 724 1380 550
15617 20499 725 1380 550
15626 20494 724 1380 550
15626 20494 728 1380 550
15635 20485 727 1380 550
15640 20478 727 1380 550
15645 20470 727 1380 550
15645 20470 727 1380 550
15653 20470 728 1380 550
15653 20464 728 1380 550
15661 20464 727 1380 550
15661 20464 725 1380 550
15661 20456 728 1380 550
15666 20456 727 1360 560
15666 20456 727 1360 560
15672 20456 728 1360 560
15672 20450 728 1360 560
15672 20445 728 1360 560
15672 20445 728 1360 560
15672 20436 728 1360 560
15677 20436 730 1360 560
15677 20428 730 1360 560
15677 20428 731 1360 560
15677 20423 730 1360 560
15677 20423 730 1360 560
15677 20415 730 1360 560
15677 20415 730 1360 560
15677 20415 728 1360 560
15677 20410 731 1380 550
15677 20410 730 1380 550
15677 20405 730 1360 560
15677 20405 730 1360 560
15677 20405 730 1360 560
15677 20400 731 1360 560
15677 20400 733 1360 560
15677 20400 731 1360 560
15677 20400 720 1360 560
15677 20400 720 1360 560
15677 20400 720 1360 560
15677 20395 720 1360 560
15677 20395 733 1360 560
15677 20395 720 1360 560
15677 20390 721 1360 560
15672 20390 721 1360 560
15672 20385 721 1360 560
15672 20380 722 1360 560
15672 20380 722 1360 560
15672 20371 722 1360 560
15667 20371 721 1360 560
15667 20364 721 1360 560
15667 20364 722 1360 560
15667 20357 722 1360 560
15667 20357 722 1360 560
15667 20357 722 1360 560
15667 20357 721 1360 560
15667 20357 722 1360 560
15667 20351 722 1360 560
15667 20351 721 1360 560
15667 20351 725 1360 560
15667 20351 725 1360 560
15667 20351 727 1360 560
15667 20351 728 1360 560
15667 20351 728 1360 560
15667 20351 736 1360 560
15667 20351 739 1360 560
15667 20351 742 1360 560
15667 20351 748 1360 560
15662 20351 751 1360 560
15662 20351 754 1360 560
15662 20351 758 1360 560
15662 20351 761 1360 560
15662 20351 763 1360 560
15662 20351 754 1360 560
15662 20351 754 1360 560
15662 20351 754 1360 560
15662 20351 751 1360 560
15662 20351 751 1360 560
15662 20346 754 1360 560
15662 20346 754 1360 560
15662 20346 751 1360 560
15662 20346 750 1360 560
15662 20346 750 1360 560
15662 20346 753 1360 560
15662 20351 754 1360 560
15662 20351 751 1360 560
15662 20351 751 1360 560
15662 20351 750 1360 560
15662 20351 751 1360 560
15662 20351 751 1360 560
15662 20351 751 1360 560
15662 20351 754 1360 560
15662 20351 754 1360 560
15662 20351 754 1360 560
15662 20351 754 1360 560
15662 20351 754 1360 560
15662 20351 754 1360 560
15662 20351 756 1360 560
15662 20351 756 1360 560
15662 20351 756 1360 560
15662 20351 756 1360 560
15662 20351 756 1360 560
15662 20351 757 1360 560
15662 20351 756 1360 560
15662 20351 756 1360 560
15662 20351 756 1360 560
15662 20351 757 1360 560
15662 20351 756 1360 560
15662 20351 756 1360 560
15662 20351 757 1360 560
15662 20351 756 1360 560
15662 20351 756 1360 560
15662 20351 757 1360 560
15662 20351 757 1360 560
15662 20351 759 1360 560
15662 20351 757 1360 560
15662 20351 757 1360 560
15662 20351 759 1360 560
15662 20351 759 1360 560
15662 20351 757 1360 560
15662 20351 757 1360 560
15662 20351 759 1360 560
15662 20351 759 1360 560
15662 20351 757 1360 560
15662 20351 760 1360 560
15662 20351 760 1360 560
15662 20351 762 1360 560
15662 20351 762 1360 560
15662 20351 763 1360 560
15662 20351 763 1360 560
15662 20351 762 1360 560
15662 20351 763 1360 560
15662 20351 762 1360 560
15662 20351 762 1360 560
15662 20351 762 1360 560
15662 20351 760 1360 560
15662 20351 762 1360 560
15662 20351 762 1360 560
15662 20351 762 1360 560
15662 20351 760 1360 560
15662 20351 760 1360 560
15662 20351 760 1360 560
15662 20351 762 1360 560
15662 20351 762 1360 560
15662 20351 762 1360 560
15662 20351 762 1360 560
15662 20351 762 1360 560
15662 20351 762 1360 560
15662 20351 762 1360 560
15662 20351 763 1360 560
15662 20351 762 1360 560
15662 20351 763 1360 560
15662 20351 763 1360 560
15662 20351 763 1360 560
15662 20351 763 1360 560
15662 20351 767 1360 560
15662 20351 763 1360 560
15662 20351 763 1360 560
15662 20351 763 1360 560
15662 20351 763 1360 560
15662 20351 763 1360 560
15662 20351 763 1360 560
15662 20351 763 1360 560
15662 20351 762 1360 560
15662 20351 763 1360 560
15662 20351 763 1360 560
15662 20351 763 1360 560
15662 20351 767 1360 560
15662 20351 767 1360 560
15662 20351 767 1360 560
15662 20351 767 1360 560
15662 20351 767 1360 560
15662 20351 767 1360 560
15662 20351 767 1360 560
15662 20351 767 1360 560
15662 20351 768 1360 560
15662 20351 768 1360 560
15662 20351 767 1360 560
15662 20351 767 1360 560
15662 20351 768 1360 560
15662 20351 767 1360 560
15662 20351 770 1360 560
15662 20351 770 1360 560
15662 20351 771 1360 560
15662 20351 771 1360 560
15662 20351 771 1360 560
15662 20351 773 1360 560
15662 20351 773 1360 560
15662 20351 773 1360 560
15662 20351 774 1360 560
15662 20351 774 1360 560
15662 20351 774 1360 560
15662 20351 777 1360 560
15662 20351 777 1360 560
15662 20351 777 1360 560
15662 20351 779 1360 560
15662 20351 779 1360 560
15662 20351 779 1360 560
15662 20351 779 1360 560
15662 20351 777 1360 560
15662 20351 777 1360 560
15662 20351 779 1360 560
15662 20351 779 1360 560
15662 20351 779 1360 560
15662 20351 780 1360 560
15662 20351 779 1360 560
15662 20351 780 1360 560
15662 20351 780 1360 560
15662 20351 780 1360 560
15662 20351 782 1360 560
15662 20351 784 1360 560
15662 20351 782 1360 560
15662 20351 784 1360 560
15662 20351 784 1360 560
15662 20351 784 1360 560
15662 20351 784 1360 560
15662 20351 784 1360 560
15662 20351 784 1360 560
15662 20351 784 1360 560
15662 20351 784 1360 560
15662 20351 784 1360 560
15662 20351 784 1360 560
15662 20351 784 1360 560
15662 20351 782 1360 560
15662 20351 780 1360 560
15662 20351 784 1360 560
15662 20351 784 1360 560
15662 20351 782 1360 560
15662 20351 784 1360 560
15662 20351 784 1360 560
15662 20351 784 1360 560
15662 20351 784 1360 560
15662 20351 782 1360 560
15662 20351 784 1360 560
15662 20351 784 1360 560
15662 20351 784 1360 560
15662 20351 782 1360 560
15662 20351 785 1360 560
15662 20351 782 1360 560
15662 20351 784 1360 560
15662 20351 784 1360 560
15662 20351 785 1360 560
15662 20351 784 1360 560
15662 20351 784 1360 560
15662 20351 784 1360 560
15662 20351 785 1360 560
15662 20351 785 1360 560
15662 20351 784 1360 560
15662 20351 784 1360 560
15662 20351 784 1360 560
15662 20351 782 1360 560
15662 20351 785 1360 560
15662 20351 784 1360 560
15662 20351 784 1360 560
15662 20351 784 1360 560
15662 20351 785 1360 560
15662 20351 784 1360 560
15662 20351 785 1360 560
15662 20351 784 1360 560
15662 20351 784 1360 560
15662 20351 784 1360 560
15662 20351 785 1360 560
15662 20351 785 1360 560
15662 20351 785 1360 560
15662 20351 785 1360 560
15662 20351 785 1360 560
15662 20351 784 1360 560
15662 20351 784 1360 560
15662 20351 785 1360 560
15662 20351 785 1360 560
15662 20351 785 1360 560
15662 20351 784 1360 560
15662 20351 782 1360 560
15662 20351 784 1360 560
15662 20351 785 1360 560
15662 20351 784 1360 560
15662 20351 784 1360 560
15662 20351 784 1360 560
15662 20351 785 1360 560
15662 20351 784 1360 560
15662 20351 784 1360 560
15662 20351 782 1360 560
15662 20351 784 1360 560
15662 20351 784 1360 560
15662 20351 784 1360 560
15662 20351 782 1360 560
15662 20351 784 1360 560
15662 20351 785 1360 560
15662 20351 784 1360 560
15662 20351 782 1360 560
15662 20351 784 1360 560
15662 20351 782 1360 560
15662 20351 784 1360 560
15662 20351 782 1360 560
15662 20351 782 1360 560
15662 20351 784 1360 560
15662 20351 782 1360 560
15662 20351 782 1360 560
15662 20351 782 1360 560
15662 20351 782 1360 560
15662 20351 782 1360 560
15662 20351 782 1360 560
15662 20351 782 1360 560
15662 20351 782 1360 560
15662 20351 782 1360 560
15662 20351 782 1360 560
15662 20351 782 1360 560
15662 20351 782 1360 560
15662 20351 780 1360 560
15662 20351 780 1360 560
15662 20351 780 1360 560
15662 20351 782 1360 560
15662 20351 782 1360 560
15662 20351 784 1360 560
15662 20351 782 1360 560
15662 20351 782 1360 560
15662 20351 782 1360 560
15662 20351 785 1360 560
15662 20351 785 1360 560
15662 20351 785 1360 560
15662 20351 785 1360 560
15662 20351 784 1360 560
15662 20351 784 1360 560
15662 20351 785 1360 560
15662 20351 785 1360 560
15662 20351 785 1360 560
15662 20351 782 1360 560
15662 20351 782 1360 560
15662 20351 784 1360 560
15662 20351 784 1360 560
15662 20351 782 1360 560
15662 20351 784 1360 560
15662 20351 784 1360 560
15662 20351 782 1360 560
15662 20351 784 1360 560
15662 20351 784 1360 560
15662 20351 782 1360 560
15662 20351 784 1360 560
15662 20351 782 1360 560
15662 20351 782 1360 560
15662 20351 782 1360 560
15662 20351 780 1360 560
15662 20351 782 1360 560
15662 20351 780 1360 560
15662 20351 780 1360 560
15662 20351 780 1360 560
15662 20351 782 1360 560
15662 20351 782 1360 560
15662 20351 782 1360 560
15662 20351 780 1360 560
15662 20351 780 1360 560
15662 20351 782 1360 560
15662 20351 782 1360 560
15662 20351 782 1360 560
15662 20351 780 1360 560
15662 20351 782 1360 560
15662 20351 782 1360 560
15662 20351 780 1360 560
15662 20351 782 1360 560
15662 20351 780 1360 560
15662 20351 782 1360 560
15662 20351 782 1360 560
15662 20351 782 1360 560
15662 20351 780 1360 560
15662 20351 780 1360 560
15662 20351 780 1360 560
15662 20351 780 1360 560
15662 20351 780 1360 560
15662 20351 782 1360 560
15662 20351 780 1360 560
15662 20351 782 1360 560
15662 20351 782 1360 560
15662 20351 780 1360 560
15662 20351 780 1360 560
15662 20351 782 1360 560
15662 20351 782 1360 560
15662 20351 782 1360 560
15662 20351 782 1360 560
15662 20351 782 1360 560
15662 20351 780 1360 560
15662 20351 782 1360 560
15662 20351 780 1360 560
15662 20351 782 1360 560
15662 20351 782 1360 560
15662 20351 782 1360 560
15662 20351 782 1360 560
15662 20351 780 1360 560
15662 20351 780 1360 560
15662 20351 782 1360 560
15662 20351 780 1360 560
15662 20351 780 1360 560
15662 20351 782 1360 560
15662 20351 782 1360 560
15662 20351 785 1360 560
15662 20351 788 1360 560
15662 20351 794 1360 560
15662 20351 784 1360 560
15662 20351 790 1360 560
15662 20351 800 1360 560
15662 20351 811 1360 560
15662 20351 817 1360 560
15662 20351 829 1360 560
15662 20351 818 1360 560
15662 20351 827 1360 560
15662 20351 836 1350 570
15662 20351 843 1350 570
15662 20351 848 1350 570
15662 20351 855 1350 570
15662 20351 861 1350 570
15662 20351 863 1350 570
15662 20351 869 1350 570
15662 20351 854 1350 570
15662 20351 869 1350 570
15662 20351 853 1350 570
15662 20351 853 1350 570
15662 20351 854 1350 570
15662 20351 854 1350 570
15662 20351 853 1350 570
15662 20351 854 1350 570
15662 20351 854 1350 570
15662 20351 855 1350 570
15662 20351 855 1350 570
15662 20351 860 1350 570
15662 20351 858 1350 570
15662 20351 860 1350 570
15662 20351 858 1350 570
15662 20351 857 1350 570
15662 20351 858 1350 570
15662 20351 858 1350 570
15662 20351 860 1350 570
15662 20351 855 1350 570
15662 20351 857 1350 570
15662 20351 855 1350 570
15662 20351 855 1350 570
15662 20351 857 1350 570
15662 20351 855 1350 570
15662 20351 854 1350 570
15662 20346 854 1350 570
15662 20346 855 1350 570
15662 20346 854 1350 570
15662 20346 854 1350 570
15662 20341 855 1360 570
15662 20341 855 1360 570
15662 20332 855 1360 570
15662 20325 855 1360 570
15669 20312 854 1360 570
15669 20295 854 1360 570
15676 20276 855 1360 570
15676 20254 855 1360 570
15683 20225 857 1350 580
15689 20188 855 1350 580
15695 20148 855 1350 580
15700 20111 857 1350 580
15705 20075 855 1350 580
15712 20036 855 1350 580
15712 19996 860 1340 580
15717 19951 860 1340 580
15725 19896 860 1340 580
15725 19836 861 1340 580
15725 19794 863 1320 590
15725 19748 866 1340 600
15734 19697 872 1340 600
15740 19645 872 1320 600
15747 19590 875 1320 600
15756 19536 882 1310 610
15766 19482 885 1310 610
15775 19429 887 1310 610
15775 19374 894 1290 610
15781 19315 894 1290 610
15787 19269 897 1290 610
15794 19232 897 1270 620
15802 19194 906 1270 620
15810 19154 908 1270 620
15818 19110 892 1260 620
15828 19074 894 1260 620
15835 19045 899 1260 620
15841 19010 906 1260 620
15846 18979 909 1240 630
15855 18950 911 1240 630
15861 18919 911 1240 630
15861 18891 912 1240 630
15861 18866 912 1220 630
15868 18832 917 1220 630
15868 18798 918 1220 630
15875 18762 923 1220 630
15875 18730 924 1200 640
15883 18701 923 1200 640
15883 18662 927 1200 640
15883 18621 930 1200 640
15890 18590 933 1200 640
15890 18567 936 1190 640
15897 18546 936 1190 640
15897 18525 935 1190 640
15902 18506 936 1190 640
15902 18495 936 1190 640
15902 18488 939 1190 640
15902 18488 941 1190 640
15902 18488 942 1190 640
15902 18488 942 1190 640
15902 18488 942 1170 650
15902 18488 945 1170 650
15902 18493 947 1170 650
15902 18493 948 1170 650
15902 18503 951 1170 650
15902 18512 951 1170 650
15902 18518 934 1160 640
15902 18518 951 1160 640
15897 18518 948 1160 640
15897 18518 944 1160 640
15897 18523 932 1160 640
15897 18523 911 1160 640
15897 18523 908 1160 640
15897 18523 869 1170 630
15897 18523 837 1170 630
15897 18523 790 1170 630
15897 18523 739 1170 630
15897 18523 656 1170 630
15897 18523 501 1170 630
15897 18534 235 1170 630
15897 18534 0 1170 630
15887 18560 0 1170 630
15880 18572 0 1170 630
15872 18582 0 1170 630
15864 18591 0 1170 630
15856 18603 0 1170 630
15848 18617 0 1160 640
15848 18642 0 1160 640
15853 18663 0 1160 640
15860 18681 0 1160 640
15872 18700 0 1160 640
15886 18731 0 1160 640
15900 18768 0 1140 640
15917 18787 0 1130 630
15944 18815 0 1130 630
15978 18848 0 1130 630
15963 18907 0 1130 630
15971 18948 0 1130 630
15995 18976 0 1130 630
16010 19054 0 1140 640
16025 19116 0 1160 640
16039 19167 0 1170 630
16054 19247 0 1190 630
16068 19310 0 1220 630
16080 19363 0 1260 620
16090 19418 0 1290 610
16100 19459 0 1320 610
16114 19490 0 1360 610
16124 19521 0 1380 600
16134 19544 0 1420 590
16134 19563 0 1430 590
16134 19592 0 1450 590
16134 19620 0 1460 580
16134 19645 0 1450 590
16140 19668 0 1450 590
16140 19699 0 1450 590
16140 19737 0 1440 600
16140 19776 0 1440 600
16146 19821 0 1420 610
16146 19870 0 1420 610
16146 19922 0 1410 610
16146 19977 0 1400 620
16146 20034 0 1380 630
16153 20090 0 1370 630
16158 20143 0 1370 630
16165 20187 0 1350 640
16172 20225 0 1370 630
16179 20252 0 1380 630
16179 20268 0 1410 630
16179 20277 0 1430 620
16172 20277 0 1440 610
16172 20284 0 1450 600
16162 20289 0 1460 600
16155 20289 0 1470 590
16147 20289 0 1490 580
16139 20289 0 1500 570
16132 20289 0 1510 560
16123 20294 0 1510 560
16112 20294 0 1510 560
16099 20285 0 1520 560
16086 20275 0 1520 560
16074 20266 0 1500 550
16061 20258 0 1500 550
16050 20247 0 1500 550
16038 20236 0 1490 560
16025 20222 0 1480 560
16011 20207 0 1480 560
16011 20193 0 1480 560
15990 20183 0 1470 560
15976 20175 0 1450 560
15971 20168 0 1450 560
15964 20161 0 1440 570
15958 20153 0 1440 570
15958 20143 0 1430 560
15948 20130 0 1430 560
15948 20114 0 1420 570
15939 20099 0 1420 570
15939 20086 0 1420 570
15930 20074 0 1400 580
15923 20066 0 1390 570
15923 20057 0 1390 570
15923 20057 0 1390 570
15918 20057 0 1390 570
15918 20065 0 1380 580
15918 20076 0 1380 580
15918 20091 0 1380 580
15924 20112 0 1360 570
15924 20133 0 1360 570
15924 20154 0 1360 570
15924 20175 0 1380 570
15924 20194 0 1380 570
15916 20211 0 1380 570
15910 20225 0 1380 570
15903 20239 0 1380 570
15903 20251 0 1380 570
15894 20262 0 1390 560
15894 20273 0 1380 550
15888 20285 0 1380 550
15888 20290 0 1380 550
15881 20296 0 1390 550
15875 20303 0 1390 550
15869 20303 0 1390 550
15864 20308 0 1400 540
15864 20315 0 1400 540
15855 20315 0 1400 540
15849 20315 0 1400 540
15849 20315 0 1400 540
15843 20307 0 1400 540
15843 20307 0 1400 540
15843 20299 0 1400 540
15843 20294 0 1400 540
15843 20288 0 1400 540
15843 20288 0 1400 540
15848 20282 0 1400 540
15848 20282 0 1400 540
15848 20277 0 1400 540
15848 20277 0 1400 540
15848 20272 0 1390 550
15848 20272 0 1390 550
15848 20267 0 1390 550
15848 20267 0 1390 550
15848 20262 0 1390 550
15848 20262 0 1380 550
15848 20262 0 1380 550
15848 20262 0 1380 550
15848 20256 0 1380 550
15848 20256 0 1380 550
15848 20256 0 1380 550
15855 20256 0 1380 550
15855 20256 0 1380 550
15862 20256 0 1380 550
15862 20261 0 1380 550
15868 20261 0 1380 550
15868 20261 0 1380 550
15868 20261 0 1380 550
15873 20261 0 1380 550
15873 20261 0 1380 550
15873 20261 0 1380 550
15873 20261 0 1380 550
15873 20261 0 1380 550
15873 20261 0 1380 550
15873 20255 0 1380 550
15868 20255 0 1380 550
15868 20247 0 1360 550
15862 20247 0 1360 550
15862 20242 0 1360 550
15862 20242 0 1360 550
15862 20236 0 1360 550
15862 20236 0 1360 550
15862 20236 0 1360 550
15862 20236 0 1360 550
15862 20236 0 1360 550
15862 20236 0 1360 550
15857 20236 0 1360 550
15857 20242 0 1360 550
15857 20242 0 1360 550
15857 20249 0 1360 550
15857 20254 0 1360 550
15857 20254 0 1360 550
15857 20259 0 1360 550
15857 20259 0 1360 550
15857 20259 0 1360 550
15857 20264 0 1360 550
15857 20264 0 1360 550
15857 20264 0 1360 550
15857 20264 0 1360 550
15857 20264 0 1360 550
15857 20269 0 1360 550
15852 20269 0 1360 550
15852 20269 0 1360 550
15852 20269 0 1360 550
15847 20276 0 1360 550
15847 20276 0 1360 550
15847 20281 0 1360 550
15847 20281 0 1370 540
15847 20281 0 1370 540
15847 20287 0 1370 540
15841 20287 0 1370 540
15841 20287 0 1370 540
15836 20294 0 1370 540
15836 20294 0 1370 540
15836 20294 0 1370 540
15836 20294 0 1370 540
15836 20294 0 1370 540
15828 20294 0 1370 540
15828 20294 0 1370 540
15820 20294 0 1370 540
15813 20294 0 1370 540
15806 20285 0 1370 540
15799 20278 0 1370 540
15792 20271 0 1370 540
15785 20266 0 1370 540
15785 20266 0 1370 540
15780 20266 0 1370 540
15774 20272 0 1370 540
15765 20272 0 1370 540
15760 20272 0 1370 540
15755 20272 0 1390 540
15755 20272 0 1390 540
15747 20265 0 1370 530
15742 20260 0 1370 530
15742 20254 0 1370 530
15734 20249 0 1370 530
15734 20249 0 1370 530
15734 20249 0 1370 530
15734 20244 0 1370 530
15734 20244 0 1370 530
15734 20251 0 1370 530
15734 20228 0 1370 530
15739 20251 0 1360 520
15739 20305 0 1360 520
15749 20334 0 1370 520
15755 20370 0 1370 520
15755 20410 0 1380 510
15764 20446 0 1380 510
15771 20493 0 1400 510
15827 20534 0 1410 500
15827 20568 0 1420 490
15789 20593 0 1440 490
15789 20616 0 1450 480
15789 20634 0 1470 470
15789 20634 0 1480 460
15827 20626 0 1490 460
15812 20607 0 1510 430
15759 20593 0 1520 420
15753 20582 0 1540 410
15745 20563 0 1550 400
15737 20551 0 1550 390
15731 20543 0 1560 380
15725 20550 0 1570 380
15725 20556 0 1570 370
15725 20563 0 1570 360
15749 20575 0 1570 360
15778 20590 0 1580 350
15786 20614 0 1570 360
15793 20638 0 1560 360
15799 20662 0 1550 370
15808 20690 0 1530 390
15815 20720 0 1520 400
15823 20751 0 1490 420
15832 20779 0 1470 430
15841 20805 0 1450 440
15849 20829 0 1440 460
15861 20849 0 1430 480
15866 20862 0 1410 490
15866 20872 0 1400 500
15866 20882 0 1370 510
15872 20889 0 1360 520
15872 20900 0 1350 530
15882 20913 0 1330 540
15882 20927 0 1300 550
15888 20944 0 1300 550
15888 20963 0 1300 550
15888 20982 0 1320 550
15888 20999 0 1340 550
15888 21015 0 1340 550
15881 21033 0 1350 540
15881 21051 0 1360 540
15870 21072 0 1370 530
15865 21091 0 1370 530
15865 21110 0 1390 520
15859 21119 0 1400 520
15859 21131 0 1400 520
15853 21148 0 1410 510
15853 21158 0 1410 500
15853 21166 0 1410 500
15858 21166 0 1420 490
15858 21155 0 1430 490
15867 21142 0 1430 490
15872 21127 0 1430 490
15872 21110 0 1440 480
15883 21090 0 1440 480
15891 21072 0 1440 480
15900 21056 0 1440 470
15911 21043 0 1450 470
15923 21024 0 1450 470
15938 21010 0 1450 470
15952 21002 0 1450 470
15970 20997 0 1450 470
15989 20989 0 1450 470
16010 20975 0 1450 470
16031 20965 0 1450 470
16055 20965 0 1450 470
16080 20953 0 1450 470
16108 20947 0 1450 470
16137 20942 0 1450 470
16165 20942 0 1450 470
16196 20932 0 1450 470
16231 20924 0 1450 470
16264 20918 0 1450 470
16289 20918 0 1450 470
16319 20918 0 1450 470
16353 20910 0 1450 470
16391 20905 0 1450 470
16428 20905 0 1450 470
16462 20905 0 1450 470
16495 20905 0 1450 470
16521 20910 0 1450 470
16548 20910 0 1450 470
16576 20921 0 1450 470
16598 20927 0 1450 470
16614 20938 0 1450 470
16625 20947 0 1450 470
16625 20957 0 1450 470
16625 20967 0 1450 470
16625 20975 0 1450 470
16625 20981 0 1450 470
16630 20986 0 1450 470
16630 20986 0 1450 470
16630 20996 0 1450 470
16636 21003 0 1440 480
16645 21003 0 1430 490
16655 20997 0 1420 490
16663 20988 0 1420 490
16670 20981 0 1420 490
16692 20962 0 1420 490
16713 20942 0 1420 490
16733 20923 0 1420 490
16752 20904 0 1420 490
16773 20884 0 1420 490
16797 20873 0 1420 490
16820 20860 0 1420 490
16837 20846 0 1420 490
16857 20836 0 1420 490
16875 20823 0 1420 490
16889 20805 0 1420 490
16897 20792 0 1420 490
16907 20783 0 1420 490
16917 20768 0 1420 490
16927 20753 0 1420 490
16927 20736 0 1420 490
16927 20718 0 1420 490
16919 20699 0 1420 490
16909 20680 0 1420 490
16898 20658 0 1420 490
16886 20634 0 1420 490
16870 20607 0 1420 490
16850 20579 0 1430 490
16834 20553 0 1450 470
16817 20521 0 1470 460
16798 20484 0 1490 440
16774 20440 0 1490 440
16751 20399 0 1510 420
16720 20359 0 1510 410
16682 20317 0 1530 400
16642 20271 0 1530 390
16598 20218 0 1520 380
16552 20162 0 1520 370
16500 20107 0 1510 360
16450 20051 0 1510 350
16395 20012 0 1500 350
16336 19982 0 1490 350
16285 19958 0 1480 340
16239 19939 0 1470 350
16201 19922 0 1440 360
16169 19906 0 1410 370
16142 19888 0 1380 380
16121 19875 0 1350 380
16107 19866 0 1350 390
16100 19859 0 1350 400
16100 19859 0 1360 410
16107 19859 0 1380 420
16119 19859 0 1400 420
16127 19873 0 1400 450
16133 19887 0 1390 460
16157 19960 0 1400 480
16179 19967 0 1410 500
16187 19930 0 1430 510
16187 20005 0 1470 520
16187 20040 0 1490 530
16187 20049 0 1520 540
16187 20074 0 1530 540
16187 20100 0 1530 540
16182 20127 0 1530 540
16175 20157 0 1540 530
16170 20187 0 1540 530
16170 20212 0 1550 520
16164 20238 0 1550 520
16164 20262 0 1560 510
16155 20281 0 1560 510
16155 20295 0 1570 510
16149 20305 0 1570 510
16149 20313 0 1570 500
16142 20318 0 1580 490
16127 20318 0 1580 490
16112 20318 0 1570 490
16096 20318 0 1580 480
16080 20318 0 1580 480
16057 20309 0 1580 480
16032 20303 0 1570 480
16006 20303 0 1570 470
15972 20295 0 1570 470
15939 20295 0 1560 460
15907 20295 0 1560 460
15884 20295 0 1550 460
15866 20290 0 1550 460
15796 20290 0 1530 470
15755 20296 0 1530 470
15732 20303 0 1520 460
15703 20310 0 1510 460
15676 20318 0 1510 460
15651 20329 0 1500 460
15628 20338 0 1490 460
15606 20346 0 1490 460
15587 20352 0 1490 440
15573 20352 0 1470 440
15560 20352 0 1470 440
15554 20347 0 1470 440
15566 20347 0 1460 440
15590 20340 0 1470 430
15554 20340 0 1470 430
15547 20332 0 1460 430
15560 20332 0 1460 430
15567 20324 0 1460 430
15574 20318 0 1460 430
15583 20313 0 1460 430
15593 20295 0 1450 430
15604 20267 0 1450 430
15620 20312 0 1450 430
15638 20325 0 1440 440
15657 20318 0 1440 440
15677 20318 0 1450 440
15698 20325 0 1450 440
15720 20331 0 1450 450
15742 20339 0 1460 460
15765 20347 0 1460 460
15784 20354 0 1460 460
15805 20360 0 1470 460
15823 20368 0 1470 460
15842 20377 0 1470 460
15860 20385 0 1480 460
15873 20393 0 1480 460
15885 20400 0 1480 460
15896 20409 0 1490 470
15904 20417 0 1490 470
15909 20423 0 1490 470
15909 20423 0 1500 460
15916 20431 0 1500 460
15916 20431 0 1510 460
15911 20431 0 1510 460
15911 20431 0 1520 450
15911 20431 0 1520 450
15911 20431 0 1520 450
15911 20425 0 1530 450
15911 20420 0 1530 450
15911 20414 0 1530 450
15920 20408 0 1540 450
15927 20401 0 1540 440
15933 20396 0 1540 440
15940 20396 0 1540 440
15945 20388 0 1540 450
15950 20383 0 1540 450
15957 20378 0 1540 450
15957 20378 0 1540 450
15957 20378 0 1540 450
15957 20378 0 1530 460
15952 20378 0 1530 460
15946 20371 0 1530 460
15937 20371 0 1520 460
15928 20363 0 1520 460
15921 20363 0 1520 460
15913 20363 0 1520 460
15908 20358 0 1510 470
15903 20358 0 1510 470
15898 20358 0 1510 470
15898 20358 0 1510 470
15898 20358 0 1510 470
15898 20358 0 1510 470
15898 20364 0 1500 480
15898 20364 0 1500 480
15898 20364 0 1500 480
15898 20369 0 1500 480
15898 20369 0 1500 480
15898 20375 0 1500 480
15898 20375 0 1500 480
15898 20375 0 1500 480
15884 20369 0 1500 480
15877 20369 0 1500 480
15870 20369 0 1500 480
15863 20369 0 1500 480
15855 20369 0 1500 480
15849 20364 0 1500 480
15843 20364 0 1500 480
15843 20364 0 1490 490
15834 20359 0 1490 490
15834 20359 0 1490 490
15829 20359 0 1490 490
15829 20359 0 1490 490
15829 20359 0 1480 480
15829 20359 0 1480 480
15829 20359 0 1480 480
15829 20359 0 1480 480
15829 20359 0 1480 480
15835 20359 0 1480 480
15835 20359 0 1480 480
15835 20359 0 1480 480
15835 20359 0 1480 480
15835 20359 0 1480 480
15835 20359 0 1470 490
15835 20359 0 1470 490
15829 20359 0 1470 490
15829 20359 0 1470 490
15829 20359 13 1470 490
15829 20359 63 1480 500
15829 20359 93 1480 500
15829 20359 132 1480 500
15829 20359 170 1480 500
15829 20359 220 1480 500
15829 20359 251 1480 500
15829 20359 284 1480 500
15829 20359 314 1480 500
15829 20359 337 1480 500
15829 20359 356 1480 500
15829 20359 377 1500 500
15829 20359 402 1500 500
15829 20359 423 1500 500
15829 20359 442 1500 500
15829 20359 471 1500 500
15829 20359 485 1500 500
15829 20359 505 1500 500
15829 20359 532 1500 500
15829 20359 550 1490 510
15829 20359 567 1490 510
15829 20359 591 1490 510
15829 20359 594 1490 510
15829 20359 609 1490 510
15829 20359 611 1490 510
15829 20359 624 1490 510
15829 20359 638 1490 510
15829 20359 637 1490 510
15829 20359 646 1490 510
15829 20359 658 1490 510
15829 20359 670 1490 510
15829 20359 669 1490 510
15829 20359 676 1490 510
15829 20359 687 1490 510
15829 20359 700 1490 510
15829 20359 694 1490 510
15829 20359 696 1490 510
15829 20359 702 1490 510
15829 20359 703 1490 510
15829 20359 705 1490 510
15829 20359 705 1490 510
15829 20359 708 1490 510
15829 20359 708 1500 500
15829 20359 705 1500 500
15829 20359 707 1500 500
15829 20359 710 1500 500
15829 20359 710 1500 500
15829 20359 713 1500 500
15829 20359 717 1500 500
15829 20359 716 1500 500
15829 20359 721 1500 500
15829 20359 724 1500 500
15829 20359 724 1500 500
15829 20359 725 1500 500
15829 20359 728 1500 500
15829 20359 727 1500 500
15829 20359 730 1500 500
15829 20359 731 1500 500
15829 20359 720 1500 500
15829 20359 733 1500 500
15829 20359 720 1500 500
15829 20359 721 1500 500
15829 20359 721 1500 500
15829 20359 722 1500 500
15882 20378 722 1500 500
15887 20378 725 1500 500
15887 20378 725 1500 500
15895 20378 727 1500 500
15895 20378 727 1500 500
15901 20378 728 1500 500
15901 20378 730 1500 500
15901 20378 733 1500 500
15901 20378 736 1500 500
15901 20378 737 1500 500
15901 20378 740 1500 500
15901 20378 746 1500 500
15901 20378 746 1500 500
15901 20378 748 1500 500
15901 20378 751 1500 500
15901 20378 752 1500 500
15901 20384 754 1500 500
15901 20384 758 1500 500
15901 20384 750 1500 500
15901 20384 754 1500 500
15906 20384 760 1500 500
15906 20384 767 1500 500
15906 20384 771 1500 500
15906 20384 771 1500 500
15906 20384 774 1500 500
15906 20384 777 1500 500
15906 20384 779 1500 500
15911 20384 779 1500 500
15911 20384 779 1500 500
15911 20384 780 1500 500
15911 20384 782 1500 500
15917 20384 784 1500 500
15917 20384 787 1500 500
15925 20384 787 1500 500
15931 20391 787 1500 500
15931 20391 788 1500 500
15943 20396 788 1500 500
15955 20396 788 1500 500
15966 20404 785 1500 500
15974 20404 788 1500 500
15981 20404 785 1500 500
15989 20410 788 1500 500
15997 20410 788 1500 500
16002 20410 785 1500 500
16002 20410 788 1500 500
16008 20410 784 1500 500
16008 20415 788 1510 500
16020 20415 787 1510 500
16030 20420 785 1500 510
16042 20420 784 1500 510
16053 20420 785 1500 510
16063 20426 784 1500 510
16072 20426 785 1500 510
16084 20432 785 1500 510
16097 20432 784 1500 510
16111 20437 784 1500 510
16126 20437 788 1500 510
16142 20442 785 1500 510
16158 20442 787 1500 510
16172 20442 784 1500 510
16184 20447 788 1500 510
16193 20447 785 1500 510
16201 20447 787 1500 510
16207 20453 784 1510 510
16212 20453 787 1510 510
16217 20453 787 1510 510
16223 20458 784 1510 510
16223 20458 788 1510 510
16232 20458 787 1510 510
16238 20465 788 1510 510
16244 20465 788 1510 510
16251 20465 788 1510 510
16259 20471 788 1510 510
16266 20471 790 1510 510
16275 20479 788 1510 510
16287 20479 790 1500 510
16296 20479 788 1500 510
16309 20479 788 1500 510
16323 20486 788 1500 510
16333 20486 788 1500 510
16340 20493 787 1490 510
16349 20493 788 1490 510
16356 20493 788 1490 510
16363 20498 787 1490 510
16371 20498 788 1490 510
16371 20498 790 1490 510
16380 20498 790 1490 510
16380 20503 790 1480 500
16387 20503 788 1490 510
16387 20503 790 1490 510
16394 20508 790 1490 510
16394 20508 791 1490 510
16402 20508 790 1490 510
16409 20508 790 1490 510
16418 20515 788 1490 510
16430 20515 788 1490 510
16443 20523 790 1490 510
16459 20523 790 1500 500
16477 20531 788 1500 500
16496 20536 788 1500 500
16512 20536 790 1500 500
16527 20536 791 1510 500
16547 20536 790 1510 500
16569 20544 791 1510 500
16593 20551 791 1510 500
16618 20551 790 1510 500
16643 20551 790 1510 500
16663 20551 788 1510 500
16680 20551 788 1510 500
16695 20551 788 1520 510
16710 20551 788 1520 510
16726 20557 788 1520 510
16741 20557 788 1520 510
16760 20557 788 1520 510
16777 20557 790 1520 510
16797 20550 788 1530 510
16816 20545 790 1530 510
16834 20540 790 1530 510
16851 20533 788 1530 510
16866 20527 788 1530 510
16882 20527 790 1530 510
16899 20517 790 1530 510
16919 20512 788 1550 510
16938 20506 788 1550 510
16956 20506 790 1540 520
16972 20496 788 1540 520
16988 20489 790 1540 520
17003 20481 788 1540 520
17015 20472 788 1540 520
17030 20464 791 1540 520
17044 20454 790 1540 520
17054 20445 788 1540 520
17061 20438 788 1540 520
17068 20433 787 1540 520
17068 20433 787 1540 520
17073 20425 785 1550 520
17078 20418 785 1550 520
17083 20410 784 1550 520
17088 20403 784 1550 520
17093 20395 785 1550 520
17093 20386 784 1550 520
17093 20378 785 1550 520
17103 20369 785 1550 520
17103 20360 785 1550 520
17103 20354 784 1550 520
17109 20354 782 1550 520
17109 20347 780 1550 520
17109 20347 779 1550 520
17109 20337 779 1550 520
17109 20330 782 1550 520
17103 20320 780 1550 520
17095 20308 780 1540 530
17095 20302 780 1540 530
17095 20302 780 1540 530
17088 20289 780 1540 530
17082 20279 780 1540 530
17082 20274 780 1540 530
17082 20274 782 1540 530
17077 20267 784 1540 530
17077 20267 785 1540 530
17077 20260 782 1540 530
17077 20260 782 1540 530
17070 20251 780 1540 530
17064 20246 782 1540 530
17056 20238 785 1540 530
17047 20227 784 1540 530
17039 20217 784 1540 530
17032 20211 784 1540 530
17025 20211 784 1540 530
17019 20198 784 1540 530
17011 20187 782 1540 530
17001 20172 780 1540 530
16992 20162 780 1540 530
16984 20154 782 1540 530
16976 20146 782 1530 530
16967 20138 784 1530 530
16959 20130 784 1520 540
16949 20122 785 1520 540
16938 20113 784 1520 540
16927 20103 788 1520 540
16915 20091 788 1520 540
16900 20081 788 1520 540
16884 20072 790 1520 540
16870 20063 790 1520 540
16856 20057 790 1520 540
16841 20057 791 1520 540
16827 20047 793 1520 540
16812 20041 791 1520 540
16800 20036 794 1510 540
16787 20036 796 1510 540
16777 20028 794 1510 540
16767 20022 796 1510 540
16759 20017 797 1510 540
16759 20017 796 1510 540
16751 20017 783 1510 540
16751 20012 783 1510 540
16744 20012 783 1510 540
16736 20006 783 1510 540
16727 20006 783 1510 540
16719 19998 783 1510 540
16708 19993 783 1510 540
16694 19985 784 1510 540
16682 19978 784 1510 540
16669 19973 784 1510 540
16655 19973 783 1510 540
16638 19963 783 1510 540
16623 19958 785 1500 540
16608 19953 784 1500 540
16594 19946 784 1500 540
16581 19940 784 1500 540
16568 19940 785 1500 540
16557 19931 785 1500 540
16547 19931 784 1500 540
16536 19921 784 1500 540
16522 19915 785 1500 540
16508 19908 785 1500 540
16493 19903 785 1500 540
16483 19903 785 1500 540
16471 19898 784 1500 540
16455 19893 784 1500 540
16436 19885 785 1500 540
16421 19876 785 1480 540
16406 19868 785 1480 540
16391 19860 785 1480 540
16375 19853 785 1480 540
16361 19847 785 1480 540
16347 19840 784 1480 540
16335 19833 785 1480 540
16320 19826 787 1480 540
16305 19820 787 1480 540
16294 19815 787 1480 540
16283 19815 787 1480 540
16272 19815 787 1470 530
16256 19815 787 1470 530
16238 19808 787 1470 530
16219 19800 785 1470 530
16196 19792 785 1470 530
16170 19784 787 1470 530
16149 19776 787 1470 530
16126 19767 785 1470 530
16105 19757 788 1470 530
16086 19749 787 1470 530
16068 19742 787 1470 530
16049 19735 785 1480 540
16030 19727 785 1480 540
16010 19719 787 1480 540
15995 19712 787 1480 540
15979 19705 787 1480 540
15962 19695 788 1480 540
15944 19686 788 1480 540
15925 19678 787 1480 540
15906 19670 788 1480 540
15886 19663 788 1480 540
15865 19656 788 1480 540
15844 19645 787 1480 540
15823 19635 787 1480 540
15803 19629 788 1480 540
15789 19624 788 1480 540
15774 19624 787 1480 540
15758 19616 785 1480 540
15741 19609 787 1470 550
15727 19604 788 1470 550
15717 19604 788 1470 550
15711 19604 788 1470 550
15711 19599 790 1470 550
15711 19599 788 1470 550
15711 19599 787 1470 550
15711 19599 785 1470 550
15711 19599 787 1470 550
15711 19599 785 1470 550
15711 19599 785 1470 550
15711 19599 785 1470 550
15711 19599 785 1470 550
15716 19599 787 1470 550
15716 19599 787 1460 540
15716 19599 785 1460 540
15716 19599 787 1460 540
15716 19599 787 1460 540
15716 19599 785 1460 540
15716 19599 785 1460 540
15716 19599 784 1460 540
15716 19599 784 1460 540
15716 19599 797 1460 540
15721 19599 794 1460 540
15721 19599 797 1460 540
15730 19599 794 1460 540
15738 19607 794 1460 540
15749 19607 797 1460 540
15760 19607 784 1460 540
15782 19618 783 1460 540
15810 19629 783 1460 540
15835 19635 784 1460 540
15859 19642 797 1460 540
15882 19651 784 1460 540
15913 19662 783 1460 540
15944 19671 784 1460 540
15978 19679 783 1460 540
16016 19684 783 1470 550
16055 19693 784 1470 550
16101 19705 783 1470 550
16148 19716 783 1480 540
16197 19728 784 1480 540
16254 19740 787 1480 540
16315 19751 787 1480 540
16372 19762 788 1480 540
16426 19774 788 1480 540
16485 19788 791 1480 540
16548 19804 790 1480 540
16614 19821 793 1480 540
16679 19834 793 1480 540
16751 19848 796 1480 540
16824 19866 796 1480 540
16899 19887 800 1500 540
16977 19905 803 1500 540
17057 19922 809 1500 540
17145 19939 812 1500 540
17235 19955 812 1500 540
17331 19974 818 1500 540
17420 19996 817 1510 540
17502 20013 818 1510 540
17589 20031 818 1510 540
17679 20051 817 1510 540
17776 20068 820 1510 540
17872 20084 820 1530 550
17968 20099 820 1530 550
18059 20115 818 1530 550
18148 20133 817 1530 550
18245 20148 817 1530 550
18337 20163 817 1530 550
18425 20176 820 1530 550
18505 20189 817 1530 550
18577 20202 817 1530 550
18644 20211 812 1540 550
18706 20221 812 1540 550
18770 20231 814 1550 540
18825 20238 809 1550 540
18872 20238 802 1550 540
18917 20246 796 1550 540
18955 20246 785 1560 550
18989 20246 782 1560 550
19016 20246 757 1560 550
19037 20246 749 1560 550
19053 20246 725 1560 550
19071 20246 708 1560 550
19079 20241 687 1560 550
19079 20241 658 1580 550
19079 20241 627 1580 550
19079 20235 595 1580 550
19079 20235 567 1580 550
19070 20235 507 1580 550
19061 20230 413 1580 550
19045 20225 269 1580 550
19023 20220 65 1580 550
19023 20220 0 1580 550
18971 20215 0 1580 550
18940 20215 0 1580 550
18909 20222 0 1580 550
18874 20222 0 1580 550
18835 20229 0 1580 550
18813 20234 0 1580 540
18766 20234 0 1580 540
18730 20241 0 1570 540
18711 20246 0 1570 540
18655 20252 0 1570 540
18619 20215 0 1560 530
18597 20227 0 1560 530
18542 20271 0 1560 530
18499 20245 0 1560 510
18464 20245 0 1560 510
18410 20262 0 1560 510
18354 20262 0 1560 510
18297 20270 0 1550 500
18244 20270 0 1550 490
18192 20270 0 1550 480
18140 20276 0 1550 460
18085 20276 0 1560 460
18036 20269 0 1570 470
17984 20262 0 1600 470
17930 20254 0 1610 470
17875 20243 0 1620 480
17815 20234 0 1630 480
17751 20226 0 1630 480
17682 20210 0 1630 480
17614 20204 0 1630 480
17535 20192 0 1630 480
17447 20173 0 1630 480
17362 20155 0 1630 480
17271 20134 0 1630 480
17177 20110 0 1630 480
17095 20085 0 1630 480
17017 20059 0 1630 480
16945 20033 0 1630 480
16873 20006 0 1630 480
16800 19981 0 1630 480
16718 19957 0 1630 480
16628 19938 0 1630 480
16538 19914 0 1630 480
16445 19884 0 1630 480
16351 19855 0 1630 480
16260 19827 0 1630 480
16182 19799 0 1670 480
16113 19775 0 1710 490
16046 19749 0 1750 490
15987 19718 0 1790 470
15928 19684 0 1790 450
15870 19646 0 1780 430
15807 19604 0 1770 410
15731 19556 0 1760 410
15646 19503 0 1750 400
15556 19444 0 1730 400
15460 19385 0 1720 400
15359 19325 0 1700 390
15261 19270 0 1690 390
15163 19219 0 1690 380
15082 19174 0 1690 380
15012 19129 0 1690 380
14956 19095 0 1690 380
14915 19068 0 1650 380
14883 19135 0 1620 380
14839 19146 0 1580 370
14807 19119 0 1540 360
14784 19114 0 1550 350
14767 19114 0 1540 360
14752 19109 0 1540 360
14738 19109 0 1530 380
14731 19109 0 1530 390
14725 19117 0 1540 390
14725 19127 0 1550 400
14725 19140 0 1560 400
14725 19154 0 1560 410
14719 19168 0 1570 410
14719 19185 0 1580 410
14719 19202 0 1590 410
14719 19219 0 1600 410
14741 19219 0 1620 420
14773 19196 0 1630 420
14786 19212 0 1630 420
14801 19227 0 1640 410
14816 19239 0 1640 400
14816 19252 0 1650 390
14810 19277 0 1650 390
14822 19309 0 1650 380
14831 19309 0 1670 370
14838 19316 0 1670 370
14838 19322 0 1670 370
14838 19283 0 1670 360
14838 19293 0 1670 360
14854 19335 0 1670 360
14834 19335 0 1670 360
14790 19335 0 1680 360
14795 19330 0 1670 370
14767 19330 0 1670 370
14718 19330 0 1670 370
14693 19310 0 1670 380
14671 19282 0 1660 380
14651 19324 0 1660 380
14632 19331 0 1660 390
14617 19316 0 1660 390
14610 19275 0 1650 400
14610 19283 0 1640 400
14610 19323 0 1640 410
14610 19323 0 1630 420
14610 19330 0 1620 420
14610 19330 0 1620 430
14610 19338 0 1620 430
14610 19343 0 1610 430
14610 19349 0 1610 430
14610 19349 0 1600 440
14601 19354 0 1590 440
14601 19354 0 1590 440
14596 19354 0 1590 450
14596 19354 0 1600 450
14596 19360 0 1600 450
14596 19366 0 1590 460
14596 19366 0 1590 460
14596 19371 0 1590 460
14596 19371 0 1590 460
14596 19371 0 1590 460
14596 19348 0 1590 460
14588 19348 0 1590 460
14581 19368 0 1590 460
14571 19368 0 1580 470
14561 19362 0 1570 470
14551 19362 0 1570 470
14539 19355 0 1570 470
14526 19350 0 1570 470
14510 19350 0 1570 470
14493 19341 0 1570 470
14474 19341 0 1570 470
14454 19336 0 1570 470
14436 19336 0 1570 480
14418 19336 0 1570 480
14402 19336 0 1570 480
14382 19336 0 1570 480
14359 19329 0 1570 480
14338 19324 0 1550 470
14316 19324 0 1550 470
14294 19319 0 1550 470
14274 19319 0 1550 470
14254 19319 0 1550 470
14235 19319 0 1550 480
14214 19319 0 1550 480
14195 19319 0 1550 480
14175 19314 0 1550 480
14156 19314 0 1550 480
14138 19314 0 1550 480
14121 19314 0 1550 490
14103 19314 0 1550 490
14082 19314 0 1550 490
14063 19314 0 1550 490
14044 19309 0 1560 500
14044 19309 46 1560 500
14044 19309 51 1560 500
13987 19298 103 1550 500
13966 19292 134 1570 510
13944 19284 151 1570 510
13920 19275 191 1570 510
13896 19265 206 1570 510
13871 19255 235 1580 510
13844 19243 272 1580 510
13820 19230 289 1580 510
13797 19220 304 1580 510
13778 19213 327 1570 510
13761 19205 339 1570 510
13751 19199 345 1570 510
13744 19199 336 1570 510
13744 19191 338 1570 510
13744 19191 339 1570 510
13744 19191 343 1570 510
13744 19186 351 1570 510
13753 19186 362 1570 510
13763 19180 397 1570 510
13777 19180 417 1570 510
13797 19180 439 1570 510
13820 19180 471 1570 510
13847 19180 493 1570 510
13876 19174 502 1570 510
13911 19174 513 1570 510
13948 19180 527 1570 510
13986 19185 540 1570 510
14036 19190 548 1570 510
14090 19190 562 1570 510
14152 19200 572 1570 510
14223 19209 586 1570 510
14298 19216 588 1570 510
14376 19231 591 1570 510
14470 19251 614 1570 510
14567 19270 619 1570 510
14680 19290 645 1580 510
14804 19309 649 1580 510
14934 19329 666 1580 510
15084 19350 690 1580 510
15248 19373 694 1580 510
15396 19397 705 1580 510
15566 19421 730 1580 510
15750 19447 720 1580 510
15946 19475 722 1580 510
16147 19506 731 1590 510
16355 19539 734 1590 510
16566 19573 740 1590 510
16790 19610 742 1600 510
17018 19646 749 1600 510
17260 19681 755 1600 510
17511 19717 758 1620 520
17740 19754 758 1620 520
17995 19789 757 1630 520
18266 19820 757 1630 520
18527 19850 758 1640 520
18764 19881 746 1640 520
18985 19904 748 1660 520
19218 19926 746 1660 520
19453 19944 740 1660 530
19656 19960 733 1660 530
19837 19971 724 1680 530
20025 19979 705 1680 530
20185 19984 697 1690 530
20325 19984 650 1690 530
20457 19984 616 1690 530
20555 19984 581 1700 540
20631 19978 507 1700 540
20687 19970 409 1700 540
20728 19962 280 1700 540
