NLDCC-005_005_003 288
5292 15254 172 1330 470
5292 15254 202 1330 470
5292 15254 239 1340 470
5241 15224 285 1340 470
5230 15224 312 1330 470
5220 15230 324 1330 470
5207 15236 361 1330 470
5196 15245 367 1320 480
5182 15263 423 1320 480
5166 15286 448 1320 480
5155 15308 471 1310 480
5143 15339 477 1310 480
5130 15376 509 1310 480
5121 15415 522 1310 480
5113 15464 515 1310 480
5107 15521 522 1310 480
5107 15580 521 1310 480
5116 15647 522 1310 480
5132 15720 521 1310 480
5158 15796 519 1310 480
5201 15876 516 1320 480
5255 15959 516 1320 480
5326 16046 516 1320 480
5410 16128 516 1320 480
5502 16201 515 1320 480
5606 16265 513 1330 470
5715 16322 515 1340 480
5831 16371 515 1340 480
5947 16415 521 1340 480
6047 16442 519 1340 480
6137 16458 519 1350 470
6228 16458 521 1360 480
6309 16438 521 1360 480
6383 16409 524 1360 480
6434 16361 524 1370 470
6466 16311 526 1380 480
6484 16255 530 1380 480
6484 16191 538 1380 480
6473 16121 557 1380 480
6452 16031 564 1380 480
6407 15928 578 1370 480
6350 15833 592 1370 480
6284 15747 595 1370 480
6218 15667 620 1370 480
6157 15605 627 1360 490
6103 15551 641 1360 490
6057 15503 637 1360 490
6015 15464 644 1350 500
5987 15443 647 1350 500
5967 15434 647 1350 500
5955 15434 647 1350 500
5944 15434 638 1330 500
5936 15449 634 1330 500
5931 15474 631 1330 500
5931 15508 625 1330 500
5942 15548 624 1330 500
5959 15587 622 1330 500
5982 15627 616 1330 500
6008 15662 614 1330 500
6035 15687 613 1330 500
6053 15700 613 1320 490
6066 15700 613 1330 480
6080 15694 619 1330 480
6095 15679 617 1330 480
6110 15644 627 1330 480
6134 15597 630 1330 480
6158 15533 636 1330 480
6189 15452 645 1330 480
6229 15359 646 1340 490
6273 15257 650 1340 490
6331 15135 668 1340 490
6399 15000 663 1340 490
6459 14875 675 1330 500
6516 14756 676 1330 500
6570 14642 676 1340 500
6617 14537 678 1330 510
6664 14442 678 1330 510
6705 14354 678 1330 510
6743 14277 673 1320 510
6774 14215 667 1320 510
6800 14164 617 1300 520
6822 14130 544 1310 520
6838 14102 343 1300 530
6844 14079 73 1300 530
6844 14079 0 1290 530
6822 14084 0 1290 530
6792 14102 0 1290 530
6754 14124 0 1280 540
6713 14141 0 1280 540
6671 14171 0 1280 540
6627 14211 0 1280 540
6576 14237 0 1290 530
6520 14258 0 1290 530
6461 14274 0 1300 530
6449 14288 0 1300 530
6369 14288 0 1310 520
6244 14282 0 1320 510
6167 14273 0 1330 510
6091 14262 0 1330 500
6016 14251 0 1330 500
5941 14241 0 1330 480
5866 14234 0 1340 480
5793 14234 0 1340 470
5720 14234 0 1330 460
5655 14243 0 1340 460
5590 14258 0 1330 450
5528 14278 0 1340 450
5470 14302 0 1340 450
5419 14336 0 1340 450
5372 14378 0 1340 450
5331 14407 0 1330 450
5296 14432 0 1330 450
5265 14450 0 1320 460
5250 14455 0 1310 460
5244 14455 0 1320 470
5311 14441 0 1310 470
5311 14441 345 1310 470
5311 14441 400 1310 480
5311 14441 402 1300 500
5311 14441 407 1300 500
5311 14441 420 1290 500
5387 14449 430 1290 500
5462 14477 464 1290 500
5561 14518 522 1280 500
5675 14564 589 1280 500
5826 14614 633 1270 510
5980 14675 649 1280 520
6144 14744 682 1290 510
6340 14819 713 1290 510
6557 14903 733 1290 510
6772 14982 740 1300 520
6987 15052 755 1320 510
7201 15116 750 1320 510
7419 15173 754 1330 520
7637 15228 759 1330 520
7861 15287 763 1340 520
8087 15350 767 1350 520
8257 15413 768 1360 520
8431 15469 767 1360 520
8574 15515 768 1370 530
8696 15550 767 1390 520
8784 15578 762 1400 530
8838 15592 758 1400 530
8868 15601 727 1410 530
8868 15601 711 1410 530
8868 15601 661 1410 530
8849 15601 577 1420 540
8821 15591 418 1430 530
8778 15577 156 1430 530
8778 15577 0 1430 530
8667 15533 0 1430 530
8606 15518 0 1420 540
8543 15509 0 1420 540
8486 15500 0 1420 540
8431 15492 0 1420 540
8379 15492 0 1420 540
8329 15492 0 1420 540
8280 15492 0 1410 530
8231 15492 0 1410 530
8183 15497 0 1410 530
8135 15497 0 1390 540
8079 15485 0 1390 540
8024 15493 0 1390 540
7953 15515 0 1370 530
7870 15522 0 1370 530
7778 15522 0 1360 520
7686 15536 0 1360 520
7595 15552 0 1360 520
7503 15564 0 1350 520
7411 15580 0 1350 520
7314 15598 0 1340 510
7214 15617 0 1340 510
7122 15634 0 1330 510
7029 15650 0 1330 510
6935 15664 0 1330 510
6842 15674 0 1330 500
6756 15681 0 1340 500
6682 15686 0 1340 500
6616 15686 0 1340 500
6556 15686 0 1340 500
6556 15686 80 1340 500
6556 15686 339 1350 500
6408 15679 356 1350 500
6362 15693 367 1350 500
6337 15706 414 1360 490
6324 15712 438 1360 490
6329 15712 444 1370 500
6339 15718 439 1370 500
6359 15718 466 1370 500
6395 15731 490 1380 500
6442 15744 516 1400 500
6500 15751 546 1400 500
6576 15761 580 1400 500
6663 15773 592 1400 500
6768 15782 613 1400 500
6892 15789 636 1400 500
7028 15789 636 1400 500
7150 15789 644 1400 500
7275 15789 652 1400 500
7407 15784 658 1400 500
7543 15773 659 1410 500
7649 15756 661 1410 500
7739 15732 661 1410 500
7818 15704 661 1420 500
7874 15672 661 1420 500
7904 15641 659 1420 500
7916 15609 655 1430 510
7908 15567 649 1420 520
7866 15520 638 1420 520
7801 15458 636 1420 520
7715 15387 647 1420 520
7616 15323 641 1420 520
7509 15266 647 1420 520
7388 15214 656 1420 520
7262 15160 681 1420 520
7133 15104 702 1420 520
7020 15063 722 1420 520
6929 15033 754 1420 520
6852 15012 757 1410 520
6804 15000 762 1410 520
6778 14994 771 1400 520
6766 14994 779 1400 520
6766 14989 788 1400 520
6766 14989 787 1380 510
6783 15001 793 1380 510
6815 15025 787 1380 510
6884 15057 796 1380 510
6972 15102 802 1380 510
7072 15153 811 1370 510
7200 15208 821 1370 510
7355 15275 830 1370 510
7528 15340 825 1380 510
7707 15415 833 1380 510
7900 15498 839 1380 510
8101 15567 837 1400 520
8263 15633 831 1400 520
8443 15684 833 1400 520
8634 15727 827 1410 520
8793 15770 827 1410 520
8943 15815 811 1410 520
9087 15862 793 1430 520
9179 15898 742 1430 520
9259 15935 666 1450 530
9332 15974 546 1450 530
9398 16006 287 1460 530
9398 16006 0 1460 530
9490 16054 0 1470 530
9514 16075 0 1470 530
9528 16096 0 1470 530
9534 16117 0 1490 530
9548 16136 0 1490 530
9568 16149 0 1490 530
9588 16159 0 1490 530
9607 16165 0 1500 520
9630 16165 0 1500 520
9662 16165 0 1510 510
9700 16165 0 1510 510
9742 16165 0 1530 510
9782 16154 0 1530 510
9821 16142 0 1530 510
9864 16123 0 1540 500
9903 16100 0 1540 500
9903 16100 664 1540 500
9973 15996 858 1540 500
9973 16074 935 1540 500
9946 16101 1023 1540 500
9946 16094 1023 1530 510
9946 16094 1023 1530 510
9946 16101 1023 1530 510
9946 16101 1023 1530 520
9946 16101 1023 1530 520
9946 16101 1023 1530 520
9946 16101 1023 1520 530
9946 16101 1023 1510 530
9946 16101 1023 1510 530
9946 16101 1023 1500 540
9946 16101 1023 1500 540
9946 16101 1023 1500 540
9946 16101 1023 1500 540
9946 16101 1023 1500 540
9946 16101 1023 1500 540
9941 16101 1023 1500 540
9941 16101 1023 1500 540
9941 16101 1023 1500 540
9941 16101 1023 1500 540
9947 16101 912 1490 550
9947 16101 771 1490 550
9947 16082 491 1470 550
