194
2178 5978 29 1110 480
2178 5978 94 1110 480
2178 5978 110 1110 480
2219 6002 119 1110 480
2250 6040 129 1110 480
2300 6093 136 1110 480
2362 6160 134 1120 490
2443 6252 141 1120 490
2527 6362 149 1120 490
2625 6482 148 1120 490
2731 6600 148 1120 490
2816 6717 149 1130 490
2909 6833 149 1130 490
3008 6943 131 1130 480
3102 7049 134 1150 470
3172 7123 131 1160 470
3227 7170 131 1170 470
3254 7199 131 1190 470
3268 7207 131 1200 470
3268 7207 136 1200 470
3276 7214 139 1220 470
3281 7214 141 1220 470
3281 7214 139 1220 470
3281 7214 136 1230 470
3281 7214 136 1230 470
3281 7214 186 1230 470
3281 7185 173 1230 470
3264 7137 178 1230 470
3242 7048 180 1230 470
3218 6959 180 1230 470
3198 6874 183 1220 470
3180 6793 186 1220 470
3160 6697 181 1220 470
3140 6595 185 1210 480
3116 6454 202 1190 470
3090 6288 196 1180 480
3073 6107 212 1170 480
3059 5924 212 1150 480
3059 5779 222 1140 480
3064 5660 222 1120 480
3064 5543 218 1110 480
3056 5423 210 1090 480
3049 5300 218 1080 490
3049 5177 218 1050 490
3049 5097 210 1040 490
3067 5049 208 1020 490
3076 5009 208 1010 500
3082 4991 212 990 490
3087 4991 212 980 490
3093 4991 220 980 500
3100 5016 211 980 500
3112 5055 230 980 500
3129 5135 230 980 500
3149 5203 230 980 500
3158 5262 223 980 500
3164 5351 218 980 500
3169 5437 209 980 500
3159 5520 220 1000 500
3146 5600 178 1000 500
3131 5680 171 1010 500
3107 5760 176 1020 490
3080 5811 181 1030 490
3051 5859 178 1040 490
3020 5887 191 1050 490
2989 5902 190 1060 480
2954 5910 190 1070 480
2915 5918 195 1070 480
2880 5927 202 1080 480
2848 5936 202 1080 480
2825 5936 202 1090 470
2806 5946 202 1090 470
2793 5958 200 1090 470
2782 5973 203 1090 460
2774 5973 202 1090 460
2774 5973 200 1090 460
2774 5973 200 1090 460
2774 5973 198 1090 460
2782 5973 198 1090 460
2792 5973 200 1090 460
2808 5979 202 1090 460
2829 5997 196 1090 460
2852 6027 195 1090 460
2875 6041 190 1090 460
2919 6070 171 1090 460
2976 6109 151 1090 470
3056 6140 91 1100 470
3140 6183 98 1100 470
3223 6233 89 1110 480
3302 6280 91 1110 480
3377 6330 75 1120 480
3448 6383 70 1130 490
3516 6434 63 1130 490
3597 6482 63 1140 480
3679 6535 37 1140 480
3907 6712 22 1160 450
3907 6712 32 1160 450
3907 6712 53 1160 440
3907 6712 63 1160 440
3907 6712 75 1170 440
3907 6712 99 1170 440
3878 6712 95 1170 440
3868 6712 98 1170 440
3854 6712 113 1170 440
3841 6700 127 1170 440
3830 6688 124 1170 440
3818 6673 120 1160 440
3806 6655 130 1160 440
3788 6616 137 1160 440
3766 6562 144 1160 440
3736 6501 134 1140 440
3701 6413 136 1140 430
3663 6307 146 1140 440
3634 6225 146 1130 450
3628 6156 146 1140 450
3638 6096 149 1130 460
3655 6077 151 1140 460
3667 6067 155 1130 470
3675 6067 155 1130 480
3690 6067 155 1130 490
3705 6067 155 1130 490
3717 6073 156 1130 490
3728 6078 158 1120 480
3745 6092 158 1120 470
3765 6111 158 1120 470
3793 6162 160 1120 470
3829 6252 148 1110 460
3867 6369 137 1110 460
3907 6522 139 1120 460
3937 6632 144 1120 460
3960 6713 144 1130 460
3978 6755 146 1130 460
3996 6778 142 1140 450
4010 6788 146 1150 450
4010 6783 139 1160 450
4010 6774 148 1160 440
4000 6726 165 1160 440
3986 6653 187 1170 440
3968 6540 180 1160 440
3954 6424 186 1160 450
3954 6322 186 1160 450
3967 6230 177 1150 450
3984 6183 186 1160 460
4003 6152 179 1150 460
4021 6133 180 1150 460
4034 6133 184 1150 470
4043 6146 178 1150 470
4061 6165 176 1150 470
4081 6223 180 1150 470
4106 6286 176 1150 470
4137 6352 180 1150 470
4176 6445 179 1150 470
4220 6534 155 1150 470
4264 6602 155 1150 470
4301 6657 155 1160 470
4336 6685 155 1160 470
4362 6712 155 1170 470
4381 6720 156 1180 460
4395 6715 155 1180 460
4407 6694 163 1180 460
4414 6640 161 1190 460
4414 6565 161 1190 460
4424 6482 165 1200 470
4429 6397 165 1190 470
4429 6311 168 1190 470
4440 6253 168 1200 480
4445 6214 170 1190 480
4445 6184 168 1190 480
4445 6162 175 1180 490
4434 6146 186 1180 490
4434 6146 182 1170 500
4427 6172 161 1170 500
4427 6208 151 1170 500
4447 6311 139 1170 500
4483 6422 106 1170 500
4539 6539 63 1180 490
4600 6631 65 1180 490
4644 6666 68 1190 490
4674 6666 71 1190 490
4717 6666 88 1200 480
4761 6641 94 1210 480
4806 6602 108 1210 480
4851 6557 117 1210 480
4895 6513 125 1220 470
4943 6485 134 1210 480
4989 6468 146 1220 480
5040 6463 172 1220 480
5097 6469 186 1220 480
5167 6483 235 1230 490
5249 6511 242 1230 490
5339 6562 246 1230 490
5418 6629 244 1240 500
5479 6693 242 1240 500
5527 6753 221 1250 510
5547 6785 51 1260 500