102
6042 3290 1100 580 6
6082 3311 1100 580 104
6077 3318 1100 580 115
6053 3305 1100 580 144
6032 3281 1090 570 175
5997 3233 1090 570 219
5952 3182 1090 570 247
5907 3128 1100 580 285
5866 3103 1100 580 314
5831 3103 1100 580 320
5796 3130 1100 580 304
5764 3191 1100 580 306
5739 3299 1100 580 276
5757 3439 1100 580 264
5802 3602 1100 580 247
5890 3777 1120 580 247
5976 3961 1130 580 255
6057 4063 1150 580 262
6105 4097 1160 570 279
6134 4087 1160 570 281
6153 4047 1180 570 304
6153 3929 1180 570 371
6135 3760 1180 570 446
6100 3547 1180 570 519
6037 3317 1180 570 584
5955 3077 1160 570 617
5843 2870 1150 580 643
5719 2711 1150 580 676
5588 2583 1130 580 693
5497 2524 1120 580 697
5398 2498 1120 580 699
5293 2498 1100 580 685
5201 2536 1100 580 619
5163 2620 1100 580 443
5163 2734 1100 580 68
6226 3502 1160 530 309
6258 3525 1170 540 286
6187 3539 1170 550 287
6187 3525 1170 560 291
6187 3488 1180 570 344
6200 3436 1160 570 371
6214 3342 1170 580 446
6236 3244 1160 580 498
6258 3186 1160 580 505
6278 3156 1160 580 538
6297 3148 1140 590 570
6339 3148 1140 590 588
6397 3165 1150 600 588
6469 3226 1130 600 570
6554 3327 1130 600 450
6647 3454 1140 610 212
6961 3392 1230 590 307
6992 3317 1210 590 333
6985 3317 1210 590 344
6956 3340 1200 580 364
6963 3367 1180 590 420
6973 3409 1170 590 423
6988 3462 1180 600 427
7008 3532 1180 600 439
7015 3576 1180 600 473
7015 3603 1190 600 522
6982 3615 1190 600 567
6937 3597 1190 600 589
6882 3558 1210 590 619
6810 3473 1220 600 630
6753 3370 1220 600 630
6705 3254 1220 600 630
6693 3189 1200 600 622
6709 3154 1220 610 620
6744 3138 1220 610 591
6813 3145 1200 620 561
6886 3194 1200 620 542
6965 3271 1180 620 540
7031 3336 1180 620 539
7088 3372 1180 620 539
7102 3389 1180 620 546
7102 3383 1170 610 572
7092 3374 1170 610 595
7092 3347 1170 610 605
7087 3309 1180 600 602
7087 3281 1180 600 595
7097 3260 1190 610 603
7134 3243 1190 610 592
7190 3243 1190 610 592
7277 3284 1170 610 572
7378 3344 1180 620 570
7487 3408 1180 620 567
7571 3446 1180 620 577
7615 3466 1190 630 575
7632 3455 1190 630 591
7632 3440 1200 640 599
7632 3419 1200 640 611
7638 3386 1200 640 616
7647 3347 1220 630 633
7661 3329 1240 640 644
7717 3329 1220 650 659
7799 3343 1220 650 668
7950 3424 1220 650 671
8147 3522 1230 650 663
8374 3632 1230 650 658
8602 3703 1230 650 606
8841 3784 1260 660 284