104
6473 5548 1220 560 63
6533 5594 1220 560 68
6533 5600 1230 560 66
6523 5600 1220 570 75
6502 5588 1220 570 104
6451 5562 1220 570 136
6380 5525 1220 570 186
6308 5508 1220 570 220
6241 5508 1220 570 225
6199 5515 1220 570 233
6171 5569 1220 570 233
6185 5683 1210 560 221
6255 5837 1210 560 225
6361 6055 1210 560 244
6499 6251 1230 560 249
6637 6433 1250 560 253
6741 6536 1260 560 251
6823 6551 1260 560 242
6847 6508 1270 550 306
6839 6390 1300 550 361
6810 6167 1300 550 417
6706 5873 1300 550 480
6586 5571 1300 550 548
6456 5292 1290 560 575
6344 5028 1260 560 617
6237 4864 1250 560 646
6171 4782 1230 560 670
6132 4755 1220 570 675
6088 4755 1190 560 690
6047 4809 1190 560 667
6042 4894 1180 560 638
6059 5048 1180 560 575
6171 5261 1180 560 469
6354 5514 1180 560 289
6987 5663 1250 550 316
6915 5606 1250 550 332
6870 5622 1250 550 297
6834 5655 1250 540 314
6815 5655 1250 540 371
6806 5649 1260 540 409
6783 5603 1250 550 473
6760 5534 1250 550 519
6738 5402 1240 550 543
6725 5284 1240 550 561
6736 5176 1240 550 570
6763 5139 1230 560 567
6822 5120 1230 560 588
6896 5114 1220 570 602
6979 5175 1220 570 603
7092 5303 1200 570 592
7183 5476 1200 570 526
7260 5598 1200 570 277
7476 5314 1270 560 103
7476 5314 1260 570 105
7476 5314 1240 570 163
7474 5370 1260 580 230
7487 5418 1240 580 284
7492 5451 1240 580 296
7492 5489 1240 580 337
7492 5531 1240 580 353
7474 5558 1240 580 364
7449 5570 1240 580 374
7409 5570 1240 580 400
7361 5548 1240 580 412
7307 5484 1240 580 420
7246 5392 1260 580 415
7214 5288 1240 580 423
7200 5192 1240 580 422
7217 5137 1240 580 420
7261 5107 1230 590 413
7322 5107 1210 580 404
7407 5155 1210 580 393
7492 5237 1210 590 369
7578 5341 1210 590 356
7624 5415 1210 590 361
7645 5470 1220 600 374
7639 5464 1220 600 388
7621 5454 1240 600 396
7595 5408 1240 600 399
7566 5340 1240 600 400
7558 5276 1240 600 399
7563 5209 1240 600 392
7588 5158 1240 600 391
7628 5119 1230 610 399
7679 5104 1230 610 394
7747 5115 1230 610 376
7823 5144 1220 610 366
7905 5197 1220 610 351
7960 5253 1200 620 341
7990 5312 1200 620 315
8004 5371 1190 610 315
8004 5403 1190 610 335
8004 5417 1180 600 351
7998 5411 1190 600 394
7998 5377 1190 600 436
8009 5324 1180 590 496
8024 5206 1180 590 516
8062 5087 1170 590 529
8115 5008 1170 590 536
8204 4957 1180 600 562
8354 4966 1160 600 611
8545 5056 1140 610 611
8790 5199 1150 620 559
9057 5406 1150 620 253