225
3028 4581 1010 410 30
2954 4548 1010 410 30
2970 4548 1020 420 39
2983 4548 1020 420 58
2996 4548 1030 430 91
3027 4564 1030 430 105
3069 4583 1020 440 158
3141 4637 1020 440 180
3234 4745 1020 440 186
3341 4890 1020 450 188
3468 5029 1020 450 217
3600 5176 1020 450 230
3740 5328 1030 450 240
3848 5460 1030 450 251
3934 5545 1040 450 246
3996 5600 1060 450 253
4036 5630 1060 440 251
4060 5644 1060 440 253
4060 5644 1050 430 245
4060 5644 1060 430 247
4060 5635 1060 430 247
4060 5630 1060 420 259
4055 5592 1070 420 262
4045 5509 1070 420 272
4015 5396 1060 430 284
3975 5282 1060 430 273
3928 5170 1060 430 286
3888 5055 1050 430 287
3850 4939 1050 430 287
3822 4832 1050 430 282
3804 4752 1050 430 284
3792 4690 1040 430 281
3784 4655 1030 430 279
3777 4619 1030 430 274
3770 4577 1010 420 285
3770 4562 1010 420 262
3770 4562 1000 420 247
3793 4570 1000 420 253
3821 4603 1000 420 256
3882 4654 1000 410 251
3949 4741 1000 420 242
4036 4847 1000 420 256
4133 4965 1000 420 244
4227 5056 1000 430 249
4304 5116 1020 430 249
4370 5155 1020 440 245
4424 5187 1030 440 249
4471 5200 1030 450 244
4513 5200 1040 460 247
4548 5193 1050 460 244
4577 5183 1050 460 249
4603 5166 1050 470 244
4625 5140 1070 470 254
4640 5082 1070 470 267
4649 5005 1070 480 267
4630 4911 1070 480 284
4586 4793 1070 480 289
4525 4658 1060 480 316
4458 4531 1060 480 315
4388 4406 1040 470 312
4317 4282 1030 470 315
4248 4167 1020 460 320
4186 4093 1010 460 319
4135 4046 1010 460 305
4105 4015 990 460 301
4089 4006 980 460 214
4081 4013 980 470 90
3836 5266 1000 410 98
3807 5290 1010 400 175
3777 5276 1020 410 253
3769 5276 1020 410 250
3764 5285 1020 420 255
3769 5270 1020 420 279
3780 5184 1040 430 309
3811 5052 1040 430 348
3854 4841 1030 430 396
3918 4585 1030 430 420
3999 4298 1020 430 436
4091 3956 1000 440 442
4183 3606 990 440 443
4258 3252 960 450 455
4322 2959 940 450 456
4365 2742 920 460 477
4393 2577 900 460 490
4411 2462 870 470 498
4416 2400 850 470 495
4421 2373 820 480 485
4421 2373 810 480 417
4421 2373 800 480 358
4421 2438 800 480 223
4569 5616 1050 430 8
4573 5564 1060 440 66
4573 5587 1050 440 81
4551 5633 1060 450 141
4620 5729 1060 460 170
4743 5873 1060 460 210
4901 6050 1070 460 226
5072 6205 1080 460 247
5250 6368 1100 460 267
5433 6536 1110 460 269
5561 6626 1120 460 267
5643 6680 1150 460 264
5694 6710 1160 460 244
5711 6710 1170 460 217
5711 6705 1180 460 115
4685 5298 1030 410 89
4746 5158 1020 410 96
4746 5141 1020 410 106
4786 5125 1010 410 117
4846 5109 1010 420 137
4915 5071 1010 440 149
4986 5029 1010 440 165
5070 4980 1010 450 165
5160 4923 1010 450 165
5239 4885 1010 460 161
5299 4860 1010 460 151
5346 4840 1010 470 80
5109 5354 1000 450 54
5204 5561 1010 440 76
5292 5686 1020 450 141
5382 5805 1030 450 191
5474 5921 1040 450 202
5564 6008 1060 460 213
5653 6057 1090 460 212
5727 6080 1100 460 221
5787 6080 1110 460 237
5838 6058 1120 460 250
5866 6021 1130 460 249
5879 5970 1130 460 286
5879 5870 1130 460 311
5857 5738 1130 460 311
5803 5611 1120 460 299
5729 5440 1110 460 235
5619 5239 1100 460 212
5515 5053 1090 460 170
5443 4937 1080 470 179
5391 4868 1070 470 168
5360 4863 1050 470 149
5330 4882 1040 470 139
5299 4916 1030 470 137
5263 4977 1020 470 132
5224 5042 1020 470 139
5202 5110 1020 470 146
5210 5179 1020 470 137
5237 5262 1020 470 163
5295 5354 1020 460 170
5368 5459 1030 460 186
5451 5559 1030 460 193
5539 5634 1040 460 191
5605 5693 1040 470 191
5657 5709 1050 470 196
5685 5696 1050 470 205
5702 5663 1070 480 215
5712 5590 1070 480 222
5702 5464 1070 480 207
5671 5302 1080 490 212
5625 5136 1080 490 221
5580 5039 1070 490 223
5570 4989 1070 490 221
5583 4989 1050 490 228
5607 5017 1050 490 244
5645 5058 1040 490 242
5691 5168 1040 490 196
5722 5299 1040 490 12
5129 6698 1160 430 17
5123 6635 1160 430 53
5146 6558 1160 430 89
5191 6448 1170 440 110
5250 6315 1170 440 134
5327 6173 1160 440 167
5410 5963 1160 450 214
5503 5708 1150 450 244
5602 5406 1130 460 269
5706 5038 1130 470 264
5815 4627 1100 470 282
5901 4353 1070 480 304
5971 4127 1050 480 346
6032 3934 1030 480 353
6080 3766 990 490 366
6118 3645 970 490 369
6152 3556 950 490 359
6162 3481 920 490 362
6155 3444 910 500 369
6135 3432 900 500 334
6108 3421 900 500 282
6075 3443 900 500 207
6029 3487 890 500 48
5537 5209 970 480 104
5537 5209 990 490 173
5470 5160 1000 490 237
5440 5119 1010 480 277
5404 5062 1030 480 309
5365 4946 1030 480 341
5309 4792 1030 480 379
5244 4567 1030 480 425
5174 4315 1010 480 425
5112 4044 1000 490 423
5048 3771 990 480 412
4983 3529 970 480 425
4920 3308 940 480 418
4863 3141 920 470 425
4817 3034 900 470 423
4778 2968 890 470 379
4769 2956 870 470 279
4780 2993 860 460 256
4821 3063 860 460 124
5129 4192 900 470 13
5405 4546 910 470 65
5558 4638 930 470 115
5747 4727 940 470 136
5959 4809 970 480 165
6190 4886 980 480 213
6449 4955 990 480 257
6727 4992 1000 490 299
6986 5010 1010 480 324
7236 5000 1030 480 349
7481 4990 1040 490 364
7671 4979 1050 500 369
7819 4966 1060 500 376
7940 4959 1060 500 376
7985 4959 1060 500 379
8000 4953 1070 500 396
7995 4953 1070 500 415
7989 4953 1070 500 407
7952 4958 1070 500 120