294
4828 6692 1270 530 27
4828 6692 1270 530 225
4732 6668 1270 530 265
4662 6686 1270 530 285
4636 6678 1250 530 315
4629 6678 1250 530 330
4634 6678 1270 520 371
4670 6678 1270 520 410
4741 6678 1270 510 442
4834 6686 1270 510 465
4944 6704 1280 500 468
5071 6724 1290 510 478
5208 6737 1290 510 478
5319 6724 1290 510 481
5397 6696 1300 520 483
5453 6657 1300 520 493
5474 6614 1300 520 491
5453 6554 1310 520 489
5404 6485 1310 520 473
5315 6401 1310 520 458
5211 6325 1300 530 449
5098 6255 1300 530 443
4995 6198 1300 530 444
4898 6161 1300 530 439
4837 6137 1290 520 453
4798 6137 1280 530 471
4785 6137 1280 530 481
4774 6150 1270 520 496
4763 6157 1270 520 496
4752 6162 1270 520 499
4747 6162 1270 520 499
4747 6162 1260 510 488
4747 6162 1260 510 498
4754 6162 1260 510 491
4778 6157 1260 510 498
4816 6157 1260 510 496
4877 6164 1260 510 496
4968 6183 1260 510 489
5079 6206 1270 520 492
5183 6220 1270 520 496
5268 6220 1270 520 507
5339 6201 1280 530 515
5392 6174 1280 530 537
5435 6132 1280 530 543
5472 6085 1280 530 550
5516 6029 1290 530 559
5557 5975 1290 530 564
5597 5922 1290 530 567
5627 5864 1290 530 580
5627 5795 1280 540 595
5607 5718 1280 540 591
5545 5630 1260 540 594
5455 5541 1250 550 591
5346 5453 1240 550 595
5232 5377 1220 560 594
5121 5309 1220 560 585
5042 5284 1200 550 594
4982 5284 1180 560 554
4943 5303 1180 560 496
4907 5343 1170 560 399
4877 5397 1170 560 254
4812 6595 1240 530 88
4812 6595 1240 530 148
4812 6595 1250 530 155
4812 6595 1250 530 217
4812 6595 1250 530 282
4893 6610 1270 520 335
4922 6601 1270 520 398
4950 6562 1270 520 430
4973 6504 1280 520 469
4993 6392 1280 520 493
4993 6239 1290 510 517
4970 6060 1290 520 540
4934 5838 1290 520 570
4889 5614 1280 530 588
4844 5352 1270 530 597
4798 5066 1250 540 602
4752 4795 1240 540 608
4729 4578 1210 550 608
4708 4396 1200 550 608
4708 4251 1160 550 603
4722 4147 1130 560 594
4735 4070 1100 560 583
4747 4029 1090 570 542
4747 4017 1070 570 483
4747 4025 1060 570 379
4747 4030 1060 570 167
6387 6404 1290 520 207
6240 6341 1290 520 252
6126 6315 1280 530 291
6065 6296 1270 520 304
6039 6277 1270 520 356
6101 6293 1270 520 394
6228 6349 1260 510 425
6398 6433 1260 510 481
6508 6522 1270 520 491
6628 6598 1270 520 504
6755 6646 1280 520 505
6833 6680 1290 520 519
6859 6688 1300 520 519
6851 6688 1300 520 465
6814 6688 1310 520 281
5509 5864 1190 540 285
5578 5887 1190 540 305
5578 5900 1200 540 316
5541 5915 1220 540 322
5578 5896 1230 530 387
5617 5841 1230 530 443
5657 5762 1230 530 505
5681 5643 1230 530 532
5697 5494 1230 530 539
5705 5324 1220 540 550
5717 5181 1200 540 554
5738 5074 1190 540 553
5776 4990 1170 550 546
5824 4915 1160 550 540
5872 4880 1160 550 496
5920 4872 1150 550 377
5954 4882 1150 550 177
5857 5110 1160 550 156
5801 5183 1150 540 160
5753 5230 1150 540 158
5744 5283 1150 540 171
5782 5357 1150 540 233
5852 5446 1150 540 307
5971 5558 1150 540 394
6125 5673 1160 550 435
6302 5789 1160 550 473
6463 5891 1170 550 491
6608 5958 1190 540 518
6742 6003 1210 550 539
6869 6003 1230 550 567
6961 5963 1250 550 594
7029 5900 1260 540 611
7065 5794 1270 550 614
7057 5686 1290 550 622
7019 5573 1270 550 620
6942 5443 1270 550 614
6832 5304 1260 560 608
6699 5179 1250 560 591
6590 5084 1230 560 539
6514 5008 1220 570 430
6461 4976 1200 570 163
6391 5281 1180 570 129
6344 5510 1200 570 374
6329 5563 1200 570 453
6311 5588 1220 570 481
6311 5599 1220 570 526
6323 5605 1220 570 560
6353 5634 1230 560 586
6424 5681 1230 560 603
6522 5737 1230 560 610
6625 5767 1230 560 620
6728 5781 1230 560 627
6799 5772 1240 570 628
6848 5731 1240 570 611
6829 5668 1240 570 569
6755 5567 1240 570 524
6644 5448 1240 570 472
6529 5318 1240 570 466
6404 5191 1240 570 473
6273 5106 1240 570 489
6183 5049 1230 580 522
6139 5026 1220 570 535
6125 5026 1220 570 569
6109 5033 1220 570 594
6099 5033 1210 560 589
6099 5033 1210 560 597
6115 5033 1210 560 610
6186 5065 1220 570 617
6294 5119 1220 570 625
6423 5183 1220 570 633
6541 5233 1220 570 634
6612 5241 1220 570 638
6654 5226 1220 570 644
6654 5187 1220 570 644
6605 5122 1210 560 638
6532 5039 1210 560 630
6456 4965 1210 560 614
6380 4889 1210 560 610
6303 4827 1190 560 611
6249 4775 1190 560 616
6226 4764 1190 560 610
6226 4772 1180 570 620
6242 4792 1180 570 610
6293 4848 1180 570 610
6365 4902 1180 570 614
6435 4954 1180 570 619
6507 4996 1180 570 619
6579 5036 1190 580 592
6648 5070 1200 570 452
6470 7250 1380 500 39
6470 7250 1380 500 90
6470 7250 1380 500 130
6470 7250 1380 500 149
6470 7250 1380 500 176
6470 7250 1380 500 218
6486 7329 1380 500 249
6504 7349 1380 500 279
6521 7366 1380 500 312
6536 7377 1380 500 346
6549 7383 1380 510 366
6560 7383 1380 510 384
6572 7383 1380 510 394
6578 7376 1380 510 399
6578 7363 1380 510 413
6584 7341 1400 510 422
6574 7289 1400 510 425
6555 7217 1400 510 417
6528 7107 1400 510 425
6492 6947 1380 510 435
6451 6754 1380 510 463
6412 6549 1380 510 538
6371 6299 1370 520 539
6355 6020 1350 520 559
6355 5702 1340 520 567
6355 5392 1330 530 586
6326 5088 1300 540 586
6284 4793 1290 550 602
6245 4555 1260 560 616
6206 4355 1230 560 619
6166 4159 1200 570 636
6149 3987 1170 580 636
6149 3832 1130 580 639
6165 3715 1100 580 639
6196 3645 1090 590 639
6221 3606 1060 580 641
6243 3571 1050 580 636
6258 3552 1030 580 627
6263 3543 1020 580 620
6263 3543 1020 580 595
6263 3548 1000 590 560
6263 3548 1000 600 499
6252 3573 1000 600 382
6241 3608 1000 600 107
6237 5363 1210 550 151
6308 5457 1200 550 167
6264 5479 1210 560 180
6303 5498 1210 560 240
6352 5515 1210 560 309
6408 5523 1190 560 356
6445 5497 1200 570 402
6455 5450 1200 570 415
6447 5343 1200 570 425
6408 5215 1200 570 431
6347 5074 1200 570 435
6272 4920 1200 570 443
6176 4752 1200 570 447
6082 4575 1190 580 472
5988 4428 1190 580 490
5921 4313 1170 580 493
5868 4219 1160 580 488
5825 4164 1160 580 488
5781 4147 1140 590 468
5737 4156 1130 590 428
5682 4190 1130 590 417
5620 4245 1110 590 410
5551 4315 1110 590 400
5484 4392 1110 590 399
5420 4474 1110 590 402
5388 4559 1100 580 404
5375 4625 1100 580 418
5419 4704 1120 580 415
5517 4791 1120 580 428
5652 4929 1130 580 447
5829 5065 1160 580 480
5995 5157 1160 580 519
6153 5222 1170 580 557
6314 5222 1190 580 602
6438 5191 1200 580 639
6538 5129 1210 580 664
6610 5053 1210 580 673
6671 4974 1230 580 694
6724 4890 1230 580 694
6791 4800 1210 580 708
6862 4709 1210 580 716
6939 4619 1210 580 734
7019 4541 1200 580 750
7127 4472 1200 580 765
7259 4410 1180 590 779
7406 4343 1180 590 794
7541 4276 1170 580 785
7675 4213 1170 590 791
7807 4154 1170 590 797
7943 4100 1170 590 803
8082 4061 1170 590 808
8228 4032 1170 590 814
8402 4020 1170 590 817
8591 4030 1170 590 821
8794 4055 1170 590 823
9014 4108 1170 590 827
9246 4186 1180 600 806
9508 4282 1190 600 730
9755 4413 1190 600 463