130
3056 7334 1350 800 367
3241 7371 1350 800 362
3303 7467 1350 800 369
3414 7511 1390 790 369
3567 7551 1420 790 374
3749 7588 1440 770 377
3943 7601 1430 740 379
4128 7588 1440 720 379
4307 7558 1410 700 381
4430 7498 1420 680 389
4520 7423 1440 660 388
4588 7339 1450 640 415
4626 7255 1440 610 443
4634 7159 1450 590 478
4622 7054 1440 580 494
4584 6929 1450 560 515
4526 6801 1460 540 512
4454 6670 1450 530 515
4366 6542 1450 510 516
4258 6409 1460 500 496
4136 6279 1460 490 407
4002 6154 1450 500 282
3865 6037 1450 500 53
3524 6524 1440 500 294
3632 6701 1440 500 334
3632 6763 1440 500 371
3632 6768 1440 500 372
3625 6768 1440 500 379
3599 6713 1440 500 381
3556 6623 1440 500 384
3494 6485 1440 500 386
3420 6342 1440 500 384
3338 6196 1440 500 386
3253 6067 1440 500 387
3170 5950 1440 500 389
3087 5842 1430 510 387
3033 5764 1430 510 386
3019 5728 1430 510 382
3032 5719 1420 520 384
3090 5719 1420 520 387
3207 5752 1410 520 387
3362 5800 1410 520 391
3536 5844 1400 530 393
3727 5884 1400 530 394
3929 5895 1410 530 393
4116 5889 1410 530 396
4298 5856 1410 530 394
4444 5803 1400 540 431
4566 5737 1400 540 474
4666 5653 1390 540 501
4742 5545 1390 540 515
4802 5422 1400 540 519
4821 5274 1400 540 538
4800 5122 1400 540 554
4752 4965 1400 540 581
4650 4802 1410 530 603
4523 4637 1410 530 634
4379 4495 1410 530 658
4221 4361 1410 530 667
4066 4233 1410 530 679
3914 4131 1400 540 687
3778 4051 1400 540 694
3650 3986 1400 540 699
3527 3948 1410 550 702
3438 3936 1410 550 697
3373 3942 1410 550 665
3323 3972 1410 550 538
3282 4024 1410 550 176
2787 4862 1390 540 245
2578 4852 1400 530 289
2462 4888 1400 530 377
2395 4923 1400 530 465
2361 4935 1400 530 475
2369 4935 1400 530 499
2442 4935 1400 530 515
2559 4959 1400 530 522
2746 4995 1400 530 522
2936 5036 1400 530 512
3168 5086 1410 520 478
3428 5143 1410 520 435
3695 5204 1410 520 371
3962 5265 1400 530 241
4228 5332 1400 530 37
6946 6822 1470 490 522
7031 6788 1480 480 488
7005 6821 1480 480 486
6942 6904 1490 480 495
6942 6857 1500 470 497
6936 6753 1510 460 522
6927 6612 1520 450 522
6917 6406 1530 460 533
6898 6182 1530 460 533
6872 5947 1530 460 540
6835 5724 1520 460 536
6792 5546 1520 460 537
6745 5398 1510 470 540
6705 5244 1500 480 539
6668 5114 1490 490 522
6637 5001 1480 500 388
6609 4902 1480 500 12
6580 5560 1450 540 448
6797 5650 1430 530 477
6873 5703 1430 530 536
6942 5764 1440 540 556
7075 5773 1440 540 561
7227 5773 1440 540 564
7392 5756 1440 540 554
7576 5748 1440 540 513
7752 5743 1450 550 480
7923 5743 1450 550 431
8036 5743 1440 560 367
8113 5743 1450 560 306
8166 5743 1450 560 212
5603 4656 1410 530 443
5591 4603 1410 530 466
5652 4620 1400 530 530
5740 4631 1390 520 542
5956 4631 1370 530 559
6212 4631 1360 520 562
6494 4622 1360 520 565
6805 4613 1350 530 570
7101 4613 1350 530 566
7359 4613 1360 540 578
7597 4613 1350 540 611
7780 4613 1360 550 614
7918 4600 1380 550 627
8027 4585 1380 550 625
8099 4568 1390 560 616
8149 4549 1400 560 543
8184 4531 1420 570 337