131
2986 7105 1260 560 287
2925 7086 1250 540 279
2883 7100 1260 510 284
2892 7120 1270 500 294
2934 7154 1260 490 316
2999 7197 1260 490 325
3102 7246 1270 500 335
3222 7290 1270 500 349
3352 7331 1290 500 364
3465 7351 1290 500 394
3572 7357 1290 500 440
3674 7334 1320 500 481
3770 7275 1320 500 551
3842 7192 1320 500 595
3897 7054 1340 500 622
3943 6859 1340 500 665
3960 6626 1340 500 696
3960 6365 1340 500 721
3933 6103 1340 500 739
3896 5841 1330 510 748
3850 5646 1320 510 752
3818 5496 1300 520 746
3790 5377 1290 520 727
3771 5298 1280 530 678
3759 5273 1270 530 501
3742 5283 1250 540 55
3388 6194 1200 540 232
3357 6223 1200 540 286
3326 6255 1200 540 294
3304 6238 1200 540 364
3272 6188 1220 540 428
3232 6110 1220 540 494
3172 5991 1230 530 540
3101 5844 1230 530 554
3023 5686 1240 530 561
2950 5525 1240 530 586
2883 5363 1240 530 605
2829 5223 1250 530 614
2793 5112 1240 530 624
2768 5020 1240 530 625
2768 4958 1240 530 625
2785 4918 1230 530 620
2820 4892 1230 530 624
2885 4892 1230 530 630
2982 4929 1220 540 633
3099 4985 1220 540 636
3247 5057 1220 540 636
3399 5129 1200 540 636
3574 5202 1200 540 633
3763 5261 1190 540 634
3930 5315 1190 540 636
4099 5360 1190 540 636
4268 5377 1190 540 638
4402 5377 1200 540 639
4514 5333 1200 540 644
4604 5250 1200 540 637
4667 5142 1190 530 644
4712 4995 1190 530 665
4726 4809 1180 540 685
4715 4598 1180 540 711
4688 4395 1180 540 733
4648 4182 1180 540 754
4597 3962 1180 540 790
4538 3764 1170 540 808
4474 3606 1170 540 822
4395 3476 1170 540 833
4307 3370 1150 540 836
4202 3298 1150 540 837
4080 3248 1140 550 833
3947 3239 1140 550 830
3804 3276 1140 550 790
3634 3344 1120 550 670
3447 3433 1120 550 491
2112 3569 1110 550 311
1974 3575 1120 560 389
1927 3591 1120 560 400
1927 3607 1120 560 407
1960 3629 1130 560 414
2034 3665 1130 560 450
2160 3707 1130 560 499
2321 3770 1130 560 572
2529 3849 1130 560 620
2784 3939 1130 560 640
3070 4028 1150 550 670
3374 4151 1150 550 667
3679 4296 1150 550 666
3968 4426 1150 550 670
4245 4550 1160 550 641
4506 4663 1160 550 486
7025 6321 1320 500 211
7026 6419 1330 510 264
7019 6419 1340 500 287
7019 6381 1340 500 324
7019 6311 1350 510 399
7024 6188 1360 500 490
7036 6012 1350 510 543
7056 5801 1350 510 592
7082 5586 1340 510 614
7097 5367 1340 520 628
7106 5145 1340 520 625
7116 4972 1330 530 624
7127 4855 1330 530 617
7138 4776 1330 540 606
7154 4745 1310 550 537
7168 4754 1310 550 373
7213 5362 1260 570 170
7311 5514 1250 560 253
7365 5557 1250 560 312
7420 5599 1250 560 398
7520 5642 1250 560 427
7647 5690 1250 560 465
7792 5741 1250 560 494
7952 5800 1250 560 520
8089 5858 1250 560 512
8210 5916 1260 560 513
8315 5955 1270 550 517
8392 5974 1270 550 492
8450 5979 1290 560 409
6199 4632 1290 550 557
6115 4582 1290 550 556
6151 4587 1260 540 564
6258 4579 1260 540 560
6402 4588 1250 550 575
6596 4608 1240 540 617
6824 4636 1230 550 675
7069 4679 1230 550 725
7332 4730 1230 550 756
7607 4786 1240 550 779
7867 4841 1240 550 785
8088 4891 1240 550 774
8284 4933 1250 560 719