126
2792 5968 1280 490 172
2825 5918 1300 480 215
2825 5938 1330 460 214
2793 5995 1360 450 214
2808 5995 1380 440 219
2885 6024 1400 420 226
3002 6071 1420 420 226
3185 6129 1430 420 239
3392 6190 1430 420 244
3616 6279 1430 430 257
3811 6302 1430 430 269
3947 6261 1440 430 274
4044 6176 1450 420 285
4108 6035 1460 430 282
4119 5858 1460 430 292
4095 5662 1480 420 301
4026 5443 1480 420 301
3938 5210 1470 430 301
3836 5006 1470 430 297
3730 4831 1470 430 294
3633 4676 1460 440 250
3541 4593 1460 440 96
3472 5103 1400 460 99
3554 5288 1400 460 122
3572 5376 1400 460 168
3572 5440 1400 460 180
3572 5450 1400 460 185
3572 5433 1400 460 212
3563 5369 1400 460 240
3528 5258 1400 460 280
3465 5117 1400 460 307
3384 4933 1420 450 325
3291 4744 1420 450 339
3210 4553 1420 450 361
3137 4404 1420 450 373
3109 4301 1420 450 369
3125 4230 1420 450 394
3169 4189 1420 450 422
3256 4179 1420 450 449
3399 4190 1410 460 450
3578 4230 1410 460 453
3815 4282 1410 460 461
4048 4343 1410 460 469
4278 4385 1400 460 468
4485 4402 1400 460 469
4672 4402 1400 460 468
4846 4363 1400 460 473
4964 4297 1400 460 474
5055 4214 1410 460 474
5129 4119 1410 460 472
5165 3993 1410 460 478
5154 3847 1410 460 488
5111 3663 1410 460 502
5024 3491 1430 460 522
4910 3328 1430 460 527
4778 3146 1430 460 544
4621 2994 1430 460 545
4482 2862 1430 460 557
4356 2763 1430 460 557
4246 2701 1430 460 553
4139 2665 1440 470 522
4045 2656 1440 470 338
2758 3118 1390 460 369
2632 3053 1390 460 387
2581 3097 1390 460 382
2586 3087 1390 460 387
2627 3077 1390 460 393
2686 3066 1380 460 402
2775 3082 1390 450 430
2884 3114 1390 450 443
3047 3170 1390 450 448
3253 3246 1390 450 443
3488 3336 1380 460 428
3737 3420 1380 460 359
3946 3490 1390 460 233
7580 5369 1500 460 60
7528 5374 1500 460 94
7513 5394 1500 460 96
7523 5372 1500 460 115
7533 5325 1500 460 170
7541 5244 1500 460 256
7541 5123 1500 460 304
7529 4975 1490 470 344
7508 4772 1490 470 376
7479 4576 1490 470 394
7444 4384 1490 470 423
7416 4181 1480 470 423
7389 3999 1480 470 420
7376 3831 1470 470 420
7371 3706 1460 480 417
7377 3628 1460 480 407
7384 3581 1460 480 312
7392 3559 1450 480 129
7373 4077 1440 480 173
7344 4119 1440 480 253
7326 4145 1440 480 262
7338 4176 1440 480 285
7369 4191 1450 480 301
7449 4223 1450 480 317
7550 4267 1450 480 312
7664 4302 1460 480 312
7780 4333 1460 480 312
7888 4341 1460 480 304
7953 4336 1460 480 214
7990 4317 1480 470 48
6048 3262 1470 460 304
5929 3090 1460 460 282
5871 3079 1470 450 289
5814 3079 1450 440 291
5842 3051 1450 440 304
5874 3022 1430 450 340
5937 2995 1430 450 382
6019 2971 1430 450 444
6153 2962 1450 450 486
6347 2974 1440 460 507
6582 3001 1440 460 515
6874 3053 1440 460 512
7171 3124 1440 470 515
7470 3209 1440 470 516
7811 3309 1440 470 533
8135 3374 1440 480 535
8447 3417 1450 480 537
8715 3428 1450 480 532
8923 3416 1460 490 519
9090 3390 1460 490 473
9201 3367 1470 490 332