120
3215 7480 702 1220 710
3334 7514 652 1220 710
3326 7609 637 1220 700
3413 7694 638 1220 680
3563 7787 638 1200 650
3813 7885 636 1210 630
4068 7937 608 1220 610
4326 7929 588 1200 600
4545 7882 589 1220 600
4706 7802 594 1240 600
4827 7695 619 1240 600
4870 7571 670 1240 600
4875 7369 691 1250 590
4855 7176 728 1250 590
4798 6989 749 1250 590
4714 6757 760 1270 590
4612 6541 760 1270 590
4520 6327 758 1270 590
4428 6110 720 1270 590
4338 5927 647 1270 590
4249 5784 449 1260 580
3608 6443 586 1180 590
3648 6496 591 1180 590
3604 6515 595 1190 600
3593 6515 597 1190 600
3583 6432 589 1190 600
3555 6300 578 1190 600
3515 6139 561 1200 600
3458 5977 567 1220 600
3386 5814 560 1220 600
3305 5652 563 1220 600
3242 5553 566 1220 600
3183 5482 567 1200 600
3151 5429 568 1200 600
3135 5411 561 1190 610
3156 5411 557 1190 610
3225 5411 559 1170 610
3326 5452 556 1170 610
3483 5512 556 1150 620
3678 5586 554 1150 620
3898 5640 561 1140 620
4090 5660 570 1140 620
4282 5660 578 1120 620
4446 5613 608 1120 620
4591 5528 624 1120 620
4733 5417 652 1120 620
4850 5267 675 1120 620
4950 5104 697 1120 620
5023 4932 724 1120 620
5054 4727 758 1120 620
5054 4522 790 1120 620
4998 4288 809 1120 620
4880 4036 819 1130 630
4724 3770 849 1110 640
4516 3498 866 1110 640
4329 3298 891 1110 640
4157 3147 897 1090 640
4043 3078 894 1090 640
3973 3066 853 1100 650
3933 3093 785 1080 650
3887 3155 670 1080 650
3835 3249 310 1080 650
2674 4152 751 1050 610
2758 4147 743 1050 610
2744 4194 749 1050 610
2829 4209 748 1040 600
2981 4242 730 1070 610
3233 4329 620 1070 610
3534 4447 389 1070 610
7216 6835 568 1200 550
7331 7027 566 1210 550
7267 7144 586 1240 550
7274 7134 594 1250 550
7309 7134 599 1270 550
7363 7143 639 1270 550
7430 7070 676 1290 560
7488 6913 724 1290 560
7540 6699 757 1300 560
7572 6427 785 1310 570
7586 6089 818 1300 580
7586 5708 831 1310 580
7586 5432 854 1290 590
7575 5165 851 1290 600
7560 4905 842 1280 610
7543 4699 809 1270 620
7518 4558 702 1260 620
7488 4461 473 1240 630
7179 5244 684 1050 650
7501 5456 700 1050 650
7568 5550 722 1050 650
7548 5584 753 1080 650
7658 5613 767 1080 650
7826 5634 770 1080 650
8033 5672 773 1080 650
8247 5722 770 1100 650
8471 5778 757 1100 660
8667 5834 702 1100 660
8839 5889 592 1130 650
8975 5933 361 1160 660
5942 4124 619 1130 630
5822 3913 600 1100 630
5776 3892 595 1080 630
5816 3853 600 1070 620
5955 3802 614 1050 620
6159 3802 620 1050 610
6476 3847 636 1020 600
6842 3916 655 1030 610
7240 3984 672 1030 610
7662 4047 707 1030 610
8030 4107 754 1040 620
8361 4120 829 1020 630
8626 4101 876 1020 630
8831 4061 930 1030 640
8996 3992 970 1030 650
9107 3922 995 1030 650
9208 3850 992 1040 660
9301 3803 983 1050 670
9384 3771 951 1050 680
9444 3777 855 1040 690
9488 3812 638 1040 700