157
2624 6551 218 1460 440
2564 6619 296 1470 450
2540 6632 336 1470 450
2530 6642 351 1470 450
2530 6648 376 1470 460
2569 6665 415 1470 460
2624 6690 442 1480 460
2740 6726 486 1470 470
2883 6767 514 1480 470
3045 6812 532 1480 470
3248 6854 537 1490 480
3445 6895 550 1490 480
3637 6909 568 1500 480
3821 6909 564 1500 480
3973 6880 569 1500 480
4104 6839 572 1510 480
4221 6788 578 1510 480
4304 6736 595 1510 480
4365 6685 603 1510 480
4409 6631 622 1510 480
4433 6567 652 1510 480
4443 6463 666 1510 480
4409 6333 688 1510 480
4346 6187 700 1530 490
4263 6006 717 1520 490
4152 5801 731 1520 490
4043 5613 761 1520 490
3936 5425 760 1500 500
3861 5242 762 1500 500
3805 5095 762 1490 510
3761 4969 760 1490 510
3726 4872 757 1480 510
3706 4813 737 1480 510
3696 4779 638 1470 520
3696 4774 391 1470 520
3409 5642 117 1480 530
3418 5670 382 1480 530
3410 5686 393 1480 530
3390 5686 396 1490 520
3379 5686 420 1490 520
3373 5663 464 1490 520
3338 5624 501 1480 510
3285 5547 537 1480 510
3220 5439 566 1480 510
3131 5311 592 1480 510
3035 5169 595 1460 520
2935 5027 605 1460 520
2857 4885 605 1460 520
2800 4744 613 1450 530
2756 4644 614 1450 530
2734 4572 613 1430 530
2734 4524 616 1430 530
2760 4492 611 1430 530
2815 4470 620 1450 540
2917 4476 630 1450 540
3050 4505 636 1450 540
3228 4550 661 1440 540
3409 4605 666 1440 540
3631 4659 670 1440 540
3878 4713 676 1440 540
4119 4759 682 1440 540
4359 4781 681 1440 540
4598 4787 681 1430 550
4815 4766 687 1430 550
4986 4740 699 1440 560
5126 4696 690 1440 560
5257 4642 705 1440 560
5363 4573 719 1450 560
5452 4500 725 1450 560
5503 4407 742 1450 560
5523 4304 763 1470 560
5523 4192 768 1470 560
5500 4064 782 1470 560
5447 3926 784 1490 560
5372 3750 809 1490 560
5254 3580 833 1500 570
5126 3415 860 1500 570
4992 3227 863 1500 570
4869 3054 876 1500 570
4748 2892 885 1500 570
4634 2743 887 1500 570
4543 2631 893 1500 570
4466 2543 893 1500 570
4408 2490 890 1500 570
4355 2466 867 1480 570
4312 2466 831 1480 570
4269 2480 748 1480 570
4225 2521 546 1470 580
2400 3149 372 1390 520
2357 3118 396 1390 520
2310 3139 473 1390 520
2291 3146 504 1380 510
2291 3146 527 1380 510
2291 3146 567 1370 520
2319 3155 588 1370 520
2360 3174 616 1390 520
2446 3197 634 1390 520
2585 3233 650 1390 520
2759 3278 663 1400 530
2951 3335 673 1400 530
3190 3391 678 1400 530
3460 3447 673 1400 530
3737 3490 675 1400 530
3988 3521 670 1400 530
4212 3545 667 1390 540
4425 3563 671 1390 540
4587 3579 643 1390 540
4715 3589 519 1400 540
6974 4935 173 1480 500
6994 5050 254 1480 500
6986 5130 337 1500 500
6981 5163 396 1500 500
6981 5191 453 1500 510
6981 5200 458 1500 510
6981 5200 480 1510 510
6988 5176 546 1510 510
6996 5100 591 1530 520
7002 4987 644 1530 520
7008 4817 690 1530 530
7013 4623 711 1530 530
7025 4414 714 1530 530
7039 4198 710 1540 530
7053 4025 707 1540 530
7065 3882 666 1540 530
7075 3783 458 1530 540
7164 4230 402 1520 560
7169 4262 427 1520 560
7169 4307 463 1520 560
7192 4345 538 1520 560
7252 4378 583 1520 560
7335 4413 606 1520 560
7420 4443 616 1520 560
7498 4462 616 1500 550
7570 4472 616 1500 550
7626 4467 611 1500 550
7667 4452 588 1500 550
7698 4425 475 1500 550
7716 4392 65 1500 550
6059 3112 244 1470 550
6021 3119 306 1470 550
6026 3112 442 1470 550
6061 3106 557 1470 550
6115 3113 617 1460 540
6210 3129 672 1460 540
6352 3160 721 1450 550
6524 3204 760 1450 550
6728 3258 774 1450 550
6960 3313 788 1460 550
7210 3365 791 1450 560
7464 3409 791 1450 560
7706 3448 791 1470 560
7939 3484 794 1470 560
8128 3517 796 1480 570
8307 3549 790 1500 570
8479 3577 768 1500 570
8615 3600 705 1500 580
8709 3618 410 1500 580