120
3750 6476 301 1360 480
3788 6501 329 1350 470
3794 6539 334 1350 470
3794 6590 334 1350 470
3895 6607 335 1360 480
4001 6636 342 1350 490
4151 6672 344 1360 490
4330 6705 381 1350 500
4499 6734 405 1360 500
4669 6734 417 1360 510
4809 6713 441 1370 520
4927 6671 471 1370 530
4983 6588 505 1390 540
4992 6479 524 1390 550
4969 6307 530 1400 550
4905 6115 532 1390 560
4808 5910 526 1400 560
4690 5750 521 1390 570
4595 5642 469 1390 570
4514 5570 282 1380 580
4119 5746 284 1350 590
4132 5932 472 1340 580
4127 5955 510 1340 580
4102 5955 517 1340 580
4102 5941 516 1320 590
4085 5813 519 1320 590
4053 5657 524 1310 580
4004 5483 532 1310 580
3948 5305 540 1320 590
3886 5138 554 1320 590
3830 4979 556 1320 590
3799 4852 551 1320 590
3785 4771 548 1310 580
3811 4721 545 1290 590
3881 4721 540 1290 590
3981 4779 537 1290 590
4131 4885 543 1290 600
4301 5001 546 1290 600
4483 5104 550 1280 610
4669 5153 550 1280 610
4810 5169 554 1260 610
4920 5148 559 1260 610
5008 5090 564 1270 620
5085 5007 594 1270 620
5155 4850 630 1270 620
5218 4654 647 1270 620
5262 4432 656 1270 630
5294 4182 665 1270 630
5288 3968 670 1270 630
5242 3777 702 1290 640
5169 3615 754 1270 640
5066 3484 791 1270 640
4950 3375 796 1260 660
4824 3276 797 1260 660
4701 3216 796 1240 660
4598 3181 731 1220 670
4508 3191 600 1220 670
4416 3247 415 1200 670
3723 3522 139 1140 660
3413 3410 394 1140 660
3309 3369 522 1130 650
3237 3369 592 1130 650
3225 3385 595 1130 650
3252 3421 614 1130 650
3360 3513 638 1120 640
3545 3642 668 1120 640
3780 3791 675 1120 640
4038 3941 681 1140 640
4337 4092 640 1140 640
4663 4242 515 1140 640
4946 4381 251 1160 640
6970 6237 636 1320 650
7148 6281 665 1350 650
7174 6290 663 1370 650
7174 6301 670 1410 640
7197 6145 676 1430 640
7232 5898 679 1450 640
7243 5590 690 1450 640
7243 5271 699 1460 640
7243 4988 697 1460 640
7234 4728 702 1480 650
7224 4585 694 1480 650
7212 4485 673 1490 660
7212 4414 490 1490 660
7454 5025 616 1370 700
7574 5125 721 1350 690
7620 5163 720 1350 690
7641 5182 721 1350 690
7712 5182 731 1350 690
7815 5182 710 1390 690
7942 5182 690 1390 690
8052 5190 679 1390 690
8151 5207 646 1410 680
8206 5215 545 1430 690
8231 5221 442 1430 690
8237 5202 270 1430 690
6662 4265 480 1390 690
6397 4051 614 1390 690
6293 4026 642 1390 690
6215 4044 622 1370 690
6225 4044 595 1370 690
6294 4039 589 1350 690
6424 4056 594 1330 690
6592 4088 637 1330 690
6785 4111 687 1330 690
6987 4130 730 1290 680
7182 4153 751 1290 680
7371 4179 759 1290 680
7585 4207 790 1270 690
7802 4221 784 1290 700
8027 4226 788 1290 700
8220 4220 794 1310 710
8391 4214 799 1310 710
8544 4207 808 1300 720
8644 4196 817 1300 720
8709 4180 817 1300 720
8735 4161 817 1330 730
8735 4146 800 1330 730
8714 4133 731 1350 730
8674 4123 448 1350 730