113
3539 7332 522 1350 830
3942 7373 496 1350 800
3979 7412 498 1350 800
4074 7417 502 1350 800
4208 7400 504 1350 800
4418 7400 510 1350 800
4660 7432 510 1350 800
4923 7475 519 1350 800
5176 7475 537 1350 800
5363 7422 609 1350 800
5506 7338 679 1350 800
5588 7205 721 1350 790
5623 7028 754 1350 770
5623 6822 759 1320 770
5590 6609 762 1350 760
5533 6406 762 1350 750
5461 6210 749 1320 740
5381 6049 678 1300 730
5272 5911 522 1300 720
5143 5789 158 1300 720
4536 6258 450 1230 650
4580 6295 491 1220 650
4571 6288 562 1220 650
4564 6288 575 1220 650
4553 6237 581 1220 650
4538 6158 583 1220 650
4498 6023 580 1220 650
4433 5866 575 1220 650
4351 5694 580 1200 640
4248 5546 592 1200 640
4145 5441 606 1200 640
4084 5364 616 1200 640
4050 5336 600 1200 640
4050 5336 591 1190 640
4076 5345 589 1190 640
4122 5366 594 1190 640
4228 5388 595 1170 650
4376 5411 585 1170 650
4551 5429 589 1160 640
4770 5446 592 1150 650
4989 5466 595 1150 650
5209 5488 611 1150 650
5424 5488 638 1150 650
5579 5428 688 1160 660
5694 5336 731 1160 660
5753 5175 754 1170 670
5760 4971 788 1170 670
5733 4739 812 1180 680
5666 4518 837 1160 680
5588 4308 861 1170 690
5503 4105 854 1170 690
5421 3952 860 1160 700
5330 3831 858 1160 700
5233 3732 858 1130 710
5137 3667 869 1150 710
5031 3624 833 1150 710
4917 3596 776 1120 720
4784 3581 646 1120 720
4628 3595 338 1120 720
3502 4229 589 1080 680
3475 4260 603 1080 680
3451 4296 611 1080 680
3475 4320 668 1080 680
3532 4336 670 1080 680
3685 4382 667 1090 670
3885 4435 638 1090 670
4115 4494 489 1090 670
4377 4559 120 1090 670
8183 6767 472 1310 690
8215 7031 561 1290 680
8199 7097 586 1290 680
8153 7132 627 1280 680
8147 7082 676 1280 680
8167 6899 694 1300 670
8196 6628 725 1300 670
8225 6335 763 1280 660
8250 6014 768 1280 650
8272 5675 767 1280 650
8279 5364 757 1270 640
8271 5050 725 1250 650
8254 4786 666 1240 660
8239 4556 543 1220 670
8224 4388 141 1220 680
8319 5209 717 1100 700
8619 5418 746 1120 700
8644 5532 763 1110 690
8699 5569 814 1110 690
8774 5554 818 1140 680
8932 5549 817 1150 690
9116 5535 785 1170 690
9317 5515 736 1170 690
9510 5509 666 1190 680
9639 5500 611 1210 690
9726 5489 540 1230 690
9758 5479 456 1230 690
9758 5466 250 1250 700
7134 4171 658 1140 680
6895 3946 641 1120 670
6761 3931 638 1120 670
6770 3910 661 1090 670
6875 3877 664 1090 670
7117 3892 666 1070 670
7490 3940 666 1070 670
7951 4023 675 1080 680
8365 4082 699 1080 680
8736 4125 754 1080 680
9078 4125 808 1110 690
9307 4098 855 1110 690
9493 4051 861 1120 700
9649 3996 866 1120 700
9770 3964 855 1100 700
9893 3947 762 1110 710
10015 3974 567 1110 710