138
3706 7319 512 1180 620
3706 7319 520 1190 600
3661 7391 519 1210 580
3713 7430 512 1200 550
3823 7491 512 1190 530
3993 7568 513 1190 510
4219 7651 520 1190 500
4481 7704 522 1190 500
4719 7738 520 1200 500
4875 7723 524 1210 510
4975 7671 548 1220 510
5028 7594 589 1230 520
5044 7473 619 1250 530
5035 7307 622 1270 530
5009 7111 636 1270 530
4967 6911 636 1260 540
4913 6727 644 1270 550
4849 6555 644 1290 560
4760 6352 641 1300 560
4653 6146 640 1300 560
4542 5948 639 1300 580
4438 5757 613 1300 580
4355 5634 535 1280 580
4282 5544 369 1270 590
4235 6757 560 1180 560
4373 6834 527 1180 560
4265 6845 526 1180 560
4207 6855 527 1180 560
4181 6758 527 1200 550
4151 6623 532 1210 550
4120 6464 530 1230 550
4078 6344 533 1240 550
4029 6202 535 1250 550
3955 6045 537 1250 550
3869 5893 535 1260 560
3775 5744 537 1250 560
3678 5625 535 1260 570
3588 5526 535 1240 570
3537 5455 522 1230 580
3510 5424 452 1230 580
3510 5424 422 1230 590
3541 5424 415 1230 590
3590 5452 413 1210 590
3676 5495 413 1190 600
3795 5552 417 1190 600
3935 5608 425 1180 600
4093 5659 423 1180 600
4266 5703 440 1180 600
4450 5725 456 1160 600
4619 5735 472 1160 600
4794 5722 494 1140 610
4944 5688 520 1140 610
5074 5641 526 1150 620
5217 5579 535 1150 620
5344 5499 544 1150 620
5461 5408 537 1150 620
5542 5290 548 1150 620
5589 5170 561 1150 620
5613 5026 567 1160 630
5586 4866 578 1160 630
5528 4678 602 1160 630
5450 4493 619 1170 630
5347 4310 644 1170 630
5238 4129 650 1170 630
5124 3987 661 1190 640
5026 3870 658 1190 640
4933 3781 659 1190 640
4847 3726 655 1170 650
4759 3695 610 1170 650
4662 3686 537 1170 650
4561 3698 334 1170 650
3167 4398 620 1120 620
3071 4396 628 1120 620
2986 4454 634 1140 620
2999 4449 634 1130 610
3076 4466 644 1130 610
3242 4498 633 1140 610
3462 4549 631 1140 610
3718 4620 627 1140 610
3969 4705 600 1140 610
4221 4787 539 1160 600
4474 4850 427 1160 600
4710 4901 141 1160 600
7853 6338 285 1250 640
7822 6460 301 1250 640
7783 6537 349 1290 640
7764 6621 407 1290 640
7764 6650 452 1300 630
7772 6675 515 1300 630
7795 6675 561 1300 630
7822 6668 646 1290 630
7855 6617 722 1290 630
7882 6473 748 1290 630
7902 6267 762 1300 620
7902 6007 770 1290 630
7896 5724 785 1290 630
7880 5425 791 1290 630
7850 5126 794 1270 630
7825 4899 793 1270 630
7807 4720 791 1250 640
7793 4598 756 1240 640
7780 4502 700 1220 650
7768 4423 546 1200 650
7757 4374 274 1200 650
7802 5396 177 1100 680
7926 5463 567 1100 680
7982 5475 567 1120 670
7976 5485 586 1120 670
8039 5496 603 1120 670
8148 5525 617 1140 680
8297 5563 622 1140 680
8448 5602 625 1140 680
8599 5634 625 1140 680
8708 5654 622 1140 680
8774 5661 603 1140 680
8811 5661 520 1140 680
8819 5661 359 1140 680
6724 4192 526 1080 660
6598 4047 497 1080 650
6563 4036 497 1080 650
6542 4020 509 1050 640
6661 4036 515 1050 640
6873 4074 532 1040 630
7147 4141 536 1030 640
7474 4206 548 1030 640
7802 4241 568 1030 640
8130 4257 586 1030 640
8399 4243 625 1050 650
8630 4213 700 1030 650
8835 4172 754 1040 660
9005 4158 794 1050 670
9149 4144 809 1050 680
9276 4131 820 1040 690
9397 4120 821 1040 700
9490 4103 809 1040 700
9565 4088 767 1050 710
9598 4074 661 1050 710
9609 4068 361 1030 730