229
3289 5115 399 1270 460
3332 5023 456 1270 460
3323 5050 477 1260 470
3293 5050 522 1270 480
3273 5021 578 1270 480
3250 5002 617 1280 480
3215 4992 652 1280 480
3172 4992 662 1290 490
3115 5000 673 1290 490
3043 5037 676 1320 490
2961 5092 681 1320 490
2872 5170 676 1300 500
2762 5255 673 1300 500
2638 5346 681 1300 500
2491 5423 690 1300 500
2376 5481 703 1300 500
2282 5526 728 1300 500
2231 5564 736 1300 500
2226 5616 727 1300 500
2252 5677 725 1300 500
2373 5797 728 1300 500
2565 5978 727 1300 500
2803 6201 727 1320 490
3070 6432 725 1340 490
3351 6659 721 1340 490
3640 6835 721 1350 490
3861 6979 733 1350 490
4024 7059 728 1360 480
4148 7079 717 1380 480
4232 7060 714 1380 480
4272 6991 714 1390 470
4283 6857 716 1390 470
4244 6680 721 1390 470
4153 6434 722 1390 470
4026 6106 721 1370 470
3878 5723 721 1370 470
3702 5307 725 1360 480
3506 4839 733 1350 490
3323 4336 731 1330 480
3157 3861 725 1320 490
3002 3435 724 1300 500
2886 3042 727 1290 500
2778 2696 730 1280 500
2676 2401 737 1270 510
2555 2141 745 1260 510
2437 1920 749 1240 520
2324 1751 760 1240 520
2213 1616 763 1250 530
2108 1568 794 1250 530
2032 1592 799 1250 530
1972 1663 797 1250 530
1955 1802 796 1270 520
1992 1984 791 1270 520
2065 2196 788 1260 510
2181 2474 785 1260 510
2302 2787 784 1260 510
2454 3124 788 1250 510
2624 3528 790 1250 510
2832 3913 787 1250 510
3068 4285 777 1240 500
3323 4577 750 1250 500
3516 4749 724 1250 500
3652 4840 682 1260 490
3749 4885 616 1270 490
3803 4913 491 1270 490
3859 4930 279 1280 480
5006 4966 299 1270 490
5006 4915 422 1280 480
5013 4915 497 1290 490
5001 4915 559 1290 490
4990 4934 591 1290 490
4980 4989 605 1300 500
4970 5067 614 1300 500
4975 5122 611 1300 500
4989 5226 614 1300 500
5004 5363 619 1300 500
5016 5453 622 1300 500
5016 5504 630 1300 500
5016 5530 627 1300 500
5003 5530 617 1300 500
4955 5464 617 1300 500
4884 5362 619 1320 490
4783 5186 622 1320 490
4665 4987 625 1320 490
4535 4772 634 1320 490
4441 4592 641 1320 490
4401 4451 664 1310 480
4396 4336 664 1310 480
4437 4273 679 1310 480
4519 4258 694 1280 480
4629 4274 697 1280 480
4775 4379 702 1280 480
4911 4530 700 1280 480
5041 4711 691 1280 480
5187 4897 691 1290 490
5293 5053 691 1300 500
5372 5120 694 1300 500
5386 5138 696 1320 500
5375 5124 699 1330 500
5347 5071 702 1330 500
5286 4993 713 1340 500
5218 4864 728 1350 500
5144 4732 731 1350 500
5100 4620 737 1340 500
5088 4523 742 1340 500
5097 4451 743 1340 500
5127 4410 749 1340 500
5181 4389 757 1330 510
5252 4402 761 1330 510
5354 4466 761 1330 510
5478 4563 757 1340 510
5616 4684 749 1340 510
5765 4801 749 1340 510
5878 4916 752 1340 510
5967 5006 746 1340 510
6041 5057 724 1350 520
6083 5082 728 1350 520
6103 5075 728 1360 510
6108 5041 731 1360 510
6097 4989 733 1360 510
6076 4900 720 1360 510
6036 4793 725 1360 510
5988 4673 725 1360 510
5934 4584 725 1350 520
5900 4523 724 1350 520
5888 4481 728 1350 520
5888 4481 734 1350 520
5918 4531 736 1340 520
6004 4604 743 1340 520
6128 4726 752 1340 520
6309 4861 761 1340 520
6490 5005 763 1350 530
6645 5087 750 1360 520
6782 5131 750 1360 520
6885 5149 761 1370 530
6946 5141 752 1370 530
6979 5113 749 1400 530
6989 5071 749 1400 530
6972 5004 748 1410 530
6938 4934 752 1410 530
6893 4860 754 1410 530
6849 4812 754 1410 530
6837 4782 760 1410 530
6845 4791 761 1400 530
6886 4839 750 1400 530
6969 4914 753 1400 530
7079 5012 751 1390 520
7211 5107 753 1390 520
7348 5200 763 1390 520
7487 5260 750 1400 530
7586 5294 761 1400 530
7661 5310 757 1400 530
7719 5295 752 1410 530
7760 5241 755 1410 530
7785 5162 752 1410 530
7800 5041 754 1410 530
7811 4916 752 1410 530
7845 4785 755 1410 530
7893 4692 760 1410 530
7953 4623 751 1410 530
8042 4588 759 1410 550
8150 4588 765 1410 550
8303 4622 760 1410 550
8483 4687 757 1400 550
8681 4798 753 1400 550
8905 4939 750 1400 550
9118 5100 761 1400 550
9323 5265 749 1400 550
9509 5433 733 1400 550
9623 5563 716 1400 550
9689 5649 713 1410 550
9689 5705 707 1430 550
9633 5715 702 1430 550
9536 5677 702 1430 550
9362 5607 713 1430 550
9188 5497 721 1430 550
9013 5368 739 1440 540
8873 5226 752 1440 540
8775 5092 761 1440 540
8706 4955 761 1440 540
8672 4812 760 1440 540
8672 4696 761 1440 540
8697 4599 760 1420 540
8758 4526 748 1430 550
8869 4516 730 1430 550
9014 4548 721 1430 550
9215 4663 699 1410 560
9466 4812 659 1410 560
9750 4985 611 1410 560
10023 5116 564 1430 560
10231 5220 543 1430 560
10395 5306 539 1430 560
10553 5408 562 1440 570
10683 5510 584 1440 570
10793 5612 600 1440 570
10869 5696 636 1460 570
10885 5738 661 1460 570
10860 5753 667 1460 570
10771 5730 670 1470 580
10607 5660 662 1470 580
10394 5559 684 1470 580
10176 5438 705 1470 580
9970 5317 737 1490 580
9829 5229 759 1490 580
9727 5163 763 1490 580
9708 5133 770 1500 570
9753 5116 777 1500 570
9840 5109 782 1500 570
10036 5115 785 1500 570
10272 5120 788 1500 570
10534 5120 788 1500 570
10787 5114 788 1510 580
10967 5078 787 1510 580
11097 5025 787 1530 580
11111 4937 788 1540 580
11018 4796 794 1560 590
10853 4619 794 1560 590
10607 4404 794 1570 590
10271 4156 793 1590 590
9874 3887 785 1590 590
9391 3620 787 1590 590
8891 3359 797 1590 590
8379 3105 823 1590 590
7921 2897 831 1590 590
7572 2722 858 1590 590
7295 2632 867 1600 580
7188 2598 857 1580 580
7181 2598 753 1580 580
7240 2613 389 1570 580