235
3504 5033 1190 530 223
3528 5006 1190 530 312
3539 5006 1190 530 400
3555 5006 1190 530 492
3567 5011 1200 540 570
3574 5011 1200 540 636
3574 5020 1200 540 673
3563 5033 1210 550 687
3539 5064 1210 550 691
3484 5107 1210 550 693
3403 5144 1210 550 690
3304 5178 1210 550 690
3188 5202 1230 550 691
3062 5216 1230 550 694
2928 5223 1230 550 693
2804 5223 1230 550 699
2681 5223 1230 550 725
2564 5255 1230 550 779
2515 5301 1230 550 787
2506 5387 1230 550 779
2553 5513 1230 550 776
2672 5667 1240 540 776
2839 5855 1250 550 774
3059 6070 1250 550 767
3314 6303 1260 540 759
3592 6542 1280 540 757
3848 6736 1280 540 757
4073 6900 1290 530 757
4276 7033 1300 530 751
4434 7109 1300 530 750
4553 7147 1310 520 752
4646 7147 1310 520 746
4710 7089 1310 520 736
4736 7000 1340 520 730
4736 6832 1340 520 734
4681 6610 1330 530 739
4587 6353 1330 530 737
4467 6022 1310 540 742
4324 5618 1300 540 742
4153 5165 1290 550 752
3964 4667 1260 540 761
3782 4193 1250 550 753
3604 3735 1220 560 759
3442 3353 1210 560 763
3318 3017 1170 560 759
3211 2711 1160 560 768
3099 2466 1140 570 767
2987 2244 1130 580 768
2873 2037 1120 580 767
2753 1877 1100 580 770
2629 1760 1110 590 771
2507 1673 1110 590 784
2430 1639 1110 590 793
2384 1675 1110 590 784
2365 1758 1110 590 787
2403 1952 1130 590 791
2478 2248 1130 590 791
2618 2613 1130 590 797
2794 3042 1130 590 799
2995 3467 1130 590 797
3238 3890 1140 590 797
3482 4286 1130 580 796
3733 4624 1150 580 794
3988 4924 1160 560 799
4232 5193 1170 560 794
4461 5402 1180 560 785
4632 5570 1190 540 730
4770 5661 1200 540 667
4846 5716 1200 540 481
5587 5136 1260 540 425
5580 5086 1250 550 472
5575 5104 1240 550 512
5575 5123 1230 550 583
5589 5173 1210 550 613
5603 5244 1210 550 614
5616 5338 1210 550 619
5625 5435 1210 550 620
5633 5535 1210 550 627
5639 5628 1210 550 627
5639 5697 1210 550 628
5626 5749 1210 550 638
5598 5772 1210 550 634
5550 5758 1210 550 627
5488 5720 1210 550 625
5396 5595 1210 550 630
5288 5423 1230 550 630
5168 5219 1230 550 628
5080 5030 1230 550 634
5024 4868 1230 550 636
4988 4723 1230 550 643
4988 4643 1240 540 644
5025 4606 1220 540 658
5080 4597 1220 540 664
5159 4620 1220 540 670
5256 4689 1200 540 662
5364 4789 1200 540 664
5467 4932 1200 540 669
5559 5070 1200 540 667
5644 5168 1210 550 667
5698 5242 1210 550 666
5722 5264 1210 550 662
5722 5254 1210 550 669
5716 5222 1210 550 676
5685 5119 1210 550 675
5638 4980 1240 550 681
5590 4818 1240 550 681
5550 4693 1220 560 681
5550 4615 1220 560 675
5570 4569 1220 560 681
5620 4556 1210 560 687
5708 4584 1210 560 690
5820 4639 1190 560 690
5936 4730 1190 560 694
6058 4853 1200 570 694
6197 4997 1200 570 699
6346 5131 1200 570 697
6466 5214 1230 580 694
6526 5262 1230 580 690
6545 5250 1230 580 697
6540 5186 1240 580 702
6503 5087 1260 580 691
6444 4953 1260 580 707
6369 4819 1270 590 720
6323 4720 1270 590 730
6296 4644 1250 590 730
6296 4610 1250 590 730
6327 4610 1250 590 739
6368 4623 1240 600 736
6423 4681 1240 600 734
6497 4781 1240 600 737
6584 4910 1250 600 757
6706 5063 1250 600 779
6852 5215 1250 600 788
7013 5326 1250 600 794
7131 5411 1260 600 793
7215 5446 1280 610 793
7277 5439 1280 610 788
7300 5403 1290 600 788
7287 5330 1310 610 788
7251 5245 1310 610 790
7198 5152 1320 610 785
7147 5078 1320 610 790
7105 5025 1320 610 788
7088 4985 1330 620 794
7088 4985 1330 620 796
7101 5002 1330 620 796
7161 5036 1330 620 814
7249 5105 1330 620 821
7379 5187 1330 620 832
7514 5279 1330 620 832
7654 5365 1330 620 830
7783 5424 1320 610 832
7904 5466 1320 610 826
7995 5475 1330 620 824
8056 5444 1330 620 824
8096 5387 1330 620 823
8114 5285 1330 620 826
8108 5170 1330 620 826
8086 5047 1330 620 830
8065 4926 1330 620 832
8065 4820 1330 620 825
8089 4724 1330 620 833
8151 4656 1320 630 840
8261 4625 1320 630 845
8404 4618 1320 630 845
8595 4663 1300 630 827
8792 4755 1300 630 817
8992 4879 1300 650 796
9191 5025 1300 650 797
9363 5170 1300 650 794
9490 5315 1300 650 793
9588 5456 1300 650 793
9640 5571 1320 640 787
9655 5669 1320 640 806
9646 5717 1320 640 820
9606 5717 1330 630 824
9526 5693 1320 630 824
9418 5604 1320 630 823
9276 5473 1320 630 824
9135 5314 1300 620 826
8994 5159 1320 610 822
8876 5022 1320 610 831
8800 4896 1320 610 834
8752 4784 1320 610 834
8766 4712 1300 620 839
8843 4667 1300 620 840
8961 4654 1300 620 828
9118 4687 1300 620 812
9322 4751 1290 630 776
9558 4863 1300 630 728
9796 4994 1300 630 681
10029 5138 1300 630 670
10259 5301 1300 630 670
10498 5450 1320 640 663
10699 5591 1320 640 662
10874 5682 1320 640 664
10996 5747 1320 640 673
11053 5796 1320 640 691
11066 5812 1320 640 694
11009 5824 1320 640 702
10895 5804 1320 640 703
10744 5764 1320 640 725
10577 5708 1320 640 730
10406 5649 1320 640 761
10232 5586 1320 640 768
10103 5525 1330 630 776
10005 5465 1330 630 777
9927 5406 1330 630 779
9889 5362 1330 630 777
9902 5324 1330 630 782
9948 5290 1370 630 788
10055 5274 1370 630 790
10225 5274 1370 630 805
10436 5282 1350 640 808
10663 5262 1350 640 806
10868 5237 1370 650 803
11058 5202 1370 650 803
11175 5144 1350 650 799
11219 5071 1370 660 802
11219 4988 1370 660 808
11147 4875 1390 670 821
10997 4743 1400 660 821
10792 4600 1420 660 825
10499 4412 1420 660 831
10107 4194 1420 660 839
9650 3953 1420 660 864
9123 3689 1420 660 881
8610 3411 1420 660 905
8105 3146 1420 660 899
7694 2924 1420 660 902
7363 2732 1400 660 903
7086 2600 1400 660 893
6933 2528 1400 660 858
6872 2496 1370 660 765
6872 2496 1370 660 488