NLDCC-009_009_003 1789
4335 14003 107 3470 500
4335 14003 187 3470 500
4335 14003 232 3470 500
4335 14003 287 3470 500
4335 14003 327 3470 500
4335 14003 369 3470 500
4335 14003 423 3470 500
4335 14003 450 3470 500
4335 14003 483 3470 500
4335 14003 497 3470 500
4335 14003 513 3470 500
4335 14003 526 3470 500
4335 14003 540 3470 500
4335 14003 536 3470 500
4335 14003 542 3470 500
4335 14003 546 3470 500
4335 14003 554 3470 500
4335 14003 554 3470 500
4335 14003 557 3470 500
4335 14003 561 3470 500
4335 14003 565 3470 500
4335 14003 560 3480 500
4294 13953 564 3480 500
4256 13939 574 3480 500
4210 13921 578 3480 500
4162 13901 581 3480 500
4113 13878 581 3480 500
4050 13853 581 3480 500
3985 13826 581 3480 500
3915 13799 581 3480 500
3842 13773 580 3490 500
3763 13748 581 3490 500
3680 13727 578 3490 500
3609 13712 574 3500 510
3547 13702 574 3500 510
3490 13696 570 3500 500
3442 13696 563 3520 500
3401 13696 570 3520 500
3366 13710 567 3530 500
3334 13724 567 3530 500
3304 13739 565 3540 500
3282 13754 561 3540 500
3277 13769 561 3550 500
3283 13783 562 3550 500
3296 13801 564 3560 500
3338 13826 567 3560 500
3398 13854 568 3560 500
3483 13884 569 3560 500
3584 13920 570 3560 500
3696 13963 580 3560 500
3840 14012 588 3560 500
3995 14071 608 3560 500
4156 14150 619 3560 500
4355 14243 617 3560 500
4570 14357 622 3560 500
4795 14474 620 3550 490
5017 14609 622 3540 490
5205 14756 620 3540 500
5370 14898 613 3530 500
5535 15025 619 3520 500
5653 15141 605 3500 500
5740 15231 595 3490 500
5794 15295 536 3480 490
5823 15342 448 3470 490
5836 15356 309 3460 490
5836 15356 158 3450 490
5836 15356 0 3430 490
5814 15325 0 3420 490
5790 15287 0 3410 480
5760 15240 0 3400 480
5729 15182 0 3400 480
5697 15125 0 3400 480
5663 15063 0 3390 480
5629 14998 0 3390 480
5595 14964 0 3380 480
5562 14879 0 3370 480
5529 14839 0 3370 480
5495 14847 0 3370 480
5420 14722 0 3350 470
5384 14674 0 3350 470
5373 14674 0 3350 470
5330 14623 0 3340 470
5281 14561 0 3360 460
5229 14493 0 3370 460
5178 14466 0 3380 450
5127 14444 0 3390 440
5075 14431 0 3410 430
5030 14424 0 3430 430
4989 14419 0 3440 420
4949 14414 0 3460 410
4912 14405 0 3460 410
4878 14395 0 3470 400
4850 14384 0 3480 400
4822 14347 0 3480 390
4794 14321 0 3480 390
4772 14302 0 3490 380
4752 14275 0 3490 370
4726 14250 0 3490 370
4697 14226 0 3490 370
4666 14204 0 3490 370
4648 14187 0 3480 370
4627 14171 0 3480 380
4603 14158 0 3470 380
4580 14149 0 3450 400
4563 14141 0 3450 410
4548 14135 0 3450 410
4536 14135 0 3430 420
4516 14135 0 3430 430
4524 14135 0 3420 440
4554 14142 0 3420 440
4566 14149 0 3410 440
4579 14156 0 3420 460
4595 14164 0 3410 460
4612 14172 0 3410 470
4633 14179 0 3400 480
4654 14197 0 3400 480
4675 14216 0 3400 480
4692 14236 0 3400 480
4705 14254 0 3400 480
4713 14273 0 3410 470
4718 14289 0 3400 460
4718 14304 0 3400 460
4718 14316 0 3400 450
4724 14328 0 3400 440
4724 14343 0 3400 440
4729 14360 0 3400 430
4729 14379 0 3400 430
4738 14398 0 3410 420
4738 14414 0 3400 420
4746 14427 0 3400 410
4746 14435 0 3400 410
4755 14443 0 3390 410
4761 14451 0 3390 410
4766 14457 0 3390 410
4773 14457 0 3390 410
4781 14465 0 3390 420
4781 14470 0 3390 420
4791 14470 0 3380 430
4799 14475 0 3380 430
4805 14475 0 3380 430
4810 14475 0 3380 440
4810 14475 46 3380 450
4810 14475 139 3380 450
4810 14475 191 3370 460
4810 14475 214 3370 460
4810 14475 241 3360 460
4810 14475 285 3360 460
4810 14475 310 3350 470
4863 14502 348 3370 480
4868 14510 396 3360 480
4873 14515 456 3370 490
4878 14520 519 3370 490
4878 14520 589 3380 490
4878 14520 647 3380 490
4878 14520 691 3380 490
4878 14520 731 3380 490
4878 14520 773 3390 490
4878 14520 800 3390 500
4878 14520 825 3390 500
4878 14520 858 3390 500
4883 14520 867 3400 500
4883 14514 878 3400 500
4883 14514 882 3400 500
4883 14507 884 3400 500
4883 14497 887 3400 500
4878 14488 888 3400 500
4872 14475 890 3400 500
4865 14459 888 3400 500
4857 14440 891 3400 500
4846 14421 894 3400 500
4833 14396 893 3410 490
4821 14368 893 3410 490
4799 14328 894 3410 490
4774 14277 894 3410 490
4746 14218 896 3410 490
4712 14150 897 3410 490
4673 14082 905 3410 490
4629 14008 906 3410 490
4580 13931 896 3410 490
4531 13855 899 3410 490
4485 13780 902 3410 490
4443 13710 902 3410 490
4401 13643 905 3410 490
4369 13596 905 3410 490
4351 13560 905 3420 500
4342 13540 905 3420 500
4342 13533 893 3420 500
4342 13533 863 3430 500
4337 13533 815 3430 500
4337 13533 727 3430 500
4337 13542 592 3430 500
4337 13553 358 3430 490
4358 13577 39 3430 490
4358 13577 0 3430 490
4429 13649 0 3430 490
4478 13693 0 3430 490
4529 13725 0 3430 490
4572 13748 0 3430 490
4610 13765 0 3430 490
4637 13803 0 3430 490
4656 13856 0 3420 490
4674 13867 0 3420 490
4693 13878 0 3410 480
4715 13888 0 3420 480
4726 13899 0 3410 470
4726 13899 0 3400 470
4739 13885 0 3380 470
4739 13968 0 3370 470
4747 14014 0 3350 470
4754 14036 0 3340 470
4759 14075 0 3330 470
4759 14116 0 3310 470
4759 14157 0 3310 470
4759 14192 0 3310 460
4759 14223 0 3310 460
4759 14261 0 3320 450
4759 14286 0 3320 440
4759 14302 0 3320 440
4770 14302 0 3320 440
4786 14302 0 3330 430
4801 14290 0 3330 430
4812 14276 0 3340 420
4823 14264 0 3360 410
4830 14259 0 3360 410
4837 14259 0 3360 410
4843 14264 0 3380 400
4852 14277 0 3380 400
4864 14296 0 3390 390
4875 14316 0 3400 380
4888 14334 0 3400 380
4906 14349 0 3400 380
4906 14349 139 3410 390
4906 14349 167 3410 400
4906 14349 176 3400 410
4958 14384 206 3410 420
4965 14384 240 3400 430
4971 14393 246 3400 430
4976 14401 251 3400 440
4982 14407 249 3400 450
4982 14412 247 3410 450
4982 14412 246 3400 460
4982 14419 247 3410 460
4982 14419 253 3410 470
4982 14419 285 3400 480
4977 14419 333 3410 480
4977 14425 418 3410 490
4977 14425 488 3410 490
4977 14425 548 3410 490
4977 14420 602 3410 490
4977 14420 646 3410 490
4977 14415 685 3410 490
4977 14415 717 3410 490
4977 14415 739 3410 490
4977 14410 757 3410 490
4977 14410 784 3410 490
4977 14410 788 3410 490
4977 14410 806 3410 490
4977 14410 821 3410 490
4977 14410 825 3410 490
4977 14410 848 3410 490
4977 14410 860 3410 490
4977 14410 882 3410 490
4977 14404 896 3410 490
4983 14398 905 3410 490
4983 14387 896 3410 490
4983 14372 908 3410 490
4978 14354 918 3410 490
4973 14334 921 3410 490
4968 14306 924 3410 490
4961 14273 927 3410 490
4951 14235 927 3410 490
4937 14192 929 3410 490
4915 14146 930 3410 490
4893 14096 932 3410 490
4873 14046 930 3410 490
4848 13996 930 3400 500
4816 13943 933 3400 500
4779 13891 930 3400 500
4747 13841 933 3400 500
4715 13792 930 3400 500
4687 13748 930 3400 500
4661 13710 926 3400 500
4641 13676 926 3400 500
4626 13651 926 3400 500
4615 13636 918 3410 490
4615 13630 897 3410 490
4615 13630 876 3410 490
4615 13630 825 3410 490
4615 13630 757 3410 490
4610 13630 679 3410 490
4610 13638 594 3410 490
4610 13647 448 3410 490
4616 13663 207 3410 490
4616 13663 0 3410 490
4643 13707 0 3410 490
4666 13731 0 3410 490
4693 13747 0 3410 490
4720 13759 0 3410 490
4745 13765 0 3410 490
4767 13765 0 3390 490
4783 13765 0 3400 480
4798 13771 0 3400 480
4813 13778 0 3400 480
4830 13788 0 3390 480
4845 13801 0 3390 480
4860 13820 0 3390 480
4875 13844 0 3380 480
4890 13870 0 3380 480
4904 13898 0 3390 480
4918 13928 0 3390 480
4927 13957 0 3390 480
4932 13981 0 3400 480
4932 14002 0 3400 480
4932 14017 0 3400 480
4932 14025 0 3410 480
4932 14025 0 3420 500
4932 14025 0 3420 500
4932 14019 0 3430 500
4940 14006 0 3440 500
4940 13989 0 3440 500
4940 13973 0 3450 500
4940 13961 0 3450 500
4950 13951 0 3470 500
4961 13951 0 3470 500
4970 13946 0 3470 500
4977 13946 0 3470 500
4985 13955 0 3450 500
4993 13964 0 3450 500
4999 13975 0 3450 500
5004 13983 0 3450 500
5004 13988 0 3440 500
5010 13988 0 3440 500
5016 13994 0 3440 500
5016 13994 0 3430 500
5021 13994 0 3430 500
5030 13994 0 3430 500
5030 13994 0 3430 500
5036 13988 0 3430 500
5036 13988 0 3430 500
5036 13988 0 3420 500
5036 13988 0 3420 500
5036 13988 0 3420 500
5036 13988 0 3420 500
5036 13988 0 3420 500
5036 13982 0 3420 500
5036 13982 0 3420 500
5029 13977 0 3420 500
5023 13977 0 3420 500
5016 13970 0 3420 500
5016 13970 0 3420 500
5005 13970 0 3420 500
5005 13965 0 3420 500
4997 13965 0 3420 500
4997 13965 0 3420 500
4997 13959 0 3420 500
4991 13959 0 3420 500
4991 13959 0 3420 500
4991 13959 0 3420 500
4991 13959 0 3420 500
4991 13959 0 3420 500
4997 13966 0 3420 500
5002 13971 0 3420 500
5002 13978 0 3420 500
5010 13985 0 3420 500
5010 13985 0 3420 500
5016 13985 0 3420 500
5016 13985 0 3420 500
5016 13985 0 3420 500
5016 13985 0 3420 500
5021 13985 0 3420 500
5021 13985 0 3420 500
5027 13985 0 3420 500
5027 13985 0 3420 500
5033 13990 0 3420 500
5038 13990 0 3420 500
5044 13990 0 3420 500
5051 13997 0 3420 500
5057 13997 0 3420 500
5064 14005 0 3420 500
5072 14010 0 3420 500
5079 14010 0 3420 500
5087 14020 0 3420 500
5094 14029 0 3410 490
5101 14038 0 3410 490
5106 14043 0 3410 490
5111 14043 0 3410 490
5117 14054 0 3410 490
5117 14054 0 3410 490
5126 14059 0 3400 500
5133 14059 0 3400 500
5140 14066 0 3400 500
5140 14066 96 3400 500
5140 14066 226 3400 500
5140 14066 289 3400 500
5140 14066 337 3400 500
5140 14066 394 3390 500
5140 14066 435 3390 500
5140 14066 450 3390 500
5140 14066 463 3390 500
5140 14066 473 3390 500
5140 14066 465 3390 500
5140 14066 473 3390 500
5140 14066 483 3390 500
5140 14066 496 3390 500
5140 14066 496 3390 500
5140 14066 512 3390 500
5140 14066 522 3390 500
5140 14066 540 3390 500
5140 14066 567 3390 500
5140 14066 584 3390 500
5140 14066 613 3390 500
5140 14066 616 3390 500
5081 14038 625 3390 500
5052 14020 641 3390 490
5019 14003 643 3390 490
4976 13978 646 3390 490
4925 13947 644 3390 490
4871 13917 647 3410 490
4816 13891 643 3410 490
4761 13868 644 3410 490
4725 13847 617 3410 490
4702 13828 594 3410 490
4683 13818 537 3420 500
4670 13810 477 3420 500
4660 13810 394 3420 500
4660 13810 292 3420 500
4660 13810 184 3420 500
4660 13810 0 3420 500
4700 13828 0 3420 500
4742 13843 0 3420 500
4793 13861 0 3420 500
4861 13881 0 3420 500
4929 13902 0 3420 500
4998 13924 0 3420 490
5060 13947 0 3420 490
5117 13973 0 3420 490
5166 13999 0 3420 490
5209 14026 0 3420 490
5246 14053 0 3420 490
5277 14084 0 3420 490
5305 14114 0 3410 480
5331 14145 0 3410 490
5357 14173 0 3410 490
5379 14202 0 3410 480
5403 14234 0 3400 480
5426 14268 0 3410 470
5447 14304 0 3410 470
5465 14331 0 3410 470
5482 14352 0 3400 460
5500 14372 0 3400 460
5511 14387 0 3400 460
5518 14399 0 3400 460
5518 14399 239 3390 460
5518 14399 334 3390 460
5518 14399 353 3390 460
5518 14399 391 3390 460
5518 14399 450 3390 460
5518 14399 498 3390 460
5518 14399 515 3390 460
5518 14399 526 3380 470
5518 14399 540 3380 470
5518 14399 561 3380 480
5471 14342 577 3380 480
5452 14333 591 3370 490
5432 14320 614 3370 490
5413 14306 631 3380 490
5393 14296 650 3380 490
5374 14281 663 3380 490
5352 14262 700 3380 490
5331 14243 705 3380 490
5307 14219 711 3380 490
5282 14190 719 3390 490
5253 14158 724 3390 490
5221 14121 728 3390 490
5186 14078 731 3390 490
5151 14031 733 3390 490
5116 13989 733 3390 490
5079 13946 733 3390 490
5042 13904 733 3390 490
5009 13862 720 3390 490
4975 13821 720 3410 490
4948 13783 721 3410 490
4923 13750 721 3410 490
4910 13724 722 3410 490
4901 13705 724 3410 490
4895 13697 725 3410 490
4895 13697 728 3410 490
4895 13697 728 3410 490
4895 13697 725 3410 490
4902 13697 733 3410 490
4902 13697 722 3410 490
4924 13705 708 3410 490
4959 13715 700 3410 490
5006 13737 702 3410 490
5053 13766 702 3410 490
5107 13800 700 3410 490
5166 13837 702 3410 490
5231 13877 707 3410 490
5296 13917 710 3410 490
5359 13957 717 3410 480
5417 13989 720 3410 480
5454 14018 736 3410 480
5480 14030 763 3410 480
5490 14036 794 3410 480
5490 14036 822 3410 480
5495 14036 845 3410 480
5495 14036 851 3400 480
5495 14036 854 3400 480
5495 14036 857 3400 480
5495 14036 858 3400 480
5495 14030 858 3400 480
5495 14030 858 3400 480
5489 14030 858 3400 480
5489 14024 861 3390 480
5481 14024 860 3390 480
5481 14017 861 3390 480
5476 14012 864 3390 480
5476 14012 867 3390 480
5468 14006 869 3390 480
5468 14006 855 3390 480
5468 14000 858 3390 480
5468 13995 861 3390 480
5468 13989 864 3390 480
5468 13979 869 3390 480
5462 13966 872 3390 480
5462 13957 870 3390 480
5454 13942 872 3390 480
5446 13923 869 3380 490
5438 13905 870 3380 490
5428 13887 866 3380 490
5419 13870 864 3380 490
5411 13855 863 3380 490
5411 13844 864 3380 490
5411 13837 861 3390 480
5411 13831 860 3390 480
5404 13831 858 3390 480
5404 13825 869 3390 480
5404 13825 854 3390 480
5404 13825 836 3390 480
5404 13825 818 3390 480
5404 13825 820 3390 480
5404 13834 812 3390 480
5410 13840 808 3390 480
5418 13851 802 3390 480
5418 13863 802 3390 480
5426 13877 799 3390 480
5432 13891 794 3390 480
5432 13907 788 3390 480
5441 13925 785 3390 480
5441 13945 787 3390 480
5448 13962 785 3390 480
5448 13977 784 3390 480
5448 13991 783 3390 480
5448 13998 796 3390 480
5442 13998 797 3390 480
5435 13998 796 3390 480
5426 13998 785 3390 480
5416 13998 785 3400 480
5402 13998 785 3400 480
5387 13986 787 3390 490
5366 13976 785 3390 490
5340 13966 787 3390 490
5318 13950 784 3390 490
5297 13931 796 3390 490
5275 13913 788 3390 490
5254 13894 780 3390 490
5238 13875 777 3390 490
5224 13858 774 3390 490
5215 13840 776 3390 490
5210 13823 779 3390 490
5210 13807 790 3410 490
5204 13792 796 3410 490
5204 13777 821 3410 490
5209 13768 824 3410 490
5216 13761 830 3410 490
5227 13756 833 3410 490
5240 13756 839 3410 490
5253 13749 837 3410 490
5268 13749 836 3410 490
5291 13754 836 3410 490
5318 13765 836 3410 490
5348 13784 836 3410 490
5375 13805 836 3410 490
5396 13829 833 3410 490
5411 13853 831 3410 490
5420 13871 827 3410 490
5420 13886 818 3410 490
5420 13900 827 3410 490
5420 13913 820 3410 490
5420 13927 809 3410 490
5420 13939 808 3410 490
5412 13949 809 3410 490
5405 13961 808 3410 490
5399 13970 808 3410 490
5392 13977 802 3410 480
5387 13977 803 3410 480
5387 13977 806 3410 480
5374 13977 808 3410 480
5363 13972 811 3410 480
5352 13963 811 3410 480
5341 13950 811 3410 480
5329 13938 814 3410 480
5316 13924 815 3410 480
5309 13908 815 3410 480
5309 13895 818 3410 480
5302 13884 821 3410 480
5302 13873 829 3410 480
5307 13864 830 3410 480
5315 13857 817 3410 480
5328 13850 818 3410 480
5343 13845 821 3410 480
5363 13845 818 3410 480
5396 13845 818 3410 480
5437 13845 817 3410 480
5472 13853 817 3410 480
5512 13864 830 3410 480
5560 13877 830 3410 480
5606 13893 830 3410 480
5651 13911 830 3410 480
5688 13931 832 3410 480
5722 13950 817 3400 480
5747 13963 817 3400 480
5762 13973 817 3400 480
5770 13982 817 3400 480
5770 13982 817 3400 480
5775 13982 817 3390 480
5775 13982 821 3390 480
5775 13982 822 3390 480
5775 13982 824 3390 480
5775 13982 827 3390 480
5775 13982 828 3390 480
5775 13982 836 3390 480
5775 13982 848 3390 480
5775 13982 866 3390 480
5775 13982 864 3390 480
5769 13977 878 3390 480
5769 13971 887 3390 480
5762 13965 888 3390 480
5754 13953 891 3390 480
5743 13935 891 3390 480
5730 13914 891 3390 480
5712 13892 896 3390 480
5694 13867 894 3390 480
5677 13839 894 3390 480
5667 13819 897 3380 480
5667 13805 897 3380 480
5662 13797 894 3380 480
5662 13791 894 3380 480
5662 13784 894 3380 480
5662 13784 893 3380 480
5667 13776 888 3380 480
5667 13776 882 3380 480
5677 13776 878 3390 480
5690 13776 869 3390 480
5706 13782 863 3390 480
5734 13792 855 3390 480
5771 13810 853 3390 480
5811 13836 867 3390 480
5856 13867 867 3390 480
5905 13901 869 3390 480
5951 13936 866 3390 480
5998 13973 866 3390 480
6030 14004 867 3380 480
6051 14030 866 3380 480
6058 14045 869 3380 480
6058 14051 853 3380 480
6058 14051 855 3380 480
6058 14051 860 3380 480
6058 14051 866 3380 480
6058 14051 876 3380 480
6058 14051 890 3380 480
6058 14051 903 3380 480
6058 14051 893 3380 480
6058 14044 897 3380 480
6051 14044 902 3380 480
6051 14036 903 3380 480
6046 14029 911 3380 480
6046 14020 909 3380 480
6038 14013 914 3380 480
6038 14006 918 3380 480
6032 13995 918 3380 480
6032 13981 920 3370 480
6021 13961 920 3370 480
6012 13943 917 3370 480
6006 13923 918 3370 480
6006 13901 917 3370 480
6006 13885 914 3370 480
6006 13870 912 3370 480
6006 13859 908 3370 480
6012 13852 905 3370 480
6012 13847 897 3370 480
6021 13847 906 3370 480
6029 13847 894 3370 480
6029 13847 875 3370 480
6050 13847 854 3370 480
6077 13858 858 3370 480
6104 13878 851 3370 480
6133 13899 851 3370 480
6164 13926 848 3370 480
6198 13955 846 3370 480
6230 13984 845 3370 480
6256 14009 843 3370 480
6275 14033 846 3370 480
6291 14049 845 3370 480
6300 14060 846 3370 480
6300 14069 848 3370 480
6300 14069 855 3370 480
6305 14069 867 3370 480
6305 14069 863 3370 480
6305 14069 881 3370 480
6305 14069 899 3370 480
6305 14069 892 3370 480
6305 14069 903 3370 480
6299 14060 902 3370 480
6299 14055 905 3370 480
6299 14050 906 3370 480
6292 14040 906 3370 480
6287 14026 908 3370 480
6282 14011 909 3370 480
6275 13994 908 3370 480
6275 13976 908 3370 480
6270 13961 908 3370 480
6270 13945 906 3370 480
6270 13930 902 3370 480
6270 13914 897 3370 480
6280 13898 892 3370 480
6286 13884 903 3370 480
6295 13873 896 3350 470
6307 13866 885 3350 470
6318 13861 875 3350 470
6332 13856 869 3350 470
6347 13856 855 3350 470
6368 13864 860 3350 470
6394 13874 857 3350 470
6422 13886 855 3350 470
6449 13902 851 3350 470
6483 13924 851 3350 470
6521 13950 848 3350 470
6556 13978 849 3350 470
6588 14006 849 3350 470
6614 14032 848 3350 470
6637 14053 849 3350 460
6659 14068 852 3350 460
6664 14079 858 3350 460
6664 14079 855 3350 460
6664 14079 873 3350 460
6664 14079 888 3350 460
6664 14079 906 3350 460
6664 14079 902 3350 460
6664 14079 911 3350 460
6664 14079 921 3350 460
6664 14074 930 3350 460
6664 14074 932 3340 460
6664 14074 933 3340 460
6664 14066 933 3340 460
6664 14066 932 3340 460
6664 14052 930 3340 460
6664 14040 929 3340 460
6659 14027 930 3340 460
6659 14017 930 3340 460
6654 14005 930 3340 460
6649 13990 924 3340 460
6640 13971 915 3340 460
6629 13949 906 3330 470
6616 13923 894 3330 470
6604 13900 903 3330 470
6593 13880 887 3330 470
6585 13863 878 3330 470
6580 13851 872 3330 470
6580 13845 864 3330 470
6580 13845 855 3330 470
6580 13845 860 3330 470
6580 13845 846 3330 470
6580 13845 834 3330 470
6580 13850 827 3330 470
6586 13856 825 3330 470
6593 13867 822 3330 470
6602 13882 822 3330 470
6609 13897 818 3330 470
6616 13913 819 3330 470
6623 13929 819 3330 470
6629 13947 819 3330 470
6638 13967 819 3330 470
6647 13992 821 3330 470
6653 14018 822 3340 470
6658 14045 821 3340 470
6658 14062 818 3340 470
6658 14073 818 3340 470
6658 14073 821 3340 470
6658 14073 824 3340 470
6651 14073 825 3340 470
6644 14073 827 3340 470
6635 14062 828 3340 470
6620 14051 827 3340 470
6596 14036 830 3340 470
6571 14017 827 3340 470
6546 13995 827 3340 470
6520 13976 830 3340 470
6501 13957 808 3340 470
6487 13940 794 3340 470
6478 13925 787 3340 470
6472 13912 787 3340 470
6472 13899 787 3340 470
6472 13885 787 3340 470
6472 13871 787 3340 470
6483 13862 797 3340 470
6494 13855 806 3340 470
6505 13855 809 3340 470
6522 13850 812 3340 470
6543 13850 812 3340 470
6568 13850 809 3340 470
6596 13856 809 3340 470
6625 13866 809 3340 470
6652 13879 806 3350 460
6678 13894 806 3350 460
6703 13914 805 3350 460
6728 13937 803 3350 460
6749 13961 803 3350 460
6767 13985 802 3350 460
6782 14009 803 3350 460
6791 14029 802 3350 460
6797 14047 802 3350 460
6797 14060 803 3350 460
6802 14065 805 3350 460
6802 14065 809 3350 460
6802 14065 830 3350 460
6802 14065 843 3340 460
6802 14065 861 3340 460
6807 14065 893 3340 460
6807 14065 906 3340 460
6807 14059 892 3340 460
6807 14052 909 3340 460
6812 14042 909 3340 460
6817 14031 909 3340 460
6817 14018 909 3330 470
6826 14004 908 3330 470
6832 13993 908 3330 470
6838 13981 908 3330 470
6846 13969 903 3330 470
6856 13959 896 3330 470
6868 13949 885 3330 470
6882 13941 875 3330 470
6901 13934 855 3330 470
6924 13934 848 3320 460
6957 13934 818 3320 460
6996 13934 829 3320 460
7040 13949 823 3320 460
7082 13965 820 3320 460
7123 13984 818 3320 460
7164 14003 820 3320 460
7195 14020 823 3310 460
7210 14028 827 3310 460
7210 14028 845 3310 460
7210 14028 846 3310 460
7210 14028 846 3310 460
7210 14028 846 3310 460
7210 14028 848 3310 460
7210 14028 849 3310 460
7210 14028 849 3310 460
7210 14028 849 3310 460
7203 14022 852 3300 460
7203 14022 857 3300 460
7203 14015 860 3300 460
7197 14015 867 3300 460
7197 14015 855 3300 460
7197 14015 866 3300 460
7197 14008 875 3300 460
7197 14003 878 3300 460
7197 13996 878 3300 460
7197 13989 878 3300 460
7197 13979 881 3300 460
7197 13967 881 3300 460
7205 13951 884 3300 460
7205 13937 884 3300 460
7210 13923 885 3290 460
7210 13907 884 3290 460
7210 13890 884 3290 460
7210 13872 884 3290 460
7216 13855 881 3290 460
7216 13840 879 3290 460
7221 13827 873 3290 460
7221 13817 872 3290 460
7221 13808 863 3290 460
7221 13808 855 3290 460
7221 13802 821 3290 460
7221 13802 751 3290 460
7221 13802 638 3280 450
7194 13792 404 3280 450
7194 13792 0 3280 450
7117 13769 0 3280 450
7073 13758 0 3280 450
7026 13741 0 3280 450
6976 13720 0 3290 440
6927 13697 0 3290 440
6881 13697 0 3290 440
6835 13720 0 3290 440
6810 13720 0 3290 440
6800 13749 0 3290 440
6845 13798 0 3290 440
6950 13864 0 3290 440
7094 13945 0 3290 440
7094 14035 0 3290 440
7094 14035 0 3290 440
7094 14035 -1 0 0
7118 14037 -1 0 0
7143 14040 -1 0 0
7168 14042 -1 0 0
7193 14045 -1 0 0
7218 14047 -1 0 0
7243 14050 -1 0 0
7267 14053 -1 0 0
7292 14055 -1 0 0
7317 14058 -1 0 0
7342 14060 -1 0 0
7367 14063 -1 0 0
7392 14066 -1 0 0
7417 14068 -1 0 0
7441 14071 -1 0 0
7466 14073 -1 0 0
7491 14076 -1 0 0
7516 14078 -1 0 0
7541 14081 -1 0 0
7566 14084 -1 0 0
7590 14086 -1 0 0
7615 14089 -1 0 0
7640 14091 -1 0 0
7665 14094 -1 0 0
7690 14097 -1 0 0
7715 14099 -1 0 0
7740 14102 -1 0 0
7764 14104 -1 0 0
7789 14107 -1 0 0
7814 14110 -1 0 0
7839 14112 -1 0 0
7864 14115 -1 0 0
7889 14117 -1 0 0
7913 14120 -1 0 0
7938 14122 -1 0 0
7963 14125 -1 0 0
7988 14128 -1 0 0
8013 14130 -1 0 0
8038 14133 -1 0 0
8063 14135 -1 0 0
8087 14138 -1 0 0
8112 14141 -1 0 0
8137 14143 -1 0 0
8162 14146 -1 0 0
8187 14148 -1 0 0
8212 14151 -1 0 0
8237 14154 0 0 900
8237 14154 0 3460 860
8237 14154 0 3400 810
8211 14125 0 3390 760
8167 14076 0 3390 710
8136 14057 0 3370 710
8105 14057 0 3380 700
8076 14066 0 3380 700
8052 14096 0 3380 700
8031 14130 0 3380 700
8012 14171 0 3380 700
7992 14213 0 3380 700
7974 14245 0 3410 670
7957 14272 0 3410 640
7933 14279 0 3430 590
7907 14274 0 3430 540
7880 14262 0 3430 520
7853 14247 0 3430 490
7825 14232 0 3430 470
7796 14217 0 3430 450
7767 14217 0 3440 430
7738 14217 0 3440 410
7738 14225 0 3440 400
7728 14246 0 3430 400
7717 14279 0 3440 380
7744 14320 0 3430 370
7766 14352 0 3420 360
7784 14384 0 3430 340
7806 14403 0 3430 340
7825 14421 0 3430 330
7843 14446 0 3430 330
7866 14508 0 3430 340
7887 14518 0 3420 350
7905 14493 0 3420 360
7920 14501 0 3420 370
7928 14506 0 3410 370
7928 14506 0 3400 380
7928 14513 0 3400 390
7928 14513 0 3390 400
7928 14519 0 3380 410
7928 14519 0 3380 420
7934 14525 0 3360 430
7942 14531 0 3360 440
7952 14539 0 3360 440
7971 14549 0 3360 450
7995 14559 0 3360 450
8022 14570 0 3360 450
8047 14585 0 3360 460
8071 14599 0 3360 460
8092 14612 0 3360 460
8107 14644 0 3370 470
8121 14687 0 3370 470
8138 14624 0 3380 480
8144 14609 0 3380 480
8144 14609 141 3380 480
8144 14609 226 3390 480
8144 14609 286 3390 480
8144 14609 338 3380 490
8144 14609 405 3380 490
8144 14609 453 3390 490
8144 14609 495 3390 490
8144 14609 520 3390 490
8144 14609 543 3390 490
8144 14609 566 3390 490
8144 14609 597 3380 490
8144 14609 617 3380 490
8144 14609 644 3380 490
8144 14609 669 3370 500
8144 14609 697 3370 500
8144 14609 720 3370 500
8144 14609 742 3370 500
8144 14609 758 3370 500
8144 14609 753 3370 500
8144 14609 757 3380 490
8140 14543 759 3380 490
8120 14516 763 3380 490
8094 14481 763 3380 490
8062 14443 762 3380 490
8023 14402 767 3380 490
7978 14353 765 3380 490
7928 14306 765 3380 490
7878 14250 762 3380 490
7831 14188 768 3380 490
7780 14134 762 3380 490
7725 14080 768 3390 490
7664 14024 767 3390 490
7599 13967 765 3390 490
7529 13909 762 3410 490
7460 13855 758 3410 490
7394 13805 751 3410 490
7337 13757 731 3420 500
7298 13721 703 3420 490
7272 13691 681 3420 490
7254 13678 630 3430 490
7249 13678 515 3430 490
7249 13678 339 3430 490
7261 13684 91 3450 490
7261 13684 0 3450 490
7355 13731 0 3450 490
7433 13769 0 3450 490
7520 13805 0 3450 490
7612 13840 0 3450 490
7691 13874 0 3450 480
7754 13923 0 3440 480
7806 13981 0 3440 480
7855 13957 0 3440 480
7895 13967 0 3430 480
7923 13999 0 3420 480
7935 14019 0 3400 470
7935 14037 0 3380 470
7935 14053 0 3370 470
7926 14101 0 3360 460
7918 14112 0 3350 460
7908 14098 0 3340 460
7898 14109 0 3320 460
7890 14120 0 3310 460
7881 14131 0 3310 460
7871 14131 0 3300 470
7861 14131 0 3290 470
7847 14131 0 3290 470
7833 14141 0 3300 470
7821 14128 0 3300 470
7821 14128 0 3290 480
7821 14128 167 3300 480
7821 14128 501 3300 480
7821 14128 516 3310 480
7873 14143 519 3330 490
7899 14137 538 3340 490
7936 14143 561 3350 480
7980 14154 570 3360 480
8030 14173 578 3360 480
8086 14201 581 3370 490
8146 14238 578 3380 490
8201 14280 580 3380 490
8242 14321 564 3380 490
8274 14352 544 3380 490
8303 14378 488 3380 490
8318 14412 391 3390 490
8323 14419 225 3390 490
8314 14409 27 3400 480
8314 14409 0 3400 480
8283 14393 0 3400 480
8257 14377 0 3400 480
8226 14350 0 3400 480
8188 14317 0 3400 480
8149 14280 0 3400 480
8111 14242 0 3400 480
8076 14204 0 3410 470
8044 14179 0 3410 470
8015 14164 0 3410 470
7988 14152 0 3410 460
7962 14143 0 3410 460
7938 14138 0 3410 460
7913 14133 0 3410 460
7886 14123 0 3410 460
7859 14109 0 3410 460
7859 14109 101 3410 460
7810 14075 205 3420 470
7788 14051 233 3420 480
7767 14028 275 3420 480
7746 14006 356 3420 480
7730 13986 394 3420 480
7721 13972 418 3410 480
7716 13962 474 3410 480
7716 13962 514 3410 480
7716 13956 544 3410 480
7721 13956 565 3410 480
7728 13956 591 3420 490
7741 13956 617 3420 490
7754 13956 633 3420 490
7778 13956 645 3420 490
7809 13956 643 3420 490
7853 13964 650 3430 480
7900 13972 662 3430 480
7948 13983 667 3430 480
8000 13997 673 3430 480
8051 14015 664 3430 480
8101 14034 663 3430 480
8145 14054 663 3430 480
8188 14080 664 3430 480
8233 14111 667 3420 480
8278 14146 666 3420 480
8309 14179 667 3420 480
8335 14203 670 3420 480
8353 14223 669 3420 480
8364 14235 670 3420 480
8364 14235 681 3400 480
8364 14235 699 3400 480
8364 14235 719 3400 480
8364 14235 731 3400 480
8364 14235 750 3400 480
8364 14235 780 3400 480
8364 14230 785 3390 480
8364 14230 803 3390 480
8364 14225 817 3390 480
8364 14219 830 3390 480
8364 14219 822 3390 480
8364 14213 827 3390 480
8364 14213 833 3390 480
8364 14207 833 3390 480
8364 14202 833 3390 480
8357 14195 834 3390 480
8352 14179 833 3390 480
8340 14157 833 3390 480
8323 14132 834 3390 480
8302 14107 834 3390 480
8280 14077 831 3390 480
8258 14043 833 3390 480
8238 14014 833 3390 480
8218 13989 834 3390 480
8209 13970 830 3390 480
8202 13954 827 3390 480
8196 13944 827 3390 480
8196 13936 825 3390 480
8196 13936 832 3390 480
8196 13928 821 3390 480
8196 13928 809 3390 480
8196 13928 790 3400 470
8196 13928 791 3400 470
8201 13928 779 3400 470
8201 13938 773 3390 480
8210 13950 773 3390 480
8219 13964 768 3390 480
8227 13981 762 3390 480
8234 13999 759 3390 480
8242 14021 756 3390 480
8252 14048 754 3390 480
8262 14079 756 3390 480
8272 14110 754 3390 480
8272 14141 750 3390 480
8272 14164 761 3390 480
8272 14182 760 3390 480
8264 14187 763 3390 480
8254 14193 763 3390 480
8244 14198 750 3390 480
8229 14198 754 3390 480
8212 14193 760 3400 480
8192 14184 771 3400 480
8172 14167 771 3400 480
8140 14146 771 3400 480
8106 14124 771 3400 480
8072 14098 773 3400 480
8041 14069 771 3400 480
8010 14043 768 3400 480
7984 14017 768 3400 480
7964 13994 770 3400 480
7948 13973 770 3400 480
7942 13956 770 3400 480
7942 13940 770 3400 480
7942 13927 773 3400 480
7949 13916 777 3400 480
7959 13906 780 3400 480
7972 13897 777 3410 480
7995 13890 777 3410 480
8027 13890 774 3410 480
8065 13890 771 3410 480
8110 13890 768 3410 480
8157 13906 770 3420 480
8206 13926 770 3420 480
8244 13949 767 3420 480
8280 13976 765 3410 480
8312 14001 763 3400 480
8325 14018 754 3400 480
8325 14030 761 3400 480
8325 14039 751 3400 480
8325 14051 748 3400 480
8314 14066 743 3400 480
8304 14084 731 3400 480
8291 14096 730 3400 480
8277 14103 710 3400 480
8265 14110 694 3400 480
8253 14110 694 3400 480
8240 14110 688 3400 480
8222 14103 685 3400 480
8209 14096 685 3400 480
8198 14087 687 3400 480
8192 14077 688 3400 480
8186 14066 693 3400 480
8179 14054 700 3400 480
8179 14041 693 3400 480
8179 14029 700 3400 480
8179 14017 707 3400 480
8179 14004 711 3400 480
8179 13994 711 3400 480
8185 13984 716 3400 480
8195 13975 725 3400 480
8207 13967 731 3410 470
8216 13962 737 3410 470
8230 13962 743 3410 470
8246 13957 748 3410 470
8264 13957 748 3410 470
8294 13962 748 3410 470
8333 13972 746 3410 470
8370 13986 746 3410 470
8415 14002 748 3410 470
8464 14023 748 3410 470
8516 14045 748 3410 470
8565 14069 749 3410 470
8611 14094 748 3410 470
8650 14123 749 3410 470
8685 14146 751 3400 470
8704 14164 749 3400 470
8713 14171 751 3400 470
8713 14171 749 3400 470
8713 14171 751 3400 470
8713 14176 749 3400 470
8707 14176 754 3400 470
8707 14181 754 3400 470
8707 14181 758 3380 470
8707 14181 760 3380 470
8701 14181 758 3380 470
8701 14181 758 3380 470
8695 14176 760 3380 470
8690 14176 763 3380 470
8684 14176 763 3380 470
8684 14176 761 3380 470
8678 14176 763 3380 470
8673 14170 761 3380 470
8666 14170 763 3380 470
8658 14164 763 3380 470
8647 14164 763 3380 470
8636 14156 763 3380 470
8623 14156 763 3380 470
8608 14148 763 3380 470
8590 14140 750 3380 470
8565 14130 757 3380 470
8534 14114 760 3380 470
8497 14093 759 3380 470
8460 14069 763 3380 470
8429 14045 763 3380 470
8401 14023 765 3380 470
8378 14004 770 3380 470
8365 13990 790 3380 470
8359 13978 794 3400 470
8359 13965 785 3400 470
8359 13954 787 3400 470
8359 13945 788 3400 470
8369 13936 787 3400 470
8383 13927 785 3400 470
8397 13921 784 3400 470
8427 13921 784 3400 470
8468 13921 774 3400 470
8529 13935 768 3400 470
8600 13958 759 3400 470
8677 13988 757 3400 470
8759 14027 754 3400 470
8840 14076 750 3400 470
8927 14131 763 3400 470
9017 14193 761 3400 470
9119 14266 763 3380 470
9207 14343 750 3380 470
9286 14420 750 3380 470
9360 14493 763 3370 470
9426 14565 750 3370 470
9486 14632 763 3370 480
9530 14685 763 3350 470
9568 14729 750 3350 470
9590 14760 751 3350 470
9603 14776 751 3340 470
9603 14781 754 3340 470
9603 14781 757 3330 480
9603 14781 760 3320 480
9603 14781 763 3320 480
9603 14781 768 3320 480
9603 14781 771 3320 480
9589 14771 770 3310 480
9573 14757 771 3310 480
9549 14735 773 3310 480
9514 14709 773 3310 480
9471 14672 774 3310 480
9429 14637 777 3310 480
9387 14602 776 3310 480
9346 14564 777 3310 480
9306 14529 777 3310 480
9266 14494 780 3310 480
9223 14456 779 3320 480
9179 14416 784 3320 480
9132 14374 793 3320 480
9092 14333 794 3320 480
9055 14287 785 3320 480
9014 14238 791 3320 480
8975 14199 799 3320 480
8942 14160 800 3330 480
8911 14123 800 3330 480
8886 14087 800 3330 480
8869 14056 800 3340 470
8857 14030 799 3340 470
8851 14009 800 3340 470
8845 13994 797 3350 470
8845 13981 796 3350 470
8845 13968 790 3350 470
8857 13956 785 3350 470
8869 13947 797 3350 470
8884 13947 791 3350 470
8905 13942 790 3350 470
8934 13942 784 3350 470
8967 13942 777 3360 460
9002 13953 773 3360 460
9039 13965 773 3360 460
9078 13981 771 3360 460
9117 14001 760 3360 460
9154 14029 751 3360 460
9190 14061 760 3360 460
9221 14095 755 3360 460
9245 14128 745 3360 460
9261 14156 742 3360 460
9269 14179 734 3360 460
9269 14186 727 3360 460
9269 14191 721 3360 460
9263 14191 721 3350 460
9263 14191 721 3350 460
9254 14191 721 3350 460
9246 14191 721 3350 460
9239 14191 721 3350 460
9230 14191 725 3350 460
9220 14179 727 3350 460
9207 14168 727 3350 460
9192 14155 727 3350 460
9174 14141 724 3350 460
9157 14128 724 3350 460
9138 14115 721 3350 460
9118 14100 722 3350 460
9095 14084 721 3350 460
9073 14070 722 3350 460
9059 14059 725 3350 460
9049 14052 727 3350 460
9049 14052 731 3350 460
9049 14047 758 3350 460
9049 14047 765 3350 460
9049 14040 776 3350 460
9063 14032 788 3350 460
9081 14024 797 3350 460
9107 14017 800 3350 460
9147 14011 803 3350 460
9196 14006 814 3350 460
9241 14001 823 3350 460
9293 14001 827 3350 460
9349 14001 829 3350 460
9411 14001 823 3350 460
9474 14017 823 3350 460
9537 14038 823 3350 460
9581 14055 821 3350 460
9621 14070 821 3340 460
9643 14085 820 3340 460
9653 14094 818 3340 460
9653 14104 817 3340 460
9653 14112 814 3340 460
9653 14118 817 3340 460
9653 14127 815 3330 460
9648 14132 817 3330 460
9648 14132 820 3330 460
9648 14132 821 3330 460
9648 14132 829 3330 460
9648 14132 827 3330 460
9648 14132 855 3330 460
9648 14137 876 3330 460
9648 14137 892 3330 460
9648 14137 923 3330 460
9643 14137 945 3330 460
9643 14137 947 3330 460
9643 14137 964 3330 460
9643 14137 980 3330 460
9643 14137 989 3330 460
9643 14137 977 3330 460
9643 14137 979 3330 460
9643 14137 988 3330 460
9643 14137 991 3330 460
9643 14137 994 3330 460
9643 14137 996 3330 460
9643 14137 1008 3330 460
9643 14137 1023 3330 460
9643 14137 1023 3330 460
9643 14142 1023 3330 460
9643 14142 1023 3330 460
9643 14142 1023 3330 460
9643 14142 1023 3340 460
9648 14147 1023 3340 460
9648 14147 1023 3340 460
9648 14147 1023 3340 470
9648 14147 1023 3340 470
9655 14147 1023 3340 470
9655 14152 1023 3350 470
9661 14152 1023 3350 480
9661 14152 1023 3350 480
9666 14152 1023 3360 480
9666 14152 1023 3350 490
9666 14152 1023 3360 500
9666 14152 1023 3360 500
9666 14147 1023 3360 500
9666 14147 1023 3370 510
9666 14147 1023 3370 510
9666 14147 1023 3380 510
9666 14147 1023 3380 510
9666 14147 1023 3380 510
9666 14147 1023 3390 510
9666 14147 1023 3390 510
9666 14147 1023 3390 510
9666 14147 1023 3390 510
9666 14147 1023 3390 510
9666 14147 1023 3390 510
9666 14147 1023 3390 510
9672 14147 1023 3390 510
9672 14147 1023 3390 510
9672 14147 1023 3400 500
9672 14147 1023 3400 500
9672 14147 1023 3400 500
9672 14147 1023 3400 500
9672 14147 1023 3410 490
9672 14147 1023 3410 490
9672 14147 1023 3410 490
9672 14147 1023 3410 490
9672 14147 1023 3410 490
9672 14140 1023 3410 480
9672 14140 1023 3410 480
9672 14140 1023 3400 480
9672 14140 1023 3400 480
9672 14132 1023 3400 480
9665 14122 1023 3400 480
9665 14114 1023 3400 480
9652 14104 1023 3400 480
9641 14092 1020 3400 480
9625 14077 997 3400 480
9611 14060 988 3400 480
9601 14042 982 3400 480
9593 14025 982 3400 480
9593 14010 981 3400 480
9593 13996 982 3400 480
9593 13983 981 3400 480
9600 13972 981 3400 480
9610 13961 978 3400 480
9610 13956 997 3400 480
9625 13956 992 3400 480
9643 13951 982 3400 480
9663 13951 961 3400 480
9684 13951 951 3400 480
9713 13958 924 3400 480
9746 13966 908 3400 480
9775 13976 896 3400 480
9802 13991 906 3400 480
9829 14008 908 3400 480
9850 14025 903 3400 480
9869 14042 903 3410 470
9883 14056 903 3400 470
9893 14069 903 3400 470
9899 14078 899 3400 470
9899 14085 903 3400 470
9899 14092 899 3400 470
9905 14098 899 3400 470
9905 14098 903 3400 470
9905 14098 903 3400 470
9905 14098 903 3400 470
9905 14098 906 3400 470
9905 14098 892 3400 470
9905 14098 896 3400 470
9905 14098 902 3400 470
9905 14091 906 3400 470
9905 14083 908 3400 470
9905 14075 909 3400 470
9905 14063 911 3400 470
9905 14048 908 3400 470
9905 14033 911 3400 470
9911 14016 908 3400 470
9920 13999 906 3400 470
9932 13985 906 3400 470
9945 13971 902 3400 470
9958 13959 899 3380 470
9977 13953 897 3380 470
10000 13953 896 3380 470
10024 13953 909 3380 470
10048 13953 903 3380 470
10077 13961 899 3380 470
10108 13972 896 3380 470
10132 13986 887 3380 470
10153 14001 881 3380 470
10167 14018 870 3380 470
10174 14033 866 3380 470
10174 14048 848 3380 470
10174 14065 836 3370 470
10174 14083 822 3370 470
10165 14102 827 3370 470
10160 14122 823 3370 470
10152 14145 820 3370 470
10145 14168 818 3370 470
10138 14191 815 3370 470
10130 14207 812 3370 470
10121 14218 812 3370 470
10112 14229 808 3370 470
10102 14237 808 3370 470
10088 14237 808 3370 470
10072 14237 806 3370 480
10053 14237 803 3370 480
10033 14237 796 3370 480
10013 14231 796 3370 480
9998 14225 779 3370 480
9986 14219 771 3370 480
9979 14214 768 3370 480
9979 14209 770 3370 480
9974 14203 770 3370 480
9974 14197 779 3370 480
9986 14190 784 3370 480
10000 14183 797 3370 480
10026 14175 802 3370 480
10069 14167 806 3370 480
10122 14167 809 3370 480
10196 14167 809 3370 480
10271 14167 812 3370 480
10346 14175 821 3370 480
10419 14184 817 3370 480
10490 14196 824 3370 480
10554 14207 833 3370 470
10603 14214 845 3370 470
10642 14214 855 3360 460
10664 14224 860 3360 460
10674 14224 860 3350 470
10674 14229 855 3350 470
10674 14229 848 3350 470
10674 14234 837 3350 470
10674 14240 828 3350 470
10674 14246 824 3350 470
10669 14252 822 3350 470
10669 14252 819 3350 470
10658 14259 819 3350 470
10658 14259 819 3350 470
10658 14259 821 3350 470
10658 14259 824 3350 470
10658 14259 828 3350 470
10658 14259 834 3340 470
10658 14259 846 3340 470
10658 14259 861 3340 470
10658 14259 854 3340 470
10658 14259 864 3340 470
10658 14259 866 3340 470
10658 14259 870 3340 470
10658 14259 870 3340 470
10658 14259 866 3340 470
10652 14250 861 3340 470
10642 14237 864 3340 470
10621 14219 846 3340 470
10595 14199 827 3340 470
10572 14181 796 3340 470
10553 14165 782 3340 470
10541 14150 760 3340 470
10531 14139 756 3340 470
10524 14131 750 3340 470
10524 14124 761 3340 470
10524 14118 760 3340 470
10524 14113 757 3350 470
10524 14113 755 3350 470
10535 14104 752 3350 470
10546 14104 751 3360 460
10560 14104 748 3360 460
10577 14104 746 3360 460
10600 14113 746 3360 460
10631 14122 748 3360 460
10666 14133 745 3360 460
10700 14148 748 3360 460
10733 14164 746 3360 460
10763 14180 748 3360 460
10789 14195 754 3360 460
10807 14205 760 3360 460
10818 14213 754 3360 460
10824 14213 756 3360 460
10824 14218 759 3350 460
10829 14218 759 3350 460
10829 14218 768 3350 460
10829 14218 774 3350 460
10829 14218 780 3350 460
10829 14218 788 3350 460
10824 14210 791 3350 460
10817 14203 796 3350 460
10808 14203 785 3350 460
10796 14187 790 3350 460
10778 14170 793 3340 460
10749 14144 797 3340 460
10712 14112 809 3340 460
10670 14075 817 3340 460
10625 14032 820 3340 460
10572 13985 823 3350 460
10509 13935 829 3350 460
10443 13878 830 3350 460
10376 13812 832 3350 460
10299 13741 829 3350 460
10207 13659 830 3350 460
10106 13580 823 3350 460
10008 13503 821 3350 460
9929 13443 812 3360 460
9862 13396 814 3360 460
9829 13370 811 3360 460
9817 13360 796 3370 470
9817 13360 773 3370 470
9825 13372 767 3370 470
9848 13385 762 3380 470
9882 13404 763 3380 470
9950 13442 763 3380 470
10050 13491 762 3380 470
10171 13562 773 3380 470
10286 13638 782 3380 470
10406 13724 788 3380 470
10530 13807 790 3380 470
10657 13888 791 3380 470
10781 13975 787 3380 470
10900 14065 790 3380 470
11016 14162 787 3380 470
11133 14266 791 3370 470
11224 14348 790 3370 470
11296 14415 791 3360 460
11338 14453 796 3360 460
11359 14468 817 3350 460
11367 14468 840 3350 460
11367 14468 843 3340 470
11373 14455 842 3330 470
11373 14440 842 3330 470
11373 14424 840 3330 470
11373 14402 839 3320 460
11366 14376 834 3320 460
11359 14350 827 3320 460
11352 14327 827 3310 460
11352 14310 825 3310 460
11352 14297 824 3310 460
11352 14286 818 3310 460
11352 14276 830 3310 460
11357 14270 820 3310 460
11357 14264 814 3300 460
11357 14264 809 3300 460
11357 14257 809 3300 460
11357 14250 806 3290 470
11357 14250 803 3290 470
11357 14244 791 3290 470
11365 14238 788 3290 470
11374 14238 771 3290 470
11381 14238 763 3290 470
11404 14238 763 3290 470
11437 14252 754 3290 470
11472 14269 746 3290 470
11512 14291 740 3290 470
11555 14315 737 3290 470
11598 14339 730 3290 470
11638 14360 721 3290 470
11674 14379 730 3290 470
11696 14395 722 3290 470
11709 14406 708 3290 470
11715 14414 693 3290 470
11720 14414 687 3290 470
11720 14414 662 3290 470
11720 14414 650 3290 470
11713 14419 638 3290 470
11713 14419 644 3290 470
11707 14419 644 3290 470
11707 14419 645 3300 460
11707 14419 636 3300 460
11707 14413 640 3300 460
11707 14413 649 3300 460
11707 14413 647 3300 460
11712 14407 644 3290 460
11723 14402 647 3290 460
11737 14396 599 3290 460
11751 14389 438 3290 460
11764 14382 51 3290 460
11764 14382 0 3290 460
11797 14356 0 3290 460
11804 14334 0 3290 460
11810 14300 0 3300 450
11810 14254 0 3290 440
11770 14200 0 3290 440
11770 14171 0 3290 440
11788 14145 0 3290 440
11741 14125 0 3280 430
11715 14125 0 3280 430
11704 14137 0 3290 430
11682 14148 0 3300 420
11653 14201 0 3320 400
11620 14283 0 3320 390
11582 14365 0 3330 380
11560 14448 0 3340 370
11549 14497 0 3350 360
11498 14523 0 3360 360
11445 14564 0 3360 360
11388 14622 0 3370 360
11329 14692 0 3370 360
11269 14712 0 3370 360
11247 14721 0 3370 360
11210 14721 0 3380 360
11164 14721 0 3380 360
11124 14688 0 3380 360
11083 14629 0 3380 370
11054 14664 0 3380 370
11032 14621 0 3390 380
11019 14603 0 3370 400
11008 14628 0 3360 410
10997 14639 0 3360 420
10987 14652 0 3350 430
10987 14652 106 3350 430
10987 14652 217 3340 440
10987 14652 334 3340 450
10990 14707 439 3340 450
11000 14721 562 3330 460
11009 14729 662 3320 460
11015 14729 748 3310 470
11021 14729 803 3310 470
11029 14729 846 3310 470
11038 14729 878 3300 470
11046 14729 896 3310 470
11052 14729 924 3310 470
11052 14729 933 3310 470
11060 14723 939 3310 470
11060 14723 941 3310 470
11065 14723 941 3310 470
11065 14723 933 3310 470
11065 14723 918 3300 480
11065 14723 899 3300 480
11060 14723 894 3300 480
11048 14723 875 3300 480
11028 14723 860 3300 480
11000 14723 863 3300 480
10962 14723 849 3300 480
10926 14723 834 3300 480
10892 14723 817 3300 480
10858 14718 821 3310 470
10829 14718 820 3310 470
10802 14718 817 3310 470
10775 14718 817 3310 470
10739 14727 812 3320 480
10698 14732 811 3320 480
10717 14737 809 3320 480
10709 14742 811 3320 480
10682 14747 808 3320 480
10663 14753 802 3320 480
10643 14753 788 3320 480
10621 14753 782 3320 480
10602 14753 770 3320 480
10584 14759 765 3320 480
10566 14759 763 3330 480
10552 14759 763 3330 480
10540 14759 762 3330 480
10524 14759 762 3330 480
10518 14754 762 3330 480
10518 14754 762 3330 480
10518 14754 753 3330 480
10518 14754 672 3330 480
10518 14754 310 3330 480
