NLDCC-009_009_001 1793
4674 24350 132 3370 520
4674 24350 191 3370 520
4674 24350 221 3370 520
4674 24350 244 3370 520
4674 24350 279 3370 520
4674 24350 320 3370 520
4674 24350 351 3370 520
4674 24350 371 3370 520
4674 24350 396 3370 520
4674 24350 402 3370 520
4674 24350 410 3370 520
4674 24350 420 3370 520
4674 24350 415 3370 520
4674 24350 415 3370 520
4674 24350 417 3370 520
4674 24350 418 3370 520
4674 24350 430 3370 520
4674 24350 439 3370 520
4674 24350 469 3370 520
4674 24350 478 3380 520
4674 24350 497 3380 520
4674 24350 505 3380 520
4617 24309 520 3380 520
4573 24290 516 3390 510
4520 24290 521 3390 510
4463 24296 522 3400 510
4404 24214 526 3400 510
4342 24171 522 3400 510
4281 24154 516 3420 520
4226 24126 515 3420 520
4174 24100 515 3420 520
4121 24074 515 3430 520
4071 24049 513 3430 520
4024 24026 522 3440 520
3973 24006 522 3440 520
3921 23989 522 3460 510
3874 23975 515 3470 510
3830 23965 512 3470 510
3789 23958 504 3490 510
3757 23958 501 3490 510
3731 23958 499 3500 520
3716 23967 509 3500 510
3704 23981 526 3500 510
3693 23998 550 3510 510
3693 24017 610 3510 510
3716 24036 670 3510 510
3753 24058 697 3520 500
3828 24090 733 3520 500
3934 24129 730 3520 500
4060 24173 751 3510 510
4222 24234 763 3510 510
4407 24307 756 3510 510
4607 24391 759 3510 510
4816 24495 759 3510 510
5016 24612 760 3500 510
5209 24751 759 3500 510
5377 24878 757 3490 500
5541 24998 746 3490 510
5681 25137 727 3470 510
5805 25263 699 3460 510
5911 25381 644 3440 520
5976 25472 572 3430 520
6013 25536 465 3430 520
6019 25581 277 3420 520
6011 25595 1 3410 520
6011 25595 0 3400 520
5971 25576 0 3380 520
5948 25537 0 3380 520
5926 25480 0 3370 520
5905 25411 0 3360 530
5886 25384 0 3360 530
5868 25323 0 3360 530
5848 25239 0 3360 530
5826 25086 0 3360 530
5804 25004 0 3360 530
5782 24970 0 3360 530
5758 24894 0 3360 530
5733 24830 0 3360 530
5706 24775 0 3370 510
5665 24728 0 3370 490
5614 24682 0 3370 470
5546 24649 0 3380 440
5474 24625 0 3390 430
5395 24603 0 3400 410
5313 24584 0 3400 400
5232 24566 0 3400 400
5153 24547 0 3410 390
5075 24528 0 3420 400
5007 24514 0 3420 400
4946 24504 0 3420 400
4895 24495 0 3410 400
4852 24470 0 3410 400
4813 24435 0 3410 400
4789 24425 0 3410 410
4763 24417 0 3410 420
4745 24411 0 3390 440
4732 24405 0 3390 460
4707 24400 0 3370 490
4695 24400 0 3350 500
4695 24411 0 3350 510
4666 24429 0 3340 520
4659 24387 0 3320 530
4659 24373 0 3320 530
4659 24373 0 3320 530
4659 24414 0 3300 520
4659 24409 0 3300 520
4672 24376 0 3290 520
4692 24376 0 3300 510
4715 24369 0 3300 510
4732 24369 0 3300 510
4747 24369 0 3300 510
4763 24375 0 3310 510
4779 24382 0 3310 510
4795 24390 0 3320 510
4805 24401 0 3320 510
4814 24415 0 3320 510
4819 24429 0 3320 510
4819 24444 0 3320 510
4819 24456 0 3320 510
4812 24470 0 3320 510
4812 24483 0 3310 500
4807 24497 0 3300 510
4807 24510 0 3300 510
4807 24523 0 3300 510
4812 24537 0 3290 510
4819 24547 0 3290 510
4828 24554 0 3290 510
4837 24554 0 3290 510
4846 24560 0 3280 500
4857 24560 0 3280 500
4868 24566 0 3280 500
4879 24566 0 3290 510
4888 24566 0 3280 510
4895 24566 0 3290 520
4905 24574 0 3290 520
4911 24574 0 3300 520
4918 24579 0 3300 520
4918 24579 0 3320 530
4926 24586 0 3330 530
4926 24591 0 3330 530
4935 24596 0 3340 530
4940 24602 0 3340 530
4940 24602 86 3360 530
4940 24602 141 3360 530
4940 24602 213 3370 540
4940 24602 269 3370 540
4940 24602 320 3380 540
4940 24602 366 3390 530
4940 24602 407 3390 530
4940 24602 438 3390 530
4940 24602 465 3390 530
4940 24602 478 3400 520
4940 24602 496 3400 520
4940 24602 494 3400 520
4940 24602 507 3400 510
4940 24602 512 3400 510
4940 24602 527 3400 510
4940 24602 543 3410 500
4940 24602 567 3410 500
4940 24602 592 3410 500
4940 24602 611 3410 500
4940 24602 652 3410 500
4940 24602 685 3410 500
4940 24602 708 3410 500
4940 24602 720 3410 500
4940 24602 734 3410 500
4940 24602 748 3410 500
4940 24602 760 3410 500
4940 24602 762 3400 510
4940 24602 774 3400 510
4940 24602 782 3400 510
4976 24550 785 3400 510
4966 24524 782 3400 520
4952 24493 784 3400 520
4925 24451 782 3400 520
4889 24405 784 3400 520
4848 24356 784 3400 520
4802 24301 784 3400 520
4758 24246 788 3380 520
4717 24188 788 3380 520
4675 24127 788 3380 520
4636 24132 788 3380 520
4606 24077 788 3380 520
4581 23983 790 3380 520
4563 23954 788 3380 520
4552 23938 787 3380 520
4546 23931 780 3400 510
4546 23931 760 3400 510
4540 23931 690 3400 510
4535 23931 602 3400 510
4535 23936 447 3410 500
4530 23947 100 3410 500
4530 23947 0 3420 510
4559 24000 0 3420 510
4591 24041 0 3430 500
4646 24088 0 3430 500
4708 24135 0 3420 500
4774 24182 0 3420 500
4826 24239 0 3410 490
4877 24303 0 3390 490
4914 24327 0 3390 490
4941 24327 0 3380 490
4966 24310 0 3380 480
4990 24382 0 3370 480
4998 24395 0 3370 480
4998 24369 0 3360 480
4975 24423 0 3360 480
4958 24444 0 3370 490
4942 24444 0 3360 500
4924 24454 0 3360 500
4916 24466 0 3370 500
4916 24474 0 3370 510
4916 24479 0 3380 510
4926 24502 0 3390 510
4936 24522 0 3400 510
4949 24541 0 3410 520
4962 24570 0 3420 530
4981 24578 0 3420 540
5004 24572 0 3430 540
5015 24581 0 3440 540
5026 24590 0 3440 550
5041 24596 0 3440 550
5057 24596 0 3440 550
5057 24596 181 3430 550
5057 24596 260 3430 550
5057 24596 289 3410 550
5057 24596 322 3410 550
5057 24596 373 3400 540
5057 24596 394 3400 540
5057 24596 418 3400 540
5057 24596 430 3380 540
5057 24596 440 3380 540
5057 24596 474 3380 540
5057 24596 488 3380 540
5057 24596 512 3380 540
5057 24596 570 3380 540
5057 24596 606 3380 540
5057 24596 643 3370 540
5057 24596 675 3370 540
5057 24596 702 3380 530
5057 24596 710 3380 530
5057 24596 717 3380 530
5031 24521 721 3380 530
5005 24481 724 3380 530
4975 24436 722 3380 530
4936 24383 724 3380 530
4892 24325 728 3380 530
4845 24265 730 3380 530
4795 24203 721 3380 520
4745 24141 727 3380 520
4701 24078 730 3380 520
4660 24078 733 3380 520
4628 24020 734 3400 520
4605 23927 733 3400 520
4587 23903 731 3400 520
4574 23885 731 3400 510
4569 23877 725 3400 510
4569 23877 667 3400 510
4569 23877 586 3420 510
4569 23877 441 3420 510
4569 23893 155 3420 510
4569 23893 0 3420 510
4594 23937 0 3430 500
4624 23969 0 3430 500
4662 24009 0 3430 500
4710 24051 0 3430 500
4756 24093 0 3420 500
4800 24125 0 3420 500
4842 24152 0 3410 480
4876 24245 0 3410 480
4905 24279 0 3410 480
4929 24279 0 3410 480
4948 24224 0 3420 490
4956 24219 0 3420 490
4962 24244 0 3420 490
4967 24244 0 3430 490
4967 24244 0 3430 490
4962 24244 0 3450 490
4962 24244 0 3450 490
4957 24237 0 3450 500
4957 24231 0 3450 500
4952 24231 0 3470 500
4952 24225 0 3480 500
4945 24225 0 3490 500
4945 24216 0 3500 510
4945 24216 0 3500 520
4945 24211 0 3500 520
4954 24211 0 3500 520
4964 24211 0 3490 510
4973 24211 0 3490 510
4980 24211 0 3470 510
4980 24211 0 3470 510
4989 24211 0 3460 510
4989 24216 0 3460 510
4989 24216 0 3460 510
4989 24224 0 3450 510
4989 24224 0 3450 510
4989 24233 0 3440 520
4989 24240 0 3430 520
4994 24245 0 3430 520
4994 24245 0 3430 520
4994 24253 0 3430 520
4994 24253 0 3430 520
4994 24262 0 3430 520
5004 24262 0 3420 520
5004 24262 0 3420 520
5013 24267 0 3420 520
5013 24267 65 3420 520
5013 24267 115 3420 520
5013 24267 178 3420 520
5013 24267 256 3420 520
5013 24267 317 3420 520
5013 24267 373 3420 520
5013 24267 417 3420 520
5013 24267 453 3420 520
5013 24267 498 3400 510
5013 24267 515 3400 510
5013 24267 540 3400 510
5013 24267 557 3400 510
5013 24267 566 3400 510
5013 24267 584 3400 510
5013 24267 589 3400 510
5013 24267 608 3400 510
5013 24267 619 3400 510
5013 24267 641 3400 510
5013 24267 649 3400 510
5013 24267 661 3400 510
5013 24267 667 3420 520
5013 24267 664 3420 520
4953 24246 682 3420 520
4929 24237 702 3420 520
4902 24226 710 3420 520
4855 24206 719 3420 520
4795 24180 724 3420 520
4744 24150 724 3420 520
4705 24124 713 3420 520
4674 24100 700 3420 520
4655 24086 675 3420 510
4646 24076 636 3420 510
4646 24076 577 3420 510
4646 24076 491 3420 510
4646 24076 281 3420 510
4646 24076 0 3420 510
4700 24102 0 3420 510
4764 24126 0 3420 510
4840 24156 0 3420 510
4923 24186 0 3420 510
4985 24217 0 3420 510
5045 24238 0 3420 510
5087 24253 0 3420 510
5118 24322 0 3430 500
5148 24322 0 3430 500
5167 24282 0 3430 500
5178 24347 0 3430 500
5183 24353 0 3430 500
5183 24320 0 3420 510
5189 24342 0 3410 500
5189 24362 0 3410 500
5195 24382 0 3410 500
5202 24408 0 3410 500
5210 24435 0 3420 520
5217 24462 0 3420 520
5226 24488 0 3420 520
5237 24508 0 3410 520
5243 24523 0 3400 520
5243 24534 0 3400 520
5243 24534 0 3390 530
5249 24529 0 3390 530
5249 24521 0 3390 530
5249 24510 0 3390 530
5237 24497 0 3380 530
5265 24488 0 3380 530
5273 24482 0 3380 530
5268 24482 0 3380 530
5273 24482 0 3380 530
5281 24492 0 3380 530
5281 24492 332 3380 530
5281 24492 414 3380 530
5281 24492 470 3380 530
5281 24492 537 3380 530
5281 24492 617 3380 530
5281 24492 646 3380 530
5281 24492 670 3380 530
5281 24492 672 3380 530
5281 24492 693 3380 530
5281 24492 697 3380 530
5281 24492 707 3380 530
5281 24492 716 3380 530
5281 24492 728 3380 530
5281 24492 720 3380 530
5281 24492 730 3380 530
5281 24492 752 3380 530
5224 24452 757 3380 520
5186 24419 777 3380 520
5142 24379 788 3380 520
5106 24342 791 3380 520
5067 24301 794 3380 520
5023 24258 796 3400 520
4981 24213 785 3400 520
4942 24169 790 3400 520
4904 24127 791 3400 520
4870 24085 788 3400 520
4838 24046 797 3400 510
4820 24023 797 3400 510
4812 24011 796 3400 510
4812 24003 799 3400 510
4812 23997 800 3400 510
4812 23997 797 3400 510
4812 23991 794 3420 510
4812 23991 785 3420 510
4820 23991 796 3420 510
4839 23998 791 3420 510
4867 24009 779 3420 510
4906 24028 770 3420 510
4954 24055 768 3420 510
5007 24090 767 3430 500
5055 24127 763 3430 500
5100 24160 763 3420 510
5141 24191 763 3420 510
5176 24215 767 3410 500
5196 24231 762 3410 500
5207 24241 768 3410 500
5215 24248 768 3410 500
5220 24248 780 3410 500
5220 24248 787 3410 500
5220 24248 791 3410 500
5220 24248 793 3410 500
5220 24242 793 3410 500
5220 24242 794 3410 500
5220 24234 796 3410 500
5215 24228 796 3410 500
5215 24228 784 3410 500
5215 24219 785 3400 510
5215 24213 787 3400 510
5215 24204 787 3390 510
5210 24197 791 3390 510
5205 24186 796 3400 500
5200 24172 800 3400 500
5192 24161 797 3400 500
5184 24147 799 3400 500
5173 24157 799 3400 500
5159 24183 800 3400 500
5145 24090 799 3400 500
5131 24056 796 3400 500
5123 24061 796 3400 500
5123 24056 797 3400 500
5118 24056 796 3410 500
5118 24051 790 3410 500
5118 24051 785 3410 500
5118 24051 794 3410 500
5118 24051 791 3410 500
5125 24060 790 3410 500
5132 24067 790 3410 500
5143 24080 790 3410 500
5156 24097 788 3410 500
5169 24117 788 3410 500
5180 24136 787 3410 500
5188 24156 784 3410 500
5194 24173 784 3410 500
5194 24188 782 3410 500
5200 24204 777 3410 500
5200 24219 776 3410 500
5191 24233 773 3410 500
5185 24244 771 3410 500
5179 24253 771 3410 500
5172 24264 768 3410 500
5164 24269 767 3400 510
5155 24269 768 3400 510
5148 24269 771 3400 510
5137 24269 773 3400 510
5127 24260 777 3400 510
5114 24248 777 3400 510
5099 24230 777 3400 510
5080 24209 777 3400 510
5060 24184 779 3400 510
5046 24160 777 3400 510
5036 24137 779 3400 510
5025 24112 788 3400 510
5013 24088 794 3410 500
5002 24066 796 3410 500
4996 24044 784 3410 500
4996 24024 788 3420 510
4996 24006 796 3420 510
4996 23992 800 3420 510
4996 23982 805 3420 510
5002 23982 802 3420 510
5002 23982 800 3420 510
5017 23982 799 3420 510
5033 23982 797 3430 500
5057 23996 796 3430 500
5084 24017 796 3430 500
5112 24045 794 3430 500
5142 24078 793 3430 500
5171 24113 790 3430 500
5193 24150 787 3430 500
5208 24178 794 3430 500
5216 24200 782 3430 500
5216 24219 768 3430 500
5216 24232 760 3430 500
5216 24240 757 3420 510
5216 24247 753 3420 510
5216 24247 754 3420 510
5216 24252 756 3410 500
5211 24252 759 3410 500
5206 24247 762 3410 500
5200 24240 770 3410 500
5195 24228 788 3410 500
5190 24216 783 3410 500
5190 24203 787 3410 500
5184 24189 800 3410 500
5184 24172 809 3410 500
5177 24154 817 3410 500
5177 24134 829 3410 500
5172 24115 833 3410 500
5167 24096 837 3410 500
5167 24080 839 3410 500
5176 24065 839 3410 500
5187 24053 837 3410 500
5200 24048 837 3410 500
5215 24048 834 3410 500
5230 24040 836 3410 500
5257 24047 833 3410 500
5292 24058 828 3410 500
5328 24074 828 3410 500
5366 24093 827 3410 500
5406 24119 827 3410 500
5440 24144 827 3410 500
5471 24165 824 3420 500
5496 24185 825 3420 500
5516 24204 824 3420 500
5528 24213 825 3420 500
5536 24222 824 3410 490
5544 24231 824 3400 500
5550 24237 822 3400 500
5555 24242 824 3400 500
5555 24242 828 3400 500
5555 24242 833 3400 500
5555 24242 840 3400 500
5555 24242 867 3400 500
5555 24242 876 3400 500
5555 24242 902 3400 500
5555 24237 896 3400 500
5555 24232 900 3390 500
5560 24226 912 3390 500
5560 24216 920 3390 500
5553 24203 924 3390 500
5546 24190 929 3390 500
5539 24176 933 3390 500
5529 24160 935 3390 500
5519 24142 932 3390 500
5508 24125 935 3390 500
5500 24110 933 3390 500
5493 24099 933 3390 500
5493 24091 936 3390 500
5493 24091 935 3390 500
5493 24084 932 3390 500
5493 24079 929 3390 500
5499 24079 920 3390 500
5506 24079 909 3390 500
5521 24079 896 3390 500
5550 24091 897 3390 500
5588 24108 893 3390 500
5630 24132 888 3390 500
5674 24163 885 3390 500
5720 24201 882 3390 500
5764 24237 884 3390 500
5805 24270 882 3390 500
5837 24296 882 3390 500
5862 24315 882 3390 500
5873 24329 884 3370 500
5873 24329 887 3370 500
5873 24329 888 3370 500
5873 24329 890 3370 500
5873 24329 893 3360 500
5873 24329 900 3360 500
5873 24329 906 3360 500
5873 24329 896 3360 500
5868 24323 900 3350 490
5863 24323 905 3350 490
5863 24314 908 3350 490
5856 24305 911 3350 490
5849 24294 915 3350 490
5843 24282 914 3350 490
5843 24270 915 3350 490
5836 24256 915 3350 490
5836 24244 918 3350 490
5836 24231 918 3350 490
5836 24219 918 3350 490
5836 24207 915 3350 490
5841 24195 914 3350 490
5846 24184 908 3350 490
5857 24175 906 3350 490
5871 24168 900 3350 490
5882 24168 899 3350 490
5894 24168 892 3350 490
5905 24168 905 3350 490
5920 24168 897 3350 490
5937 24173 884 3350 490
5956 24178 873 3350 490
5972 24187 869 3350 490
5987 24197 870 3350 490
6002 24208 864 3360 500
6028 24227 863 3360 500
6059 24251 863 3360 500
6091 24281 860 3360 500
6125 24313 858 3360 500
6159 24344 860 3360 500
6186 24367 860 3360 500
6209 24386 861 3360 500
6226 24399 863 3360 500
6238 24399 873 3360 500
6246 24399 894 3360 500
6246 24399 909 3360 500
6246 24399 899 3360 500
6246 24399 909 3360 500
6246 24399 918 3360 500
6253 24399 921 3360 500
6253 24399 923 3350 490
6253 24391 926 3350 490
6253 24391 926 3350 490
6253 24384 924 3350 490
6253 24384 924 3350 490
6253 24376 927 3350 490
6253 24376 927 3350 490
6253 24371 927 3350 490
6253 24365 929 3350 490
6253 24365 932 3350 490
6253 24358 932 3350 490
6253 24358 930 3350 490
6253 24347 930 3350 490
6253 24339 930 3350 490
6253 24329 929 3350 490
6253 24319 924 3350 490
6248 24306 923 3350 490
6243 24291 918 3350 490
6238 24278 917 3350 490
6238 24266 915 3350 490
6232 24256 911 3350 490
6232 24248 909 3350 490
6232 24240 909 3350 490
6232 24235 909 3350 490
6232 24235 908 3350 490
6232 24229 906 3350 490
6232 24229 900 3350 490
6232 24229 896 3340 490
6232 24229 908 3340 490
6232 24229 900 3340 490
6232 24229 890 3340 490
6232 24234 878 3340 490
6239 24240 870 3340 490
6239 24247 864 3340 490
6245 24258 853 3340 490
6245 24272 866 3340 490
6252 24290 861 3340 490
6252 24311 861 3340 490
6260 24335 861 3340 490
6260 24362 858 3340 490
6266 24388 857 3350 490
6266 24405 857 3350 490
6274 24417 855 3350 490
6274 24425 855 3350 490
6268 24425 857 3350 490
6268 24425 858 3350 490
6268 24425 863 3350 490
6260 24425 866 3350 490
6252 24417 867 3350 490
6240 24407 855 3350 490
6223 24392 860 3350 490
6205 24373 858 3350 490
6183 24353 860 3350 490
6161 24331 860 3350 490
6146 24307 860 3350 490
6135 24288 860 3350 490
6127 24269 861 3350 490
6122 24249 863 3350 490
6122 24232 861 3350 490
6122 24217 863 3350 490
6122 24202 864 3350 490
6122 24189 866 3350 490
6135 24180 866 3350 490
6144 24175 864 3350 490
6152 24175 860 3350 490
6166 24175 855 3350 490
6183 24181 866 3350 490
6206 24192 861 3350 490
6229 24211 860 3350 490
6250 24237 851 3350 490
6272 24264 833 3350 490
6293 24291 829 3350 490
6314 24318 800 3350 490
6334 24345 784 3350 490
6349 24374 793 3350 490
6364 24404 791 3350 490
6377 24427 788 3350 490
6388 24446 790 3350 490
6395 24460 791 3350 490
6395 24460 785 3350 490
6395 24460 809 3350 490
6395 24460 830 3350 490
6395 24460 849 3350 490
6395 24454 855 3350 490
6395 24443 864 3350 490
6395 24429 866 3350 490
6389 24412 854 3350 490
6389 24394 855 3350 490
6381 24376 860 3350 490
6381 24359 863 3350 490
6381 24341 863 3350 490
6376 24328 866 3350 490
6376 24315 864 3350 490
6384 24305 864 3350 490
6394 24296 863 3350 490
6407 24288 857 3350 490
6421 24283 853 3350 490
6446 24283 864 3340 490
6470 24283 860 3340 490
6498 24283 851 3340 490
6532 24297 845 3340 490
6568 24310 837 3340 490
6601 24326 833 3340 490
6633 24343 828 3340 490
6659 24361 824 3340 490
6680 24375 824 3340 490
6699 24386 822 3330 490
6706 24392 821 3330 490
6715 24399 817 3330 490
6725 24406 818 3330 490
6737 24414 832 3330 490
6748 24423 832 3310 480
6758 24430 832 3310 480
6764 24435 818 3310 480
6769 24435 821 3310 480
6769 24435 828 3310 480
6777 24435 839 3310 480
6777 24435 855 3310 480
6777 24435 867 3310 480
6785 24435 863 3310 480
6785 24430 864 3310 480
6791 24424 866 3310 480
6791 24415 869 3310 480
6797 24410 875 3300 480
6797 24404 876 3300 480
6797 24398 878 3300 480
6797 24398 879 3300 480
6797 24398 878 3300 480
6797 24398 879 3300 480
6797 24398 878 3300 480
6797 24391 876 3300 480
6797 24391 876 3300 480
6797 24391 875 3300 480
6803 24382 875 3300 480
6803 24377 875 3300 480
6810 24372 876 3300 480
6810 24365 876 3300 480
6817 24356 876 3300 480
6822 24349 876 3300 480
6822 24340 878 3300 480
6830 24329 878 3300 480
6835 24320 876 3300 480
6835 24314 879 3300 480
6835 24309 879 3300 480
6835 24309 878 3290 480
6840 24304 876 3290 480
6840 24304 878 3290 480
6840 24304 878 3290 480
6840 24304 876 3290 480
6840 24304 875 3290 480
6840 24298 875 3290 480
6840 24298 875 3290 480
6840 24293 876 3290 480
6840 24293 876 3290 480
6840 24293 876 3290 480
6840 24288 876 3290 480
6840 24288 875 3290 480
6840 24283 876 3290 480
6840 24283 875 3290 480
6840 24278 875 3290 480
6840 24278 875 3290 480
6840 24278 875 3290 480
6835 24273 876 3290 480
6835 24273 875 3290 480
6835 24273 876 3290 480
6835 24273 875 3290 480
6835 24273 875 3290 480
6835 24268 878 3290 480
6835 24268 878 3290 480
6829 24260 878 3290 480
6824 24260 875 3290 480
6819 24249 873 3290 480
6813 24241 873 3290 480
6813 24236 873 3290 480
6806 24236 861 3290 480
6806 24230 840 3290 480
6798 24230 777 3290 480
6793 24224 639 3290 480
6788 24224 311 3290 480
6788 24224 0 3290 480
6765 24207 0 3300 470
6788 24196 0 3300 470
6833 24182 0 3300 470
6896 24182 0 3290 470
6968 24201 0 3290 470
7047 24161 0 3290 470
7107 24119 0 3290 470
7165 24075 0 3290 470
7165 24075 0 3290 470
7165 24075 -1 0 0
7185 24085 -1 0 0
7206 24096 -1 0 0
7227 24107 -1 0 0
7248 24118 -1 0 0
7269 24128 -1 0 0
7290 24139 -1 0 0
7311 24150 -1 0 0
7331 24161 -1 0 0
7352 24171 -1 0 0
7373 24182 -1 0 0
7394 24193 -1 0 0
7415 24204 -1 0 0
7436 24214 -1 0 0
7457 24225 -1 0 0
7478 24236 -1 0 0
7498 24247 -1 0 0
7519 24257 -1 0 0
7540 24268 -1 0 0
7561 24279 -1 0 0
7582 24290 -1 0 0
7603 24300 -1 0 0
7624 24311 -1 0 0
7644 24322 -1 0 0
7665 24333 -1 0 0
7686 24344 -1 0 0
7707 24354 -1 0 0
7728 24365 -1 0 0
7749 24376 -1 0 0
7770 24387 -1 0 0
7791 24397 -1 0 0
7811 24408 -1 0 0
7832 24419 -1 0 0
7853 24430 -1 0 0
7874 24440 -1 0 0
7895 24451 -1 0 0
7916 24462 -1 0 0
7937 24473 -1 0 0
7958 24483 -1 0 0
7978 24494 -1 0 0
7999 24505 -1 0 0
8020 24516 -1 0 0
8041 24526 -1 0 0
8062 24537 -1 0 0
8083 24548 -1 0 0
8104 24559 -1 0 0
8125 24570 0 0 900
8125 24570 0 3150 890
8125 24570 0 3150 860
8094 24609 0 3150 830
8041 24675 0 3150 800
7994 24736 0 3150 800
7945 24773 0 3150 800
7894 24794 0 3150 800
7846 24785 0 3150 800
7793 24753 0 3190 790
7740 24706 0 3180 780
7688 24658 0 3230 750
7639 24612 0 3270 720
7589 24570 0 3290 690
7531 24532 0 3300 670
7470 24513 0 3300 650
7410 24508 0 3300 640
7358 24515 0 3300 620
7333 24528 0 3310 610
7320 24545 0 3310 600
7300 24563 0 3320 590
7283 24594 0 3320 570
7269 24626 0 3340 550
7255 24647 0 3350 520
7239 24660 0 3370 500
7222 24669 0 3390 480
7188 24678 0 3400 470
7171 24678 0 3410 470
7164 24678 0 3420 480
7149 24688 0 3420 480
7132 24697 0 3430 480
7115 24708 0 3450 470
7102 24719 0 3450 460
7092 24729 0 3470 450
7082 24742 0 3470 440
7077 24755 0 3470 430
7077 24769 0 3490 420
7072 24782 0 3490 410
7072 24795 0 3490 410
7077 24806 0 3490 420
7077 24817 0 3490 420
7077 24827 0 3480 430
7077 24833 0 3480 430
7077 24833 0 3480 440
7077 24840 0 3480 440
7085 24845 0 3480 440
7090 24852 0 3480 450
7090 24857 0 3480 450
7095 24857 0 3480 450
7100 24867 0 3470 460
7108 24867 0 3470 460
7117 24873 0 3470 460
7125 24878 0 3460 470
7133 24878 0 3460 470
7139 24878 0 3450 480
7148 24878 0 3440 480
7159 24884 0 3430 490
7167 24884 0 3430 490
7177 24889 0 3430 490
7187 24889 0 3420 490
7196 24898 0 3420 490
7202 24904 0 3420 500
7209 24909 0 3420 500
7215 24914 0 3410 490
7222 24920 0 3410 490
7222 24920 233 3410 490
7222 24920 371 3410 490
7222 24920 420 3410 490
7222 24920 464 3400 500
7222 24920 541 3390 500
7222 24920 589 3390 500
7222 24920 613 3390 500
7275 24927 625 3390 500
7280 24927 636 3380 510
7286 24927 636 3380 510
7286 24927 641 3380 510
7294 24927 650 3380 510
7300 24927 659 3380 510
7300 24927 664 3380 510
7305 24927 682 3370 510
7305 24927 702 3370 510
7305 24927 707 3370 510
7310 24927 721 3370 510
7310 24927 730 3370 510
7310 24920 733 3370 510
7310 24915 724 3370 510
7310 24908 725 3370 510
7310 24896 725 3370 510
7310 24881 725 3370 510
7303 24863 725 3370 510
7298 24841 724 3370 510
7289 24816 724 3370 510
7276 24786 727 3370 510
7260 24752 725 3370 510
7241 24716 727 3370 510
7220 24666 727 3370 510
7196 24611 727 3370 510
7164 24553 730 3370 510
7127 24497 731 3380 510
7081 24441 731 3380 510
7030 24386 736 3380 510
6971 24331 737 3380 510
6909 24275 739 3380 510
6849 24225 736 3380 510
6793 24180 736 3390 510
6739 24144 736 3390 510
6697 24117 733 3390 510
6667 24098 697 3400 510
6645 24092 636 3400 510
6625 24092 574 3400 510
6613 24106 450 3400 510
6605 24119 217 3420 520
6605 24119 0 3420 520
6644 24175 0 3420 520
6689 24209 0 3420 520
6752 24239 0 3420 520
6832 24267 0 3420 510
6923 24292 0 3410 500
7012 24317 0 3410 500
7084 24343 0 3410 500
7145 24406 0 3410 500
7194 24424 0 3410 500
7237 24413 0 3410 500
7265 24470 0 3400 510
7283 24489 0 3400 510
7300 24482 0 3400 510
7312 24498 0 3400 510
7312 24510 0 3380 520
7312 24520 0 3380 520
7304 24520 0 3380 520
7296 24529 0 3390 530
7287 24529 0 3390 530
7274 24524 0 3390 530
7261 24524 0 3400 530
7249 24529 0 3400 530
7237 24516 0 3400 530
7222 24486 0 3400 530
7211 24506 0 3400 540
7211 24506 239 3400 540
7211 24506 539 3400 540
7211 24506 561 3400 540
7211 24506 561 3380 540
7263 24488 565 3390 530
7288 24495 561 3390 530
7321 24509 578 3390 530
7360 24530 581 3390 530
7398 24556 586 3390 530
7443 24587 586 3390 530
7492 24621 588 3390 530
7530 24656 589 3390 530
7562 24684 560 3380 520
7586 24709 515 3380 520
7594 24719 407 3380 520
7594 24719 213 3380 520
7594 24719 0 3380 520
7561 24691 0 3380 510
7528 24659 0 3380 510
7485 24619 0 3380 510
7444 24570 0 3380 510
7407 24524 0 3380 510
7373 24484 0 3390 500
7345 24451 0 3390 500
7325 24430 0 3390 500
7309 24417 0 3400 500
7291 24412 0 3400 500
7273 24412 0 3400 500
7255 24412 0 3400 500
7244 24412 0 3410 500
7238 24412 0 3400 510
7232 24420 0 3400 510
7223 24420 0 3400 510
7210 24420 0 3420 520
7200 24420 0 3410 520
7200 24420 317 3410 520
7200 24420 367 3410 520
7200 24420 379 3410 520
7200 24420 428 3420 520
7200 24420 489 3420 520
7200 24420 522 3420 520
7190 24369 538 3420 520
7190 24369 544 3420 520
7190 24363 553 3420 520
7190 24363 567 3420 520
7190 24357 581 3420 520
7190 24352 595 3420 520
7190 24344 602 3420 520
7190 24336 620 3420 520
7204 24328 613 3420 520
7220 24320 620 3420 520
7243 24312 619 3400 510
7273 24305 617 3400 510
7307 24305 619 3400 510
7348 24305 617 3400 510
7391 24305 619 3400 510
7436 24317 617 3400 510
7472 24326 625 3400 510
7512 24338 636 3400 510
7554 24352 641 3400 510
7596 24371 638 3400 510
7632 24392 653 3390 510
7659 24413 658 3390 510
7686 24434 661 3390 510
7711 24455 664 3390 510
7730 24477 667 3380 510
7742 24493 670 3380 510
7749 24504 671 3380 510
7754 24515 663 3380 510
7759 24524 663 3360 510
7764 24533 663 3360 510
7764 24533 666 3360 510
7764 24539 678 3360 510
7764 24539 707 3350 510
7764 24539 731 3350 510
7764 24539 757 3350 510
7764 24539 791 3350 510
7764 24539 794 3350 510
7764 24533 800 3350 510
7769 24533 809 3350 510
7769 24524 817 3350 510
7769 24524 821 3340 520
7769 24516 827 3340 520
7769 24511 830 3340 520
7769 24511 832 3340 520
7769 24503 832 3350 510
7769 24497 818 3350 510
7769 24497 818 3350 510
7769 24489 819 3350 510
7762 24483 818 3350 510
7756 24475 817 3350 510
7751 24467 818 3350 510
7744 24457 818 3330 510
7738 24442 818 3330 510
7732 24425 819 3330 510
7726 24404 817 3350 510
7720 24384 817 3350 510
7714 24364 817 3350 510
7714 24344 830 3350 510
7708 24326 827 3350 510
7708 24310 827 3350 500
7703 24296 821 3350 500
7703 24287 815 3350 500
7703 24281 808 3350 500
7703 24281 788 3350 500
7703 24281 774 3350 500
7703 24281 761 3350 500
7703 24281 739 3350 500
7703 24286 728 3350 500
7703 24296 733 3350 500
7703 24308 730 3350 500
7703 24325 727 3350 500
7708 24342 727 3350 500
7708 24362 724 3350 500
7708 24385 725 3350 500
7715 24412 725 3370 510
7715 24439 722 3370 510
7721 24466 722 3370 510
7721 24490 724 3370 510
7721 24509 722 3370 510
7712 24523 722 3370 510
7706 24533 724 3370 510
7697 24533 728 3370 510
7687 24533 731 3360 510
7671 24533 733 3360 510
7650 24519 733 3360 510
7628 24504 731 3360 510
7606 24488 731 3360 510
7578 24464 730 3360 510
7549 24434 727 3360 510
7519 24406 719 3360 510
7490 24378 710 3360 510
7461 24350 705 3360 510
7444 24327 707 3360 510
7433 24308 710 3370 520
7427 24292 719 3370 520
7427 24277 720 3370 520
7433 24268 725 3380 510
7443 24259 727 3380 510
7458 24250 725 3380 510
7476 24243 727 3380 510
7503 24238 727 3380 510
7536 24238 728 3380 510
7573 24238 727 3380 510
7612 24248 727 3380 510
7654 24260 728 3380 510
7698 24275 728 3380 510
7732 24292 725 3380 510
7762 24310 727 3390 500
7787 24328 725 3380 510
7806 24349 724 3380 510
7818 24364 722 3380 510
7823 24374 720 3380 510
7823 24384 730 3380 510
7823 24395 724 3370 510
7816 24406 724 3370 510
7810 24416 721 3370 510
7801 24426 717 3370 510
7791 24432 717 3370 510
7783 24432 717 3370 510
7775 24432 716 3370 510
7770 24432 716 3370 510
7765 24432 717 3370 510
7755 24432 719 3370 510
7745 24422 719 3370 510
7735 24414 721 3370 510
7723 24404 721 3370 510
7717 24393 719 3370 510
7717 24384 721 3370 510
7709 24377 719 3370 510
7709 24372 721 3370 510
7703 24367 722 3370 510
7703 24367 724 3370 510
7703 24358 728 3370 510
7703 24353 727 3370 510
7703 24353 730 3370 510
7703 24346 720 3370 510
7711 24341 722 3370 510
7719 24341 721 3370 510
7737 24334 722 3370 510
7761 24334 722 3370 510
7790 24334 720 3370 510
7834 24343 721 3370 510
7879 24354 721 3350 500
7924 24370 733 3350 500
7980 24388 720 3350 500
8033 24408 720 3350 500
8081 24427 722 3350 500
8122 24447 725 3350 500
8149 24459 730 3350 500
8167 24467 737 3350 500
8173 24467 739 3350 500
8173 24467 736 3350 500
8173 24472 736 3350 500
8173 24472 731 3340 500
8173 24472 731 3340 500
8173 24472 730 3340 500
8165 24472 728 3340 500
8165 24477 728 3340 500
8160 24477 728 3350 500
8160 24477 728 3350 500
8160 24477 730 3350 500
8154 24477 728 3350 500
8154 24477 730 3350 500
8154 24477 730 3350 500
8154 24477 730 3350 500
8149 24477 730 3350 500
8149 24477 733 3350 500
8144 24477 733 3350 500
8139 24477 734 3350 500
8129 24477 734 3350 500
8116 24472 736 3350 500
8102 24467 737 3350 500
8089 24467 737 3350 500
8075 24462 736 3350 500
8063 24456 737 3350 500
8050 24447 737 3350 500
8038 24447 737 3350 500
8025 24437 740 3350 500
8009 24429 742 3350 500
7991 24414 748 3350 500
7965 24398 763 3350 500
7943 24382 762 3350 500
7927 24367 768 3350 500
7913 24352 770 3350 500
7902 24336 779 3340 500
7894 24320 785 3340 500
7887 24304 790 3340 500
7887 24289 791 3340 500
7887 24274 793 3340 500
7887 24262 796 3340 500
7895 24253 796 3340 500
7912 24245 794 3340 500
7936 24240 793 3340 500
7974 24245 784 3330 500
8028 24256 782 3330 500
8092 24275 773 3340 490
8162 24305 771 3340 490
8239 24345 762 3340 490
8320 24394 756 3340 490
8401 24451 754 3330 500
8481 24513 753 3330 500
8562 24577 751 3330 500
8646 24660 751 3330 500
8729 24744 763 3330 500
8806 24830 763 3330 500
8882 24911 763 3330 500
8937 24978 763 3320 490
8979 25034 763 3320 490
9009 25071 763 3320 490
9020 25085 751 3310 490
9020 25085 757 3310 490
9020 25085 760 3290 490
9020 25085 763 3290 490
9020 25085 768 3290 490
9015 25085 773 3280 480
9015 25080 776 3280 480
9006 25074 777 3280 480
8993 25065 779 3270 480
8978 25050 777 3270 480
8963 25032 777 3270 480
8943 25011 777 3270 480
8920 24987 780 3270 480
8891 24962 785 3270 480
8869 24937 788 3270 480
8850 24915 788 3270 480
8826 24890 791 3270 480
8799 24862 783 3270 480
8766 24825 785 3270 480
8729 24788 791 3280 480
8696 24750 797 3280 480
8663 24707 800 3280 480
8628 24659 800 3280 480
8590 24608 806 3280 480
8551 24563 812 3290 490
8510 24520 812 3290 490
8470 24479 812 3290 490
8429 24441 812 3310 490
8399 24408 812 3310 490
8379 24386 815 3310 490
8365 24371 814 3310 490
8365 24365 817 3310 490
8365 24360 814 3320 490
8360 24360 814 3320 490
8360 24352 806 3320 490
8360 24347 799 3320 490
8370 24347 794 3320 490
8379 24337 787 3330 500
8396 24337 783 3330 500
8420 24337 794 3330 500
8448 24337 788 3330 500
8487 24349 779 3330 500
8535 24365 773 3330 500
8588 24387 763 3330 500
8639 24414 759 3330 500
8687 24445 757 3330 500
8728 24474 759 3330 500
8762 24497 757 3320 490
8783 24518 756 3320 490
8794 24528 756 3320 490
8794 24528 756 3320 490
8794 24528 753 3320 490
8794 24528 750 3320 490
8794 24528 750 3320 490
8794 24528 750 3310 490
8786 24528 751 3310 490
8786 24522 754 3310 490
8778 24515 753 3310 490
8773 24508 756 3300 500
8773 24501 756 3300 500
8766 24495 757 3300 500
8761 24489 756 3300 500
8755 24481 759 3300 500
8755 24471 759 3300 500
8755 24459 759 3310 490
8755 24449 759 3310 490
8755 24441 759 3290 490
8764 24433 760 3290 490
8770 24427 759 3290 490
8780 24421 757 3290 490
8793 24414 756 3290 490
8812 24406 754 3290 490
8837 24398 760 3290 490
8865 24398 754 3290 490
8895 24398 751 3290 490
8928 24406 746 3290 490
8964 24417 742 3290 490
9003 24435 739 3290 490
9041 24457 739 3280 480
9077 24481 737 3280 480
9106 24506 737 3280 480
9134 24531 731 3280 480
9160 24558 731 3280 480
9180 24586 731 3280 480
9195 24608 733 3280 480
9209 24627 733 3280 480
9209 24637 736 3280 480
9209 24637 748 3280 480
9209 24637 751 3280 480
9209 24637 773 3270 480
9209 24637 797 3270 480
9209 24637 799 3280 480
9209 24637 818 3280 480
9209 24637 827 3290 480
9209 24631 818 3290 480
9209 24631 825 3290 480
9209 24631 833 3290 480
9209 24631 833 3290 480
9209 24625 833 3290 480
9209 24625 836 3290 480
9209 24625 834 3290 480
9214 24625 836 3290 480
9214 24625 837 3290 480
9214 24625 837 3290 480
9214 24625 836 3290 480
9214 24625 834 3290 480
9214 24625 836 3290 480
9214 24625 836 3290 480
9214 24625 836 3290 480
9214 24625 836 3290 480
9214 24625 836 3290 480
9214 24625 836 3290 480
9214 24625 836 3290 480
9214 24625 837 3290 480
9214 24625 837 3290 480
9214 24625 837 3290 480
9214 24625 837 3290 480
9214 24625 839 3290 480
9214 24625 839 3290 480
9214 24625 839 3290 480
9214 24625 842 3290 480
9214 24625 842 3290 480
9214 24625 845 3290 480
9214 24625 840 3290 480
9214 24625 842 3290 480
9214 24625 843 3290 480
9214 24625 842 3290 480
9214 24625 840 3290 480
9214 24625 842 3290 480
9214 24625 840 3290 480
9214 24625 843 3290 480
9214 24625 843 3290 480
9214 24625 846 3290 480
9214 24625 845 3290 480
9214 24625 848 3290 480
9214 24625 848 3290 480
9214 24625 846 3290 480
9214 24625 846 3290 480
9214 24625 849 3290 480
9214 24625 849 3290 480
9214 24625 849 3290 480
9214 24625 851 3290 480
9214 24625 849 3290 480
9214 24625 851 3290 480
9214 24625 851 3290 480
9214 24625 849 3290 480
9214 24625 851 3290 480
9214 24625 855 3290 480
9214 24625 854 3290 480
9214 24625 854 3290 480
9214 24625 851 3290 480
9214 24625 855 3290 480
9214 24625 855 3290 480
9214 24625 854 3290 480
9214 24625 855 3290 480
9214 24625 854 3290 480
9214 24625 857 3290 480
9214 24625 857 3290 480
9214 24625 857 3290 480
9214 24625 857 3290 480
9214 24625 854 3290 480
9214 24625 852 3290 480
9214 24625 852 3290 480
9214 24625 855 3290 480
9214 24625 855 3290 480
9214 24625 855 3290 480
9214 24625 855 3290 480
9214 24625 857 3290 480
9214 24625 857 3290 480
9214 24625 858 3290 480
9214 24625 860 3290 480
9214 24625 860 3290 480
9214 24625 860 3290 480
9214 24625 860 3290 480
9214 24625 860 3290 480
9214 24625 860 3290 480
9214 24625 860 3290 480
9214 24625 863 3290 480
9214 24625 863 3290 480
9214 24625 861 3290 480
9214 24625 863 3290 480
9214 24625 864 3290 480
9214 24625 866 3290 480
9214 24625 866 3290 480
9214 24625 864 3290 480
9214 24625 864 3290 480
9214 24625 866 3290 480
9214 24625 867 3290 480
9214 24625 867 3290 480
9214 24625 869 3290 480
9214 24625 869 3290 480
9214 24625 869 3290 480
9208 24619 867 3290 480
9208 24612 869 3290 480
9197 24603 867 3290 480
9189 24592 869 3290 480
9179 24578 867 3290 480
9167 24565 867 3290 480
9160 24553 866 3280 480
9160 24542 867 3280 480
9152 24531 858 3280 480
9146 24521 848 3280 480
9146 24507 846 3280 480
9141 24491 842 3280 480
9141 24479 834 3280 480
9141 24469 824 3280 480
9151 24461 817 3280 480
9161 24454 830 3280 480
9169 24448 823 3280 480
9181 24443 818 3280 480
9195 24443 808 3280 480
9213 24443 787 3280 480
9234 24454 793 3280 480
9258 24466 782 3280 480
9283 24484 760 3280 480
9314 24510 756 3280 480
9349 24542 757 3280 480
9375 24575 756 3280 480
9396 24600 754 3280 480
9408 24621 754 3280 480
9415 24631 754 3280 480
9415 24631 756 3270 480
9415 24631 756 3270 480
9415 24637 757 3270 480
9415 24637 757 3270 480
9415 24637 759 3270 480
9415 24637 763 3270 480
9415 24637 770 3270 480
9415 24637 780 3270 480
9415 24637 794 3270 480
9415 24637 796 3270 480
9415 24637 809 3270 480
9415 24632 821 3270 480
9415 24632 817 3280 470
9415 24627 824 3280 470
9415 24621 827 3280 470
9415 24615 825 3280 470
9410 24609 827 3270 480
9403 24600 824 3270 480
9394 24589 822 3270 480
9381 24573 824 3260 480
9369 24560 822 3260 480
9362 24554 823 3260 480
9362 24554 815 3260 480
9362 24554 809 3260 480
9362 24554 808 3270 480
9362 24554 808 3270 480
9362 24554 808 3270 480
9362 24554 809 3270 480
9369 24561 811 3270 480
9378 24561 814 3270 480
9387 24570 812 3270 480
9398 24570 814 3270 480
9415 24580 812 3270 480
9434 24588 814 3270 480
9451 24596 812 3270 480
9466 24601 812 3270 480
9477 24608 814 3260 490
9485 24615 814 3260 490
9491 24615 811 3260 490
9491 24615 809 3260 490
9491 24622 806 3260 490
9497 24622 794 3260 490
9497 24622 784 3260 490
9497 24622 784 3270 480
9497 24622 773 3270 480
9497 24622 770 3270 480
9497 24628 767 3270 480
9497 24628 768 3270 480
9497 24628 767 3270 480
9497 24628 771 3270 480
9497 24628 777 3270 480
9497 24628 793 3270 480
9497 24628 794 3270 480
9497 24628 811 3270 480
9502 24628 823 3270 480
9502 24628 830 3280 470
9502 24633 818 3280 470
9502 24633 821 3280 470
9502 24633 822 3280 470
9502 24633 822 3280 470
9502 24628 822 3280 470
9502 24628 818 3280 470
9502 24628 832 3280 470
9502 24628 830 3280 470
9507 24628 830 3280 470
9507 24628 832 3280 470
9507 24628 829 3270 480
9507 24628 829 3270 480
9507 24628 830 3270 480
9507 24628 830 3270 480
9507 24628 817 3270 480
9507 24628 818 3270 480
9507 24628 821 3270 480
9507 24628 822 3270 480
9507 24628 825 3270 480
9507 24628 825 3270 480
9507 24628 827 3270 480
9507 24628 828 3270 480
9507 24628 827 3270 480
9507 24628 828 3270 480
9507 24628 828 3270 480
9502 24628 827 3270 480
9502 24628 828 3270 480
9502 24628 828 3270 480
9497 24623 828 3270 480
9497 24623 827 3270 480
9497 24623 830 3270 480
9497 24623 830 3270 480
9497 24623 833 3270 480
9497 24623 836 3270 480
9497 24623 837 3270 480
9497 24623 836 3270 480
9497 24616 836 3270 480
9497 24616 836 3270 480
9490 24610 837 3270 480
9490 24605 834 3270 480
9490 24600 827 3270 480
9483 24587 824 3270 480
9483 24575 822 3270 480
9483 24566 832 3270 480
9483 24557 826 3270 480
9483 24550 820 3270 480
9483 24543 812 3270 480
9483 24536 811 3270 480
9490 24530 809 3260 480
9498 24530 803 3250 480
9506 24523 787 3250 480
9519 24523 787 3250 480
9538 24530 774 3250 480
9562 24539 763 3250 480
9592 24553 757 3250 480
9628 24571 753 3250 480
9668 24593 763 3250 480
9705 24618 750 3250 480
9735 24645 750 3250 480
9755 24665 763 3250 480
9771 24682 763 3260 480
9780 24690 750 3260 480
9780 24690 750 3250 470
9780 24690 750 3250 470
9780 24690 750 3250 470
9780 24690 761 3250 470
9780 24690 763 3250 470
9780 24690 763 3250 470
9780 24690 750 3250 470
9775 24690 750 3250 470
9775 24690 750 3250 470
9775 24685 756 3250 470
9775 24685 757 3250 470
9775 24685 763 3240 470
9775 24680 771 3240 470
9775 24680 773 3240 470
9767 24673 774 3240 470
9761 24657 774 3240 470
9751 24632 774 3240 470
9727 24593 779 3240 470
9693 24546 776 3240 470
9651 24494 774 3240 470
9604 24434 773 3240 470
9554 24374 776 3240 470
9504 24312 773 3250 470
9454 24250 774 3250 470
9397 24183 777 3250 470
9334 24116 774 3250 470
9274 24046 771 3250 470
9214 23974 773 3250 470
9151 23910 773 3250 470
9093 23852 770 3260 480
9037 23805 760 3270 470
8986 23770 757 3270 470
8952 23743 761 3270 470
8930 23723 749 3280 470
8907 23708 731 3280 470
8892 23700 719 3280 470
8882 23700 690 3280 470
8882 23700 669 3290 470
8882 23710 663 3290 470
8895 23725 668 3290 470
8925 23755 668 3290 470
8976 23794 665 3290 470
9041 23848 659 3290 470
9125 23908 662 3290 470
9207 23977 670 3290 470
9294 24053 675 3290 470
9385 24134 676 3290 470
9477 24214 679 3290 470
9576 24286 694 3290 470
9680 24354 699 3290 470
9767 24419 699 3290 470
9852 24481 700 3280 470
9933 24541 690 3280 470
10011 24596 690 3280 470
10086 24645 691 3270 470
10139 24690 693 3270 470
10179 24717 696 3270 470
10196 24729 708 3270 470
10201 24729 713 3260 480
10201 24729 717 3250 470
10201 24729 717 3250 470
10201 24729 717 3250 470
10196 24729 719 3250 470
10196 24729 716 3250 470
10196 24729 721 3240 470
10188 24724 724 3240 470
10182 24717 722 3240 470
10175 24707 722 3240 470
10168 24694 722 3240 470
10161 24674 719 3240 470
10161 24655 719 3240 470
10156 24638 717 3240 470
10156 24625 713 3240 470
10156 24613 708 3240 470
10164 24604 705 3240 470
10164 24595 693 3240 470
10173 24589 694 3240 470
10181 24580 688 3240 470
10192 24570 681 3240 470
10206 24570 671 3240 470
10226 24575 667 3240 470
10252 24582 658 3240 470
10283 24593 658 3240 470
10318 24609 653 3230 460
10355 24631 656 3230 460
10394 24652 653 3230 460
10426 24673 653 3230 460
10452 24693 656 3230 460
10471 24707 656 3230 460
10484 24717 661 3230 460
10491 24717 665 3230 460
10491 24723 667 3230 460
10491 24723 659 3230 460
10491 24723 650 3230 460
10491 24723 644 3210 460
10491 24723 641 3210 460
10485 24723 638 3210 460
10485 24723 640 3210 460
10480 24717 643 3210 460
10480 24717 644 3210 460
10480 24717 656 3200 470
10480 24717 668 3200 470
10480 24712 673 3200 470
10480 24712 679 3200 470
10486 24702 669 3200 470
10493 24693 663 3200 470
10502 24678 671 3200 470
10511 24662 668 3200 470
10517 24646 658 3210 460
10522 24634 641 3210 460
10527 24623 645 3210 460
10534 24617 622 3210 460
10541 24617 602 3210 460
10549 24617 564 3210 460
10557 24617 493 3210 460
10574 24625 417 3210 460
10597 24642 377 3200 460
10622 24667 361 3200 460
10657 24694 359 3200 460
10699 24722 363 3200 460
10737 24741 368 3200 460
10770 24753 381 3200 460
10797 24753 444 3200 460
10820 24753 458 3200 460
10842 24742 473 3200 460
10863 24732 495 3190 450
10879 24720 512 3190 450
10887 24705 514 3190 450
10887 24690 505 3190 450
10892 24678 477 3190 450
10892 24667 396 3180 450
10885 24659 241 3180 450
10885 24659 0 3180 450
10859 24643 0 3180 450
10847 24631 0 3180 450
10852 24616 0 3170 440
10867 24597 0 3170 440
10898 24583 0 3180 440
10926 24583 0 3170 430
10965 24572 0 3170 430
11013 24562 0 3170 430
11024 24554 0 3170 430
11011 24548 0 3170 430
10983 24548 0 3160 430
10924 24548 0 3160 430
10853 24548 0 3150 420
10773 24565 0 3170 410
10682 24582 0 3200 390
10601 24610 0 3220 370
10527 24647 0 3270 350
10466 24677 0 3280 340
10405 24710 0 3290 340
10348 24748 0 3300 340
10293 24782 0 3310 330
10265 24815 0 3310 330
10217 24843 0 3320 340
10156 24865 0 3320 340
10094 24884 0 3330 340
10046 24901 0 3340 330
10008 24895 0 3360 330
9969 24875 0 3370 320
9940 24880 0 3390 300
9918 24889 0 3390 310
9918 24902 0 3380 320
9908 24916 0 3370 330
9896 24937 0 3360 340
9884 24960 0 3340 360
9878 24984 0 3330 370
9878 25017 0 3320 380
9858 25051 0 3310 390
9858 25051 237 3290 410
9899 25111 364 3280 410
9914 25116 413 3260 420
9926 25116 441 3240 430
9945 25116 522 3230 440
9968 25110 574 3220 440
9987 25110 617 3210 450
10005 25110 641 3200 460
10021 25103 658 3200 460
10032 25103 687 3210 460
10037 25094 691 3210 460
10037 25094 694 3210 460
10043 25094 694 3200 470
10043 25089 700 3200 470
10036 25089 688 3200 470
10036 25089 669 3200 470
10028 25089 659 3200 470
10017 25089 634 3200 470
10004 25084 616 3200 470
9988 25084 602 3200 470
9971 25078 592 3200 470
9953 25078 567 3200 470
9938 25078 560 3200 470
9926 25078 568 3200 470
9909 25086 568 3200 470
9894 25091 570 3200 470
9882 25099 568 3200 470
9865 25107 570 3220 470
9845 25115 568 3220 470
9824 25123 561 3220 470
9802 25130 569 3220 470
9778 25130 570 3220 470
9754 25130 578 3220 470
9728 25136 580 3220 470
9702 25136 584 3220 470
9675 25129 584 3220 470
9645 25129 584 3220 470
9622 25121 586 3230 480
9603 25116 589 3230 480
9580 25110 584 3230 480
9564 25110 578 3230 480
9553 25102 543 3230 480
9543 25102 460 3230 480
9533 25095 255 3230 480
