ABCDE-012_345_678 147
	21818  8554     0  1170   540
	21826  8569    35  1170   540
	21837  8585   160  1170   540
	21846  8599   234  1170   540
	21855  8614   286  1170   540
	21867  8629   308  1170   540
	21878  8635   327  1170   540
	21884  8648   352  1170   540
	21891  8661   367  1170   540
	21896  8666   324  1170   540
	21897  8677   363  1170   540
	21899  8680   390  1170   540
	21903  8683   410  1170   550
	21905  8684   507  1170   550
	21907  8695   533  1190   540
	21905  8695   552  1190   540
	21904  8697   565  1190   540
	21904  8697   579  1190   540
	21904  8697   603  1190   540
	21903  8697   623  1190   540
	21902  8697   634  1190   540
	21902  8696   639  1190   540
	21903  8697   643  1190   540
	21905  8696   645  1190   540
	21903  8696   648  1190   540
	21901  8694   651  1190   540
	21899  8693   655  1190   540
	21898  8683   660  1190   540
	21892  8681   664  1190   540
	21884  8668   671  1190   540
	21870  8652   675  1190   540
	21855  8645   689  1190   540
	21837  8629   697  1190   540
	21818  8602   700  1190   540
	21797  8584   705  1190   540
	21783  8568   710  1190   540
	21777  8556   714  1190   540
	21774  8553   713  1190   540
	21771  8549   706  1190   540
	21768  8549   706  1190   540
	21773  8538   702  1190   540
	21772  8538   700  1190   540
	21772  8539   700  1190   540
	21774  8539   700  1190   540
	21776  8549   701  1190   540
	21776  8550   702  1190   540
	21777  8553   706  1190   540
	21781  8566   709  1190   540
	21784  8570   715  1190   540
	21786  8581   718  1190   540
	21790  8586   723  1190   540
	21796  8598   723  1190   540
	21802  8604   725  1190   540
	21805  8617   727  1190   540
	21811  8620   730  1190   540
	21821  8635   733  1190   540
	21830  8650   731  1190   540
	21836  8664   733  1190   540
	21840  8666   734  1190   540
	21840  8667   766  1190   540
	21837  8667   770  1190   540
	21837  8667   773  1190   540
	21837  8665   775  1190   540
	21836  8663   777  1190   540
	21830  8652   780  1190   540
	21818  8635   786  1190   540
	21791  8601   814  1190   540
	21758  8553   821  1190   540
	21723  8490   828  1200   550
	21676  8427   834  1200   550
	21621  8346   841  1200   550
	21558  8262   845  1200   550
	21491  8169   849  1180   560
	21413  8076   867  1180   560
	21355  7995   853  1170   550
	21299  7911   849  1170   550
	21259  7851   846  1170   550
	21233  7804   838  1170   550
	21221  7770   829  1160   550
	21209  7735   821  1160   550
	21203  7717   790  1160   550
	21206  7703   776  1160   550
	21210  7705   727  1150   550
	21223  7707   702  1150   550
	21247  7735   700  1150   550
	21290  7781   698  1150   550
	21359  7836   697  1150   550
	21441  7926   693  1150   550
	21524  8012   698  1150   550
	21606  8091   705  1150   550
	21678  8156   709  1150   550
	21726  8219   721  1150   550
	21756  8249   729  1150   550
	21770  8261   767  1150   550
	21768  8252   777  1150   550
	21768  8247   786  1150   550
	21760  8230   816  1150   550
	21744  8200   829  1150   550
	21716  8149   841  1150   550
	21680  8071   848  1150   550
	21632  7976   858  1150   550
	21586  7881   864  1150   550
	21552  7800   862  1150   550
	21533  7737   847  1150   550
	21537  7685   841  1160   560
	21551  7653   829  1160   560
	21588  7622   823  1140   570
	21644  7608   818  1140   570
	21710  7607   816  1140   570
	21803  7624   815  1140   570
	21912  7656   815  1140   570
	22033  7692   814  1140   570
	22143  7736   812  1140   570
	22237  7769   788  1140   570
	22312  7799   779  1140   570
	22341  7801   769  1150   580
	22346  7785   768  1150   580
	22312  7751   773  1150   580
	22246  7688   780  1150   580
	22148  7621   818  1150   580
	22025  7532   832  1150   580
	21884  7445   846  1150   580
	21732  7351   850  1150   580
	21595  7270   868  1150   580
	21468  7206   872  1150   580
	21335  7142   878  1150   580
	21225  7097   894  1150   580
	21140  7077   902  1130   580
	21070  7065   946  1130   580
	21030  7078   962  1130   580
	21013  7096   966  1130   580
	21008  7125   967  1130   580
	21014  7162   963  1130   580
	21044  7226   961  1130   580
	21099  7307   959  1130   580
	21188  7414   958  1130   580
	21309  7516   954  1130   580
	21465  7627   953  1130   580
	21621  7751   954  1140   590
	21821  7882   953  1140   590
	22075  8039   954  1160   580
	22372  8199   948  1160   580
	22724  8358   930  1180   590
	23096  8535   887  1180   590
	23545  8699   827  1200   580
	23996  8857   750  1200   580
	24534  9013   344  1210   580
