ABCDE-012_345_678 2904
	14105 18537    64  1040   510
	14109 18536     0  1040   510
	14109 18534     0  1040   510
	14110 18524     0  1040   510
	14109 18523     0  1040   510
	14107 18521     0  1040   510
	14107 18518     0  1040   510
	14105 18506   108  1040   510
	14103 18491   182  1040   520
	14100 18486   234  1040   520
	14093 18470   275  1040   520
	14089 18453   308  1040   520
	14082 18428   327  1050   530
	14076 18408   352  1050   530
	14071 18389   278  1050   530
	14065 18360   331  1050   530
	14055 18331   368  1050   530
	14047 18300   380  1050   530
	14041 18268   401  1040   530
	14033 18246   410  1040   540
	14026 18215   429  1040   540
	14019 18184   433  1030   540
	14011 18153   437  1030   540
	14004 18121   437  1010   540
	13997 18090   442  1010   540
	14013 18058   442  1010   540
	13979 18027   442  1000   550
	13975 17995   446   990   550
	13967 17964   446   990   550
	13959 17932   450   970   550
	13950 17900   454   970   540
	13942 17877   458   950   540
	13933 17836   462   950   540
	13925 17804   462   940   540
	13917 17772   465   940   540
	13907 17738   465   940   540
	13897 17707   465   930   540
	13887 17685   465   930   540
	13877 17644   469   930   540
	13870 17612   476   930   540
	13858 17579   480   930   540
	13846 17548   480   910   540
	13835 17526   494   910   540
	13828 17493   497   910   540
	13816 17463   497   910   540
	13808 17432   504   910   540
	13800 17401   504   900   540
	13794 17370   504   900   540
	13790 17349   504   900   540
	13783 17319   504   900   540
	13775 17288   504   900   540
	13768 17259   504   890   540
	13763 17239   507   890   540
	13758 17208   507   890   540
	13749 17178   510   890   540
	13736 17147   519   890   540
	13730 17125   531   890   540
	13725 17098   542   890   540
	13714 17077   544   890   540
	13708 17050   544   870   540
	13700 17031   555   870   540
	13695 17002   555   870   540
	13689 16982   555   870   540
	13682 16965   557   860   540
	13678 16937   555   860   540
	13671 16908   557   860   540
	13661 16888   557   860   540
	13655 16869   562   860   540
	13648 16842   567   860   540
	13708 16822   567   860   540
	13631 16794   574   860   540
	13623 16776   581   850   540
	13619 16758   584   850   540
	13613 16742   586   850   540
	13612 16712   586   850   540
	13605 16697   588   850   540
	13605 16681   588   850   540
	13600 16664   588   850   540
	13600 16648   588   850   540
	13592 16630   588   850   540
	13584 16615   588   850   540
	13584 16599   588   850   540
	13581 16584   588   850   540
	13574 16568   588   850   540
	13568 16552   588   850   540
	13563 16535   590   850   540
	13553 16520   590   850   540
	13548 16503   590   850   540
	13545 16489   590   830   540
	13540 16473   588   830   540
	13534 16455   590   830   540
	13532 16442   590   830   540
	13528 16428   590   830   540
	13524 16421   590   830   540
	13520 16406   590   830   540
	13519 16392   590   830   540
	13513 16378   590   830   540
	13511 16364   590   820   540
	13510 16358   590   820   540
	13503 16344   590   820   540
	13500 16332   590   820   540
	13500 16329   590   820   540
	13498 16327   590   820   540
	13495 16325   590   820   540
	13495 16315   588   820   540
	13493 16313   588   820   540
	13491 16311   588   820   540
	13490 16300   588   820   540
	13488 16298   588   820   540
	13486 16296   588   820   540
	13486 16294   586   820   540
	13485 16293   586   820   540
	13485 16284   584   820   540
	13484 16282   581   800   540
	13484 16280   581   800   540
	13484 16279   579   800   540
	13483 16279   574   800   540
	13479 16279   570   800   540
	13481 16279   567   800   540
	13481 16279   565   800   540
	13483 16281   565   800   540
	13483 16279   567   800   540
	13480 16281   570   800   540
	13479 16282   574   800   540
	13479 16282   574   800   540
	13478 16282   577   800   540
	13479 16283   577   800   540
	13477 16293   577   800   540
	13479 16296   574   800   540
	13478 16299   574   800   540
	13478 16309   579   800   540
	13478 16313   579   800   540
	13476 16326   579   800   540
	13477 16331   579   800   540
	13476 16345   579   800   540
	13476 16359   579   800   540
	13474 16375   577   800   540
	13474 16391   574   820   540
	13473 16408   577   820   540
	13471 16425   579   820   540
	13471 16444   574   820   540
	13468 16472   574   820   540
	13466 16492   570   820   540
	13465 16522   567   820   540
	13463 16553   557   820   540
	13461 16586   552   820   540
	13460 16620   539   830   540
	13459 16664   510   830   540
	13454 16709   507   830   540
	13450 16743   504   830   540
	13447 16789   500   830   540
	13443 16826   500   830   540
	13438 16869   500   830   530
	13433 16906   497   850   530
	13426 16951   497   850   530
	13420 16988   494   850   530
	13414 17034   487   850   530
	13413 17083   480   850   530
	13407 17141   473   850   530
	13408 17191   454   850   530
	13408 17254   442   860   530
	13405 17308   415   860   530
	13406 17370   357   860   530
	13407 17430   344   860   530
	13402 17478   357   860   530
	13399 17525   363   870   530
	13394 17573   374   870   530
	13388 17610   380   870   530
	13380 17656   401   870   530
	13374 17701   405   890   520
	13368 17740   410   890   520
	13363 17787   410   890   520
	13356 17834   410   890   520
	13357 17882   415   890   520
	13356 17928   415   890   520
	13359 17974   415   890   520
	13363 18025   415   900   520
	13366 18071   415   900   520
	13377 18120   420   900   520
	13381 18167   429   900   520
	13388 18213   442   900   520
	13394 18250   462   900   520
	13405 18293   473   910   520
	13413 18329   480   910   520
	13422 18361   490   930   520
	13434 18393   494   930   520
	13446 18423   500   940   520
	13461 18455   504   940   520
	13480 18485   510   950   520
	13502 18507   510   950   520
	13521 18535   516   960   520
	13546 18555   531   960   520
	13569 18582   531   980   520
	13596 18599   536   980   520
	13623 18615   536   990   520
	13647 18629   531   990   520
	13677 18636   533   990   520
	13708 18650   531   990   520
	13742 18662   539  1000   520
	13779 18665   536  1000   520
	13819 18677   539  1000   520
	13859 18682   533  1000   520
	13906 18684   536  1000   520
	13952 18696   536  1010   530
	13996 18695   536  1010   530
	14046 18695   542  1010   530
	14101 18695   542  1010   530
	14159 18684   542  1010   530
	14221 18680   542  1010   530
	14277 18679   542  1010   530
	14338 18677   552  1010   530
	14399 18667   552  1010   530
	14465 18663   555  1010   530
	14533 18649   555  1010   530
	14598 18635   557  1020   520
	14657 18629   560  1020   520
	14717 18613   557  1020   520
	14770 18598   557  1020   520
	14827 18581   560  1020   520
	14881 18556   560  1020   520
	14936 18537   565  1020   520
	14986 18518   562  1020   520
	15037 18489   562  1020   520
	15089 18469   565  1020   520
	15137 18438   565  1020   520
	15183 18408   557  1020   520
	15228 18375   557  1010   530
	15266 18341   567  1010   530
	15298 18299   565  1010   530
	15331 18262   574  1010   530
	15357 18219   581  1010   530
	15385 18182   579   990   530
	15409 18136   581   990   530
	15432 18089   581   980   530
	15445 18042   584   980   530
	15463 17993   581   980   530
	15478 17945   584   970   530
	15488 17895   586   970   530
	15493 17832   588   950   530
	15498 17770   590   950   530
	15501 17707   590   950   530
	15501 17642   590   940   530
	15500 17580   595   940   530
	15499 17527   599   930   530
	15494 17467   603   930   530
	15486 17413   603   930   530
	15480 17355   607   910   530
	15470 17304   609   910   530
	15452 17243   611   910   530
	15439 17190   613   910   530
	15424 17130   617   910   530
	15403 17078   619   910   530
	15386 17031   621   910   530
	15367 16981   623   900   530
	15342 16924   623   900   530
	15319 16875   623   900   530
	15292 16827   623   900   530
	15261 16790   623   900   530
	15230 16744   625   900   530
	15197 16709   627   900   540
	15154 16668   625   900   540
	15115 16645   629   900   540
	15074 16603   630   900   540
	15025 16571   643   900   540
	14980 16549   648   900   540
	14927 16520   664   900   540
	14873 16490   669   900   540
	14812 16459   672   900   540
	14750 16439   681   890   540
	14682 16409   683   890   540
	14606 16392   684   890   550
	14528 16376   678   890   550
	14457 16358   680   890   550
	14381 16344   677   890   550
	14300 16329   672   890   550
	14220 16316   672   890   550
	14127 16312   672   890   550
	14038 16299   671   890   540
	13950 16297   671   870   540
	13869 16293   668   870   540
	13795 16282   660   870   540
	13720 16281   646   870   540
	13649 16281   619   870   540
	13583 16295   597   870   540
	13524 16310   510   870   540
	13482 16332   446   870   540
	13448 16376   336   870   540
	13428 16424    -1   870   540
	13416 16487    -1   870   540
	13411 16553    -1   870   540
	13415 16630    -1   870   530
	13420 16712    -1   870   530
	13435 16795    -1   890   530
	13456 16885    -1   890   530
	13486 16967    -1   900   520
	13515 17048    -1   900   520
	13557 17131    -1   900   520
	13680 17226    -1   900   520
	13724 17324    -1   900   510
	13708 17429    -1   900   510
	13824 17516    -1   900   500
	13835 17611    -1   900   500
	13948 17701    -1   900   500
	14020 17787    -1   900   500
	14101 17881    -1   900   500
	14190 17962    -1   900   500
	14303 18053    -1   900   500
	14421 18138    -1   900   500
	14526 18235    -1   900   500
	    0     0    -4     0     0
	    0     0    -4     0     0
	14398 15909    -1  1050   650
	14398 15913    -1  1050   650
	14402 15927    -1  1050   650
	14406 15945    -1  1050   650
	14407 15973    -1  1050   650
	14381 16026    -1  1050   650
	14359 16060    -1  1050   650
	14342 16101    -1  1050   650
	14325 16135    -1  1050   650
	14313 16168    -1  1050   650
	14294 16199    -1  1050   650
	14280 16229    -1  1050   650
	14260 16252    -1  1050   650
	14249 16279    -1  1050   650
	14239 16299    -1  1050   650
	14226 16328    -1  1050   650
	14212 16348    -1  1050   650
	14205 16379    -1  1050   650
	14207 16411    -1  1050   650
	14205 16453    -1  1050   650
	14208 16492    -1  1050   650
	14203 16539    -1  1050   650
	14191 16587    -1  1050   650
	14176 16646    -1  1050   650
	14152 16696    -1  1050   650
	14133 16759    -1  1050   650
	14115 16826    -1  1050   650
	14097 16889    -1  1050   650
	14083 16956    -1  1100   660
	14071 17030    -1  1170   650
	14061 17084    -1  1240   630
	14051 17143    -1  1290   610
	14036 17164    -1  1350   590
	14024 17163    -1  1390   570
	14011 17130    -1  1430   550
	13991 17062    -1  1450   530
	13966 16972    -1  1470   510
	13938 16874    -1  1470   490
	13910 16775    -1  1480   470
	13884 16681    -1  1500   460
	13861 16618    -1  1500   450
	13842 16567    -1  1500   430
	13824 16508    -1  1500   420
	13807 16457    -1  1500   410
	13794 16406    -1  1470   420
	13796 16362    -1  1440   430
	13815 16332    -1  1410   440
	13835 16329    -1  1370   450
	13847 16315    -1  1340   460
	13831 16266    -1  1330   450
	13810 16201    -1  1320   460
	13784 16136    -1  1330   450
	13765 16070    -1  1330   450
	13745 16008    -1  1320   440
	13729 15963    -1  1310   430
	13720 15942    -1  1310   430
	13714 15932    -1  1320   430
	13637 15980    -1  1320   420
	13628 16011    -1  1330   410
	13630 16042    -1  1340   410
	13652 16069    -1  1360   400
	13678 16090    -1  1380   390
	13772 16102    -1  1400   370
	13806 16124    -1  1410   370
	13842 16166    -1  1440   360
	13873 16186    -1  1440   360
	13897 16213    -1  1450   360
	13920 16220    -1  1450   360
	13941 16233    -1  1470   360
	13966 16248    -1  1480   360
	13983 16264    -1  1490   370
	14004 16279    -1  1500   370
	14021 16293    -1  1510   360
	14040 16299    -1  1510   370
	14058 16314    -1  1510   390
	14072 16329    -1  1500   400
	14086 16332    -1  1490   420
	14098 16343    -1  1470   430
	14105 16346    -1  1440   440
	14112 16348    -1  1400   450
	14120 16362    -1  1360   450
	14120 16389    -1  1320   460
	14125 16394    -1  1280   450
	14124 16409    -1  1250   460
	14108 16412    -1  1220   470
	14093 16439    -1  1220   470
	14078 16410    -1  1140   400
	14041 16421    -1  1140   400
	14050 16423    -1  1080   400
	14008 16453    -1  1070   390
	13989 16455    -1  1070   390
	13970 16459    -1  1070   390
	13954 16453    -1  1070   390
	13977 16457    -1  1080   390
	13918 16489    -1  1100   400
	13900 16501    -1  1100   400
	13933 16504    -1  1140   430
	13861 16506    -1  1160   450
	13840 16508    -1  1180   460
	13820 16519    -1  1180   460
	13853 16491    -1  1220   480
	13780 16522    -1  1240   500
	13761 16523    -1  1270   510
	13744 16523    -1  1290   520
	13727 16533    -1  1290   510
	13711 16533    -1  1290   510
	13746 16534    -1  1290   510
	13674 16502    -1  1280   500
	13648 16534    -1  1280   500
	13626 16533    -1  1280   500
	13602 16534    -1  1280   500
	13640 16524    -1  1270   500
	13554 16491    -1  1260   490
	13529 16521    -1  1260   490
	13503 16520    -1  1260   490
	13483 16519    -1  1260   480
	13464 16517    -1  1250   480
	13443 16518    -1  1250   480
	13429 16508    -1  1240   480
	13408 16507    -1  1240   480
	13390 16506    -1  1240   480
	13371 16474    -1  1230   470
	13353 16503    -1  1230   470
	13338 16492    -1  1230   470
	13319 16490    -1  1230   470
	13302 16487    -1  1220   460
	13284 16485    -1  1220   460
	13266 16472    -1  1220   460
	13245 16470    -1  1210   460
	13224 16459    -1  1200   460
	13205 16456    -1  1200   460
	13184 16454    -1  1190   450
	13169 16444    -1  1180   450
	13149 16442    -1  1170   450
	13130 16437    -1  1170   450
	13116 16437    -1  1160   450
	13102 16426    -1  1160   440
	13094 16423    -1  1160   440
	13085 16423    -1  1140   440
	13077 16411    -1  1140   440
	13066 16411    -1  1140   440
	13056 16409    -1  1140   440
	13045 16407    -1  1150   450
	13040 16405    -1  1160   460
	13033 16395    -1  1170   470
	13027 16393    -1  1190   470
	13019 16392    -1  1200   480
	13012 16390    -1  1210   490
	13010 16389    -1  1220   500
	13005 16379    -1  1240   500
	12999 16376    -1  1250   510
	12998 16375    -1  1260   510
	12998 16359    -1  1280   520
	12994 16373    -1  1290   520
	12994 16363    -1  1290   520
	12993 16363    -1  1300   530
	12995 16363    -1  1300   530
	13014 16364    -1  1300   530
	13000 16364    -1  1300   530
	13005 16363    -1  1300   530
	13008 16374    -1  1300   530
	13014 16374    -1  1300   530
	13020 16376    -1  1300   530
	13028 16376    -1  1300   530
	13032 16377    -1  1300   530
	13038 16377    -1  1300   530
	13041 16377    -1  1300   530
	13048 16379    -1  1310   540
	13055 16379    -1  1310   540
	13059 16380    -1  1310   540
	13066 16380    -1  1310   540
	13073 16389    -1  1330   530
	13077 16389    -1  1330   530
	13084 16390    -1  1330   530
	13089 16390    -1  1330   530
	13093 16390    -1  1310   520
	13100 16391    -1  1310   520
	13109 16391    -1  1300   520
	13115 16392    -1  1300   520
	13121 16391    -1  1290   510
	13130 16391    -1  1280   500
	13136 16390    -1  1280   500
	13144 16391    -1  1270   500
	13148 16389    -1  1270   500
	13158 16391    -1  1260   490
	13167 16391    -1  1260   490
	13177 16391    -1  1250   480
	13183 16391    -1  1250   480
	13192 16390    -1  1240   480
	13197 16380    -1  1230   470
	13203 16389    -1  1240   480
	13207 16389    -1  1240   480
	13212 16379    -1  1240   480
	13209 16379    -1  1240   480
	13209 16379    -1  1240   480
	13209 16377    -1  1240   480
	13208 16376    -1  1240   480
	13205 16375    -1  1240   480
	13205 16373    -1  1240   480
	13205 16364    -1  1240   480
	13204 16363    -1  1240   480
	13203 16361    -1  1240   480
	13201 16362    -1  1240   480
	13202 16360    -1  1240   480
	13199 16360    -1  1240   480
	13200 16359    -1  1240   480
	13195 16358    -1  1240   480
	13195 16357    -1  1240   480
	13191 16347    -1  1240   480
	13189 16346    -1  1240   480
	13183 16344    -1  1240   480
	13178 16342    -1  1240   480
	13172 16332    -1  1240   480
	13165 16329    -1  1240   480
	13156 16327    -1  1240   480
	13150 16326    -1  1240   480
	13142 16315    -1  1240   480
	13138 16313    -1  1240   480
	13132 16311    -1  1240   480
	13131 16310    -1  1240   480
	13129 16309    -1  1240   480
	13125 16299    -1  1250   480
	13119 16299    -1  1250   480
	13117 16297    -1  1250   480
	13116 16296    -1  1240   490
	13114 16295    -1  1240   490
	13114 16296    -1  1240   490
	13117 16297    -1  1240   490
	13117 16297    -1  1240   490
	13118 16298    -1  1240   490
	13120 16299    -1  1240   490
	13120 16310    -1  1240   490
	13120 16310    -1  1240   490
	13122 16311    -1  1240   490
	13124 16314    -1  1240   490
	13125 16315    -1  1240   490
	13124 16315    -1  1240   490
	13127 16325    -1  1240   490
	13127 16326    -1  1240   490
	13129 16326    -1  1240   490
	13129 16329    -1  1240   490
	13131 16329    -1  1240   490
	13132 16331    -1  1250   480
	13135 16341    -1  1250   480
	13140 16343    -1  1250   480
	13141 16345    -1  1250   480
	13146 16346    -1  1250   480
	13146 16347    -1  1250   480
	13147 16358    -1  1250   480
	13146 16358    -1  1250   480
	13146 16359    -1  1250   480
	13142 16359    -1  1250   480
	13141 16359    -1  1250   480
	13138 16361    -1  1250   480
	13138 16361    -1  1250   480
	13138 16363    -1  1250   480
	13134 16373    -1  1250   480
	13131 16373    -1  1250   480
	13126 16374    -1  1250   480
	13121 16375    -1  1250   480
	13118 16376    -1  1250   480
	13109 16377    -1  1250   480
	13104 16378    -1  1250   480
	13100 16378    -1  1250   480
	13090 16378    -1  1250   480
	13083 16362    -1  1250   480
	13077 16379    -1  1250   480
	13073 16379    -1  1260   490
	13067 16379    -1  1260   490
	13063 16380    -1  1270   500
	13058 16380    -1  1270   500
	13051 16380    -1  1280   490
	13044 16389    -1  1290   500
	13037 16390    -1  1290   500
	13030 16389    -1  1300   510
	13021 16389    -1  1300   510
	13011 16389    -1  1320   510
	12999 16380    -1  1320   510
	12988 16380    -1  1320   510
	12998 16380    -1  1330   520
	12967 16379    -1  1330   520
	12957 16377    -1  1340   520
	12946 16375    -1  1340   520
	12934 16373    -1  1340   520
	12922 16362    -1  1340   520
	12910 16359    -1  1340   520
	12899 16357    -1  1340   520
	12889 16345    -1  1340   520
	12880 16342    -1  1340   520
	12903 16328    -1  1340   520
	12867 16326    -1  1340   520
	12860 16309    -1  1340   520
	12856 16310    -1  1340   520
	12851 16300    -1  1340   520
	12848 16298     0  1340   520
	12841 16298   182  1340   520
	12837 16299   218  1340   520
	12833 16298   262  1340   520
	12833 16299   286  1340   520
	12833 16300   308  1340   520
	12834 16300   327  1340   520
	12837 16309   344  1340   520
	12841 16311   352  1340   520
	12849 16311   360  1340   520
	12864 16313   269  1340   520
	12884 16316   294  1340   520
	12912 16325   331  1340   520
	12947 16330   350  1350   520
	12988 16332   368  1350   520
	13038 16328   385  1350   520
	13093 16348   395  1350   520
	13153 16359   415  1350   520
	13210 16364   424  1350   520
	13269 16376   437  1350   520
	13337 16392   442  1350   520
	13408 16405   462  1350   520
	13496 16421   465  1350   520
	13583 16428   465  1350   520
	13675 16444   469  1350   520
	13769 16458   469  1350   520
	13863 16474   469  1350   520
	13956 16488   469  1360   510
	14056 16501   473  1360   510
	14169 16517   473  1360   510
	14272 16522   476  1360   510
	14376 16538   476  1360   510
	14481 16553   480  1360   510
	14599 16570   484  1360   510
	14728 16597   484  1360   510
	14855 16615   484  1360   510
	14976 16631   487  1360   510
	15110 16647   487  1360   510
	15255 16665   487  1360   510
	15368 16681   490  1360   510
	15479 16693   490  1360   510
	15599 16711   494  1360   510
	15715 16729   494  1370   520
	15826 16743   494  1370   520
	15929 16758   497  1370   520
	16028 16774   497  1370   520
	16128 16779   497  1370   520
	16227 16792   497  1370   520
	16317 16805   500  1370   520
	16394 16810   500  1370   520
	16478 16823   500  1370   520
	16543 16827   500  1370   520
	16613 16839   500  1370   520
	16680 16842   500  1370   520
	16744 16853   500  1390   520
	16800 16857   500  1390   520
	16849 16858   500  1390   520
	16891 16860   497  1390   520
	16924 16869   490  1390   520
	16954 16869   476  1390   520
	16969 16869   454  1390   520
	16977 16869   395  1390   520
	16977 16860   360  1390   520
	16968 16858   275  1390   520
	16957 16856     0  1390   520
	16941 16856    -1  1390   520
	16922 16856    -1  1390   520
	16907 16858    -1  1390   520
	16888 16857    -1  1390   520
	16876 16858    -1  1370   520
	16858 16869    -1  1370   520
	16843 16870    -1  1370   520
	16825 16871    -1  1370   520
	16812 16873    -1  1380   510
	16801 16874    -1  1380   510
	16791 16874    -1  1380   510
	16779 16874    -1  1380   510
	16769 16874    -1  1380   500
	16754 16872    -1  1380   500
	16742 16872    -1  1380   500
	16727 16872    -1  1380   500
	16718 16869    -1  1380   490
	16707 16860    -1  1380   490
	16697 16859    -1  1380   490
	16690 16857    -1  1380   490
	16680 16855    -1  1370   480
	16674 16853    -1  1370   480
	16668 16843    -1  1370   480
	16657 16841    -1  1360   480
	16647 16840    -1  1360   480
	16637 16837    -1  1360   480
	16630 16838    -1  1360   480
	16619 16837    -1  1360   480
	16613 16828    -1  1350   470
	16606 16828    -1  1350   470
	16597 16826    -1  1350   470
	16590 16825    -1  1350   470
	16581 16826    -1  1350   470
	16573 16825    -1  1350   470
	16567 16824    -1  1350   470
	16562 16823    -1  1340   480
	16556 16823    -1  1340   480
	16549 16822    -1  1340   480
	16547 16822    -1  1340   480
	16546 16822    -1  1340   480
	16543 16824    -1  1340   480
	16540 16824    -1  1340   480
	16540 16826    -1  1340   480
	16535 16826    -1  1340   480
	16532 16827    -1  1340   480
	16528 16827    -1  1340   480
	16525 16838    -1  1340   480
	16519 16840    -1  1340   480
	16513 16841    -1  1340   480
	16509 16843    -1  1340   480
	16503 16844    -1  1340   480
	16503 16856    -1  1340   480
	16499 16856    -1  1340   480
	16495 16859    -1  1340   480
	16494 16860    -1  1340   480
	16491 16871    -1  1340   480
	16490 16871    -1  1340   480
	16488 16872    -1  1340   480
	16487 16874    -1  1340   480
	16486 16876    -1  1340   480
	16486 16875    -1  1340   480
	16485 16886    -1  1350   490
	16480 16887    -1  1350   490
	16481 16889    -1  1350   490
	16482 16891    -1  1350   490
	16480 16892    -1  1350   490
	16477 16903    -1  1340   490
	16475 16905    -1  1340   490
	16474 16906    -1  1340   490
	16470 16917    -1  1340   490
	16468 16919    -1  1340   490
	16466 16921    -1  1340   490
	16463 16922    -1  1340   490
	16462 16933     0  1340   490
	16463 16937     0  1350   500
	16465 16939    75  1350   500
	16468 16940   160  1350   500
	16469 16950   218  1350   500
	16471 16953   262  1350   500
	16471 16954   308  1350   500
	16473 16956   336  1350   500
	16473 16955   367  1350   500
	16473 16955   338  1350   500
	16472 16954   368  1350   500
	16470 16954   395  1350   500
	16468 16950   405  1350   500
	16468 16949   420  1350   500
	16468 16935   429  1350   500
	16467 16919   454  1350   500
	16471 16901   458  1350   500
	16474 16875   462  1350   500
	16480 16856   462  1350   500
	16487 16838   465  1350   500
	16493 16822   462  1350   500
	16502 16807   462  1350   500
	16510 16792   465  1350   500
	16521 16778   465  1350   500
	16527 16775   462  1350   510
	16535 16773   465  1350   510
	16545 16761   465  1350   510
	16554 16761   465  1350   510
	16560 16760   465  1350   510
	16567 16760   473  1350   510
	16573 16764   480  1350   510
	16578 16764   490  1340   500
	16581 16774   500  1340   500
	16582 16774   510  1340   500
	16582 16776   525  1340   500
	16583 16775   542  1340   500
	16584 16775   555  1340   500
	16587 16775   555  1340   500
	16586 16775   550  1340   500
	16587 16775   547  1340   500
	16591 16774   542  1340   500
	16598 16774   525  1340   500
	16609 16764   510  1340   500
	16622 16762   494  1340   500
	16644 16762   462  1340   500
	16668 16761   363  1340   500
	16696 16763     0  1340   500
	16717 16775    -1  1340   500
	16731 16791    -1  1340   500
	16738 16810    -1  1340   500
	16750 16838    -1  1330   500
	16763 16857    -1  1330   500
	16778 16875    -1  1330   500
	16859 16854    -1  1340   490
	16831 16918    -1  1340   490
	16910 16891    -1  1340   490
	16896 16919    -1  1350   490
	16973 16982    -1  1350   490
	17012 16982    -1  1350   490
	17051 17016    -1  1350   490
	17093 17050    -1  1350   490
	17143 17098    -1  1350   490
	17199 17158    -1  1350   490
	17266 17211    -1  1350   490
	17337 17274    -1  1350   490
	    0     0    -4     0     0
	    0     0    -4     0     0
	16126 18475    -1  1050   650
	16115 18457    -1  1050   650
	16103 18441    -1  1050   650
	16089 18423    -1  1050   650
	16080 18407    -1  1050   650
	16069 18393    -1  1050   650
	16058 18378    -1  1050   650
	16046 18364    -1  1050   650
	16016 18359    -1  1050   650
	16028 18344    -1  1050   650
	16020 18330    -1  1050   650
	15984 18315    -1  1050   650
	15978 18300    -1  1050   650
	15996 18295    -1  1060   630
	15964 18283    -1  1080   630
	15985 18280    -1  1070   610
	15945 18268    -1  1080   610
	15939 18268    -1  1080   600
	15938 18278    -1  1100   580
	15935 18277    -1  1110   570
	15932 18268    -1  1100   560
	15929 18278    -1  1130   560
	15965 18279    -1  1120   540
	15930 18280    -1  1120   530
	15930 18281    -1  1140   530
	15931 18282    -1  1130   520
	15933 18284    -1  1130   510
	15936 18295    -1  1150   500
	15934 18297    -1  1150   500
	15937 18309    -1  1150   500
	15936 18314    -1  1130   510
	15937 18316    -1  1110   500
	15937 18327    -1  1110   500
	15933 18330    -1  1110   500
	15930 18332    -1  1100   500
	15925 18344    -1  1100   500
	15924 18346    -1  1090   500
	15918 18357    -1  1090   500
	15918 18357    -1  1080   510
	15916 18362    -1  1080   510
	15910 18374    -1  1080   510
	15955 18378    -1  1080   510
	15906 18389    -1  1060   510
	15902 18393    -1  1060   510
	15901 18394    -1  1060   510
	15898 18408    -1  1060   510
	15897 18412    -1  1060   510
	15895 18423    -1  1080   510
	15897 18428    -1  1080   510
	15897 18440    -1  1080   510
	15893 18444    -1  1080   510
	15941 18455    -1  1080   510
	15892 18459    -1  1080   510
	15895 18458    -1  1090   500
	15897 18475   234  1090   500
	15895 18486   344  1090   500
	15895 18487   338  1090   500
	15895 18489   424  1090   500
	15897 18488   454  1090   500
	15898 18488   476  1100   500
	15900 18487   490  1100   500
	15902 18487   500  1100   500
	15903 18486   510  1100   500
	15905 18474   536  1100   500
	15910 18460   565  1100   500
	15915 18455   572  1100   500
	15921 18440   572  1100   500
	15925 18428   567  1100   500
	15936 18423   539  1100   500
	15944 18408   507  1100   500
	15948 18395   473  1100   500
	15960 18390   405  1090   490
	15966 18376   317  1080   500
	15972 18364    -1  1090   500
	15983 18360    -1  1090   500
	15995 18357    -1  1090   500
	16001 18358    -1  1090   500
	16003 18362    -1  1080   510
	16007 18364    -1  1080   510
	16046 18377    -1  1080   510
	16020 18394    -1  1080   510
	16025 18412    -1  1080   510
	16033 18428    -1  1080   510
	16068 18457    -1  1060   510
	16072 18501    -1  1070   520
	16051 18533    -1  1070   520
	16057 18551    -1  1070   520
	16089 18584    -1  1070   520
	16098 18618    -1  1070   520
	16102 18663    -1  1080   530
	16117 18710    -1  1080   530
	16129 18759    -1  1080   530
	16147 18808    -1  1080   530
	16169 18874    -1  1080   530
	16193 18939    -1  1080   530
	16233 19017    -1  1060   530
	    0     0    -4     0     0
	    0     0    -4     0     0
	13804 15308    -1   450   800
	13806 15450    -1   450   800
	13811 15594    -1   450   800
	13815 15735    -1   490   790
	13823 15877    -1   640   790
	13826 16006    -1   760   780
	13832 16133    -1   780   760
	13841 16233    -1   940   760
	13849 16311    -1  1020   760
	13861 16377    -1   980   700
	13873 16425    -1   970   680
	13883 16471    -1   990   670
	13888 16507    -1   990   670
	13900 16552    -1  1000   630
	13905 16587    -1   990   610
	13915 16620    -1  1000   590
	13917 16652    -1  1010   580
	13925 16680    -1  1020   550
	13933 16697    -1  1020   530
	13936 16713    -1  1020   530
	13936 16726    -1  1010   530
	13936 16741    -1  1000   540
	13930 16744    -1   990   550
	13925 16741    -1   970   550
	13920 16728    -1   960   550
	13916 16728    -1   960   550
	13907 16716    -1   960   550
	13899 16715    -1   960   550
	13893 16710    -1  1000   550
	13883 16710    -1  1010   540
	13834 16709    -1  1010   540
	13822 16709    -1  1010   540
	13809 16700    -1  1010   540
	13795 16698    -1  1010   530
	13785 16681    -1  1010   530
	13825 16693    -1  1010   530
	13762 16682    -1  1010   530
	13756 16665    -1  1010   530
	13750 16677    -1  1010   530
	13741 16664    -1  1010   530
	13790 16662    -1  1010   530
	13723 16645    -1  1010   530
	13718 16651    -1  1010   530
	13712 16650    -1  1000   520
	13702 16651    -1   990   520
	13697 16647    -1   990   520
	13692 16630    -1   990   520
	13688 16633    -1   990   520
	13752 16634    -1   990   520
	13681 16635    -1   990   520
	13680 16632    -1   990   520
	13678 16649    -1  1000   520
	13676 16651    -1  1000   520
	13677 16650    -1  1000   520
	13742 16649    -1  1000   510
	13671 16648    -1  1000   510
	13667 16632    -1  1000   510
	13663 16636    -1  1000   510
	13665 16646    -1  1000   520
	13667 16649    -1  1000   520
	13666 16647    -1  1000   520
	13664 16645    -1  1000   520
	13665 16633    -1   990   520
	13666 16634    -1   990   520
	13663 16631    -1   990   520
	13663 16630    -1   990   520
	13665 16617    -1   990   520
	13666 16633    -1   990   520
	13669 16632    -1   990   520
	13670 16633    -1   990   520
	13672 16632    -1   990   520
	13673 16633    -1   990   520
	13742 16634    -1   990   520
	13676 16634    -1   990   520
	13677 16634    -1   990   520
	13678 16634    -1   990   520
	13680 16635    -1   990   520
	13686 16629    -1   990   520
	13688 16646    -1   990   520
	13693 16649    -1   990   520
	13696 16649    -1   990   520
	13702 16652    -1   990   530
	13710 16663    -1   990   530
	13713 16666    -1   990   530
	13720 16667    -1   990   530
	13723 16678    -1   990   530
	13729 16679    -1   990   530
	13730 16683    -1   990   530
	13732 16694    -1   990   530
	13737 16695    -1   990   530
	13742 16698    -1   990   530
	13747 16709    -1   990   530
	13747 16710    -1   990   530
	13749 16711    -1   990   530
	13750 16713    -1   990   530
	13749 16713    -1   990   530
	13747 16716    -1   990   530
	13748 16725    -1   990   530
	13750 16728    -1   990   530
	13752 16728    -1   990   530
	13753 16730    -1   990   530
	13754 16741    -1   990   530
	13755 16742    -1   990   530
	13758 16746    -1   990   530
	13758 16745    -1   990   530
	13761 16747    -1   990   530
	13763 16757    -1   990   530
	13763 16760    -1   990   530
	13765 16761    -1   990   530
	13770 16762    -1   990   530
	13766 16763    -1   990   530
	13766 16762    -1   990   530
	13765 16763    -1   990   530
	13816 16763    -1   990   530
	13758 16763    -1   990   530
	13761 16764    -1   990   530
	13757 16764    -1   990   530
	13755 16773    -1   990   530
	13754 16762    -1   990   530
	13755 16764    -1   990   530
	13753 16764    -1   990   530
	13755 16764    -1   990   530
	13757 16775    -1   990   530
	13758 16764    -1   990   530
	13760 16775    -1   990   530
	13762 16775    -1   990   530
	13762 16776    -1   990   530
	13762 16777    -1   990   530
	13766 16775    -1   990   530
	13764 16776    -1   990   530
	13765 16775    -1   990   530
	13764 16773    -1   990   530
	13762 16764    -1   990   530
	13765 16757    -1   990   530
	13762 16762    -1   990   530
	13762 16760    -1   990   530
	13760 16759    -1   990   530
	13760 16758    -1   990   530
	13760 16748    -1   990   530
	13761 16748    -1   990   530
	13761 16748    -1   990   530
	13761 16747    -1   990   530
	13763 16748    -1   990   530
	13765 16747    -1   990   530
	13765 16746    -1   990   530
	13766 16746    -1   990   530
	13765 16746    -1   990   530
	13768 16745    -1   990   530
	13766 16746    -1   990   530
	13766 16746    -1   990   530
	13771 16745    -1   990   530
	13771 16745    -1   990   530
	13774 16746    -1   990   530
	13776 16746    -1   990   530
	13777 16745    -1   990   530
	13776 16746    -1   980   530
	13781 16743    -1   980   530
	13784 16745    -1   980   530
	13786 16744    -1   980   530
	13790 16745    -1   980   530
	13792 16745    -1   980   530
	13796 16746    -1   980   530
	13798 16747    -1   980   530
	13801 16748    -1   980   530
	13804 16746    -1   980   530
	13806 16748    -1   980   530
	13809 16757    -1   980   530
	13809 16757    -1   980   530
	13810 16757    -1   980   530
	13813 16757    -1   980   530
	13816 16759    -1   980   530
	13820 16759    -1   980   530
	13822 16760    -1   980   530
	13826 16761    -1   980   530
	13833 16762    -1   980   530
	13835 16764    -1   980   530
	13838 16773    -1   980   530
	13842 16776    -1   980   530
	13845 16778    -1   980   530
	13851 16789    -1   980   530
	13853 16789    -1   980   530
	13860 16778    -1   980   540
	13864 16792    -1   980   540
	13867 16792    -1   980   540
	13869 16794    -1   980   540
	13873 16795    -1   980   540
	13875 16795     0   980   540
	13877 16796   108   980   540
	13882 16806   182   980   540
	13887 16807   234   980   540
	13891 16810   262   980   540
	13894 16810   297   980   540
	13899 16812   317   980   540
	13906 16823   336   980   540
	13910 16822   352   980   540
	13915 16824   269   980   540
	13919 16826   317   980   540
	13924 16828   357   980   540
	13931 16837   390   980   540
	13935 16838   415   980   540
	13938 16840   433   980   540
	13939 16842   446   980   540
	13940 16844   458   980   540
	13943 16844   469   980   540
	13942 16844   480   980   540
	13945 16854   487   980   540
	13944 16855   497  1000   540
	13945 16856   504  1000   540
	13943 16857   510  1000   540
	13947 16857   513  1000   540
	13945 16858   528  1000   540
	13947 16859   542  1000   540
	13944 16860   557  1000   540
	13944 16869   567  1000   540
	13942 16860   574  1000   540
	13938 16869   579  1000   540
	13933 16869   581  1000   540
	13930 16869   581  1000   540
	13920 16869   579  1000   540
	13907 16859   572  1000   540
	13892 16856   565  1000   540
	13877 16854   550  1000   540
	13860 16842   531  1000   540
	13840 16828   525  1000   540
	13819 16824   522  1000   540
	13801 16811   519  1000   540
	13783 16796   510  1000   540
	13760 16789   507  1000   540
	13741 16763   510  1000   540
	13718 16746   510  1000   540
	13698 16730   510  1000   540
	13680 16715   516  1000   540
	13659 16698   531  1000   540
	13639 16680   531  1000   540
	13623 16661   547  1000   540
	13608 16633   567  1000   540
	13663 16619   574  1000   540
	13583 16601   579  1000   540
	13573 16584   579  1000   540
	13568 16568   581  1000   540
	13566 16553   581  1000   540
	13566 16539   581  1000   540
	13570 16523   581  1000   540
	13577 16519   581  1000   540
	13584 16504   581   990   530
	13597 16492   581   990   530
	13608 16487   581   990   530
	13624 16474   584   990   530
	13640 16472   584   990   530
	13659 16469   584   990   530
	13675 16459   586   990   530
	13691 16457   586  1000   540
	13712 16456   586  1000   540
	13731 16455   586   980   540
	13750 16455   586   980   540
	13769 16455   584   980   540
	13791 16457   581   980   540
	13805 16458   572   980   540
	13827 16470   542   980   540
	13845 16470   510   980   540
	13862 16473   487   980   540
	13878 16476   450   980   540
	13886 16488   374   980   540
	13899 16490   317   980   540
	13908 16501     0   980   540
	13916 16503    -1   980   540
	13927 16507    -1   980   540
	13927 16518    -1   980   540
	13930 16521    -1   970   540
	13930 16524    -1   970   540
	13933 16533    -1   970   540
	13928 16535    -1   970   540
	13922 16538    -1   970   540
	13918 16539    -1   970   540
	13910 16550    -1   970   540
	13901 16552    -1   970   540
	13891 16554    -1   970   540
	13877 16556    -1   970   540
	13864 16556    -1   970   540
	13888 16567    -1   970   540
	13832 16567    -1   970   540
	13812 16568    -1   970   540
	13795 16569    -1   970   540
	13774 16568    -1   970   540
	13755 16568    -1   970   540
	13737 16565    -1   970   540
	13719 16556    -1   970   540
	13702 16555    -1   970   540
	13686 16554    -1   970   530
	13677 16552    -1   970   530
	13666 16551    -1   970   530
	13659 16550    -1   970   530
	13654 16550    -1   970   530
	13653 16549    -1   970   530
	13654 16540    -1   970   530
	13718 16549    -1   970   530
	13649 16550    -1   970   530
	13650 16552   201   970   530
	13653 16552   317   980   530
	13659 16553   278   980   530
	13667 16555   380   980   530
	13681 16556   429   980   530
	13691 16566   450   980   540
	13707 16568   465   980   540
	13726 16569   476   980   540
	13742 16570   487   980   540
	13764 16572   494   980   540
	13782 16572   497   980   540
	13799 16582   497   980   540
	13819 16585   500   980   540
	13843 16587   500   980   540
	13857 16600   497   980   540
	13876 16602   480   980   540
	13892 16613   458   980   540
	13907 16615   420   980   540
	13919 16618   367   980   540
	13931 16630   182   980   540
	13947 16632    -1   980   540
	13955 16633    -1   980   540
	13963 16635    -1   990   550
	13971 16636    -1   990   550
	13976 16645    -1   990   550
	14009 16645    -1   990   550
	13988 16646    -1   990   550
	13993 16646    -1   990   550
	14000 16646    -1   990   550
	14006 16645    -1   990   550
	14009 16646    -1   990   550
	14016 16647    -1   990   550
	14026 16647    -1   990   550
	14041 16647    -1   990   560
	14056 16647    -1   990   560
	14074 16649    -1   990   560
	14091 16648    -1   990   560
	14111 16648    -1   990   550
	14127 16649    -1   980   540
	14147 16634    -1   980   540
	14164 16645    -1   980   530
	14181 16636    -1   980   520
	14198 16634    -1   980   520
	14212 16632    -1   970   510
	14219 16629    -1   970   500
	14231 16618    -1   980   490
	14239 16616    -1   980   490
	14242 16616    -1   980   480
	14243 16613    -1   980   470
	14243 16613    -1   980   470
	14241 16602    -1   970   460
	14238 16604    -1   970   450
	14234 16602    -1   970   440
	14230 16600    -1   970   440
	14228 16600    -1   970   440
	14221 16600    -1   970   440
	14216 16599    -1   960   440
	14211 16598    -1   960   440
	14206 16598    -1   960   440
	14200 16599    -1   960   440
	14198 16598    -1   960   440
	14191 16600    -1   960   440
	14188 16600    -1   960   440
	14183 16601    -1   960   440
	14179 16601    -1   960   450
	14179 16602    -1   960   450
	14174 16603    -1   960   450
	14169 16604    -1   960   450
	14168 16604    -1   960   450
	14159 16613    -1   960   450
	14154 16613    -1   960   450
	14148 16614    -1   960   450
	14147 16614    -1   960   450
	14141 16604    -1   960   450
	14134 16614    -1   960   450
	14132 16614    -1   960   450
	14130 16615    -1   960   450
	14123 16615    -1   960   460
	14121 16615    -1   960   460
	14116 16615    -1   960   460
	14110 16616    -1   960   460
	14115 16616    -1   960   460
	14109 16617    -1   960   460
	14109 16617    -1   960   460
	14108 16617    -1   960   460
	14102 16617    -1   960   460
	14099 16617    -1   960   460
	14101 16616    -1   960   460
	14095 16616    -1   960   460
	14092 16614    -1   960   460
	14089 16614    -1   960   460
	14087 16613    -1   970   460
	14087 16604    -1   970   460
	14079 16604    -1   980   470
	14080 16604    -1   980   470
	14078 16603    -1   980   480
	14078 16603    -1   980   490
	14077 16602    -1   980   490
	14079 16602    -1   980   500
	14072 16602    -1   990   510
	14071 16600    -1   990   510
	14074 16599    -1   990   520
	14069 16599    -1   990   530
	14069 16597    -1   990   530
	14066 16597    -1  1000   540
	14068 16586    -1  1000   540
	14065 16585    -1  1000   550
	14062 16586    -1  1000   550
	14062 16584    -1  1000   560
	14062 16583    -1  1000   560
	14065 16582    -1  1000   560
	14060 16581    -1  1000   560
	14060 16571    -1  1000   560
	14059 16571    -1  1000   560
	14056 16568    -1  1000   560
	14053 16569    -1  1000   560
	14051 16568    -1  1000   560
	14049 16567    -1  1000   550
	14048 16566    -1  1000   550
	14043 16566    -1  1000   550
	14041 16566    -1  1000   550
	14036 16565    -1  1000   550
	14030 16556    -1  1000   550
	14029 16565    -1  1000   550
	14030 16565    -1  1000   550
	14026 16566    -1  1000   550
	14023 16565    -1  1000   550
	14021 16568    -1  1000   550
	14017 16568    -1  1000   550
	14014 16568    -1  1000   550
	14016 16569    -1  1000   550
	14012 16569    -1  1000   550
	14010 16570    -1  1000   550
	14006 16571    -1  1000   550
	14006 16581    -1  1000   550
	14002 16581    -1  1000   550
	13999 16582    -1  1000   550
	13997 16583    -1  1000   540
	13995 16585    -1  1000   540
	13993 16586    -1  1000   540
	13990 16588    -1  1000   540
	13989 16597    -1  1000   540
	13984 16598    -1  1000   540
	13980 16598    -1  1000   540
	13981 16601    -1  1000   540
	13980 16603    -1  1000   540
	13980 16614    -1  1000   540
	13976 16615    -1  1000   540
	13977 16619    -1  1000   540
	13977 16630    -1  1000   540
	13977 16631    -1  1000   540
	13975 16634    -1  1000   540
	13975 16648    -1  1000   540
	13976 16648    -1  1000   550
	13976 16652    -1  1000   550
	13977 16664    -1  1000   550
	13974 16666    -1  1000   550
	13972 16679    -1  1000   550
	13974 16682    -1  1000   550
	13972 16684    -1  1000   550
	13974 16695    -1  1000   540
	13976 16699    -1   980   540
	13975 16710    -1   980   540
	13975 16711    -1  1000   540
	13971 16714    -1  1000   540
	13971 16726    -1  1000   540
	13971 16714    -1  1000   540
	13971 16732    -1  1000   540
	13971 16743    -1  1000   540
	13969 16744    -1  1000   540
	13968 16745   108  1000   540
	13966 16745   218  1000   540
	13965 16745   262  1000   540
	13966 16742   286  1000   540
	13965 16730   308  1000   540
	13965 16725   336  1000   540
	13966 16709   352  1000   540
	13965 16682   294  1000   540
	13965 16666   344  1000   540
	13965 16636   374  1000   540
	13969 16615   390  1000   540
	13972 16597   395  1000   540
	13976 16569   401  1000   540
	13983 16552   401  1000   540
	13988 16535   401  1000   540
	13997 16520   395  1000   540
	14000 16508   395  1000   540
	14007 16504   390  1000   540
	14014 16502   390  1000   540
	14015 16503   390  1000   540
	14018 16501   390  1000   540
	14021 16504   395  1000   540
	14023 16507   405  1000   540
	14026 16519   420  1000   540
	14033 16523   437  1000   540
	14034 16538   442  1000   540
	14041 16555   446  1000   540
	14047 16581   450  1000   540
	14057 16600   450  1000   540
	14067 16619   450  1000   540
	14084 16648   454  1000   540
	14097 16678   454  1000   540
	14116 16699   454  1000   540
	14130 16728   458  1000   540
	14146 16758   465  1000   540
	14166 16777   473  1000   540
	14186 16794   476  1000   540
	14204 16811   480  1000   540
	14214 16822   480  1000   540
	14225 16826   484  1000   540
	14226 16825   480  1000   540
	14232 16825   480  1000   540
	14240 16824   469  1000   540
	14246 16823   462  1000   540
	14256 16812   442  1000   540
	14264 16811   401  1000   540
	14275 16810   367  1000   540
	14281 16806   218   990   530
	14291 16805    -1   990   530
	14297 16793    -1   990   530
	14311 16791    -1   990   530
	14314 16789    -1   990   530
	14317 16789    -1   990   530
	14321 16780    -1   990   530
	14327 16778    -1   990   530
	14331 16777    -1   990   520
	14338 16778    -1   990   520
	14341 16775    -1   990   520
	14348 16777    -1   990   510
	14352 16776    -1   990   510
	14358 16775    -1   990   510
	14364 16774    -1   980   500
	14369 16764    -1   980   500
	14373 16773    -1   980   490
	14382 16763    -1   980   490
	14387 16757    -1   990   490
	14394 16764    -1   990   480
	14402 16764    -1   990   480
	14404 16774    -1   990   470
	14413 16774    -1   990   470
	14419 16774    -1   990   470
	14425 16775    -1   980   460
	14433 16776    -1   980   460
	14437 16778    -1   990   460
	14443 16779    -1   990   460
	14448 16789    -1   990   450
	14451 16789    -1   990   450
	14451 16790    -1   990   450
	14452 16789    -1   990   450
	14450 16789    -1   990   450
	14445 16780    -1   990   450
	14442 16780    -1   990   450
	14440 16779    -1   990   450
	14439 16780    -1   990   450
	14437 16780    -1   990   450
	14436 16778    -1   990   450
	14432 16778    -1   990   450
	14429 16780    -1   990   450
	14424 16777    -1   990   460
	14420 16778    -1   990   460
	14418 16776    -1   990   460
	14414 16776    -1   990   460
	14411 16776    -1   990   460
	14406 16775    -1   990   460
	14402 16773    -1  1000   470
	14397 16764    -1  1000   470
	14394 16764    -1  1000   470
	14392 16762    -1  1000   470
	14386 16761    -1  1000   470
	14382 16761    -1  1000   470
	14374 16759    -1  1000   470
	14372 16758    -1  1000   470
	14364 16757    -1  1000   470
	14361 16747    -1  1000   480
	14357 16746    -1  1000   480
	14352 16745    -1   990   480
	14350 16745    -1   990   480
	14346 16742    -1   990   480
	14342 16742    -1   990   480
	14339 16741    -1   990   480
	14337 16741    -1   990   480
	14334 16732    -1   990   490
	14332 16729    -1   990   490
	14328 16730    -1   990   490
	14327 16728    -1   990   490
	14323 16728    -1   990   490
	14320 16727    -1   990   490
	14319 16725    -1   990   490
	14318 16725    -1   990   490
	14314 16725    -1   990   490
	14314 16716    -1   980   490
	14310 16716    -1   980   500
	14307 16714    -1   980   500
	14306 16715    -1   980   500
	14305 16715    -1   980   500
	14303 16713    -1   980   500
	14301 16714    -1   980   500
	14301 16715    -1   980   500
	14299 16715    -1   980   500
	14296 16715    -1   980   500
	14298 16715    -1   980   500
	14296 16715    -1   980   500
	14296 16725    -1   980   500
	14291 16726    -1   980   500
	14291 16726    -1   980   500
	14291 16727    -1   980   500
	14290 16726    -1   980   500
	14286 16728    -1   980   500
	14283 16728    -1   980   500
	14283 16728    -1   980   500
	14282 16730    -1   980   500
	14280 16730    -1   980   500
	14278 16731    -1   980   500
	14277 16731    -1   980   500
	14277 16730    -1   980   500
	14277 16732    -1   980   500
	14274 16731    -1   980   500
	14274 16741    -1   980   500
	14274 16741    -1   980   500
	14277 16732    -1   980   500
	14273 16741    -1   980   500
	14272 16732    -1   980   500
	14272 16741    -1   980   500
	14272 16731    -1   980   500
	14272 16731    -1   980   500
	14269 16731    -1   980   500
	14272 16730    -1   980   500
	14267 16730    -1   980   500
	14266 16728    -1   980   500
	14265 16727    -1   980   500
	14264 16727    -1   980   500
	14261 16725    -1   980   500
	14260 16726    -1   980   500
	14258 16726    -1   980   500
	14257 16716    -1   980   500
	14257 16716    -1   980   500
	14254 16715    -1   980   500
	14255 16716    -1   980   500
	14251 16716    -1   980   500
	14250 16716    -1   980   500
	14250 16716    -1   980   500
	14249 16726    -1   980   500
	14247 16727    -1   980   500
	14244 16727    -1   980   500
	14243 16727    -1   980   500
	14241 16728    -1   980   500
	14241 16729    -1   980   500
	14239 16731    -1   980   500
	14235 16741    -1   980   500
	14235 16743    -1   980   500
	14234 16745    -1   980   500
	14231 16746    -1   980   500
	14233 16757    -1   980   500
	14231 16761    -1   980   500
	14231 16762    -1   980   500
	14231 16774    -1   980   500
	14231 16776    -1   980   500
	14229 16776    -1   980   500
	14229 16777    -1  1000   500
	14229 16777    -1  1000   500
	14229 16780    -1  1000   500
	14229 16780    -1  1000   500
	14229 16779    -1  1000   500
	14231 16778    -1  1000   500
	14229 16778    -1  1000   500
	14229 16777    -1  1000   500
	14231 16774    -1  1000   500
	14233 16773    -1  1000   500
	14229 16763    -1  1000   500
	14233 16761    -1  1000   500
	14233 16759    -1  1000   500
	14235 16758    -1  1000   510
	14235 16748    -1  1000   510
	14235 16746    -1  1000   510
	14236 16745    -1  1000   510
	14238 16743    -1  1000   510
	14240 16732    -1  1000   510
	14239 16732    -1  1000   510
	14240 16731    -1  1000   510
	14238 16730    -1   990   510
	14236 16729    -1   990   510
	14235 16727    -1   990   510
	14238 16726    -1   990   510
	14235 16726    -1   990   510
	14235 16726    -1   990   510
	14232 16726    -1   990   510
	14234 16727    -1   990   510
	14234 16727    -1   990   510
	14232 16728    -1   990   510
	14232 16727    -1   990   510
	14235 16728    -1   990   510
	14234 16728    -1   990   510
	14234 16731    -1   990   510
	14234 16731    -1   990   510
	14232 16741    -1   990   510
	14232 16742    -1   990   510
	14231 16742    -1   990   510
	14229 16745    -1   990   510
	14230 16745    -1   990   510
	14228 16745    -1  1000   510
	14226 16746    -1  1000   510
	14227 16757    -1  1000   510
	14226 16757    -1  1000   510
	14225 16758    -1  1000   510
	14225 16759    -1  1000   510
	14225 16761    -1  1000   510
	14225 16761    -1  1000   510
	14228 16761    -1  1000   510
	14229 16762    -1  1000   510
	14230 16763    -1  1000   510
	14232 16764    -1  1000   510
	14236 16774    -1  1000   510
	14234 16775    -1  1000   510
	14236 16778    -1  1000   510
	14237 16778    -1  1000   510
	14239 16780    -1  1000   510
	14240 16790    -1  1000   510
	14240 16792    -1  1000   510
	14240 16793    -1  1000   510
	14242 16795    -1  1000   510
	14245 16805    -1  1000   520
	14246 16807    -1  1000   520
	14246 16809    -1  1000   520
	14245 16810    -1  1000   520
	14242 16810    -1  1000   520
	14242 16807    -1  1000   520
	14240 16822    -1  1000   520
	14245 16822    -1  1000   520
	14245 16812    -1  1000   520
	14245 16812    -1  1000   520
	14244 16812    64  1000   520
	14247 16810    75  1000   520
	14249 16808   218  1000   520
	14250 16805   275  1010   530
	14250 16792   336  1010   530
	14255 16778   367  1010   530
	14255 16762   310  1010   530
	14255 16744   344  1010   530
	14255 16727   374  1010   530
	14255 16709   395   990   530
	14259 16682   410   990   530
	14261 16664   415   990   530
	14267 16647   415   990   530
	14267 16633   420   990   530
	14269 16618   420   990   530
	14273 16604   420   990   530
	14276 16599   420   990   530
	14278 16588   420   990   530
	14279 16585   420   990   530
	14283 16584   420   980   530
	14283 16584   420   980   530
	14283 16584   424   980   530
	14283 16586   437   980   530
	14282 16597   446   980   530
	14282 16602   446   980   530
	14282 16615   450   980   530
	14283 16620   450   980   530
	14283 16634   450   980   530
	14288 16652   450   980   530
	14288 16677   450   980   530
	14297 16694   450   980   530
	14301 16711   450   980   530
	14307 16729   454   980   530
	14314 16746   454   980   530
	14321 16764   454   980   530
	14329 16779   454   990   530
	14335 16795   458   990   530
	14339 16807   458   990   530
	14343 16809   465   990   530
	14346 16809   469   990   530
	14349 16808   473   990   530
	14356 16808   476   990   530
	14362 16806   476   990   530
	14367 16794   480   990   530
	14374 16780   487   990   530
	14380 16764   490   990   530
	14383 16757   490   990   530
	14387 16731   494   990   530
	14389 16715   494   990   530
	14391 16698   494   990   530
	14392 16681   497   990   530
	14393 16668   494   990   530
	14394 16663   494   990   530
	14393 16650   490   990   530
	14395 16646   490   990   530
	14398 16646   487   990   530
	14396 16646   484   990   530
	14401 16646   480   990   530
	14401 16646   480   980   530
	14398 16648   476   980   530
	14402 16650   476   980   530
	14404 16663   476   980   530
	14410 16677   473   980   530
	14415 16683   473   980   530
	14423 16699   476   980   530
	14435 16716   476   980   530
	14445 16741   476   980   530
	14455 16761   473   980   530
	14466 16779   473   980   530
	14481 16795   473   990   530
	14493 16812   473   990   530
	14558 16838   476   990   530
	14520 16842   476   990   530
	14529 16853   480   990   530
	14539 16857   484   990   530
	14550 16857   487   990   530
	14558 16857   490   990   530
	14563 16855   494   990   530
	14570 16854   500   990   530
	14580 16843   507   990   530
	14583 16838   510   990   530
	14595 16826   525   990   530
	14603 16821   555   990   530
	14610 16805   560   990   530
	14617 16790   565   990   530
	14626 16773   572   990   530
	14626 16758   579   990   530
	14630 16741   581   990   530
	14634 16725   581   990   530
	14640 16700   581   990   530
	14640 16684   572   990   530
	14641 16677   544   990   530
	14640 16662   507   980   530
	14641 16647   490   980   530
	14643 16632   462   980   530
	14645 16620   415   980   530
	14646 16618   344   980   530
	14646 16616    64   980   530
	14648 16616    -1   980   530
	14646 16614    -1   980   530
	14648 16614    -1   980   530
	14650 16615    -1   980   530
	14660 16614    -1   980   530
	14662 16614    -1   980   530
	14662 16617    -1   980   530
	14668 16618    -1   970   530
	14675 16632    -1   970   530
	14685 16636    -1   970   530
	14690 16652    -1   970   530
	14702 16668    -1   970   530
	14713 16695    -1   980   530
	14792 16712    -1   980   530
	14750 16731    -1   980   530
	14774 16757    -1   980   530
	14803 16763    -1   980   530
	14830 16793    -1   980   530
	14854 16808    -1   990   530
	14878 16822    -1   990   530
	14898 16837    -1   990   530
	14922 16841    -1   990   530
	14945 16843    -1  1010   530
	14965 16856    -1  1010   530
	14988 16859    -1  1010   530
	15007 16860    -1  1020   530
	15023 16871    -1  1020   530
	15034 16871    -1  1020   530
	15040 16870    -1  1020   530
	15041 16859    -1  1040   530
	15036 16856    -1  1040   530
	15028 16844    -1  1040   540
	15017 16840    -1  1040   540
	15003 16828    -1  1040   540
	14991 16823    -1  1040   540
	14977 16821    -1  1040   540
	14964 16808    -1  1040   540
	14949 16806    -1  1040   540
	14934 16792    -1  1040   540
	14921 16789    -1  1040   540
	14907 16777    -1  1040   540
	14893 16774    -1  1030   540
	14882 16773    -1  1020   530
	14869 16762    -1  1020   530
	14861 16761    -1  1020   530
	14856 16760    -1  1020   530
	14845 16760    -1  1020   530
	14839 16759    -1  1020   530
	14833 16759    -1  1010   530
	14827 16759    -1  1010   530
	14824 16757    -1  1010   530
	14820 16759    -1  1010   530
	14814 16757    -1  1010   530
	14809 16748    -1  1010   530
	14808 16748    -1  1010   530
	14800 16747    -1  1010   530
	14792 16746    -1  1010   530
	14789 16746    -1  1010   530
	14782 16742    -1  1010   530
	14774 16742    -1  1010   530
	14771 16742    -1  1010   530
	14763 16741    -1  1010   530
	14760 16732    -1  1010   530
	14754 16730    -1  1010   530
	14752 16730    -1  1010   530
	14750 16730    -1  1010   530
	14745 16729    -1  1010   530
	14742 16729    -1  1010   530
	14740 16729    -1  1010   530
	14739 16729    -1  1010   530
	14737 16729    -1  1010   530
	14736 16729    -1  1010   530
	14733 16729    -1  1010   530
	14736 16730    -1  1000   520
	14736 16730    -1  1000   520
	14732 16731    -1  1000   520
	14734 16732    -1  1000   520
	14732 16731    -1  1000   520
	14732 16731    -1  1000   520
	14734 16731    -1  1000   520
	14730 16742    -1  1000   520
	14730 16741    -1  1000   520
	14729 16732    -1  1000   520
	14727 16741    -1  1000   520
	14728 16742    -1  1000   520
	14725 16742    -1  1000   520
	14724 16742    -1  1000   520
	14719 16742    -1  1000   520
	14722 16742    -1  1000   520
	14719 16742    -1  1000   520
	14719 16744    -1  1000   520
	14720 16744    -1  1000   520
	14720 16745    -1  1000   520
	14722 16746    -1  1000   520
	14722 16746    -1  1000   520
	14726 16745    -1  1000   520
	14725 16746    -1  1000   520
	14725 16746    -1  1000   520
	14729 16746    -1  1000   520
	14728 16746    -1  1000   520
	14730 16746    -1  1000   520
	14730 16747    -1  1000   520
	14732 16746    -1  1000   520
	14735 16747    -1  1000   520
	14735 16747    -1  1000   520
	14736 16747    -1  1000   520
	14736 16746    -1  1000   520
	14738 16744    -1  1000   520
	14738 16747    -1  1000   520
	14740 16747    -1  1000   520
	14740 16747    -1  1000   520
	14742 16747    -1  1000   520
	14740 16745    -1  1000   520
	14742 16747    -1  1000   520
	14740 16747    -1  1000   520
	14742 16746    -1  1000   520
	14740 16747    -1  1000   520
	14744 16747    -1  1000   520
	14742 16747    -1  1000   520
	14742 16746    -1  1000   520
	14742 16747    -1  1000   520
	14743 16746    -1  1000   520
	14743 16746    -1  1000   520
	14743 16746    -1  1000   520
	14744 16746    -1  1000   520
	14745 16746    -1  1000   520
	14747 16746    -1  1000   520
	14747 16746    -1  1000   520
	14748 16748    -1  1000   520
	14748 16746    -1  1000   520
	14749 16746    -1  1000   520
	14748 16747    -1  1000   520
	14749 16746    -1  1000   520
	14749 16748    -1  1010   530
	14749 16747    -1  1010   530
	14752 16746    -1  1010   530
	14753 16747    -1  1010   530
	14752 16746    -1  1010   530
	14752 16746    -1  1010   530
	14749 16746    -1  1010   530
	14752 16747    -1  1010   530
	14752 16746    -1  1010   530
	14752 16746    -1  1010   530
	14750 16746    -1  1010   530
	14752 16746    -1  1010   530
	14752 16746    -1  1010   530
	14752 16747    -1  1010   530
	14753 16746    -1  1010   530
	14753 16747    -1  1010   530
	14753 16746    -1  1010   530
	14753 16747    -1  1010   530
	14750 16746    -1  1010   530
	14750 16746    -1  1010   530
	14749 16745    -1  1010   530
	14750 16745    -1  1010   530
	14750 16744    -1  1010   530
	14750 16744    -1  1010   530
	14750 16744    -1  1000   520
	14750 16742    -1  1000   520
	14745 16742    -1  1000   520
	14749 16742    -1  1000   520
	14749 16742    -1  1000   520
	14750 16741    -1  1000   520
	14749 16742    -1  1000   520
	14750 16743    -1  1000   520
	14751 16743    -1  1000   520
	14752 16742    -1  1000   520
	14752 16741    -1  1000   520
	14752 16744    -1  1000   520
	14752 16743    -1  1000   520
	14753 16745    -1  1000   520
	14749 16745    -1  1000   520
	14750 16743    -1  1000   520
	14749 16742    -1  1000   520
	14748 16743    -1  1000   520
	14750 16741    -1  1000   520
	14749 16744    -1  1000   520
	14750 16745    -1  1000   520
	14751 16745    -1  1000   520
	14751 16747    -1  1000   520
	14753 16746    -1  1000   520
	14752 16746    -1  1000   520
	14753 16748    -1  1000   520
	14752 16748    -1  1000   520
	14755 16746    -1  1000   520
	14756 16748    -1  1000   520
	14758 16757    -1  1000   520
	14758 16757    -1  1000   520
	14759 16758    -1  1000   520
	14760 16757    -1  1000   520
	14760 16759    -1  1000   520
	14761 16758    -1  1000   520
	14764 16760    -1  1000   520
	14763 16760    -1  1000   520
	14764 16759    -1  1000   520
	14765 16761    -1  1000   520
	14765 16761    -1  1000   520
	14765 16761    -1  1000   520
	14769 16761    -1  1000   520
	14771 16762    -1  1010   530
	14771 16762    -1  1010   530
	14772 16763    -1  1010   530
	14774 16762    -1  1010   530
	14774 16764    -1  1010   530
	14778 16764    -1  1010   530
	14777 16773    -1  1010   530
	14778 16773    -1  1010   530
	14780 16764    -1  1010   530
	14780 16773    -1  1010   530
	14782 16762    -1  1010   530
	14785 16764    -1  1010   530
	14789 16764    -1  1010   530
	14795 16773    -1  1010   530
	14800 16764    -1  1010   530
	14804 16774    -1  1010   530
	14812 16764    -1  1010   530
	14819 16774    -1  1010   530
	14826 16773    -1  1010   530
	14833 16775    -1  1010   530
	14838 16776    -1  1010   530
	14848 16777    -1   990   530
	14857 16779    -1   990   530
	14869 16779    -1   990   530
	14880 16789    -1   990   530
	14888 16791    -1   990   530
	14900 16794    -1   990   530
	14905 16805    -1   990   530
	14912 16794    -1   990   530
	14920 16810    -1   990   530
	14925 16823    -1   990   530
	14929 16825    64   990   530
	14929 16837   108   990   530
	14934 16840   234   990   530
	14939 16844   286   990   530
	14940 16857   317   990   530
	14941 16860   344   990   530
	14945 16871   278   990   530
	14943 16876   324   990   530
	14943 16886   350   990   530
	14941 16891   374   990   530
	14941 16892   395   990   530
	14938 16903   420   990   530
	14933 16904   437   990   530
	14930 16906   454   990   530
	14923 16906   462   990   530
	14917 16906   465   990   530
	14908 16908   473  1010   530
	14897 16907   473  1010   530
	14884 16906   473  1010   530
	14870 16906   473  1010   530
	14853 16901   473  1010   530
	14836 16891   473  1010   530
	14817 16887   473  1010   530
	14796 16873   473  1010   530
	14776 16857   473  1010   530
	14816 16842   473  1010   530
	14741 16827   476  1010   530
	14726 16811   476  1010   530
	14715 16795   484  1010   530
	14704 16777   487  1010   530
	14697 16761   490  1010   530
	14694 16744   490  1010   530
	14695 16729   490  1010   530
	14702 16713   490  1010   530
	14711 16699   490  1010   530
	14722 16693   490  1010   530
	14737 16681   490  1010   530
	14752 16667   490  1010   530
	14771 16666   490   990   530
	14786 16662   490   990   530
	14802 16651   494   990   530
	14816 16651   494   990   530
	14830 16649   490   990   530
	14844 16651   490   990   530
	14853 16651   490   990   530
	14867 16662   490   990   530
	14883 16663   487   980   530
	14892 16665   480   980   530
	14902 16667   476   980   530
	14912 16678   473   980   530
	14920 16683   462   980   530
	14926 16693   442   980   530
	14929 16696   405   980   530
	14932 16699   317   980   530
	14931 16710   308   980   530
	14933 16713     0   980   530
	14931 16715    -1   980   530
	14926 16725    -1   980   530
	14922 16728    -1   980   530
	14915 16730    -1   980   530
	14909 16732    -1   980   530
	14905 16741    -1   980   530
	14890 16744    -1   980   530
	14877 16745    -1   980   530
	14864 16748    -1   980   530
	14846 16758    -1   980   530
	14832 16760    -1   980   530
	14813 16762    -1   980   530
	14801 16763    -1   990   530
	14787 16764    -1   990   530
	14777 16773    -1   990   530
	14769 16773    -1   990   530
	14762 16774    -1   990   530
	14746 16774     0   990   530
	14746 16775   262   990   530
	14745 16774   344   990   530
	14740 16775   317   990   530
	14739 16776   390   990   530
	14742 16774   424   990   530
	14744 16773   442   990   530
	14747 16764   454   990   530
	14750 16763   465   990   530
	14760 16763   484   990   530
	14769 16760   494   990   530
	14781 16760   494   990   530
	14789 16759   497   990   530
	14803 16758   497   990   530
	14818 16758   500   990   530
	14834 16759   504   990   530
	14852 16760   504   990   530
	14869 16762   504   990   530
	14884 16763   500   990   530
	14897 16764   494   990   530
	14910 16774   487   990   530
	14925 16775   476   990   530
	14939 16777   458   990   530
	14950 16778   429   990   530
	14962 16777   344   990   530
	14971 16777   327   990   530
	14974 16777   160   990   530
	14982 16778    -1   990   530
	14983 16779    -1  1000   540
	14987 16778    -1  1000   540
	14990 16789    -1  1000   540
	14996 16790    -1  1000   540
	14997 16792    -1  1000   540
	14996 16793    -1  1000   540
	15000 16793    -1  1000   540
	15001 16796    -1  1000   540
	15001 16795    -1  1000   540
	15003 16805    -1  1000   540
	15007 16796    -1  1000   540
	15007 16806    -1  1000   540
	15005 16806    -1  1000   540
	15006 16807    -1  1000   540
	15007 16807    -1  1000   540
	15005 16808    -1  1000   540
	15005 16806    -1  1000   540
	15003 16807    -1  1000   540
	15003 16807    -1  1000   540
	15000 16807    -1  1000   540
	14998 16806    -1  1000   540
	14997 16807    -1  1000   540
	14993 16805    -1  1000   540
	14992 16805    -1  1000   540
	14990 16805    -1  1000   540
	14988 16805    -1  1000   540
	14988 16796    -1  1000   540
	14987 16796    -1  1000   540
	14987 16794    -1  1000   540
	14982 16796    -1  1000   540
	14982 16793    -1  1000   540
	14983 16795    -1  1000   540
	14982 16793    -1  1000   540
	14983 16793    -1  1000   540
	14984 16792    -1  1000   540
	15013 16793    -1  1000   540
	14985 16790    -1  1000   540
	14984 16790    -1  1000   540
	14984 16791    -1  1000   540
	14985 16791    -1  1000   540
	14984 16790    -1  1000   540
	14987 16790    -1  1000   540
	14987 16790    -1  1000   540
	14985 16792    -1  1000   540
	14987 16792    -1  1000   540
	14987 16780    -1  1010   530
	14985 16780    -1  1010   530
	14984 16790    -1  1010   530
	14983 16780    -1  1010   530
	14983 16789    -1  1010   530
	14980 16790    -1  1010   530
	14980 16779    -1  1000   540
	14980 16789    -1  1000   540
	14976 16778    -1  1000   540
	14975 16778    -1  1000   540
	14975 16777    -1  1000   540
	14974 16777    -1  1000   540
	14973 16776    -1  1000   540
	14971 16776    -1  1000   540
	14972 16776    -1  1000   540
	14970 16775    -1  1000   540
	14971 16775    -1  1000   540
	14970 16776    -1  1000   540
	14971 16774    -1  1000   540
	14968 16777    -1  1000   540
	14970 16776    -1  1000   540
	14970 16774    -1  1000   540
	14968 16776    -1   990   530
	14970 16776    -1   990   530
	14970 16776    -1   990   530
	14969 16778    -1   990   530
	14969 16777    -1   990   530
	14967 16776    -1   990   530
	14966 16777    -1   990   530
	14969 16777    -1  1010   530
	14970 16777    -1   990   530
	14965 16777    -1   990   530
	14966 16777    -1   990   530
	14966 16776    -1   990   530
	14966 16776    -1   990   530
	14964 16777    -1   990   530
	14966 16776    -1  1000   540
	14969 16776    -1  1000   540
	14970 16777    -1  1000   540
	14968 16778    -1  1000   540
	14971 16776    -1  1000   540
	14971 16778    -1  1000   540
	14972 16778    -1  1000   540
	14971 16777    -1  1000   540
	14972 16778    -1  1000   540
	14972 16778    -1  1000   540
	14972 16778    -1  1000   540
	14970 16777    -1  1000   540
	14971 16777    -1  1000   540
	14972 16776    -1  1000   540
	14972 16777    -1  1000   540
	14971 16776    -1  1000   540
	14968 16776    -1  1000   540
	14971 16776    -1  1000   540
	14970 16776    -1  1000   540
	14967 16776    -1  1000   540
	14971 16776    -1  1000   540
	14967 16775    -1  1000   540
	14970 16776    -1  1000   540
	14968 16776    -1  1000   540
	14967 16775    -1  1000   540
	14970 16776    -1  1000   540
	14970 16774    -1  1000   540
	14970 16775    -1  1000   540
	14967 16774    -1  1000   540
	14965 16774    -1  1000   540
	14967 16774    -1  1000   540
	14966 16775    -1  1000   540
	14966 16774    -1  1000   540
	14966 16764    -1   990   530
	14965 16764    -1   990   530
	14963 16764    -1   990   530
	14963 16764    -1   990   530
	14963 16764    -1   990   530
	14959 16764    -1   990   530
	14959 16762    -1   990   530
	14959 16763    -1   990   530
	14961 16762    -1   990   530
	14957 16762    -1   990   530
	14959 16763    -1   990   530
	14957 16763    -1   990   530
	14957 16764    -1   990   530
	14956 16762    -1   990   530
	14956 16761    -1   990   530
	14956 16762    -1   990   530
	14955 16762    -1   990   530
	14955 16762    -1   990   530
	14953 16760    -1   990   530
	14955 16762    -1   990   530
	14953 16761    -1   990   530
	14950 16759    -1   990   530
	14948 16759    -1   990   530
	14948 16760    -1   990   530
	14947 16759    -1   990   530
	14947 16758    -1   990   530
	14948 16759    -1   990   530
	14946 16759    -1   990   530
	14946 16759    -1   990   530
	14946 16759    -1   990   530
	14941 16759    -1   990   530
	14943 16759    -1   990   530
	14942 16759    -1   990   530
	14943 16759    -1   990   530
	14940 16760    -1   990   530
	14940 16758    -1   990   530
	14939 16759    -1   990   530
	14939 16759    -1   990   530
	14939 16760    -1   990   530
	14938 16759    -1   990   530
	14939 16758    -1   990   530
	14938 16760    -1   990   530
	14939 16759    -1   990   530
	14939 16760    -1   990   530
	14939 16760    -1   990   530
	14939 16761    -1   990   530
	14938 16759    -1   990   530
	14939 16759    -1   990   530
	14937 16758    -1   990   530
	14937 16759    -1   990   530
	14936 16759    -1   990   530
	14937 16759    -1   990   530
	14939 16759    -1   990   530
	14939 16758    -1   990   530
	14936 16759    -1   990   530
	14939 16758    -1   990   530
	14939 16757    -1   990   530
	14939 16758    -1   990   530
	14938 16757    -1   990   530
	14939 16757    -1   990   530
	14938 16758    -1   990   530
	14939 16757    -1   990   530
	14937 16759    -1   990   530
	14938 16758    -1   990   530
	14939 16758    -1   990   530
	14940 16757    -1   990   530
	14939 16758    -1   990   530
	14939 16757    -1   990   530
	14939 16757    -1   990   530
	14939 16748    -1   990   530
	14940 16757    -1   990   530
	14939 16757    -1   990   530
	14938 16757    -1   990   530
	14938 16757    -1   990   530
	14937 16748    -1   990   530
	14937 16757    -1   990   530
	14936 16757    -1   990   530
	14937 16757    -1   990   530
	14937 16757    -1   990   530
	14932 16758    -1   990   530
	14932 16757    -1   990   530
	14933 16757    -1   990   530
	14932 16757    -1   990   530
	14932 16757    -1   990   530
	14931 16757    -1   990   530
	14928 16757    -1   990   530
	14926 16758    -1   990   530
	14928 16748    -1   990   530
	14926 16757    -1   990   530
	14926 16748    -1   990   530
	14924 16748    -1   990   530
	14926 16757    -1   990   530
	14923 16757    -1   990   530
	14922 16748    -1   990   530
	14918 16748    -1   990   530
	14918 16748    -1   990   530
	14918 16748    -1   990   530
	14915 16748    -1   990   530
	14913 16747    -1   990   530
	14909 16746    -1   990   530
	14910 16745    -1   990   530
	14908 16745    -1  1000   540
	14905 16744    -1  1000   540
	14906 16743    -1  1000   540
	14906 16742    -1  1000   540
	14905 16741    -1   980   540
	14906 16741    -1   980   540
	14907 16731    -1   980   540
	14909 16731     0   980   540
	14910 16729    75   980   540
	14913 16731   136   980   540
	14915 16731   160   980   540
	14921 16731   182   980   540
	14923 16742   201   980   540
	14927 16744   234   980   540
	14937 16746   249   980   540
	14940 16748   262   980   540
	14950 16760   262   980   540
	14957 16764   262   980   540
	14966 16776   262   980   540
	14973 16780   262   980   540
	14979 16793   286   980   540
	14984 16796   297   980   540
	14992 16810   308   980   540
	14997 16822   327   980   540
	15004 16828   336   980   540
	15011 16841   352   980   540
	15018 16855   360  1000   540
	15026 16860   278  1000   540
	15033 16873   302  1000   540
	15036 16888   310  1000   540
	15042 16892   331  1000   540
	15045 16904   344  1000   540
	15047 16908   368  1000   540
	15050 16919   385  1000   540
	15050 16921   401  1000   540
	15054 16924   415  1000   540
	15056 16924   429  1000   540
	15055 16924   442  1000   540
	15053 16924   450  1000   540
	15053 16923   462  1000   540
	15053 16922   469  1000   540
	15053 16919   476  1000   540
	15050 16907   484   990   530
	15050 16902   487   990   530
	15046 16887   494   990   530
	15047 16872   497   990   530
	15049 16858   507   990   530
	15051 16842   510   990   530
	15054 16827   510   990   530
	15061 16811   510  1000   540
	15068 16805   510  1000   540
	15081 16792   513  1000   540
	15091 16780   513  1000   540
	15097 16776   513  1000   540
	15107 16775   510  1000   540
	15115 16764   510  1000   540
	15123 16762   507   980   540
	15128 16764   504   980   540
	15137 16773   500   980   540
	15144 16774   500   980   540
	15153 16777   497   980   540
	15163 16789   500   980   540
	15173 16793   497   980   540
	15182 16807   497   980   540
	15192 16810   494   980   540
	15200 16824   494   980   540
	15207 16837   494   980   540
	15218 16844   494   980   540
	15223 16858   490   980   540
	15231 16872   490   980   540
	15237 16887   494   980   540
	15240 16889   494   980   540
	15245 16901   494   980   540
	15244 16903   497   980   540
	15245 16905   500   980   530
	15242 16907   507   980   530
	15242 16907   510   980   530
	15240 16907   513   980   530
	15238 16907   525   990   530
	15242 16907   539   990   530
	15238 16906   557   990   530
	15238 16902   581   990   530
	15235 16889   590   990   530
	15234 16874   597   990   530
	15234 16870   601   990   530
	15231 16857   603   990   530
	15235 16843   607   990   530
	15240 16837   609   990   530
	15252 16823   611   980   530
	15254 16809   611   980   530
	15261 16795   611   980   530
	15271 16790   609   980   530
	15283 16775   609   980   530
	15301 16763   605   980   530
	15318 16748   595   980   530
	15336 16745   581   980   530
	15352 16744   519   980   530
	15369 16741   490   970   530
	15385 16732   450   970   530
	15402 16730   357   970   530
	15418 16731   262   970   530
	15435 16742    -1   970   530
	15451 16747    -1   970   530
	15465 16761    -1   970   530
	15483 16774    -1   970   530
	15502 16780    -1   970   530
	15520 16796    -1   970   530
	15539 16811    -1   970   530
	15559 16827    -1   970   530
	15582 16844    -1   960   520
	15606 16869    -1   960   520
	15624 16885    -1   960   520
	15644 16902    -1   980   520
	15665 16920    -1   980   520
	15681 16935    -1   970   510
	15696 16952    -1   970   510
	15708 16966    -1   990   510
	15715 16984    -1   990   510
	15717 16999    -1  1000   510
	15717 17004    -1  1000   510
	15722 17017    -1  1010   500
	15720 17020    -1  1010   500
	15725 17033    -1  1020   490
	15723 17036    -1  1020   490
	15719 17048    -1  1020   490
	15719 17049    -1  1030   490
	15717 17051    -1  1030   490
	15717 17051    -1  1040   490
	15719 17061    -1  1040   490
	15716 17063    -1  1040   490
	15717 17063    -1  1050   490
	15721 17064    -1  1050   490
	15724 17064    -1  1050   490
	15728 17064    -1  1050   490
	15731 17063    -1  1050   490
	15737 17063    -1  1070   490
	15744 17062    -1  1070   490
	15742 17061    -1  1070   490
	15743 17051    -1  1070   490
	15738 17049    -1  1070   490
	15730 17046    -1  1070   490
	15719 17036    -1  1070   490
	15707 17032    -1  1050   490
	15698 17030    -1  1050   490
	15687 17017    -1  1050   490
	15677 17015    -1  1050   490
	15666 17003    -1  1050   490
	15657 17001    -1  1050   490
	15647 16999    -1  1050   490
	15636 16988    -1  1040   490
	15629 16986    -1  1040   490
	15622 16983    -1  1040   490
	15617 16983    -1  1040   490
	15609 16981    -1  1040   490
	15603 16972    -1  1040   490
	15599 16971    -1  1030   490
	15591 16969    -1  1030   490
	15585 16967    -1  1030   490
	15579 16968    -1  1030   490
	15570 16966    -1  1030   490
	15567 16965    -1  1020   490
	15558 16965    -1  1020   490
	15551 16956    -1  1020   490
	15546 16955    -1  1020   490
	15540 16955    -1  1020   490
	15532 16954    -1  1020   490
	15524 16953    -1  1020   490
	15516 16951    -1  1020   490
	15514 16949    -1  1020   490
	15506 16940    -1  1020   490
	15499 16939    -1  1020   490
	15493 16939    -1  1020   490
	15487 16937    -1  1020   490
	15480 16936    -1  1020   490
	15476 16935    -1  1020   490
	15468 16934    -1  1020   490
	15463 16933    -1  1010   480
	15460 16923    -1  1000   490
	15454 16922    -1  1000   490
	15448 16919    -1  1000   490
	15443 16919    -1  1000   490
	15435 16917    -1  1000   490
	15430 16908    -1  1000   490
	15426 16906    -1  1000   490
	15420 16906    -1  1000   490
	15415 16904    -1  1000   490
	15411 16903    -1  1000   490
	15404 16902    -1  1000   490
	15399 16902    -1  1000   490
	15394 16892    -1  1000   490
	15390 16892    -1  1000   490
	15386 16892    -1  1000   490
	15379 16891    -1  1000   490
	15379 16891    -1  1000   490
	15375 16890    -1  1000   490
	15374 16891    -1  1000   490
	15370 16890    -1  1000   490
	15369 16891    -1  1000   490
	15366 16891    -1  1000   490
	15363 16890    -1  1000   490
	15362 16891    -1  1000   490
	15362 16891    -1  1000   490
	15357 16889    -1  1000   490
	15355 16889    -1  1000   490
	15355 16889    -1  1000   490
	15353 16887    -1  1000   490
	15349 16887    -1  1000   490
	15345 16885    -1  1000   490
	15345 16886    -1  1000   490
	15345 16875    -1  1000   490
	15342 16875    -1  1000   490
	15342 16875    -1  1000   480
	15337 16874    -1  1000   480
	15337 16873    -1  1000   480
	15336 16873    -1  1000   480
	15336 16872    -1  1000   480
	15337 16872    -1  1000   480
	15339 16874    -1  1000   480
	15336 16874    -1  1000   480
	15337 16875    -1  1000   480
	15338 16875    -1  1000   480
	15339 16885    -1  1000   490
	15341 16885    -1  1000   490
	15337 16886    -1  1000   490
	15337 16886    -1  1000   490
	15337 16887    -1  1000   480
	15337 16886    -1  1000   480
	15334 16886    -1  1000   490
	15334 16886    -1  1000   480
	15334 16887    -1  1000   480
	15334 16886    -1  1000   480
	15333 16886    -1  1000   480
	15334 16888    -1  1000   480
	15334 16888    -1  1000   480
	15334 16889    -1  1000   480
	15334 16890    -1  1000   480
	15334 16891    -1  1000   480
	15334 16892    -1  1000   480
	15334 16902    -1  1000   490
	15332 16902    -1  1000   490
	15333 16902    -1  1000   490
	15328 16904    -1  1000   490
	15330 16906    -1  1000   490
	15328 16917    -1  1000   490
	15330 16917    -1  1000   490
	15326 16920    -1  1000   490
	15326 16921    -1  1000   490
	15325 16924    -1  1000   490
	15325 16933    -1  1000   490
	15323 16935    -1  1000   490
	15324 16937    -1  1000   490
	15321 16940    -1  1000   490
	15322 16951    -1  1000   490
	15322 16953    -1  1000   490
	15322 16956    -1  1000   490
	15322 16967    -1  1000   490
	15322 16971    -1  1000   490
	15322 16983    -1  1000   490
	15321 16985    -1  1000   490
	15322 16997    -1  1000   490
	15321 17001    -1  1010   480
	15321 17014    -1  1010   480
	15321 17016    -1  1020   490
	15320 17020    -1  1020   490
	15319 17031    -1  1020   490
	15318 17035    -1  1020   490
	15318 17048    -1  1020   490
	15319 17051    -1  1030   490
	15321 17064    -1  1030   490
	15321 17067    -1  1030   490
	15322 17079    -1  1030   490
	15320 17083    -1  1030   490
	15320 17095    -1  1030   490
	15320 17097    -1  1030   490
	15321 17100    -1  1030   490
	15321 17111    -1  1040   490
	15319 17114    -1  1040   490
	15317 17115    -1  1040   490
	15319 17126    -1  1040   490
	15318 17129    -1  1040   490
	15320 17131    -1  1040   490
	15323 17143    -1  1050   500
	15322 17147    -1  1050   500
	15325 17159    -1  1050   500
	15331 17164    -1  1050   500
	15332 17176    -1  1050   500
	15334 17189    -1  1050   500
	15336 17192    -1  1050   500
	15338 17196    -1  1050   500
	15341 17207    -1  1050   500
	15343 17211    -1  1050   500
	15342 17221    -1  1050   500
	15349 17227    -1  1050   500
	15349 17228    -1  1060   500
	15354 17240    -1  1060   500
	15354 17244    -1  1060   500
	15358 17253    -1  1060   500
	15358 17257    -1  1060   500
	15362 17258    -1  1050   510
	15359 17260    -1  1050   510
	15359 17269     0  1050   510
	15357 17270   160  1050   510
	15359 17272   249  1050   510
	15357 17271   286  1050   510
	15355 17270   317  1050   510
	15357 17260   336  1050   510
	15357 17258   352  1050   510
	15359 17244   286  1040   510
	15360 17239   338  1040   510
	15361 17223   368  1040   510
	15362 17206   410  1040   510
	15363 17177   433  1040   510
	15364 17148   454  1040   510
	15366 17126   469  1040   510
	15369 17097   480  1040   510
	15369 17065   494  1040   510
	15372 17034   504  1030   510
	15375 17003   504  1030   510
	15375 16981   507  1030   520
	15375 16954   507  1030   520
	15383 16933   507  1030   520
	15387 16905   507  1020   520
	15395 16886   510  1020   520
	15403 16859   510  1020   520
	15409 16839   507  1010   530
	15414 16823   507  1010   530
	15422 16808   500  1010   530
	15430 16793   494   990   530
	15437 16780   476   990   530
	15443 16775   458   990   530
	15450 16762   437   990   530
	15457 16760   401   980   530
	15463 16758   331   980   530
	15469 16746   352   980   530
	15476 16746   297   980   530
	15484 16747   160   980   530
	15494 16747     0   980   530
	15549 16745    -1   980   530
	15516 16764    -1   980   530
	15532 16773    -1   980   530
	15548 16778    -1   980   530
	15565 16791    -1   980   530
	15579 16796    -1   980   530
	15597 16811    -1   980   530
	15617 16826    -1   980   530
	15633 16841    -1   980   530
	15650 16856    -1   980   530
	15670 16870    -1   980   530
	15686 16885    -1   980   530
	15697 16892    -1   980   530
	15710 16907    -1   980   530
	15720 16920    -1   980   530
	15728 16934    -1   980   530
	15733 16950     0   980   530
	15741 16955   136   980   530
	15747 16970   262   980   530
	15747 16982   308   980   530
	15750 16987   336   980   530
	15747 17001   367   980   530
	15746 17004   324   980   530
	15742 17016   363   980   530
	15736 17018   385   980   530
	15726 17019   401   990   530
	15714 17020   415   990   530
	15704 17020   433   990   530
	15693 17019   433   990   530
	15675 17016   433   990   530
	15657 17014   433   990   530
	15643 17002   437   990   530
	15625 16997   437   990   530
	15607 16984   437   990   530
	15588 16969   442   990   530
	15569 16954   442   990   530
	15549 16939   446   990   530
	15530 16924   450   990   530
	15516 16918   458  1010   530
	15507 16903   469  1010   530
	15494 16888   484  1010   530
	15488 16874   487   990   530
	15482 16857   490   990   530
	15482 16843   490   990   530
	15481 16837   490   990   530
	15485 16824   490   990   530
	15488 16810   490   990   530
	15499 16796   490   990   530
	15513 16793   490   990   530
	15532 16780   490   990   530
	15548 16780   490   980   530
	15565 16778   490   980   530
	15582 16775   490   980   530
	15602 16775   487   980   530
	15620 16775   487   980   530
	15638 16775   480   980   530
	15657 16779   476   970   530
	15677 16779   465   970   530
	15690 16780   454   970   530
	15704 16792   442   970   530
	15716 16796   415   970   530
	15729 16807   344   970   530
	15736 16811   336   970   530
	15742 16821   160   970   530
	15746 16824    -1   970   530
	15748 16827    -1   970   530
	15750 16827    -1   970   530
	15750 16838    -1   970   530
	15750 16840    -1   970   530
	15749 16841    -1   970   530
	15748 16843    -1   970   530
	15749 16844    -1   970   530
	15747 16855    -1   970   530
	15742 16855    -1   970   530
	15737 16857    -1   970   530
	15733 16858    -1   970   530
	15724 16859    -1   980   530
	15715 16860    -1   980   530
	15705 16870    -1   980   530
	15696 16870    -1   980   530
	15683 16871    -1   980   530
	15667 16872    -1   980   530
	15644 16872    -1   980   520
	15627 16871    -1   980   520
	15606 16872    -1   980   520
	15588 16869    -1   980   520
	15571 16860    -1   980   520
	15554 16858    -1   980   520
	15540 16857    -1   980   520
	15530 16855    -1   980   520
	15521 16854    -1   980   520
	15517 16854    -1   980   520
	15517 16854    -1   980   520
	15516 16853     0   980   520
	15516 16844   249   980   520
	15516 16853   317   980   520
	15522 16854   367   980   520
	15527 16854   344   980   520
	15535 16854   390   980   520
	15547 16855   424   980   520
	15556 16855   437   980   520
	15569 16857   446   980   530
	15583 16860   450   980   530
	15602 16869   454   980   530
	15621 16871   458   980   530
	15639 16875   458   980   530
	15655 16876   462   980   530
	15668 16885   462   980   530
	15681 16887   462   980   530
	15698 16890   458   980   530
	15715 16891   450   980   530
	15728 16901   437   980   530
	15738 16901   410   980   530
	15747 16903   350   980   530
	15756 16905   352   980   530
	15764 16905   262   980   530
	15768 16908    64   980   530
	15774 16919    -1   980   530
	15781 16921    -1   980   530
	15784 16922    -1   980   530
	15789 16924    -1   980   530
	15790 16935    -1   980   530
	15794 16934    -1   980   530
	15798 16935    -1   980   530
	15801 16937    -1   980   530
	15806 16938    -1   980   530
	15805 16937    -1   990   530
	15806 16938    -1   990   530
	15806 16939    -1   990   530
	15808 16939    -1   990   530
	15806 16940    -1   990   530
	15808 16939    -1   990   530
	15809 16940    -1   990   530
	15811 16939    -1   990   530
	15811 16940    -1   990   530
	15810 16940    -1   990   530
	15810 16940    -1   990   530
	15810 16940    -1   990   530
	15808 16940    -1   990   530
	15805 16949    -1  1010   530
	15808 16951    -1  1010   530
	15802 16951    -1  1010   530
	15802 16952    -1  1010   530
	15803 16952    -1  1010   530
	15800 16952    -1  1010   530
	15800 16952    -1  1010   530
	15802 16951    -1  1010   530
	15803 16952    -1  1010   530
	15803 16953    -1  1010   530
	15801 16952    -1  1010   530
	15805 16953    -1  1010   530
	15804 16954    -1  1010   530
	15803 16954    -1  1010   530
	15804 16955    -1  1010   530
	15803 16955    -1  1010   530
	15803 16965    -1  1010   530
	15804 16965    -1  1010   530
	15802 16966    -1  1010   530
	15805 16966    -1  1010   530
	15804 16966    -1  1010   530
	15804 16967    -1  1010   530
	15804 16968    -1  1010   530
	15806 16970    -1  1010   530
	15805 16971    -1  1010   530
	15805 16981    -1  1010   530
	15806 16972    -1  1010   530
	15805 16982    -1  1010   530
	15805 16983    -1  1010   530
	15806 16985    -1  1010   530
	15806 16986    -1  1010   530
	15806 16997    -1  1010   530
	15805 16998    -1  1010   530
	15806 17001    -1  1010   530
	15805 17004    -1  1010   530
	15811 17004    -1  1010   530
	15810 17013    -1  1010   530
	15811 17015    -1  1010   530
	15810 17017    -1  1010   530
	15808 17018    -1  1010   530
	15810 17019    -1  1010   530
	15809 17020    -1  1010   530
	15809 17029    -1  1010   530
	15809 17030    -1  1010   530
	15809 17031    -1  1010   530
	15809 17031    -1  1010   530
	15812 17032    -1  1010   530
	15809 17033    -1  1010   530
	15811 17035    -1  1010   530
	15811 17036    -1  1020   520
	15812 17036    -1  1020   520
	15813 17046    -1  1020   520
	15813 17046    -1  1020   520
	15812 17048    -1  1020   520
	15812 17049    -1  1020   520
	15814 17049    -1  1020   520
	15814 17050    -1  1020   520
	15814 17051    -1  1020   520
	15814 17061    -1  1020   520
	15817 17062    -1  1020   520
	15816 17063    -1  1020   520
	15816 17063    -1  1020   520
	15816 17064    -1  1020   520
	15817 17065    -1  1020   520
	15818 17065    -1  1010   530
	15816 17066    -1  1010   530
	15817 17066    -1  1010   530
	15814 17066     0  1010   530
	15816 17067    75  1010   530
	15814 17067   160  1010   530
	15813 17066   201  1010   530
	15817 17066   234  1010   530
	15817 17066   249  1010   530
	15816 17066   262  1010   530
	15816 17066   275  1010   530
	15817 17067   286  1010   530
	15816 17066   297  1010   530
	15817 17065   308  1010   530
	15816 17066   327  1010   530
	15817 17064   336  1010   530
	15818 17064   344  1010   530
	15818 17064   352  1010   530
	15817 17063   360  1010   530
	15818 17062   367  1010   530
	15820 17052   286  1010   530
	15818 17051   317  1010   530
	15820 17048   344  1010   530
	15820 17046   368  1010   530
	15821 17035   395  1010   530
	15820 17031   415  1010   530
	15820 17020   424  1010   530
	15819 17016   437  1010   530
	15821 17004   454  1010   530
	15824 16999   465  1010   530
	15826 16984   476  1010   530
	15828 16970   487  1010   530
	15834 16955   490  1010   530
	15835 16949   494  1010   530
	15840 16924   494   990   530
	15844 16918   497   990   530
	15849 16902   497   990   530
	15853 16890   497   990   530
	15854 16876   497   990   530
	15858 16872   497   980   530
	15860 16869   500   980   530
	15861 16857   500   980   530
	15864 16855   504   980   530
	15865 16855   504   970   530
	15866 16854   507   970   530
	15865 16843   507   970   530
	15866 16854   510   970   530
	15866 16853   519   970   530
	15866 16854   539   970   530
	15865 16855   552   970   530
	15869 16856   565   970   530
	15866 16859   574   970   530
	15870 16871   574   970   530
	15872 16875   574   970   530
	15876 16887   579   970   530
	15884 16903   579   970   530
	15896 16920   579   970   530
	15901 16934   574   970   530
	15909 16949   574   970   530
	15922 16956   577   970   530
	15930 16969   577   970   530
	15937 16982   579   970   530
	15946 16984   581   970   530
	15950 16986   581   970   530
	15960 16987   584   970   530
	15966 16988   586   970   530
	15974 16986   586   970   530
	15980 16986   588   970   530
	15988 16986   590   970   530
	15998 16983   590   970   530
	16004 16981   590   970   530
	16017 16971   592   980   530
	16026 16967   597   980   530
	16030 16956   599   980   540
	16043 16952   601   980   540
	16051 16940   605   980   540
	16058 16933   605   980   540
	16066 16920   603   970   540
	16076 16906   603   970   540
	16085 16889   597   970   540
	16095 16874   574   970   540
	16109 16871   504   970   540
	16145 16859   462   970   540
	16142 16857   380   970   540
	16162 16857   136   970   540
