ABCDE-012_345_678 892
	20512 11339     0  2150   530
	20517 11387    75  2150   530
	20525 11400   182  2150   530
	20528 11403   234  2150   530
	20529 11414   286  2140   530
	20532 11419   308  2140   530
	20532 11430   327  2140   530
	20529 11436   344  2140   530
	20527 11449   367  2140   530
	20524 11452   317  2120   530
	20518 11464   331  2120   530
	20512 11478   357  2120   530
	20501 11482   390  2120   530
	20494 11484   401  2120   530
	20486 11497   405  2120   530
	20474 11509   415  2120   530
	20457 11514   420  2120   530
	20437 11528   429  2120   530
	20418 11532   437  2120   530
	20395 11546   446  2110   520
	20375 11557   454  2100   520
	20353 11563   454  2100   520
	20333 11573   446  2100   520
	20307 11575   420  2100   520
	20286 11577   420  2100   520
	20265 11577   415  2080   530
	20246 11576   405  2070   520
	20229 11573   401  2070   520
	20208 11563   390  2060   520
	20197 11558   385  2060   520
	20184 11545   374  2060   520
	20172 11532   363  2060   520
	20163 11516   363  2050   520
	20157 11509   363  2050   520
	20129 11495   357  2050   520
	20146 11478   357  2050   520
	20148 11463   357  2040   530
	20151 11448   357  2040   530
	20156 11432   350  2040   530
	20165 11414   357  2040   530
	20181 11388   357  2040   530
	20196 11370   357  2040   530
	20217 11352   357  2040   530
	20235 11335   357  2040   530
	20264 11318   363  2040   530
	20288 11291   363  2050   520
	20321 11274   363  2050   520
	20351 11255   368  2050   520
	20374 11237   368  2060   520
	20397 11212   368  2070   530
	20416 11205   380  2070   530
	20435 11189   380  2080   530
	20451 11161   380  2080   530
	20466 11143   380  2080   530
	20479 11116   380  2110   530
	20485 11098   385  2110   530
	20492 11067   385  2120   530
	20495 11050   385  2120   530
	20496 11020   385  2120   530
	20495 11000   390  2120   530
	20486 10970   395  2120   530
	20474 10949   401  2130   520
	20457 10923   401  2130   520
	20433 10904   401  2140   530
	20414 10887   405  2140   530
	20395 10872   410  2140   530
	20366 10854   415  2140   530
	20333 10840   415  2140   530
	20305 10825   429  2140   530
	20278 10822   446  2140   530
	20254 10822   507  2140   530
	20223 10821   531  2130   530
	20191 10823   539  2130   530
	20159 10826   550  2130   530
	20129 10841   557  2130   530
	20104 10858   560  2130   530
	20075 10876   562  2130   550
	20052 10904   565  2120   540
	20026 10935   562  2120   540
	19999 10971   560  2100   540
	19985 11018   555  2100   540
	19971 11068   544  2090   540
	19960 11127   544  2090   540
	19954 11178   531  2090   540
	19945 11237   531  2070   550
	19938 11287   519  2070   550
	19933 11338   415  2070   540
	19933 11387   401  2050   540
	19938 11446   395  2050   540
	19940 11495   363  2050   540
	19944 11541   331  2050   540
	19950 11577   331  2040   550
	19956 11609   310  2040   550
	19964 11638   324  2040   550
	19975 11653   331  2040   550
	19988 11659   344  2030   540
	19998 11669   357  2030   540
	20012 11670   368  2020   540
	20021 11659   374  2020   540
	20028 11654   374  2020   540
	20043 11638   374  2020   540
	20057 11621   380  2020   540
	20070 11592   385  2020   540
	20088 11560   401  2020   540
	20107 11527   405  2020   540
	20126 11484   410  2020   540
	20146 11449   415  2020   540
	20163 11403   446  2030   540
	20178 11367   429  2030   540
	20190 11324   429  2030   540
	20202 11288   437  2030   540
	20211 11243   446  2030   540
	20224 11194   462  2040   530
	20237 11147   469  2040   530
	20249 11098   494  2040   530
	20259 11048   516  2060   530
	20272 11001   519  2060   530
	20286 10956   519  2060   530
	20297 10933   525  2060   530
	20306 10902   528  2070   530
	20315 10885   531  2070   530
	20318 10869   531  2070   530
	20326 10855   539  2080   540
	20327 10854   557  2090   530
	20330 10855   584  2090   530
	20332 10857   632  2090   530
	20337 10871   645  2090   530
	20344 10888   656  2090   530
	20352 10908   675  2090   530
	20357 10936   686  2090   530
	20361 10970   691  2090   530
	20368 11017   694  2110   530
	20375 11067   704  2110   530
	20383 11125   715  2110   530
	20386 11189   718  2110   530
	20395 11253   737  2110   530
	20405 11308   767  2110   530
	20415 11370   768  2110   530
	20424 11430   769  2110   530
	20436 11467   769  2110   530
	20455 11509   768  2110   530
	20472 11531   769  2110   530
	20492 11546   769  2100   520
	20509 11560   767  2100   520
	20529 11564   744  2100   520
	20546 11562   723  2100   520
	20563 11558   696  2100   520
	20588 11542   668  2100   520
	20614 11512   629  2110   530
	20638 11481   516  2110   530
	20653 11449   269  2110   530
	20668 11420    35  2110   530
	20671 11400    -1  2110   530
	20674 11387    -1  2110   530
	20675 11387    -1  2120   530
	20674 11388    -1  2130   530
	20671 11388    -1  2130   530
	20640 11350    -1  2130   530
	20642 11383    -1  2130   530
	20627 11383    -1  2130   530
	20600 11337    -1  2140   540
	20596 11372    -1  2130   550
	20582 11383    -1  2130   550
	20557 11388    -1  2140   550
	20539 11401    -1  2140   550
	20532 11366    -1  2120   560
	20514 11415    -1  2120   560
	20499 11381    -1  2120   560
	20493 11384    -1  2150   560
	20479 11385    -1  2160   560
	20477 11386    -1  2170   550
	20473 11384    -1  2190   550
	20473 11381    -1  2200   540
	20473 11367    -1  2230   530
	20474 11350    -1  2240   520
	20478 11324    -1  2250   520
	20478 11303    -1  2260   510
	20478 11272    -1  2270   510
	20484 11239    -1  2280   500
	20485 11238    -1  2300   510
	20484 11206    -1  2310   500
	20489 11176    -1  2310   500
	20492 11141    -1  2310   500
	20495 11141    -1  2320   490
	20505 11127    -1  2300   510
	20502 11125    -1  2280   510
	20500 11126    -1  2260   520
	20499 11125    -1  2260   520
	20495 11126    -1  2260   520
	20495 11127    -1  2260   520
	20487 11127    -1  2260   520
	20484 11127    -1  2190   560
	20477 11128    -1  2190   560
	20472 11127    -1  2170   560
	20465 11127    -1  2170   560
	20461 11126    -1  2160   570
	20459 11114    -1  2160   570
	20459 11112    -1  2160   570
	20460 11096    -1  2140   570
	20462 11098    -1  2150   560
	20463 11095    -1  2150   560
	20468 11084    -1  2150   560
	20468 11081    -1  2160   560
	20474 11068    -1  2160   560
	20471 11083    -1  2160   560
	20477 11081    -1  2160   560
	20481 11080   108  2170   550
	20488 11081   249  2160   560
	20493 11084   297  2150   550
	20500 11093   327  2140   550
	20509 11094   344  2140   550
	20516 11095   360  2140   550
	20525 11098   286  2120   560
	20535 11109   338  2110   550
	20548 11111   380  2110   550
	20556 11112   405  2110   550
	20572 11116   437  2110   550
	20584 11127   522  2110   550
	20597 11131   533  2110   550
	20612 11141   547  2110   550
	20629 11142   557  2100   540
	20646 11143   567  2100   540
	20655 11145   579  2100   540
	20666 11146   592  2100   540
	20675 11146   601  2110   550
	20686 11147   605  2110   550
	20697 11148   609  2130   550
	20701 11157   615  2130   550
	20709 11159   623  2130   550
	20712 11160   625  2130   550
	20717 11161   629  2130   550
	20717 11164   629  2130   550
	20719 11173   632  2130   550
	20721 11176   632  2140   540
	20722 11178   632  2140   540
	20722 11190   630  2140   540
	20719 11194   623  2140   540
	20716 11208   619  2140   540
	20712 11212   609  2140   540
	20699 11225   605  2140   540
	20688 11228   590  2140   540
	20677 11240   572  2140   540
	20662 11244   562  2140   540
	20647 11253   557  2140   540
	20631 11254   547  2140   540
	20613 11253   536  2130   550
	20601 11243   522  2130   550
	20585 11240   507  2120   540
	20570 11237   454  2120   540
	20557 11225   420  2120   540
	20544 11210   415  2120   540
	20529 11196   415  2120   540
	20522 11189   410  2100   540
	20512 11164   410  2100   540
	20502 11148   410  2100   540
	20493 11130   410  2100   540
	20487 11113   410  2100   540
	20479 11094   410  2090   540
	20483 11067   410  2090   540
	20486 11048   410  2090   540
	20486 11020   410  2090   540
	20494 10988   415  2090   540
	20500 10966   446  2080   540
	20510 10940   454  2080   540
	20524 10923   469  2080   540
	20545 10905   500  2080   540
	20563 10890   513  2080   540
	20581 10885   516  2080   540
	20604 10874   519  2080   540
	20628 10870   525  2090   530
	20653 10869   525  2090   530
	20676 10870   533  2090   530
	20700 10872   533  2090   530
	20723 10885   533  2090   530
	20726 10891   533  2110   530
	20768 10904   536  2110   530
	20789 10923   533  2130   530
	20802 10949   528  2130   530
	20814 10967   528  2130   530
	20827 10984   525  2130   530
	20838 11013   494  2140   530
	20840 11033   420  2140   530
	20844 11061   420  2130   520
	20850 11081   410  2140   530
	20847 11100   401  2150   530
	20845 11128   380  2150   530
	20843 11146   368  2150   530
	20837 11162   350  2150   530
	20835 11178   338  2150   530
	20833 11191   338  2150   530
	20828 11196   331  2150   530
	20827 11207   338  2170   530
	20827 11208   338  2170   530
	20826 11208   344  2170   530
	20823 11207   344  2170   530
	20821 11207   344  2170   530
	20821 11206   344  2170   530
	20821 11196   344  2170   530
	20817 11195   350  2170   530
	20816 11191   357  2170   530
	20813 11177   357  2170   530
	20808 11164   363  2150   540
	20808 11148   368  2150   540
	20802 11132   374  2150   540
	20800 11113   380  2150   540
	20802 11094   385  2150   540
	20802 11067   385  2150   540
	20805 11050   390  2140   530
	20806 11031   390  2140   530
	20807 11003   390  2140   530
	20811 10984   390  2140   530
	20813 10967   395  2140   530
	20814 10954   401  2140   530
	20813 10952   405  2140   530
	20814 10951   410  2130   520
	20813 10951   462  2130   520
	20813 10952   525  2130   520
	20813 10953   550  2130   520
	20816 10967   565  2130   520
	20816 10982   584  2130   520
	20820 10999   605  2130   520
	20826 11029   623  2140   520
	20827 11050   645  2130   510
	20826 11081   656  2140   520
	20829 11110   671  2140   520
	20832 11141   674  2140   520
	20839 11173   674  2140   520
	20848 11194   681  2140   520
	20853 11223   683  2140   520
	20862 11240   686  2140   520
	20869 11258   684  2140   520
	20879 11273   681  2140   520
	20885 11286   678  2140   520
	20891 11288   666  2140   520
	20900 11290   643  2140   520
	20909 11291   562  2150   530
	20918 11289   374  2150   530
	20929 11286   336  2150   530
	20937 11274    64  2150   530
	20949 11272    -1  2170   520
	20963 11273    -1  2180   530
	20978 11286    -1  2180   530
	20995 11301    -1  2180   530
	21010 11306    -1  2190   520
	21027 11319    -1  2200   530
	20998 11324    -1  2200   530
	21063 11304    -1  2200   530
	21042 11350    -1  2210   520
	21106 11318    -1  2210   520
	21094 11317    -1  2230   530
	21116 11352    -1  2240   520
	21135 11319    -1  2240   520
	21162 11324    -1  2250   530
	21185 11333    -1  2260   520
	21208 11336    -1  2260   520
	21235 11338    -1  2260   520
	21259 11351    -1  2260   520
	21284 11355    -1  2260   520
	21310 11369    -1  2260   520
	21334 11372    -1  2260   520
	21380 11404    -1  2260   520
	21390 11416    -1  2260   520
	21389 11431    -1  2260   520
	21377 11435    -1  2260   520
	21371 11436    -1  2260   520
	21354 11445    -1  2260   520
	21342 11436    -1  2280   510
	21328 11432    -1  2280   510
	21301 11430    -1  2300   510
	21280 11417    -1  2300   510
	21255 11413    -1  2310   500
	21230 11398    -1  2310   500
	21200 11383    -1  2310   500
	21171 11368    -1  2310   500
	21136 11351    -1  2310   500
	21101 11335    -1  2310   500
	21063 11320    -1  2310   500
	21024 11317    -1  2310   500
	20988 11322    -1  2310   500
	20974 11333    -1  2310   500
	20969 11324    -1  2310   500
	20970 11317    -1  2300   500
	20972 11324    -1  2330   480
	21039 11307    -1  2320   480
	21052 11290    -1  2310   490
	21056 11272    -1  2300   500
	21061 11255    -1  2280   500
	21062 11241    -1  2270   510
	21059 11239    -1  2260   510
	21056 11240    -1  2250   520
	21051 11242    -1  2250   520
	20997 11243    -1  2230   530
	21049 11244    -1  2210   540
	21048 11253    -1  2200   540
	21044 11227    -1  2180   540
	21044 11259    -1  2160   540
	21043 11269    -1  2160   540
	20997 11271    -1  2140   550
	21039 11272    -1  2140   550
	21034 11274    -1  2140   550
	21034 11254    -1  2140   550
	21029 11287    -1  2130   550
	21025 11289    -1  2110   550
	21020 11301    -1  2110   550
	21009 11303    -1  2110   550
	21004 11305    -1  2110   550
	20998 11306    -1  2110   550
	20994 11308    -1  2100   540
	20988 11308    -1  2100   540
	20988 11319    -1  2090   540
	20987 11319    -1  2090   540
	20947 11320    -1  2090   540
	20981 11324    -1  2090   540
	20981 11290     0  2090   540
	20980 11334   201  2070   540
	20984 11337   262  2070   540
	20982 11349   308  2070   540
	20979 11352   336  2070   540
	20978 11352   360  2070   540
	20978 11354   286  2050   540
	20978 11355   331  2050   540
	20974 11355   363  2050   540
	20978 11355   385  2050   540
	20980 11354   401  2050   540
	20978 11354   410  2050   540
	20978 11353   415  2050   540
	20980 11352   437  2040   530
	20974 11352   462  2040   530
	20978 11349   469  2040   530
	20978 11338   494  2040   530
	20978 11334   494  2040   530
	20978 11322   507  2040   530
	20973 11308   507  2030   540
	20974 11301   494  2030   540
	20971 11275   507  2030   540
	20971 11256   507  2040   530
	20972 11238   500  2040   530
	20973 11211   494  2040   530
	20973 11191   480  2040   530
	20978 11162   462  2040   530
	20978 11142   437  2040   530
	20980 11113   429  2040   530
	20980 11093   420  2040   530
	20984 11062   420  2040   530
	20986 11033   415  2040   530
	20986 11013   410  2040   530
	20987 10986   401  2040   530
	20984 10982   390  2040   530
	20980 10969   368  2060   530
	20978 10968   350  2060   530
	20978 10967   338  2060   530
	20975 10967   324  2060   530
	20975 10968   324  2060   530
	20972 10971   324  2060   530
	20975 10982   324  2060   530
	20976 10986   324  2060   530
	20979 11003   324  2060   530
	20982 11029   324  2060   530
	20983 11046   324  2050   520
	20986 11062   331  2050   520
	20988 11081   331  2060   530
	20996 11099   331  2060   530
	21002 11115   338  2060   530
	21013 11141   338  2060   530
	21024 11157   350  2060   530
	21038 11164   350  2070   540
	21055 11179   357  2070   540
	21069 11192   357  2080   540
	21086 11196   357  2080   540
	21101 11207   368  2080   540
	21113 11210   374  2080   540
	21130 11210   374  2080   540
	21143 11211   380  2080   540
	21157 11208   385  2090   540
	21168 11205   385  2090   540
	21177 11195   385  2090   540
	21189 11180   385  2090   540
	21200 11175   385  2100   540
	21212 11160   385  2100   540
	21217 11144   385  2100   540
	21228 11129   385  2100   540
	21232 11113   385  2100   540
	21239 11096   380  2120   540
	21243 11079   380  2120   540
	21247 11061   374  2120   540
	21249 11036   368  2120   540
	21248 11019   357  2120   540
	21249 11004   350  2120   540
	21247 10997   331  2120   540
	21243 10986   324  2130   530
	21240 10984   310  2130   530
	21233 10982   302  2130   530
	21229 10972   286  2130   530
	21224 10971   286  2130   530
	21216 10972   278  2130   530
	21212 10972   269  2120   530
	21209 10982   367  2120   530
	21203 10984   367  2120   530
	21202 10986   367  2120   530
	21200 10999   367  2120   530
	21201 11003   367  2120   530
	21203 11017   367  2120   530
	21208 11030   360  2120   530
	21212 11035   360  2120   530
	21220 11047   360  2120   530
	21227 11062   367  2120   530
	21242 11063   367  2120   530
	21252 11068   278  2120   530
	21263 11080   294  2120   530
	21280 11093   310  2120   530
	21297 11097   324  2120   530
	21317 11100   331  2120   530
	21334 11114   338  2120   530
	21350 11127   338  2120   530
	21364 11130   344  2120   530
	21377 11142   344  2120   530
	21391 11146   350  2130   520
	21398 11157   357  2140   530
	21404 11161   357  2140   530
	21406 11163   357  2140   530
	21410 11164   363  2140   530
	21410 11173   368  2140   530
	21412 11175   380  2140   530
	21412 11174   380  2150   540
	21409 11178   385  2150   540
	21409 11177   385  2150   540
	21407 11178   385  2170   530
	21397 11189   385  2170   530
	21389 11193   385  2170   530
	21378 11195   380  2170   530
	21362 11208   374  2170   530
	21346 11211   363  2150   540
	21328 11222   357  2150   540
	21311 11224   344  2150   540
	21297 11225   331  2150   540
	21283 11225   331  2150   540
	21267 11224   317  2150   540
	21255 11221   302  2150   540
	21242 11221   286  2150   540
	21229 11207   367  2150   540
	21218 11195   367  2140   540
	21207 11189   367  2140   540
	21200 11173   360  2140   540
	21196 11158   367  2140   540
	21189 11142   367  2140   540
	21188 11127   367  2140   540
	21188 11111   367  2130   550
	21189 11093   367  2130   550
	21195 11067   367  2120   540
	21200 11051   286  2120   540
	21208 11035   302  2120   540
	21223 11016   310  2120   540
	21243 10999   324  2120   540
	21259 10985   338  2120   540
	21279 10981   350  2120   540
	21297 10969   363  2120   540
	21320 10966   368  2130   530
	21343 10954   368  2130   530
	21364 10955   380  2130   530
	21383 10965   380  2130   530
	21401 10967   390  2130   530
	21417 10981   395  2140   530
	21434 10997   401  2140   530
	21452 11004   401  2140   530
	21464 11029   401  2150   530
	21478 11048   401  2150   530
	21487 11066   401  2150   530
	21497 11094   390  2150   530
	21502 11114   385  2150   530
	21504 11141   385  2170   520
	21507 11159   374  2180   530
	21504 11177   374  2180   530
	21500 11191   363  2180   530
	21497 11206   350  2180   530
	21490 11221   344  2180   530
	21488 11223   344  2180   530
	21484 11226   338  2180   530
	21482 11227   338  2180   530
	21480 11227   338  2180   530
	21478 11227   331  2180   530
	21471 11227   331  2180   530
	21471 11223   324  2180   530
	21467 11212   324  2190   530
	21467 11207   331  2190   530
	21467 11193   331  2190   530
	21467 11179   338  2190   530
	21466 11173   344  2190   530
	21469 11158   344  2190   530
	21473 11143   357  2190   530
	21476 11127   363  2190   530
	21488 11100   363  2190   530
	21500 11082   374  2190   530
	21513 11064   390  2190   530
	21527 11049   401  2190   530
	21543 11033   410  2190   530
	21557 11017   437  2190   530
	21577 11003   462  2190   530
	21597 10988   494  2190   530
	21615 10986   513  2180   530
	21631 10988   522  2190   520
	21651 10999   522  2190   520
	21671 11004   528  2190   520
	21690 11017   528  2190   520
	21708 11034   522  2190   520
	21728 11052   525  2190   520
	21744 11080   513  2190   520
	21757 11111   446  2200   520
	21768 11142   410  2210   520
	21774 11173   390  2210   520
	21778 11193   374  2210   520
	21779 11223   363  2210   520
	21778 11242   363  2210   520
	21778 11269   350  2230   520
	21779 11287   338  2230   520
	21777 11302   331  2230   520
	21779 11307   324  2240   520
	21777 11319   324  2240   520
	21777 11318   324  2240   520
	21779 11317   331  2240   520
	21780 11307   331  2240   520
	21785 11302   331  2240   520
	21793 11286   338  2240   520
	21799 11258   350  2250   520
	21810 11237   363  2250   520
	21822 11205   380  2250   520
	21835 11176   390  2250   520
	21845 11144   401  2250   520
	21855 11111   410  2250   520
	21867 11078   415  2250   520
	21876 11034   513  2250   520
	21891 10986   525  2250   520
	21902 10939   542  2250   520
	21914 10891   547  2250   520
	21923 10854   550  2250   520
	21931 10809   552  2250   520
	21931 10764   552  2250   520
	21929 10730   552  2250   520
	21921 10700   555  2250   520
	21904 10667   555  2250   520
	21879 10645   555  2250   520
	21851 10617   557  2250   520
	21816 10597   557  2270   520
	21785 10582   555  2270   520
	21752 10569   557  2270   520
	21709 10565   557  2270   520
	21665 10568   560  2270   520
	21614 10582   560  2260   520
	21565 10600   562  2270   530
	21515 10620   560  2270   530
	21462 10650   560  2270   530
	21422 10683   560  2270   530
	21383 10726   557  2260   540
	21349 10763   557  2260   540
	21316 10810   552  2260   540
	21292 10858   542  2250   540
	21277 10917   525  2250   540
	21265 10965   410  2240   540
	21265 11016   401  2230   540
	21270 11064   390  2230   540
	21278 11109   374  2230   540
	21300 11143   368  2210   550
	21329 11163   380  2210   550
	21367 11191   380  2200   540
	21411 11209   385  2200   540
	21469 11225   385  2200   540
	21542 11240   390  2200   540
	21614 11244   385  2200   540
	21694 11269   385  2200   540
	21770 11273   390  2200   540
	21835 11286   395  2200   540
	21886 11290   401  2210   540
	21919 11289   405  2210   540
	21937 11288   410  2210   540
	21951 11287   415  2210   540
	21954 11286   420  2230   530
	21950 11286   420  2230   530
	21950 11286   420  2230   530
	21946 11275   420  2240   520
	21938 11276   420  2240   520
	21929 11276   429  2240   520
	21916 11285   446  2250   520
	21896 11289   469  2250   520
	21873 11303   513  2250   520
	21844 11319   513  2250   520
	21812 11338   507  2250   520
	21773 11366   507  2250   520
	21728 11388   500  2250   520
	21683 11418   507  2250   520
	21630 11436   516  2250   520
	21581 11452   516  2250   520
	21522 11468   513  2250   520
	21468 11478   500  2240   520
	21422 11478   469  2230   520
	21380 11465   454  2230   520
	21347 11450   437  2210   520
	21322 11419   446  2210   520
	21303 11384   454  2210   520
	21290 11340   513  2200   530
	21281 11303   519  2200   530
	21275 11259   528  2200   530
	21272 11223   539  2190   530
	21270 11176   542  2190   530
	21268 11142   547  2190   530
	21263 11095   552  2180   540
	21253 11048   552  2170   530
	21242 11003   547  2170   530
	21228 10972   547  2170   530
	21204 10953   550  2170   530
	21180 10936   550  2170   530
	21143 10921   544  2150   540
	21107 10906   542  2150   540
	21064 10903   536  2150   540
	21015 10905   533  2150   540
	20958 10919   533  2150   540
	20890 10937   507  2150   540
	20826 10967   469  2140   540
	20763 11001   437  2140   540
	20702 11049   401  2140   540
	20647 11096   401  2130   550
	20591 11146   385  2130   550
	20540 11193   350  2110   550
	20494 11240   331  2110   550
	20445 11288   367  2110   550
	20405 11335   360  2100   550
	20374 11368   360  2100   550
	20346 11398   344  2080   560
	20326 11414   336  2080   560
	20316 11417   344  2070   560
	20307 11414   360  2070   560
	20299 11401   294  2060   560
	20294 11388   344  2060   560
	20286 11372   401  2040   570
	20277 11354   525  2040   570
	20268 11336   555  2030   570
	20257 11318   579  2020   560
	20243 11292   609  2020   560
	20229 11274   632  2000   560
	20212 11256   639  2000   560
	20189 11227   645  1990   570
	20171 11206   646  1990   570
	20152 11174   648  1990   570
	20138 11143   648  1970   560
	20120 11113   650  1970   560
	20102 11079   651  1950   560
	20084 11046   650  1950   560
	20075 11003   650  1950   560
	20066 10969   651  1940   560
	20057 10936   650  1940   560
	20050 10904   650  1940   560
	20046 10886   650  1920   560
	20040 10871   646  1920   560
	20035 10858   632  1920   560
	20035 10856   562  1920   560
	20037 10858   420  1930   570
	20044 10869   324  1930   570
	20055 10876   182  1930   570
	20072 10907    -1  1930   570
	20090 10954    -1  1930   570
	20106 11020    -1  1930   570
	20128 11094    -1  1930   570
	20149 11192    -1  1930   570
	20174 11276    -1  1960   580
	20231 11367    -1  1960   580
	20272 11400    -1  1960   580
	20329 11526    -1  1960   580
	20388 11531    -1  2010   570
	20445 11609    -1  2020   580
	20498 11674    -1  2030   580
	20555 11722    -1  2020   580
	20612 11755    -1  2020   580
	20683 11784    -1  2000   560
	20741 11818    -1  2020   560
	20797 11832    -1  2010   550
	20863 11832    -1  2010   550
	20893 11799    -1  2020   540
	20948 11785    -1  2020   530
	21039 11803    -1  2020   520
	21103 11786    -1  2020   510
	21176 11770    -1  2030   510
	21222 11707    -1  2040   500
	21289 11687    -1  2040   480
	21348 11657    -1  2050   480
	21397 11637    -1  2060   470
	21438 11608    -1  2090   470
	21469 11589    -1  2110   470
	21500 11562    -1  2140   470
	21527 11621    -1  2160   460
	21547 11606    -1  2170   460
	21567 11594    -1  2210   450
	21582 11513    -1  2220   460
	21594 11590    -1  2220   470
	21606 11589    -1  2220   470
	21614 11525    -1  2230   470
	21606 11594    -1  2230   480
	21627 11605    -1  2220   490
	21632 11606    -1  2230   500
	21619 11609    -1  2200   510
	21640 11610    -1  2200   520
	21637 11611    -1  2190   520
	21640 11611    -1  2180   530
	21636 11609    -1  2170   530
	21637 11558    -1  2150   540
	21639 11610    -1  2140   540
	21637 11606    -1  2140   540
	21627 11543    -1  2120   560
	21641 11591    -1  2120   560
	21641 11580    -1  2140   550
	21644 11577    -1  2140   550
	21634 11574    -1  2140   550
	21649 11564    -1  2140   550
	21648 11564    -1  2150   550
	21651 11564    -1  2150   550
	21652 11563    -1  2150   550
	21654 11573    -1  2150   550
	21657 11574    -1  2160   540
	21657 11573    -1  2160   540
	21655 11574    -1  2160   540
	21649 11574    -1  2160   540
	21645 11574    -1  2160   540
	21640 11573    -1  2160   540
	21633 11573    -1  2160   540
	21630 11512    -1  2160   540
	21628 11574   160  2160   540
	21628 11574   218  2160   540
	21624 11574   262  2160   540
	21620 11575   308  2160   540
	21612 11575   327  2160   540
	21605 11576   336  2160   540
	21593 11576   344  2160   540
	21581 11575   352  2160   540
	21568 11573   352  2160   540
	21556 11563   360  2160   540
	21540 11560   360  2160   540
	21528 11548   360  2160   540
	21518 11545   360  2160   540
	21503 11530   367  2160   540
	21491 11526   367  2160   540
	21478 11512   367  2160   540
	21475 11495   367  2160   540
	21472 11482   367  2160   540
	21469 11468   367  2150   540
	21474 11452   360  2150   540
	21482 11447   360  2150   540
	21490 11431   352  2140   540
	21506 11417   344  2150   540
	21523 11403   317  2150   540
	21544 11400   297  2160   540
	21565 11398   201  2160   540
	21588 11397     0  2160   540
	21610 11398    -1  2160   540
	21633 11400    -1  2160   540
	21655 11414    -1  2160   540
	21683 11430    -1  2160   540
	21709 11449    -1  2160   540
	21730 11465    -1  2160   540
	21746 11493    -1  2190   550
	21761 11509    -1  2190   550
	21770 11516    -1  2190   550
	21774 11541    -1  2190   550
	21777 11546    -1  2190   550
	21779 11558    -1  2200   540
	21780 11561    -1  2200   540
	21778 11563    -1  2200   540
	21774 11560    -1  2200   540
	21770 11560    -1  2200   540
	21742 11558    -1  2200   540
	21760 11547   262  2210   540
	21763 11547   286  2210   540
	21762 11546   297  2210   540
	21761 11546   327  2210   540
	21757 11544   336  2210   540
	21755 11543   344  2210   540
	21748 11532   352  2210   540
	21745 11529   360  2210   540
	21740 11526   367  2210   540
	21730 11515   367  2200   530
	21720 11511   286  2200   530
	21713 11500   302  2200   530
	21703 11496   310  2200   530
	21696 11482   324  2200   530
	21692 11468   331  2200   530
	21686 11462   344  2190   530
	21684 11445   344  2190   530
	21684 11429   350  2190   530
	21686 11413   357  2190   530
	21687 11400   357  2190   530
	21692 11386   357  2180   530
	21703 11381   350  2180   530
	21720 11368   344  2180   530
	21729 11355   310  2190   530
	21749 11353   360  2190   530
	21762 11353   275  2190   530
