ABCDE-012_345_678 2812
	20524 14554    64  2410   580
	20526 14555    75  2410   580
	20526 14554   160  2420   570
	20526 14556   218  2420   570
	20528 14566   262  2420   570
	20530 14566   286  2410   560
	20530 14567   317  2410   560
	20530 14569   336  2400   570
	20532 14569   352  2400   570
	20531 14570   269  2400   570
	20532 14569   302  2410   560
	20532 14569   331  2400   570
	20531 14569   350  2400   570
	20528 14568   363  2410   560
	20531 14566   380  2410   560
	20529 14555   390  2410   560
	20529 14553   401  2410   560
	20528 14540   415  2410   560
	20525 14538   420  2400   570
	20525 14535   424  2400   570
	20525 14521   424  2400   570
	20522 14506   424  2400   570
	20522 14490   429  2400   570
	20518 14474   429  2400   570
	20518 14457   437  2400   570
	20514 14440   442  2400   570
	20512 14424   442  2400   570
	20507 14405   446  2400   570
	20504 14377   450  2410   560
	20500 14358   450  2410   560
	20499 14330   454  2410   560
	20494 14309   458  2410   560
	20491 14277   462  2410   560
	20485 14246   465  2420   570
	20482 14213   469  2430   560
	20477 14172   473  2430   560
	20473 14137   473  2430   560
	20471 14102   480  2430   560
	20461 14060   487  2430   560
	20459 14027   490  2430   560
	20450 13995   490  2440   550
	20440 13958   494  2440   550
	20433 13913   497  2450   550
	20426 13880   497  2450   550
	20422 13845   500  2450   550
	20416 13815   500  2450   550
	20409 13781   500  2450   550
	20397 13735   500  2470   560
	20390 13702   500  2470   560
	20385 13659   504  2470   560
	20378 13624   504  2470   560
	20369 13593   504  2480   560
	20361 13561   504  2480   560
	20350 13528   504  2480   560
	20340 13497   504  2490   570
	20333 13466   504  2490   570
	20320 13435   504  2490   570
	20310 13402   507  2510   570
	20299 13371   507  2510   570
	20284 13339   507  2510   570
	20274 13307   507  2520   580
	20262 13285   507  2520   580
	20247 13241   507  2520   580
	20234 13211   507  2520   580
	20223 13189   510  2540   580
	20206 13147   507  2540   580
	20190 13126   510  2540   580
	20174 13093   510  2540   580
	20161 13067   510  2540   580
	20149 13047   510  2540   580
	20133 13020   510  2540   580
	20117 13002   507  2550   580
	20104 12985   507  2550   580
	20092 12970   507  2550   580
	20082 12965   507  2550   580
	20072 12955   507  2550   580
	20063 12951   504  2550   590
	20055 12949   500  2560   590
	20050 12940   500  2560   590
	20045 12940   497  2560   590
	20044 12939   497  2560   590
	20041 12940   497  2560   590
	20041 12950   497  2560   590
	20044 12949   494  2560   590
	20046 12951   497  2560   590
	20047 12952   497  2560   590
	20049 12956   497  2580   590
	20055 12967   497  2580   590
	20063 12972   500  2580   590
	20070 12986   500  2580   590
	20079 12999   504  2580   590
	20089 13013   504  2580   590
	20099 13020   504  2580   590
	20113 13035   507  2580   590
	20126 13049   510  2560   590
	20139 13063   513  2560   590
	20154 13077   531  2560   590
	20167 13083   552  2560   590
	20179 13100   574  2560   590
	20189 13114   584  2560   590
	20199 13126   588  2560   590
	20211 13130   590  2560   590
	20223 13132   595  2560   590
	20234 13144   597  2570   580
	20247 13147   599  2580   580
	20257 13157   601  2580   580
	20266 13157   607  2580   580
	20273 13157   611  2580   580
	20280 13158   613  2580   580
	20289 13158   613  2580   580
	20297 13159   615  2580   580
	20301 13159   615  2580   580
	20304 13161   615  2600   590
	20307 13161   613  2600   590
	20310 13161   609  2600   590
	20314 13163   603  2600   590
	20319 13163   590  2600   590
	20324 13173   536  2600   590
	20325 13175   476  2600   590
	20333 13178   331  2600   580
	20340 13193    -1  2600   580
	20347 13222    -1  2600   580
	20357 13241    -1  2600   580
	20377 13270    -1  2620   580
	20397 13289    -1  2620   570
	20417 13320    -1  2620   570
	20433 13349    -1  2640   570
	20456 13382    -1  2640   560
	20481 13413    -1  2640   560
	20504 13446    -1  2660   560
	20526 13483    -1  2660   560
	20545 13525    -1  2660   560
	20564 13576    -1  2660   560
	20585 13626    -1  2660   560
	20602 13676    -1  2660   560
	20617 13736    -1  2660   560
	20629 13797    -1  2660   560
	20635 13849    -1  2660   510
	20642 13898    -1  2660   510
	20647 13957    -1  2660   510
	    0     0    -4     0     0
	    0     0    -4     0     0
	20588 14250    -1  2660   510
	20575 14263    -1  2660   510
	20564 14262    -1  2660   510
	20543 14264    -1  2660   510
	20531 14263    -1  2710   490
	20512 14262    -1  2720   470
	20501 14261    -1  2730   460
	20475 14249    -1  2740   440
	20462 14232    -1  2740   440
	20449 14218    -1  2750   440
	20432 14199    -1  2760   440
	20416 14169    -1  2760   440
	20403 14138    -1  2760   440
	20389 14106    -1  2760   440
	20377 14070    -1  2760   440
	20362 14038    -1  2740   340
	20352 14006    -1  2740   340
	20336 13977    -1  2740   340
	20321 13959    -1  2740   310
	20335 13942    -1  2760   310
	20322 13926    -1  2760   310
	20275 13914    -1  2740   340
	20299 13910    -1  2740   340
	20242 13909    -1  2720   370
	20271 13897    -1  2720   390
	20257 13898    -1  2690   400
	20247 13897    -1  2670   420
	20234 13897    -1  2650   430
	20228 13897    -1  2640   450
	20216 13897    -1  2640   450
	20156 13894    -1  2600   480
	20198 13895    -1  2570   490
	20188 13896    -1  2540   510
	20181 13899    -1  2520   520
	20172 13909    -1  2480   530
	20169 13909    -1  2480   530
	20162 13910    -1  2480   540
	20159 13911    -1  2480   540
	20147 13909    -1  2480   540
	20090 13899    -1  2480   550
	20125 13893    -1  2490   550
	20116 13899    -1  2480   560
	20116 13910    -1  2480   560
	20110 13910    -1  2480   560
	20106 13909    -1  2470   570
	20102 13900    -1  2470   570
	20098 13899    -1  2470   570
	20092 13894    -1  2470   570
	20089 13884    -1  2470   580
	20085 13882    -1  2480   580
	20081 13880    -1  2480   580
	20077 13877    -1  2480   580
	20074 13868    -1  2480   580
	20071 13867    -1  2470   590
	20070 13866    -1  2470   590
	20022 13868    -1  2470   590
	20069 13879    -1  2490   590
	20069 13879    -1  2490   590
	20071 13882    -1  2490   590
	20074 13894    -1  2490   590
	20079 13898    -1  2490   590
	20080 13909    -1  2480   600
	20084 13914    -1  2480   600
	20087 13925    -1  2490   590
	20091 13930    -1  2490   590
	20096 13943    -1  2490   590
	20097 13946    -1  2490   590
	20101 13958    -1  2470   590
	20105 13962    -1  2470   590
	20113 13974    -1  2470   590
	20115 13976    -1  2470   590
	20119 13978    -1  2460   590
	20123 13989    -1  2460   590
	20127 13992    -1  2470   580
	20128 13994    -1  2470   580
	20135 13996    -1  2470   580
	20139 14006    -1  2450   580
	20141 14009    -1  2450   580
	20146 14010    -1  2450   580
	20148 14021    -1  2460   570
	20150 14024    -1  2440   560
	20151 14025    -1  2440   560
	20154 14024    -1  2440   560
	20156 14026    -1  2440   560
	20160 14026    -1  2440   560
	20161 14027    -1  2440   560
	20162 14027    -1  2440   560
	20162 14027    -1  2440   560
	20165 14027    -1  2440   560
	20164 14027    -1  2450   550
	20163 14027    -1  2440   550
	20162 14026    -1  2440   550
	20160 14025    -1  2440   550
	20156 14023    -1  2440   550
	20159 14022    -1  2440   550
	20158 14009    -1  2440   550
	20152 14006    -1  2440   550
	20150 13996    -1  2440   550
	20147 13992    -1  2440   550
	20143 13989    -1  2450   550
	20141 13978    -1  2450   550
	20136 13973    -1  2450   550
	20133 13960    -1  2450   550
	20127 13957    -1  2450   550
	20123 13943    -1  2450   550
	20117 13930    -1  2440   560
	20116 13926    -1  2460   570
	20107 13913    -1  2460   570
	20106 13899    -1  2460   570
	20101 13895    -1  2470   570
	20098 13881    -1  2470   570
	20097 13867    -1  2470   570
	20093 13862    -1  2490   570
	20088 13850    -1  2490   570
	20086 13836    -1  2490   570
	20086 13831    -1  2490   570
	20085 13818    -1  2510   570
	20078 13813    -1  2510   570
	20077 13800    -1  2500   580
	20075 13788    -1  2510   590
	20071 13784    -1  2510   590
	20069 13772    -1  2510   590
	20068 13770    -1  2510   590
	20068 13769    -1  2530   590
	20064 13765    -1  2530   590
	20064 13755    -1  2530   590
	20065 13753    -1  2530   590
	20062 13751    -1  2530   590
	20063 13750    -1  2550   590
	20063 13740    -1  2550   590
	20061 13738    -1  2550   590
	20060 13738    -1  2550   590
	20063 13738    -1  2540   600
	20059 13739    -1  2540   600
	20057 13738    -1  2540   600
	20056 13738    -1  2540   600
	20057 13721    -1  2540   600
	20057 13737    -1  2540   600
	20057 13739    -1  2540   600
	20058 13738    -1  2540   600
	20057 13739    -1  2540   600
	20057 13739    -1  2540   600
	20056 13740    -1  2540   600
	20057 13740    -1  2540   600
	20055 13740    -1  2540   600
	20056 13723    -1  2540   600
	20053 13739    -1  2540   600
	20051 13738    -1  2540   600
	20046 13737    -1  2530   610
	20041 13737    -1  2530   610
	20034 13736    -1  2530   610
	20034 13735    -1  2530   610
	20032 13734    -1  2530   610
	20030 13733    -1  2550   610
	20030 13723    -1  2550   610
	20030 13723     0  2550   610
	20028 13723     0  2550   610
	20026 13733    75  2550   610
	20025 13733   108  2550   610
	20025 13735   160  2550   620
	20024 13736   182  2550   620
	20019 13737   218  2550   620
	20019 13738   249  2550   620
	20019 13739   262  2550   620
	20019 13749   286  2550   620
	20017 13749   308  2550   620
	20017 13750   327  2550   620
	20016 13754   352  2550   620
	20017 13755   367  2530   620
	20013 13765   302  2530   620
	20013 13768   338  2530   620
	20013 13769   368  2530   620
	20015 13771   390  2530   620
	20012 13782   405  2530   620
	20013 13784   420  2530   620
	20015 13787   429  2520   630
	20015 13798   437  2520   630
	20016 13803   442  2520   630
	20020 13816   442  2520   630
	20024 13831   446  2520   630
	20028 13846   446  2520   630
	20035 13852   450  2520   630
	20039 13867   450  2500   630
	20044 13880   454  2500   630
	20053 13893   458  2500   630
	20057 13898   462  2500   630
	20067 13911   465  2510   620
	20079 13914   473  2510   620
	20086 13926   480  2490   610
	20099 13930   484  2490   610
	20107 13941   484  2490   610
	20122 13946   487  2490   610
	20137 13946   490  2490   610
	20148 13947   494  2490   610
	20159 13957   494  2470   610
	20172 13959   497  2470   610
	20186 13961   494  2480   600
	20202 13964   497  2480   600
	20216 13973   497  2480   600
	20230 13977   497  2480   600
	20241 13980   504  2480   600
	20256 13979   504  2480   600
	20268 13989   507  2470   590
	20284 13991   507  2470   590
	20297 13992   510  2470   590
	20314 13994   513  2470   590
	20331 13996   519  2470   590
	20346 13996   536  2470   590
	20362 13996   552  2470   590
	20379 14005   567  2480   580
	20393 14007   584  2480   580
	20414 14009   588  2480   580
	20433 14009   590  2480   580
	20452 14012   592  2480   580
	20473 14022   595  2480   580
	20499 14025   597  2480   580
	20521 14038   597  2480   580
	20539 14041   599  2480   580
	20564 14054   599  2480   580
	20583 14057   599  2480   580
	20605 14069   603  2480   580
	20619 14071   603  2480   580
	20639 14074   605  2480   580
	20657 14085   609  2480   580
	20677 14087   609  2480   580
	20699 14090   609  2480   580
	20722 14092   609  2480   580
	20743 14102   609  2480   580
	20763 14104   613  2480   580
	20785 14108   613  2480   580
	20812 14121   613  2480   580
	20832 14134   613  2480   580
	20861 14138   615  2490   570
	20887 14151   617  2490   570
	20913 14166   617  2490   570
	20942 14171   617  2490   570
	20968 14183   617  2490   570
	20992 14198   619  2490   570
	21018 14204   619  2510   570
	21045 14218   621  2510   570
	21072 14231   621  2510   570
	21102 14245   621  2510   570
	21128 14250   621  2510   570
	21153 14261   623  2510   570
	21177 14265   621  2520   560
	21202 14280   623  2520   560
	21226 14294   623  2520   560
	21249 14300   621  2530   560
	21268 14316   623  2520   560
	21287 14330   621  2520   560
	21308 14345   621  2530   550
	21328 14361   621  2530   550
	21349 14376   621  2530   550
	21363 14391   621  2530   550
	21381 14405   621  2530   550
	21398 14410   621  2530   550
	21410 14424   621  2530   550
	21425 14440   619  2530   550
	21439 14455   619  2530   540
	21448 14469   621  2530   540
	21459 14473   619  2530   540
	21468 14487   619  2530   540
	21482 14503   619  2530   540
	21491 14508   619  2530   540
	21501 14523   617  2530   540
	21511 14538   617  2530   540
	21519 14552   617  2520   540
	21524 14568   615  2520   540
	21527 14582   613  2520   540
	21531 14586   613  2520   540
	21533 14600   611  2520   540
	21534 14603   611  2520   540
	21532 14616   609  2520   540
	21531 14620   609  2520   540
	21531 14631   609  2520   540
	21526 14633   605  2520   540
	21520 14647   605  2520   540
	21511 14650   603  2520   540
	21502 14664   601  2520   540
	21491 14678   599  2520   540
	21478 14684   599  2520   540
	21468 14694   597  2520   540
	21459 14698   597  2520   540
	21446 14700   595  2520   540
	21429 14711   592  2520   540
	21420 14714   592  2520   540
	21403 14715   590  2520   540
	21387 14716   590  2520   540
	21373 14727   588  2520   540
	21360 14727   588  2500   530
	21346 14725   586  2500   530
	21331 14716   586  2500   530
	21317 14714   586  2500   530
	21301 14713   584  2500   530
	21287 14700   586  2500   530
	21269 14693   586  2500   530
	21251 14680   586  2500   530
	21235 14665   586  2500   540
	21212 14648   586  2500   540
	21192 14631   588  2500   540
	21176 14616   588  2500   540
	21159 14601   588  2500   540
	21137 14587   588  2500   540
	21114 14567   588  2500   540
	21089 14540   590  2490   550
	21073 14521   590  2490   550
	21053 14504   590  2490   550
	21034 14488   590  2490   550
	21011 14459   590  2490   550
	20986 14438   592  2500   550
	20966 14411   592  2500   560
	20944 14379   592  2500   560
	20919 14346   595  2500   560
	20895 14312   597  2500   560
	20873 14280   597  2500   560
	20847 14246   597  2490   570
	20816 14200   599  2510   570
	20786 14152   601  2510   570
	20752 14103   603  2510   570
	20717 14058   605  2510   570
	20681 14012   609  2500   580
	20642 13976   609  2500   580
	20595 13927   611  2500   580
	20549 13877   613  2510   590
	20505 13818   613  2510   590
	20462 13770   617  2510   600
	20417 13721   623  2510   600
	20360 13670   623  2520   600
	20320 13610   627  2520   610
	20272 13561   627  2530   610
	20232 13512   629  2530   610
	20181 13466   630  2550   610
	20132 13429   632  2550   610
	20090 13397   632  2550   620
	20042 13365   638  2560   620
	19997 13339   641  2580   630
	19955 13322   646  2580   630
	19913 13306   648  2600   640
	19880 13303   648  2600   640
	19849 13301   650  2600   640
	19815 13301   648  2620   640
	19793 13301   639  2610   650
	19771 13301   629  2610   650
	19749 13302   621  2610   650
	19733 13301   597  2610   660
	19725 13303   507  2610   660
	19716 13302   368  2610   660
	19716 13303     0  2630   670
	19722 13307    -1  2630   670
	19741 13322    -1  2630   670
	19767 13349    -1  2630   670
	19794 13370    -1  2650   670
	19822 13397    -1  2650   670
	19814 13413    -1  2650   670
	19888 13420    -1  2650   670
	19886 13433    -1  2650   670
	19928 13445    -1  2650   670
	19981 13450    -1  2650   670
	20038 13464    -1  2650   670
	20096 13468    -1  2650   670
	20168 13478    -1  2650   670
	    0     0    -4     0     0
	    0     0    -4     0     0
	22937 13782    -1  2470   730
	22906 13803    -1  2470   730
	22876 13832    -1  2470   730
	22849 13852    -1  2470   730
	22829 13868    -1  2470   710
	22812 13884    -1  2450   690
	22800 13909    -1  2440   680
	22789 13925    -1  2400   670
	22779 13932    -1  2380   670
	22779 13957    -1  2380   630
	22779 13975    -1  2380   610
	22782 13995    -1  2360   600
	22793 14026    -1  2350   590
	22801 14055    -1  2340   570
	22815 14086    -1  2330   550
	22832 14119    -1  2320   530
	22853 14150    -1  2330   520
	22874 14182    -1  2330   500
	22896 14214    -1  2350   480
	22917 14233    -1  2370   470
	22939 14261    -1  2380   470
	22963 14266    -1  2400   480
	22979 14279    -1  2430   470
	22995 14281    -1  2450   460
	23018 14293    -1  2470   470
	23036 14296    -1  2500   440
	23068 14299    -1  2530   440
	23184 14326    -1  2550   440
	23138 14329    -1  2570   410
	23237 14328    -1  2600   400
	23258 14331    -1  2620   390
	23269 14329    -1  2640   370
	23270 14331    -1  2660   360
	23265 14343    -1  2660   350
	23258 14343    -1  2670   340
	23251 14347    -1  2670   330
	23246 14357    -1  2670   320
	23245 14360    -1  2670   320
	23246 14364    -1  2680   310
	23265 14380    -1  2680   300
	23270 14406    -1  2680   300
	23273 14422    -1  2680   300
	23263 14425    -1  2680   300
	23254 14425    -1  2680   300
	23243 14423    -1  2680   300
	23229 14411    -1  2680   300
	23215 14408    -1  2680   300
	23190 14395    -1  2680   300
	23170 14392    -1  2680   300
	23142 14379    -1  2680   310
	23112 14363    -1  2680   310
	23085 14358    -1  2680   320
	23051 14346    -1  2680   320
	23019 14341    -1  2680   330
	22982 14326    -1  2680   340
	22945 14312    -1  2680   350
	22902 14299    -1  2680   360
	22866 14283    -1  2680   370
	22823 14279    -1  2680   380
	22774 14266    -1  2680   390
	22732 14261    -1  2690   390
	22675 14250    -1  2690   400
	22619 14246    -1  2690   390
	22552 14232    -1  2690   380
	22479 14219    -1  2700   370
	22408 14203    -1  2700   370
	22336 14197    -1  2700   360
	22262 14184    -1  2700   360
	22191 14168    -1  2700   350
	22119 14153    -1  2690   350
	22043 14134    -1  2680   350
	21978 14104    -1  2660   350
	21924 14075    -1  2650   350
	21874 14055    -1  2630   350
	21818 14028    -1  2610   360
	21765 14009    -1  2600   360
	21715 13992    -1  2580   360
	21662 13974    -1  2540   390
	21608 13957    -1  2520   390
	21554 13941    -1  2480   410
	21490 13926    -1  2460   410
	21430 13912    -1  2440   410
	21376 13895    -1  2410   410
	21324 13878    -1  2380   410
	21282 13849    -1  2350   410
	21244 13833    -1  2350   410
	21207 13813    -1  2350   420
	21174 13772    -1  2350   420
	21141 13749    -1  2360   430
	21120 13717    -1  2360   430
	21092 13687    -1  2380   420
	21068 13659    -1  2390   430
	21054 13638    -1  2410   420
	21031 13612    -1  2420   420
	21009 13590    -1  2440   420
	20988 13563    -1  2430   440
	20978 13546    -1  2430   460
	20957 13529    -1  2430   470
	20947 13512    -1  2430   490
	20933 13496    -1  2430   500
	20921 13481    -1  2420   510
	20909 13463    -1  2430   520
	20892 13447    -1  2430   530
	20882 13434    -1  2430   540
	20873 13420    -1  2430   550
	20858 13417    -1  2430   560
	20851 13414    -1  2440   570
	20838 13414    -1  2450   580
	20828 13401    -1  2440   580
	20815 13401    -1  2430   590
	20803 13400    -1  2450   600
	20788 13401    -1  2440   600
	20775 13403    -1  2430   610
	20764 13404    -1  2430   610
	20751 13416    -1  2420   620
	20733 13418    -1  2410   630
	20721 13430    -1  2410   630
	20704 13434    -1  2400   640
	20692 13445    -1  2400   640
	20695 13468    -1  2360   640
	20678 13482    -1  2360   640
	20662 13484    -1  2350   650
	20642 13498    -1  2350   650
	20628 13510    -1  2320   650
	20609 13513    -1  2300   660
	20599 13516    -1  2300   660
	20587 13527    -1  2270   660
	20568 13529    -1  2270   660
	20559 13509    -1  2250   670
	20544 13532    -1  2230   660
	20532 13541    -1  2210   670
	20523 13541    -1  2210   670
	20516 13509    -1  2200   660
	20510 13531    -1  2200   660
	20501 13531    -1  2200   660
	20499 13530    -1  2220   650
	20497 13498    -1  2230   630
	20496 13529    -1  2250   630
	20497 13529    -1  2250   630
	20497 13530    -1  2280   610
	20498 13530    -1  2310   600
	20497 13542    -1  2310   600
	20497 13542    -1  2310   600
	20491 13512    -1  2360   570
	20491 13546    -1  2370   560
	20489 13547    -1  2380   560
	20484 13548    -1  2380   560
	20480 13546    -1  2410   530
	20479 13514    -1  2420   530
	20474 13546    -1  2430   520
	20469 13546    -1  2430   520
	20466 13546    -1  2420   530
	20459 13557    -1  2420   530
	20453 13558    -1  2400   520
	20442 13560    -1  2390   530
	20433 13563    -1  2390   530
	20419 13575    -1  2390   530
	20410 13589    -1  2380   540
	20394 13593    -1  2380   540
	20379 13606    -1  2380   540
	20368 13612    -1  2370   550
	20360 13623    -1  2370   550
	20346 13627    -1  2370   550
	20337 13638    -1  2350   550
	20324 13638    -1  2350   550
	20313 13641    -1  2350   550
	20290 13643    -1  2340   560
	20297 13644    -1  2340   560
	20284 13641    -1  2330   550
	20270 13639    -1  2310   560
	20262 13639    -1  2310   560
	20251 13638    -1  2310   560
	20224 13590    -1  2300   560
	20246 13626    -1  2300   560
	20243 13626    -1  2290   570
	20241 13625    -1  2290   570
	20237 13623    -1  2280   580
	20241 13576    -1  2280   580
	20242 13622    -1  2280   580
	20241 13622    -1  2260   580
	20241 13623    -1  2260   580
	20240 13622    -1  2260   580
	20242 13623    -1  2250   590
	20243 13625    -1  2250   590
	20238 13628    -1  2250   590
	20219 13626    -1  2250   590
	20240 13626    -1  2240   600
	20237 13627    -1  2220   590
	20234 13627    -1  2220   590
	20235 13628    -1  2220   590
	20235 13628     0  2220   590
	20235 13628   201  2210   600
	20238 13637   275  2210   600
	20236 13637   327  2210   600
	20239 13637   360  2210   600
	20240 13638   324  2210   600
	20239 13638   380  2190   600
	20239 13639   420  2190   600
	20240 13639   442  2190   600
	20239 13639   462  2190   600
	20243 13639   473  2190   600
	20245 13638   484  2190   600
	20246 13638   494  2190   600
	20245 13638   500  2180   590
	20247 13638   507  2180   590
	20247 13638   510  2180   590
	20249 13639   510  2160   600
	20250 13638   513  2160   600
	20252 13638   519  2160   600
	20256 13638   516  2160   600
	20261 13637   519  2160   600
	20266 13637   519  2160   600
	20275 13625   516  2160   600
	20287 13623   519  2180   590
	20299 13621   519  2180   590
	20312 13610   519  2180   590
	20327 13607   519  2180   590
	20342 13595   519  2180   590
	20358 13592   519  2180   590
	20379 13591   519  2180   590
	20394 13590   519  2180   590
	20415 13580   522  2210   600
	20431 13579   522  2210   600
	20448 13578   522  2210   600
	20474 13580   519  2210   600
	20499 13589   510  2210   600
	20514 13591   513  2220   590
	20538 13595   513  2220   590
	20557 13606   513  2220   590
	20583 13610   510  2220   590
	20601 13622   510  2220   590
	20623 13626   510  2220   590
	20644 13638   507  2220   590
	20661 13641   507  2220   590
	20677 13644   507  2240   580
	20688 13654   507  2240   580
	20703 13658   507  2240   580
	20713 13660   507  2240   580
	20723 13670   507  2240   580
	20731 13672   507  2240   580
	20737 13672   507  2240   580
	20738 13675   507  2240   580
	20739 13675   507  2250   580
	20738 13676   507  2250   580
	20740 13676   507  2250   580
	20741 13676   507  2250   580
	20739 13685   507  2250   580
	20739 13676   507  2260   570
	20739 13676   504  2250   570
	20737 13675   504  2250   570
	20738 13676   504  2250   570
	20731 13676   504  2250   570
	20729 13672   500  2250   570
	20725 13671   500  2250   570
	20719 13659   500  2250   570
	20714 13659   500  2250   570
	20703 13654   500  2250   570
	20697 13643   500  2250   570
	20692 13639   500  2250   570
	20686 13625   500  2260   570
	20676 13612   500  2250   580
	20669 13605   500  2250   580
	20663 13592   500  2250   580
	20655 13577   500  2250   580
	20649 13563   500  2250   580
	20643 13557   500  2250   580
	20634 13541   500  2250   580
	20630 13527   497  2240   580
	20623 13512   497  2240   580
	20616 13497   497  2240   580
	20610 13482   497  2240   580
	20607 13466   497  2240   580
	20604 13452   494  2240   580
	20598 13436   494  2240   580
	20598 13429   497  2240   580
	20594 13413   497  2240   580
	20592 13398   494  2240   580
	20589 13384   494  2240   580
	20585 13371   494  2250   590
	20586 13366   494  2250   590
	20586 13354   494  2250   590
	20584 13351   494  2250   590
	20583 13339   494  2250   590
	20581 13338   497  2250   590
	20582 13337   494  2250   590
	20583 13337   494  2250   590
	20584 13337   497  2250   590
	20586 13338   497  2240   600
	20592 13339   497  2240   600
	20595 13349   500  2240   600
	20601 13351   497  2250   590
	20608 13353   497  2250   590
	20615 13356   500  2250   590
	20620 13365   500  2250   590
	20626 13368   504  2250   590
	20633 13370   504  2250   590
	20640 13372   504  2250   590
	20642 13382   504  2250   590
	20651 13385   504  2250   590
	20657 13388   507  2250   590
	20666 13400   507  2250   590
	20672 13404   507  2250   590
	20679 13416   507  2250   590
	20688 13418   507  2250   590
	20693 13429   507  2250   590
	20699 13433   507  2250   590
	20705 13435   507  2250   590
	20712 13445   507  2260   580
	20717 13448   507  2260   580
	20724 13451   507  2260   580
	20729 13461   507  2260   580
	20732 13463   507  2260   580
	20737 13465   507  2260   580
	20738 13466   507  2280   580
	20740 13477   507  2280   580
	20744 13477   507  2280   580
	20749 13480   504  2280   580
	20751 13483   504  2280   580
	20752 13493   504  2280   580
	20755 13495   500  2280   580
	20754 13495   500  2280   580
	20760 13497   500  2280   580
	20761 13497   500  2280   580
	20761 13498   497  2280   580
	20762 13499   497  2280   580
	20764 13499   500  2280   580
	20764 13509   500  2280   580
	20764 13499   500  2280   580
	20764 13500   500  2280   580
	20766 13498   500  2280   580
	20762 13498   500  2280   580
	20762 13498   500  2280   580
	20761 13497   500  2280   580
	20760 13495   500  2280   580
	20758 13493   500  2280   580
	20756 13483   500  2280   580
	20754 13483   500  2280   580
	20750 13480   500  2260   570
	20750 13477   500  2280   580
	20748 13466   500  2280   580
	20744 13462   500  2280   580
	20742 13450   500  2280   580
	20739 13445   504  2280   580
	20740 13432   500  2280   580
	20740 13420   500  2280   580
	20739 13416   500  2280   580
	20737 13404   504  2280   580
	20739 13400   504  2280   580
	20739 13388   500  2280   580
	20740 13385   504  2280   580
	20740 13382   504  2280   580
	20742 13372   504  2280   580
	20744 13367   504  2280   580
	20745 13365   504  2280   580
	20750 13355   504  2280   580
	20748 13354   507  2280   580
	20753 13354   510  2280   580
	20754 13354   510  2280   580
	20757 13352   513  2280   580
	20760 13354   516  2290   580
	20763 13353   519  2290   580
	20771 13353   522  2290   580
	20776 13354   531  2290   580
	20780 13355   542  2290   580
	20785 13356   555  2290   580
	20790 13365   560  2290   580
	20795 13365   574  2290   580
	20799 13368   581  2290   580
	20805 13371   586  2290   580
	20810 13381   588  2290   580
	20817 13385   588  2290   580
	20823 13388   590  2300   580
	20832 13401   595  2300   580
	20837 13403   599  2300   580
	20841 13414   599  2300   580
	20848 13429   601  2300   580
	20853 13432   603  2300   580
	20856 13445   603  2300   580
	20861 13450   603  2300   580
	20864 13464   605  2300   580
	20870 13477   607  2300   580
	20874 13480   609  2300   580
	20878 13493   609  2320   570
	20884 13499   609  2320   570
	20893 13513   609  2320   570
	20898 13526   611  2300   560
	20900 13532   611  2300   560
	20903 13546   613  2300   560
	20908 13559   613  2300   560
	20910 13564   613  2300   560
	20913 13576   615  2300   560
	20919 13589   613  2300   560
	20920 13594   615  2300   560
	20922 13608   617  2300   560
	20925 13610   619  2300   560
	20927 13611   625  2300   560
	20927 13622   630  2300   560
	20931 13623   643  2290   570
	20931 13624   655  2290   570
	20931 13623   666  2290   570
	20932 13624   674  2290   570
	20933 13625   683  2290   570
	20935 13624   691  2290   570
	20935 13624   701  2290   570
	20938 13625   738  2290   570
	20937 13623   746  2290   570
	20937 13623   752  2290   570
	20937 13624   759  2280   570
	20938 13623   766  2280   570
	20938 13624   782  2280   570
	20940 13623   791  2280   570
	20940 13623   793  2280   570
	20940 13622   796  2280   570
	20943 13621   799  2280   570
	20947 13612   801  2280   570
	20948 13612   803  2260   560
	20949 13610   805  2260   560
	20948 13610   806  2260   560
	20953 13610   807  2260   560
	20953 13607   809  2240   560
	20954 13607   809  2240   560
	20957 13607   810  2240   560
	20957 13605   810  2240   560
	20960 13605   811  2220   550
	20961 13596   811  2210   560
	20963 13596   811  2210   560
	20962 13596   811  2200   550
	20963 13596   811  2200   550
	20962 13596   810  2190   560
	20963 13596   810  2190   560
	20961 13596   811  2170   550
	20961 13596   810  2170   550
	20963 13606   809  2170   550
	20960 13607   809  2170   550
	20959 13605   808  2160   560
	20961 13606   807  2160   560
	20956 13605   806  2160   560
	20956 13607   805  2160   560
	20956 13607   803  2160   560
	20954 13606   801  2160   560
	20956 13608   801  2160   560
	20954 13607   799  2160   560
	20953 13608   797  2160   560
	20951 13608   794  2160   560
	20953 13608   792  2160   560
	20951 13608   791  2160   560
	20953 13608   782  2170   560
	20955 13609   768  2170   560
	20953 13606   761  2170   560
	20953 13607   756  2170   560
	20951 13608   750  2170   560
	20953 13608   744  2170   560
	20956 13607   738  2170   560
	20955 13607   702  2170   560
	20955 13606   698  2170   560
	20953 13607   694  2170   560
	20954 13606   690  2170   560
	20953 13606   687  2170   560
	20951 13607   683  2170   560
	20951 13607   681  2170   560
	20953 13606   680  2170   560
	20951 13609   678  2170   560
	20951 13607   675  2180   570
	20951 13606   672  2180   570
	20955 13606   671  2180   570
	20953 13605   671  2200   560
	20951 13605   671  2200   560
	20953 13605   669  2200   560
	20957 13605   666  2200   560
	20954 13596   666  2200   560
	20953 13596   664  2200   560
	20954 13596   664  2200   560
	20952 13596   663  2200   560
	20951 13596   663  2200   560
	20953 13593   663  2200   560
	20951 13592   660  2200   560
	20950 13589   661  2200   560
	20950 13578   661  2200   560
	20950 13577   660  2200   560
	20947 13573   658  2200   560
	20946 13562   658  2200   560
	20943 13557   660  2180   570
	20942 13546   658  2180   570
	20937 13542   658  2180   570
	20935 13541   658  2180   570
	20937 13529   658  2180   570
	20932 13526   656  2180   570
	20929 13515   656  2180   570
	20926 13511   658  2180   570
	20922 13500   655  2180   570
	20919 13495   656  2200   560
	20919 13482   655  2200   560
	20917 13479   653  2200   560
	20915 13468   651  2200   560
	20913 13463   650  2200   560
	20913 13451   650  2200   560
	20908 13447   650  2200   560
	20906 13435   650  2200   560
	20903 13431   648  2200   560
	20902 13418   648  2200   560
	20899 13414   650  2200   560
	20896 13400   650  2200   560
	20892 13397   648  2200   560
	20891 13386   650  2210   570
	20889 13382   650  2210   570
	20884 13371   650  2210   570
	20884 13368   648  2200   580
	20884 13367   650  2200   580
	20879 13367   650  2200   580
	20882 13365   650  2200   580
	20878 13365   646  2200   580
	20879 13366   646  2200   580
	20878 13366   646  2200   580
	20878 13365   646  2200   580
	20880 13366   645  2200   580
	20879 13366   646  2200   580
	20881 13365   646  2200   580
	20882 13365   646  2200   580
	20879 13366   646  2200   580
	20880 13368   646  2200   580
	20880 13368   648  2200   580
	20880 13371   646  2200   580
	20881 13371   648  2200   580
	20884 13382   648  2200   580
	20890 13385   648  2200   580
	20889 13399   650  2200   580
	20893 13403   650  2200   580
	20896 13413   648  2200   580
	20900 13418   650  2200   580
	20905 13433   650  2200   580
	20907 13447   648  2200   580
	20911 13461   650  2200   580
	20917 13466   650  2200   580
	20918 13482   650  2200   580
	20923 13495   651  2200   580
	20926 13509   650  2200   580
	20933 13514   650  2200   580
	20936 13527   651  2200   580
	20944 13531   650  2210   570
	20949 13544   650  2210   570
	20959 13547   651  2210   570
	20965 13557   650  2210   570
	20975 13560   651  2210   570
	20983 13562   651  2210   570
	20989 13564   651  2210   570
	20995 13574   651  2210   570
	21003 13576   650  2210   570
	21012 13577   655  2210   570
	21019 13578   655  2210   570
	21026 13579   653  2210   570
	21036 13580   653  2210   570
	21041 13589   655  2220   570
	21049 13589   655  2220   570
	21056 13589   655  2220   570
	21060 13590   655  2220   570
	21067 13592   655  2220   570
	21074 13590   655  2220   570
	21078 13590   655  2220   570
	21077 13589   655  2220   570
	21083 13589   655  2220   570
	21086 13589   655  2220   570
	21089 13580   655  2240   560
	21090 13589   650  2240   560
	21098 13579   651  2240   560
	21098 13578   650  2240   560
	21101 13579   650  2240   560
	21106 13576   648  2240   560
	21107 13576   648  2240   560
	21110 13574   648  2240   560
	21112 13562   648  2240   560
	21114 13561   646  2240   560
	21114 13557   646  2240   560
	21117 13546   646  2240   560
	21120 13543   646  2240   560
	21119 13530   646  2240   560
	21122 13528   646  2250   550
	21121 13515   646  2250   550
	21122 13512   645  2250   550
	21123 13510   645  2250   550
	21120 13497   641  2250   550
	21120 13493   641  2250   550
	21123 13481   639  2250   550
	21120 13466   638  2250   550
	21120 13462   638  2250   550
	21115 13451   638  2250   550
	21112 13446   638  2250   550
	21112 13433   638  2250   550
	21108 13419   638  2250   550
	21106 13413   638  2250   550
	21103 13401   638  2250   550
	21100 13387   636  2250   550
	21099 13382   638  2240   560
	21094 13368   638  2240   560
	21091 13354   636  2240   560
	21090 13351   636  2240   560
	21088 13336   638  2240   560
	21084 13324   638  2240   560
	21084 13321   636  2240   560
	21084 13317   638  2240   560
	21084 13305   636  2250   570
	21083 13303   636  2250   570
	21084 13301   636  2250   570
	21085 13291   638  2250   570
	21087 13291   638  2250   570
	21087 13290   641  2250   570
	21089 13290   643  2250   570
	21096 13288   648  2250   570
	21101 13286   651  2250   570
	21110 13286   653  2260   570
	21116 13285   656  2260   570
	21124 13285   660  2280   570
	21133 13286   664  2280   570
	21140 13286   668  2280   570
	21146 13288   672  2280   570
	21149 13288   674  2280   570
	21156 13289   677  2280   570
	21159 13290   678  2280   570
	21169 13292   674  2280   570
	21175 13292   671  2280   570
	21178 13303   666  2280   570
	21183 13304   653  2280   570
	21185 13305   632  2280   570
	21190 13307   615  2290   570
	21192 13318   581  2290   570
	21192 13321   476  2300   560
	21192 13334   360  2300   560
	21193 13337     0  2300   560
	21195 13350    -1  2300   560
	21195 13355    -1  2300   560
	21203 13367    -1  2300   560
	21206 13371    -1  2300   560
	21212 13382    -1  2310   560
	21218 13384    -1  2310   560
	21223 13387    -1  2310   560
	21227 13388    -1  2330   550
	21232 13400    -1  2340   560
	21238 13413    -1  2350   550
	21242 13415    -1  2350   550
	21248 13430    -1  2350   550
	21222 13403    -1  2360   540
	21257 13446    -1  2370   530
	21258 13451    -1  2380   540
	21264 13463    -1  2390   530
	21270 13467    -1  2390   530
	21274 13477    -1  2390   530
	21278 13479    -1  2400   520
	21280 13481    -1  2400   520
	21282 13480    -1  2400   520
	21288 13479    -1  2410   510
	21295 13477    -1  2410   510
	21300 13466    -1  2410   510
	21301 13463    -1  2410   510
	21302 13451    -1  2410   510
	21306 13448    -1  2410   510
	21305 13446    -1  2410   510
	21311 13433    -1  2410   510
	21312 13430    -1  2410   510
	21314 13419    -1  2400   510
	21314 13420    -1  2400   510
	21313 13429    -1  2400   510
	21316 13430    -1  2390   520
	21318 13431    -1  2390   520
	21316 13433    -1  2390   520
	21313 13434    -1  2390   520
	21313 13436    -1  2390   520
	21315 13445    -1  2380   530
	21315 13448    -1  2380   530
	21314 13449    -1  2380   530
	21315 13451    -1  2380   530
	21318 13451    -1  2380   530
	21317 13452    -1  2380   530
	21320 13462    -1  2370   530
	21321 13462    -1  2370   530
	21322 13463    -1  2370   530
	21323 13463    -1  2370   530
	21323 13463    -1  2370   530
	21325 13464    -1  2370   530
	21327 13433    -1  2370   530
	21329 13464    -1  2370   530
	21330 13463    -1  2360   540
	21330 13462    -1  2360   540
	21309 13461    -1  2360   540
	21327 13461    -1  2360   540
	21327 13451    -1  2360   540
	21326 13451    -1  2360   540
	21323 13449    -1  2350   550
	21324 13448    -1  2340   540
	21319 13445     0  2340   540
	21321 13445   218  2340   540
	21324 13447   249  2340   540
	21324 13445   275  2330   550
	21320 13445   297  2330   550
	21319 13436   297  2330   550
	21316 13435   308  2330   550
	21312 13435   317  2330   550
	21312 13433   327  2310   560
	21308 13432   344  2310   560
	21306 13429   344  2310   560
	21301 13418   352  2310   560
	21298 13416   360  2310   560
	21294 13403   367  2310   560
	21292 13398   278  2310   560
	21289 13384   302  2310   560
	21285 13370   317  2310   560
	21283 13365   324  2310   560
	21282 13350   344  2310   560
	21281 13335   350  2300   560
	21281 13322   357  2300   560
	21279 13308   363  2300   560
	21278 13302   368  2300   560
	21278 13288   374  2300   560
	21278 13275   380  2300   560
	21281 13272   385  2300   560
	21281 13270   390  2320   570
	21287 13260   395  2320   570
	21291 13258   401  2320   570
	21295 13258   405  2320   570
	21302 13257   410  2320   570
	21308 13256   415  2320   570
	21316 13258   424  2320   570
	21321 13259   433  2320   570
	21327 13270   442  2340   570
	21337 13273   446  2340   570
	21347 13276   446  2340   570
	21352 13291   450  2340   570
	21359 13302   450  2340   570
	21367 13308   454  2340   570
	21379 13322   454  2340   570
	21385 13336   454  2340   570
	21394 13352   454  2340   570
	21404 13366   454  2340   570
	21407 13381   454  2340   570
	21411 13387   458  2340   570
	21420 13399   458  2330   560
	21425 13413   454  2330   560
	21431 13419   454  2330   560
	21433 13431   454  2340   560
	21436 13433   454  2340   560
	21439 13434   458  2340   560
	21439 13445   458  2340   560
	21439 13448   454  2340   560
	21440 13450   454  2340   560
	21443 13450   454  2340   560
	21441 13462   454  2340   560
	21440 13462   454  2340   560
	21440 13464   454  2340   560
	21441 13465   454  2340   560
	21440 13466   454  2340   560
	21440 13466   454  2340   560
	21443 13466   454  2340   560
	21441 13466   454  2340   560
	21443 13466   458  2340   560
	21445 13467   458  2340   560
	21448 13466   458  2340   560
	21448 13466   458  2340   560
	21448 13467   458  2340   560
	21446 13467   458  2340   560
	21448 13467   454  2340   560
	21448 13466   454  2340   560
	21450 13466   454  2340   560
	21453 13465   450  2340   560
	21455 13465   450  2340   560
	21455 13465   446  2340   560
	21456 13465   446  2340   560
	21456 13465   446  2340   560
	21457 13464   446  2340   560
	21460 13465   446  2340   560
	21459 13464   446  2340   560
	21459 13465   446  2340   560
	21464 13465   446  2340   560
	21466 13465   446  2340   560
	21469 13464   446  2340   560
	21469 13464   446  2340   560
	21476 13464   446  2340   560
	21478 13465   446  2340   560
	21485 13466   446  2340   560
	21488 13466   446  2340   560
	21494 13465   446  2340   560
	21500 13466   446  2350   550
	21506 13466   446  2350   550
	21512 13467   446  2350   550
	21516 13467   450  2350   550
	21524 13477   450  2350   550
	21530 13477   450  2350   550
	21538 13478   450  2350   550
	21544 13479   450  2350   550
	21545 13479   454  2350   550
	21551 13479   454  2350   550
	21555 13481   454  2350   550
	21564 13483   454  2350   550
	21567 13483   454  2350   550
	21570 13493   454  2340   560
	21569 13484   454  2340   560
	21570 13493   454  2340   560
	21572 13493   454  2330   550
	21571 13493   458  2330   550
	21568 13494   458  2330   550
	21568 13494   458  2310   560
	21568 13495   454  2310   560
	21568 13494   458  2310   560
	21568 13493   454  2310   560
	21564 13494   454  2310   560
	21561 13493   454  2310   560
	21557 13493   454  2310   560
	21546 13484   454  2310   560
	21542 13484   454  2310   560
	21534 13484   454  2310   560
	21526 13482   454  2310   560
	21518 13481   454  2310   560
	21512 13481   450  2310   560
	21501 13479   454  2330   550
	21491 13468   454  2330   550
	21476 13468   450  2330   550
	21466 13467   450  2330   550
	21455 13464   450  2330   550
	21443 13463   450  2340   560
	21436 13450   450  2340   560
	21424 13445   450  2340   560
	21417 13432   450  2340   560
	21406 13419   450  2340   560
	21396 13414   450  2340   560
	21390 13398   450  2340   560
	21385 13385   446  2340   560
	21378 13372   446  2340   560
	21376 13365   450  2340   560
	21374 13351   450  2340   560
	21369 13337   450  2340   560
	21368 13322   450  2330   560
	21366 13308   450  2330   560
	21365 13301   454  2330   560
	21365 13291   454  2330   560
	21367 13289   454  2330   560
	21369 13287   458  2330   560
	21377 13285   458  2330   560
	21384 13275   458  2330   560
	21391 13273   462  2330   560
	21400 13273   462  2340   570
	21411 13272   462  2340   570
	21422 13272   465  2340   570
	21432 13274   469  2350   560
	21442 13285   469  2350   560
	21458 13287   465  2350   560
	21467 13291   465  2350   560
	21484 13302   465  2350   560
	21495 13307   465  2350   560
	21507 13322   465  2350   560
	21522 13336   462  2350   560
	21532 13354   458  2350   560
	21543 13370   454  2350   560
	21552 13385   450  2350   560
	21557 13402   446  2350   560
	21565 13418   446  2350   560
	21573 13433   442  2350   560
	21575 13449   442  2350   560
	21581 13461   437  2350   560
	21585 13467   433  2350   560
	21590 13480   433  2350   560
	21591 13483   433  2350   560
	21592 13494   433  2350   560
	21592 13497   433  2340   570
	21595 13499   433  2340   570
	21594 13500   437  2340   570
	21596 13500   442  2330   560
	21596 13509   442  2330   560
	21597 13509   446  2330   560
	21595 13509   446  2330   560
	21595 13499   450  2330   560
	21594 13499   450  2330   560
	21591 13498   454  2330   560
	21586 13495   454  2330   560
	21583 13484   458  2330   560
	21577 13480   462  2330   560
	21573 13477   462  2330   560
	21565 13463   465  2330   560
	21560 13450   465  2330   560
	21555 13445   469  2330   560
	21550 13432   469  2330   560
	21546 13419   469  2330   560
	21542 13402   473  2330   560
	21540 13387   473  2330   560
	21539 13381   476  2330   560
	21539 13366   476  2330   560
	21537 13354   480  2350   560
	21536 13339   484  2350   560
	21533 13333   487  2350   560
	21536 13321   487  2350   560
	21537 13319   490  2350   560
	21541 13307   490  2350   560
	21544 13304   494  2350   560
	21547 13303   494  2350   560
	21552 13304   494  2360   550
	21560 13305   494  2360   550
	21567 13304   494  2360   550
	21579 13305   494  2360   550
	21588 13308   490  2350   560
	21596 13319   490  2350   560
	21605 13333   480  2350   560
	21614 13337   480  2350   560
	21624 13352   476  2350   560
	21636 13366   469  2350   560
	21647 13383   462  2350   560
	21657 13400   458  2350   560
	21662 13418   446  2350   560
	21667 13433   446  2350   560
	21672 13448   437  2350   560
	21677 13463   429  2350   560
	21684 13468   420  2350   560
	21686 13480   401  2350   560
	21686 13494   390  2350   560
	21687 13497   385  2350   560
	21691 13500   380  2350   560
	21691 13509   385  2350   560
	21692 13509   385  2350   560
	21693 13509   385  2350   560
	21692 13499   390  2350   560
	21692 13498   401  2350   560
	21691 13496   405  2350   560
	21690 13493   410  2350   560
	21687 13482   420  2350   560
	21685 13477   424  2350   560
	21682 13465   429  2350   560
	21678 13452   437  2350   560
	21674 13446   442  2350   560
	21668 13433   446  2350   560
	21666 13420   450  2350   560
	21663 13414   454  2350   560
	21661 13400   458  2350   560
	21657 13385   462  2350   560
	21656 13371   465  2350   560
	21655 13367   465  2350   560
	21653 13355   469  2350   560
	21651 13350   469  2350   560
	21651 13337   469  2350   560
	21648 13335   473  2350   560
	21645 13334   473  2350   560
	21647 13334   473  2350   560
	21644 13334   473  2350   560
	21644 13334   473  2350   560
	21645 13334   473  2350   560
	21644 13336   476  2350   560
	21644 13336   476  2350   560
	21647 13338   476  2350   560
	21648 13349   480  2350   560
	21650 13353   480  2350   560
	21656 13366   480  2350   560
	21657 13381   480  2350   560
	21658 13387   484  2350   560
	21664 13400   480  2350   560
	21666 13417   484  2350   560
	21672 13433   487  2350   560
	21682 13447   487  2350   560
	21690 13463   490  2350   560
	21700 13479   490  2350   560
	21711 13484   494  2360   550
	21725 13509   500  2360   550
	21741 13515   500  2360   550
	21751 13530   504  2360   550
	21761 13542   507  2360   550
	21770 13546   507  2360   550
	21776 13546   510  2360   550
	21781 13545   513  2360   550
	21787 13545   513  2360   550
	21790 13542   519  2360   550
	21794 13532   519  2370   550
	21799 13529   522  2370   550
	21803 13525   519  2370   550
	21804 13511   525  2370   550
	21805 13498   528  2370   550
	21805 13484   528  2370   550
	21804 13467   531  2370   550
	21803 13449   531  2370   550
	21802 13433   531  2370   550
	21803 13416   528  2370   550
	21801 13400   531  2370   550
	21801 13385   528  2370   550
	21801 13371   528  2370   550
	21801 13366   531  2370   550
	21803 13355   531  2390   550
	21805 13352   531  2390   550
	21807 13351   531  2390   550
	21814 13351   525  2390   550
	21824 13350   531  2390   550
	21834 13350   528  2400   550
	21844 13352   510  2400   550
	21859 13355   504  2400   550
	21875 13366   490  2400   550
	21890 13370   469  2420   560
	21905 13382   420  2420   560
	21922 13387   344  2420   560
	21938 13402   108  2430   550
	21950 13419    -1  2440   550
	21973 13434    -1  2440   550
	21992 13449    -1  2440   550
	22010 13466    -1  2440   550
	22031 13483    -1  2450   550
	22043 13509    -1  2460   550
	22064 13527    -1  2460   550
	22090 13532    -1  2480   550
	22109 13559    -1  2480   540
	22132 13574    -1  2480   540
	22153 13561    -1  2480   540
	22176 13610    -1  2500   540
	22150 13628    -1  2500   530
	22217 13655    -1  2510   520
	22239 13675    -1  2510   520
	22262 13675    -1  2520   520
	22278 13721    -1  2520   520
	22262 13723    -1  2520   510
	22317 13770    -1  2530   500
	22339 13800    -1  2520   500
	22354 13830    -1  2520   490
	22367 13851    -1  2520   480
	22377 13878    -1  2520   480
	22396 13898    -1  2510   460
	22408 13916    -1  2500   460
	22425 13941    -1  2510   450
	22438 13957    -1  2500   450
	22453 13963    -1  2490   440
	22468 13978    -1  2490   440
	22482 13989    -1  2490   430
	22496 13989    -1  2480   430
	22507 13990    -1  2490   420
	22525 13991    -1  2480   420
	22541 13989    -1  2480   420
	22556 13978    -1  2470   410
	22575 13974    -1  2470   410
	22584 13963    -1  2470   410
	22593 13960    -1  2470   410
	22603 13947    -1  2470   410
	22609 13947    -1  2470   410
	22612 13944    -1  2470   410
	22616 13943    -1  2470   410
	22610 13945    -1  2470   410
	22613 13945    -1  2470   410
	22613 13947    -1  2480   410
	22605 13958    -1  2480   410
	22599 13960    -1  2480   420
	22595 13973    -1  2480   420
	22594 13975    -1  2470   430
	22594 13978    -1  2470   430
	22586 13990    -1  2460   430
	22589 13992    -1  2460   440
	22591 13989    -1  2470   450
	22591 14005    -1  2460   450
	22588 14009    -1  2450   460
	22590 14012    -1  2450   460
	22588 14022    -1  2440   470
	22588 14025    -1  2430   480
	22591 14037    -1  2430   490
	22592 14040    -1  2430   490
	22591 14054    -1  2430   490
	22581 14058    -1  2430   490
	22593 14072    -1  2430   490
	22594 14085    -1  2430   490
	22595 14089    -1  2400   510
	22596 14101    -1  2390   520
	22598 14106    -1  2380   530
	22601 14117    -1  2370   530
	22600 14119    -1  2370   530
	22603 14122    -1  2360   540
	22605 14123     0  2350   550
	22605 14123   136  2340   560
	22608 14133   262  2340   560
	22607 14133   308  2340   570
	22611 14124   327  2330   570
	22608 14123   344  2330   570
	22607 14120   352  2320   580
	22604 14118   352  2320   580
	22601 14104   360  2310   590
	22598 14090   360  2290   600
	22597 14076   367  2290   600
	22595 14069   286  2290   600
	22589 14053   294  2290   600
	22585 14028   310  2290   600
	22581 14006   324  2290   600
	22574 13992   338  2320   590
	22568 13976   344  2320   590
	22567 13957   357  2330   590
	22559 13929   368  2330   590
	22557 13900   374  2330   590
	22548 13867   390  2340   580
	22545 13835   401  2340   580
	22543 13803   405  2340   580
	22539 13769   410  2370   580
	22534 13724   424  2370   580
	22529 13685   429  2370   580
	22520 13639   433  2370   580
	22512 13592   437  2400   570
	22503 13543   442  2400   570
	22494 13494   446  2400   570
	22480 13445   446  2420   570
	22466 13398   446  2420   570
	22445 13339   446  2420   570
	22434 13290   450  2440   570
	22417 13240   450  2430   580
	22397 13191   450  2430   580
	22370 13142   450  2430   580
	22346 13095   450  2440   580
	22321 13051   450  2440   580
	22291 13018   446  2440   580
	22268 12986   442  2440   580
	22240 12967   442  2440   580
	22212 12949   437  2440   580
	22185 12936   437  2440   580
	22156 12933   433  2430   590
	22130 12934   433  2430   590
	22103 12934   433  2430   590
	22079 12936   433  2430   590
	22056 12949   429  2430   590
	22036 12954   429  2430   590
	22017 12968   429  2420   600
	22002 12981   424  2420   600
	21986 12997   415  2410   600
	21975 13004   410  2410   600
	21966 13020   415  2410   600
	21964 13034   415  2410   600
	21965 13049   415  2410   600
	21961 13063   420  2410   600
	21967 13068   424  2410   600
	21974 13081   429  2390   590
	21982 13096   429  2390   590
	21989 13100   437  2380   600
	21998 13114   442  2380   600
	22006 13127   450  2380   600
	22016 13130   454  2380   600
	22028 13143   458  2380   600
	22039 13147   465  2390   590
	22050 13157   476  2390   590
	22068 13160   484  2390   590
	22080 13162   494  2410   600
	22098 13175   500  2410   600
	22112 13176   507  2410   600
	22131 13179   513  2410   600
	22153 13180   519  2410   600
	22173 13189   536  2420   600
	22197 13190   552  2420   600
	22222 13190   581  2420   600
	22246 13191   590  2420   600
	22273 13192   595  2420   600
	22304 13194   603  2430   590
	22334 13206   609  2430   590
	22373 13208   611  2430   590
	22412 13210   619  2430   590
	22449 13209   629  2430   590
	22492 13221   641  2430   590
	22543 13225   648  2430   590
	22598 13238   658  2430   590
	22655 13241   671  2430   590
	22714 13254   678  2430   590
	22770 13257   693  2430   590
	22830 13270   698  2430   590
	22894 13273   740  2430   590
	22957 13285   741  2430   590
	23030 13290   744  2430   590
	23100 13290   749  2430   590
	23178 13290   761  2420   600
	23251 13290   763  2420   600
	23322 13301   770  2420   600
	23396 13292   780  2420   600
	23470 13292   792  2420   600
	23542 13302   792  2420   600
	23627 13304   794  2420   600
	23703 13305   795  2420   600
	23776 13317   797  2420   600
	23852 13320   799  2420   600
	23919 13322   799  2420   600
	23994 13334   800  2420   600
	24060 13338   801  2420   600
	24134 13349   801  2420   600
	24205 13354   801  2420   600
	24268 13356   801  2420   600
	24324 13367   801  2420   600
	24383 13370   798  2420   600
	24438 13371   797  2440   600
	24482 13372   795  2440   600
	24525 13372   792  2440   600
	24566 13370   764  2440   600
	24607 13371   743  2440   600
	24641 13371   689  2440   600
	24668 13371   671  2440   600
	24681 13371   623  2440   600
	24698 13372   560  2440   600
	24703 13372   450  2440   600
	24709 13372   317  2460   610
	24704 13383    -1  2460   610
	24700 13386    -1  2460   610
	24696 13399    -1  2460   610
	24689 13413    -1  2470   610
	24678 13420    -1  2470   610
	24657 13446    -1  2460   620
	24639 13449    -1  2490   610
	24616 13484    -1  2490   610
	24582 13510    -1  2500   600
	24562 13509    -1  2500   600
	24516 13530    -1  2520   610
	24478 13564    -1  2540   580
	24439 13574    -1  2540   570
	24387 13593    -1  2540   570
	24331 13626    -1  2540   570
	24271 13656    -1  2550   550
	24212 13690    -1  2550   550
	24148 13733    -1  2600   560
	24078 13781    -1  2600   560
	24020 13820    -1  2610   520
	23967 13881    -1  2610   520
	23907 13931    -1  2610   510
	23834 14007    -1  2610   510
	23760 14075    -1  2610   510
	23676 14153    -1  2610   510
	23589 14233    -1  2610   510
	23472 14294    -1  2610   510
	23368 14357    -1  2610   510
	23275 14407    -1  2610   510
	23189 14444    -1  2610   510
	23100 14490    -1  2630   510
	23021 14523    -1  2620   520
	22961 14555    -1  2620   530
	22891 14585    -1  2620   540
	22828 14601    -1  2610   550
	22766 14615    -1  2610   570
	22712 14619    -1  2600   590
	22661 14614    -1  2580   580
	22612 14601    -1  2580   580
	22564 14585    -1  2580   580
	22513 14565    -1  2560   620
	22477 14523    -1  2560   620
	22442 14487    -1  2560   620
	22415 14440    -1  2560   620
	22396 14389    -1  2590   610
	22384 14329    -1  2610   610
	22377 14264    -1  2630   600
	22371 14199    -1  2630   600
	22370 14137    -1  2640   580
	22383 14086    -1  2640   570
	22383 14037    -1  2680   570
	22361 13994    -1  2690   540
	22377 13961    -1  2700   530
	22380 13932    -1  2690   530
	22356 13914    -1  2680   490
	22379 13909    -1  2680   480
	22377 13898    -1  2670   490
	22376 13899    -1  2670   490
	22346 13910    -1  2640   500
	22366 13913    -1  2630   500
	22336 13925    -1  2620   520
	22363 13925    -1  2590   510
	22360 13927    -1  2560   510
	22366 13927    -1  2530   520
	22366 13927    -1  2530   520
	22368 13912    -1  2480   520
	22372 13915    -1  2470   520
	22372 13914    -1  2450   510
	22357 13913    -1  2440   520
	22383 13898    -1  2450   520
	22387 13914    -1  2450   520
	22394 13916    -1  2440   530
	22399 13927    -1  2440   530
	22403 13930    -1  2460   530
	22409 13944    -1  2460   530
	22416 13957    -1  2460   530
	22424 13963    -1  2460   530
	22432 13977    -1  2450   540
	22440 13991    -1  2450   540
	22446 14005    -1  2460   530
	22454 14010    -1  2460   530
	22460 14022    -1  2460   530
	22467 14027    -1  2460   530
	22467 14037    -1  2460   530
	22473 14039    -1  2460   530
	22476 14040    -1  2460   530
	22478 14040    -1  2440   530
	22482 14040    -1  2440   530
	22482 14040    -1  2440   530
	22487 14039    -1  2440   530
	22491 14038    -1  2440   530
	22497 14038    -1  2440   530
	22499 14037    -1  2440   530
	22505 14028    -1  2440   530
	22507 14026    -1  2440   530
	22508 14025    -1  2440   530
	22509 14024    -1  2440   530
	22509 14022    -1  2460   530
	22510 14012    -1  2460   530
	22506 14006    -1  2450   540
	22503 14006    -1  2450   540
	22494 13995    -1  2450   540
	22492 13992    -1  2460   550
	22484 13989    -1  2460   550
	22471 13975    -1  2460   550
	22468 13957    -1  2450   550
	22459 13957    -1  2470   560
	22454 13944    -1  2470   560
	22444 13932     0  2470   560
	22442 13928   108  2470   560
	22435 13916   160  2460   570
	22428 13914   201  2470   570
	22423 13911   234  2470   570
	22419 13900   275  2470   570
	22416 13900   297  2470   570
	22412 13899   327  2470   580
	22410 13899   344  2470   580
	22409 13900   269  2470   580
	22407 13900   331  2470   580
	22410 13910   380  2480   580
	22410 13910   415  2480   580
	22412 13914   442  2480   580
	22417 13916   462  2480   580
	22420 13928   473  2480   580
	22426 13932   476  2470   580
	22432 13944   484  2470   580
	22438 13958   487  2460   590
	22441 13973   490  2460   590
	22447 13989   490  2470   580
	22457 13996   494  2470   580
	22467 14021   497  2470   580
	22480 14039   497  2470   580
	22491 14056   500  2450   580
	22505 14074   500  2450   580
	22524 14090   504  2450   580
	22540 14107   507  2450   580
	22563 14122   507  2440   570
	22583 14150   507  2440   570
	22610 14170   510  2440   570
	22631 14187   513  2430   580
	22653 14213   525  2430   580
	22675 14231   539  2430   580
	22701 14249   542  2430   580
	22722 14268   542  2430   580
	22747 14294   542  2430   580
	22770 14312   547  2420   590
	22792 14330   560  2420   590
	22812 14346   562  2420   590
	22839 14362   565  2420   590
	22860 14379   570  2420   590
	22880 14396   567  2420   590
	22904 14421   567  2420   590
	22922 14424   577  2420   590
	22938 14427   581  2420   590
	22960 14428   588  2420   590
	22975 14441   588  2400   580
	22994 14444   586  2410   580
	23019 14455   586  2410   580
	23041 14456   586  2410   580
	23059 14457   586  2410   580
	23073 14457   586  2410   580
	23085 14456   586  2420   570
	23094 14456   586  2410   560
	23105 14453   584  2410   560
	23115 14443   584  2410   560
	23123 14440   581  2410   560
	23131 14437   579  2410   560
	23132 14425   574  2420   560
	23136 14411   570  2420   560
	23138 14394   560  2420   560
	23143 14378   555  2420   560
	23144 14361   552  2420   560
	23142 14344   552  2420   560
	23139 14327   552  2420   560
	23130 14309   544  2430   560
	23127 14280   542  2430   560
	23119 14264   542  2430   560
	23112 14236   539  2430   560
	23104 14216   536  2430   560
	23096 14188   539  2430   560
	23087 14167   536  2430   560
	23074 14137   536  2430   560
	23063 14107   533  2430   560
	23050 14085   531  2430   560
	23038 14057   531  2440   560
	23020 14026   531  2440   560
	23003 13995   531  2440   560
	22988 13964   531  2440   560
	22969 13932   528  2440   560
	22952 13910   528  2440   560
	22936 13880   525  2440   560
	22920 13850   528  2440   560
	22902 13818   531  2460   570
	22882 13785   528  2460   570
	22862 13751   525  2450   580
	22842 13717   525  2450   580
	22822 13686   525  2450   580
	22804 13654   525  2470   580
	22787 13623   528  2470   580
	22767 13594   522  2470   580
	22754 13574   522  2470   590
	22738 13547   522  2470   590
	22724 13531   519  2470   590
	22714 13525   522  2470   590
	22702 13515   519  2470   590
	22695 13512   519  2490   590
	22688 13511   516  2480   600
	22684 13510   516  2480   600
	22683 13511   513  2480   600
	22680 13511   519  2480   600
	22681 13512   519  2480   600
	22680 13512   525  2480   600
	22680 13513   528  2480   600
	22682 13515   536  2480   600
	22688 13525   539  2480   600
	22689 13526   542  2480   600
	22697 13531   542  2480   600
	22703 13543   542  2480   600
	22710 13548   542  2480   600
	22722 13562   536  2480   600
	22737 13577   536  2480   600
	22749 13592   542  2480   600
	22758 13606   542  2480   600
	22771 13611   536  2480   600
	22786 13623   536  2480   600
	22796 13639   539  2480   600
	22810 13644   539  2480   600
	22817 13657   542  2490   590
	22832 13660   542  2490   590
	22840 13670   542  2490   590
	22849 13670   542  2490   590
	22857 13670   539  2490   590
	22862 13671   539  2490   590
	22864 13670   539  2490   590
	22871 13670   536  2470   590
	22870 13660   531  2480   580
	22872 13657   528  2480   580
	22873 13654   525  2480   580
	22875 13642   519  2480   580
	22875 13637   519  2480   580
	22871 13624   519  2480   580
	22871 13611   519  2480   580
	22865 13596   519  2480   580
	22862 13591   519  2500   580
	22857 13576   519  2500   580
	22852 13561   519  2500   580
	22843 13545   519  2500   580
	22840 13530   519  2500   580
	22835 13513   519  2500   580
	22828 13498   516  2500   580
	22821 13480   513  2500   580
	22813 13465   513  2500   580
	22807 13450   513  2500   580
	22801 13435   513  2510   590
	22795 13420   513  2510   590
	22789 13402   513  2510   590
	22786 13388   510  2510   590
	22782 13381   513  2510   590
	22778 13367   513  2510   590
	22777 13354   513  2510   590
	22778 13349   513  2510   590
	22782 13338   516  2530   590
	22785 13336   519  2530   590
	22787 13335   525  2530   590
	22795 13333   536  2530   590
	22802 13324   557  2530   590
	22810 13322   572  2530   590
	22815 13323   581  2530   590
	22827 13323   584  2530   590
	22839 13323   586  2550   590
	22850 13324   588  2550   590
	22860 13324   592  2550   590
	22869 13334   592  2550   590
	22881 13335   592  2550   590
	22895 13338   592  2550   590
	22911 13350   590  2550   590
	22923 13353   592  2550   590
	22931 13365   592  2550   590
	22943 13368   590  2550   580
	22955 13383   586  2550   580
	22966 13397   584  2550   580
	22975 13403   581  2550   580
	22984 13417   581  2550   580
	22990 13431   577  2550   580
	22997 13446   560  2550   580
	23005 13452   552  2550   580
	23013 13466   542  2550   580
	23014 13478   533  2550   580
	23022 13483   525  2550   580
	23028 13497   519  2550   580
	23029 13510   516  2550   580
	23034 13515   510  2550   580
	23038 13528   510  2550   580
	23040 13542   507  2550   580
	23043 13545   507  2550   580
	23044 13557   507  2550   580
	23048 13562   507  2550   580
	23052 13573   507  2550   580
	23049 13576   507  2550   580
	23053 13578   507  2550   580
	23052 13589   507  2560   570
	23056 13589   507  2560   570
	23057 13589   507  2560   570
	23055 13589   507  2560   570
	23055 13589   507  2560   570
	23055 13580   507  2560   570
	23054 13579   507  2540   570
	23055 13579   504  2540   570
	23053 13577   504  2540   570
	23047 13574   504  2540   570
	23041 13562   504  2540   570
	23035 13557   504  2540   570
	23032 13545   504  2540   570
	23029 13541   504  2540   570
	23022 13530   504  2540   570
	23019 13527   504  2540   570
	23013 13513   504  2540   580
	23009 13498   504  2540   580
	23002 13484   504  2540   580
	22999 13466   504  2540   580
	22992 13461   504  2540   580
	22991 13447   504  2540   580
	22990 13433   504  2540   580
	22987 13417   507  2550   580
	22984 13413   507  2550   580
	22985 13403   507  2550   580
	22985 13399   507  2550   580
	22986 13387   507  2550   580
	22986 13385   507  2550   580
	22992 13384   507  2550   580
	23000 13383   507  2550   580
	23002 13381   507  2550   580
	23011 13382   507  2550   580
	23020 13382   507  2550   580
	23030 13385   507  2550   580
	23038 13386   507  2550   580
	23048 13388   507  2550   580
	23058 13399   507  2550   580
	23072 13403   507  2560   570
	23086 13418   507  2560   570
	23104 13431   507  2560   570
	23120 13446   504  2570   570
	23137 13462   504  2570   570
	23150 13468   500  2570   570
	23164 13483   500  2570   570
	23174 13499   497  2570   570
	23179 13513   497  2570   570
	23187 13526   497  2570   570
	23196 13530   494  2570   570
	23201 13542   490  2570   570
	23207 13547   490  2570   570
	23210 13558   487  2570   570
	23217 13562   487  2580   560
	23222 13573   487  2580   560
	23223 13580   487  2580   560
	23232 13590   487  2580   560
	23233 13594   487  2580   560
	23234 13606   487  2580   560
	23237 13609   487  2580   560
	23237 13612   487  2580   560
	23236 13622   487  2580   560
	23236 13623   487  2580   560
	23236 13624   487  2560   560
	23237 13624   487  2560   560
	23236 13623   487  2560   560
	23236 13624   487  2560   560
	23236 13625   487  2560   560
	23232 13622   487  2560   560
	23229 13622   487  2560   560
	23229 13621   487  2560   560
	23227 13612   487  2560   560
	23225 13610   487  2560   560
	23219 13610   487  2560   560
	23218 13607   490  2560   560
	23216 13596   490  2560   560
	23215 13594   490  2560   560
	23209 13589   490  2560   560
	23209 13579   490  2560   560
	23202 13575   494  2560   560
	23203 13561   494  2560   560
	23199 13557   494  2560   560
	23196 13543   494  2560   560
	23192 13529   494  2560   570
	23188 13514   497  2560   570
	23183 13500   500  2560   570
	23177 13495   500  2560   570
	23176 13481   500  2560   570
	23175 13467   500  2560   570
	23172 13452   500  2560   570
	23169 13445   500  2570   570
	23169 13429   504  2570   570
	23163 13414   504  2570   570
	23161 13397   504  2570   570
	23153 13370   504  2570   570
	23149 13351   504  2570   570
	23141 13321   504  2570   570
	23135 13291   500  2570   570
	23129 13271   500  2570   570
	23118 13254   504  2570   570
	23106 13228   504  2590   580
	23097 13207   504  2590   580
	23087 13179   504  2590   580
	23070 13161   504  2590   580
	23055 13142   504  2590   580
	23042 13116   504  2600   580
	23027 13099   500  2600   580
	23015 13084   504  2600   580
	22999 13081   500  2620   580
	22990 13078   500  2620   580
	22979 13079   500  2620   580
	22970 13077   504  2620   580
	22964 13080   504  2620   580
	22961 13083   507  2630   590
	22960 13093   510  2630   590
	22958 13097   510  2650   590
	22962 13113   510  2650   590
	22967 13129   522  2650   590
	22972 13147   519  2650   590
	22981 13163   519  2650   590
	22988 13180   528  2650   590
	23001 13196   522  2630   590
	23014 13221   516  2630   590
	23024 13237   519  2630   590
	23038 13253   522  2630   590
	23051 13259   516  2630   590
	23066 13285   510  2630   590
	23081 13292   510  2630   590
	23097 13306   510  2620   590
	23112 13320   510  2620   590
	23134 13333   507  2620   590
	23153 13350   507  2600   590
	23168 13370   507  2600   590
	23183 13387   507  2600   590
	23196 13403   507  2600   580
	23211 13429   507  2600   580
	23224 13447   507  2590   580
	23235 13463   507  2590   580
	23249 13480   507  2590   580
	23262 13494   507  2590   580
	23270 13500   507  2590   580
	23286 13516   507  2590   580
	23292 13531   507  2590   580
	23302 13545   507  2590   580
	23311 13559   507  2590   570
	23318 13574   507  2590   570
	23326 13590   504  2590   570
	23333 13595   504  2590   570
	23339 13612   504  2590   570
	23345 13624   500  2590   570
	23350 13628   500  2590   570
	23353 13642   500  2590   570
	23357 13654   500  2580   560
	23360 13657   500  2580   560
	23367 13670   500  2580   560
	23371 13672   497  2580   560
	23372 13674   500  2580   560
	23374 13675   500  2580   560
	23376 13676   500  2580   560
	23377 13686   500  2580   560
	23378 13685   500  2580   560
	23377 13685   500  2580   560
	23376 13685   500  2580   560
	23377 13685   500  2580   560
	23377 13675   500  2580   560
	23375 13675   500  2580   560
	23376 13674   500  2560   560
	23373 13673   500  2560   560
	23375 13673   500  2560   560
	23373 13671   500  2560   560
	23374 13670   500  2560   560
	23374 13670   500  2560   560
	23376 13660   500  2560   560
	23375 13659   500  2560   560
	23376 13657   504  2560   560
	23378 13656   504  2560   570
	23382 13655   507  2560   570
	23386 13641   507  2580   560
	23396 13638   507  2580   560
	23403 13627   507  2580   560
	23411 13623   507  2580   560
	23414 13612   507  2580   560
	23420 13609   510  2580   560
	23431 13606   510  2580   560
	23435 13594   510  2580   560
	23439 13591   510  2580   560
	23450 13580   513  2580   560
	23456 13574   513  2580   560
	23462 13562   513  2580   560
	23469 13557   513  2580   560
	23474 13544   513  2590   570
	23478 13531   513  2590   570
	23482 13526   513  2590   570
	23478 13514   510  2590   570
	23479 13510   513  2590   570
	23477 13497   510  2590   570
	23473 13482   513  2590   570
	23472 13480   510  2590   570
	23469 13466   510  2590   570
	23463 13461   510  2590   570
	23456 13448   510  2590   570
	23446 13435   510  2590   570
	23434 13430   507  2590   570
	23420 13419   507  2590   570
	23402 13415   507  2590   570
	23388 13413   504  2590   570
	23372 13403   500  2610   570
	23357 13401   494  2610   570
	23340 13401   487  2610   570
	23325 13402   473  2610   570
	23313 13414   446  2610   570
	23297 13418   390  2610   570
	23284 13433   352  2610   570
	23275 13447   160  2610   570
	23270 13464    -1  2610   570
	23269 13480    -1  2610   570
	23268 13497    -1  2610   570
	23273 13516    -1  2610   570
	23280 13542    -1  2610   570
	23287 13560    -1  2610   570
	23291 13579    -1  2610   570
	23298 13608    -1  2610   570
	23305 13626    -1  2610   570
	23310 13657    -1  2610   570
	23315 13686    -1  2610   560
	23319 13707    -1  2610   560
	23322 13734    -1  2600   560
	23325 13752    -1  2600   560
	23323 13768    -1  2600   550
	23325 13783    -1  2600   550
	23326 13798    -1  2590   540
	23324 13802    -1  2590   540
	23328 13813    -1  2590   540
	23327 13814    -1  2570   540
	23324 13815    -1  2570   540
	23326 13816    -1  2570   540
	23324 13815    -1  2570   540
	23325 13816    -1  2560   540
	23324 13816    -1  2560   540
	23326 13816    -1  2560   540
	23326 13818    -1  2560   540
	23324 13820    -1  2560   540
	23324 13819    -1  2550   550
	23323 13829    75  2550   550
	23323 13829   201  2540   550
	23320 13820   249  2540   550
	23319 13830   262  2530   560
	23316 13830   275  2530   560
	23314 13829   275  2530   560
	23311 13829   275  2530   560
	23304 13820   262  2530   560
	23298 13820   262  2530   560
	23291 13818   249  2550   560
	23285 13818   201  2550   560
	23277 13817   136  2550   560
	23270 13817    35  2540   570
	23260 13817    64  2540   570
	23249 13818    -1  2540   570
	23239 13818    -1  2540   570
	23232 13819    -1  2540   570
	23222 13819    -1  2540   570
	23213 13819    -1  2540   570
	23202 13829    -1  2540   570
	23195 13831    -1  2530   570
	23184 13832    -1  2530   570
	23178 13836    -1  2530   570
	23170 13845    -1  2530   570
	23158 13845    -1  2530   570
	23147 13846    -1  2530   570
	23142 13846    -1  2530   570
	23138 13846   201  2530   570
	23136 13846   297  2530   570
	23135 13846   352  2530   570
	23136 13845   344  2530   570
	23138 13836   401  2520   580
	23136 13834   433  2520   580
	23138 13833   446  2520   580
	23139 13834   450  2520   580
	23142 13832   446  2520   580
	23146 13830   429  2520   580
	23152 13829   374  2510   570
	23154 13820   344  2510   570
	23161 13829   160  2510   570
	23167 13831    -1  2510   570
	23171 13835    -1  2510   570
	23182 13846    -1  2510   570
	23193 13851    -1  2510   570
	23201 13865    -1  2510   570
	23215 13878    -1  2500   560
	23230 13884    -1  2500   560
	23250 13898    -1  2500   560
	23274 13911    -1  2500   550
	23303 13909    -1  2490   550
	23301 13915    -1  2480   550
	23367 13925    -1  2480   540
	23400 13914    -1  2480   540
	23422 13913    -1  2480   520
	23477 13915    -1  2470   520
	23517 13910    -1  2470   520
	23568 13883    -1  2480   490
	23612 13866    -1  2500   470
	23654 13850    -1  2480   480
	23695 13830    -1  2470   480
	23731 13803    -1  2460   480
	23767 13781    -1  2450   490
	23794 13751    -1  2440   500
	23822 13724    -1  2440   500
	23842 13701    -1  2430   510
	23865 13671    -1  2430   520
	23880 13641    -1  2430   530
	23886 13608    -1  2430   530
	23890 13580    -1  2430   540
	23891 13562    -1  2420   560
	23884 13545    -1  2420   570
	23911 13561    -1  2430   580
	23900 13546    -1  2420   600
	23879 13541    -1  2390   630
	23855 13530    -1  2420   620
	23833 13527    -1  2420   620
	23808 13497    -1  2440   630
	23788 13514    -1  2440   640
	23758 13512    -1  2440   640
	23733 13493    -1  2460   640
	23708 13512    -1  2450   650
	23681 13509    -1  2450   650
	23650 13493    -1  2450   650
	23631 13500    -1  2450   650
	23614 13500    -1  2440   660
	23593 13483    -1  2440   660
	23582 13498    -1  2450   650
	23573 13499    -1  2450   650
	23568 13499    -1  2430   650
	23565 13509    -1  2440   640
	23566 13512    -1  2450   630
	23568 13514    -1  2450   630
	23566 13525    -1  2460   620
	23568 13529    -1  2460   620
	23567 13514    -1  2460   610
	23571 13543    -1  2470   600
	23575 13547    -1  2470   600
	23575 13530    -1  2470   590
	23578 13560    -1  2480   580
	23577 13562    -1  2480   580
	23582 13573    -1  2470   570
	23582 13576    -1  2470   570
	23582 13577    -1  2470   580
	23583 13580    -1  2470   580
	23584 13580    -1  2470   580
	23585 13589   108  2460   590
	23590 13590   201  2460   590
	23593 13593   249  2440   580
	23592 13594   286  2440   580
	23593 13606   308  2430   590
	23592 13607   327  2430   590
	23593 13609   344  2430   590
	23589 13611   360  2430   590
	23594 13622   269  2430   590
	23593 13623   302  2420   590
	23594 13624   324  2410   600
	23596 13637   344  2410   600
	23597 13639   357  2410   600
	23598 13641   380  2410   600
	23601 13641   401  2410   600
	23601 13642   424  2410   600
	23605 13644   442  2410   600
	23603 13642   454  2410   600
	23605 13641   465  2410   600
	23606 13641   473  2410   600
	23606 13641   476  2390   590
	23606 13639   476  2390   590
	23606 13638   476  2390   590
	23603 13625   476  2390   590
	23599 13625   480  2390   590
	23599 13609   480  2390   590
	23593 13594   480  2390   590
	23590 13579   480  2390   590
	23587 13563   484  2390   590
	23579 13547   484  2390   590
	23578 13531   484  2390   590
	23575 13516   484  2390   590
	23572 13509   484  2390   590
	23571 13495   484  2390   590
	23566 13479   484  2390   590
	23567 13467   484  2410   600
	23567 13466   484  2410   600
	23569 13462   484  2410   600
	23571 13461   480  2410   600
	23574 13461   480  2410   600
	23577 13462   476  2420   600
	23579 13462   476  2420   600
	23586 13463   473  2420   600
	23592 13464   469  2420   600
	23603 13467   469  2420   600
	23608 13478   469  2420   600
	23615 13482   465  2420   600
	23621 13484   465  2420   600
	23629 13498   454  2420   600
	23637 13510   450  2420   600
	23642 13515   450  2410   610
	23647 13528   446  2410   610
	23653 13531   442  2410   610
	23659 13541   437  2410   610
	23662 13545   437  2400   620
	23667 13546   442  2400   620
	23670 13548   442  2400   620
	23675 13557   446  2390   630
	23676 13548   450  2390   630
	23676 13548   454  2390   630
	23679 13546   454  2390   630
	23682 13545   458  2380   630
	23683 13544   458  2380   630
	23682 13543   458  2380   630
	23686 13532   458  2380   630
	23688 13529   458  2380   630
	23687 13525   462  2380   630
	23689 13515   465  2380   630
	23692 13511   465  2380   630
	23693 13497   469  2380   630
	23699 13495   469  2380   630
	23701 13484   473  2390   630
	23704 13480   476  2390   630
	23707 13478   476  2390   630
	23715 13467   476  2390   630
	23719 13465   480  2410   630
	23723 13465   480  2410   630
	23730 13463   484  2410   630
	23735 13463   487  2410   630
	23726 13464   490  2410   630
	23748 13468   490  2410   630
	23757 13479   490  2410   630
	23767 13483   490  2410   630
	23776 13494   490  2410   630
	23787 13499   494  2420   620
	23794 13513   494  2420   620
	23803 13528   494  2440   630
	23808 13541   494  2440   630
	23816 13546   494  2440   630
	23821 13560   494  2440   630
	23824 13573   494  2440   630
	23828 13580   494  2450   620
	23830 13592   494  2450   620
	23833 13606   490  2450   620
	23837 13610   490  2450   620
	23835 13622   490  2450   620
	23837 13626   490  2430   610
	23838 13639   490  2430   610
	23840 13644   490  2430   610
	23841 13655   490  2430   610
	23841 13657   490  2430   610
	23842 13660   490  2430   610
	23843 13670   490  2430   610
	23843 13672   487  2430   610
	23844 13674   487  2430   610
	23846 13675   487  2430   610
	23846 13676   487  2410   610
	23846 13676   487  2410   610
	23846 13685   487  2410   610
	23846 13676   487  2410   610
	23847 13687   487  2410   610
	23848 13676   487  2410   610
	23849 13686   487  2410   610
	23846 13685   487  2410   610
	23846 13675   487  2410   610
	23848 13674   487  2410   610
	23846 13671   487  2410   610
	23844 13658   487  2410   610
	23843 13655   487  2410   610
	23841 13643   487  2410   610
	23840 13638   487  2410   610
	23840 13626   490  2410   610
	23840 13612   490  2410   610
	23837 13607   494  2410   610
	23836 13595   494  2410   610
	23833 13589   497  2410   610
	23831 13577   497  2410   610
	23832 13574   497  2410   610
	23833 13561   497  2430   610
	23831 13559   497  2430   610
	23829 13547   497  2430   610
	23828 13547   497  2430   610
	23828 13545   497  2430   610
	23828 13542   497  2430   610
	23828 13542   500  2430   610
	23830 13541   500  2450   620
	23833 13541   504  2450   620
	23837 13541   504  2450   620
	23839 13541   504  2450   620
	23843 13542   504  2460   610
	23851 13544   504  2460   610
	23861 13545   504  2460   610
	23866 13547   507  2460   610
	23874 13547   507  2460   610
	23877 13557   510  2460   610
	23885 13558   513  2460   610
	23888 13560   513  2460   610
	23894 13563   513  2460   610
	23901 13573   510  2460   610
	23906 13576   510  2460   610
	23914 13589   510  2460   610
	23917 13591   510  2460   610
	23925 13594   510  2460   610
	23928 13596   510  2460   610
	23931 13607   513  2460   610
	23936 13610   513  2460   610
	23943 13622   510  2460   610
	23946 13626   510  2460   610
	23950 13639   510  2460   610
	23952 13640   510  2460   610
	23957 13644   510  2460   610
	23959 13655   507  2460   610
	23965 13657   507  2460   610
	23968 13659   507  2460   610
	23970 13670   507  2460   610
	23969 13672   504  2460   610
	23973 13674   504  2460   610
	23975 13676   504  2460   610
	23971 13685   504  2460   610
	23975 13687   504  2460   610
	23971 13689   500  2460   610
	23971 13690   500  2460   610
	23976 13691   500  2440   600
	23973 13692   500  2440   600
	23973 13702   500  2440   600
	23972 13701   500  2440   600
	23972 13702   500  2440   600
	23973 13703   500  2440   600
	23971 13703   500  2440   600
	23971 13703   500  2440   600
	23970 13703   500  2440   600
	23971 13702   500  2440   600
	23969 13702   500  2440   600
	23970 13701   500  2440   600
	23969 13701   500  2440   600
	23969 13701   500  2440   600
	23966 13702   500  2440   600
	23968 13701   500  2440   600
	23968 13692   500  2440   600
	23967 13691   500  2440   600
	23966 13689   500  2440   600
	23967 13687   500  2440   600
	23965 13685   500  2440   600
	23965 13673   504  2440   600
	23965 13671   504  2440   600
	23964 13659   504  2440   600
	23962 13655   507  2440   600
	23960 13653   507  2440   600
	23959 13640   507  2460   610
	23956 13637   510  2460   610
	23955 13622   510  2460   610
	23956 13610   510  2460   610
	23952 13596   510  2460   610
	23952 13589   510  2460   610
	23952 13574   510  2460   610
	23952 13559   510  2460   610
	23952 13542   513  2460   610
	23954 13525   513  2460   610
	23954 13509   513  2470   610
	23954 13484   519  2470   610
	23949 13463   516  2470   610
	23949 13436   519  2470   610
	23947 13417   519  2480   600
	23943 13386   519  2480   600
	23941 13356   519  2500   600
	23935 13323   519  2500   600
	23929 13303   522  2500   600
	23921 13276   522  2500   600
	23913 13254   519  2500   600
	23903 13226   522  2510   620
	23890 13209   522  2510   620
	23876 13192   513  2510   620
	23863 13174   510  2510   620
	23848 13158   510  2510   620
	23834 13143   510  2530   620
	23818 13132   507  2530   620
	23803 13127   507  2530   620
	23790 13126   504  2530   620
	23776 13126   504  2530   620
	23765 13128   500  2550   620
	23758 13132   500  2550   620
	23749 13144   500  2550   620
	23747 13158   500  2540   630
	23741 13176   500  2540   630
	23742 13194   504  2540   630
	23740 13221   500  2540   630
	23748 13243   504  2540   630
	23753 13270   500  2540   630
	23762 13292   497  2540   630
	23769 13323   497  2540   630
	23775 13351   497  2540   630
	23788 13369   497  2540   630
	23802 13397   497  2540   630
	23813 13417   497  2520   630
	23831 13436   500  2520   630
	23847 13465   500  2520   630
	23862 13495   497  2520   630
	23885 13512   497  2520   630
	23907 13541   497  2500   630
	23929 13564   497  2500   630
	23953 13593   504  2500   630
	23970 13622   504  2500   630
	23989 13643   507  2480   620
	24006 13671   507  2490   610
	24023 13702   507  2490   610
	24041 13720   507  2490   610
	24053 13740   507  2470   610
	24065 13755   507  2470   610
	24077 13781   507  2470   610
	24090 13797   507  2470   610
	24100 13813   507  2480   600
	24113 13820   507  2470   600
	24122 13834   510  2470   600
	24133 13849   507  2470   600
	24140 13862   510  2470   600
	24154 13877   510  2450   600
	24154 13883   510  2450   600
	24160 13895   513  2450   600
	24163 13909   513  2450   600
	24172 13914   513  2450   600
	24176 13925   513  2450   600
	24180 13929   513  2450   600
	24184 13932   513  2430   590
	24185 13943   513  2430   590
	24184 13946   513  2430   590
	24186 13948   513  2430   590
	24185 13948   513  2430   590
	24186 13959   513  2430   590
	24184 13958   513  2430   590
	24184 13959   510  2430   590
	24183 13958   510  2430   590
	24182 13959   510  2430   590
	24177 13958   507  2420   590
	24174 13957   507  2420   590
	24171 13948   507  2420   590
	24161 13948   507  2420   590
	24155 13946   507  2420   590
	24146 13943   507  2420   590
	24138 13942   507  2420   590
	24134 13931   507  2420   590
	24127 13927   507  2420   590
	24121 13915   507  2420   590
	24119 13913   507  2420   590
	24114 13900   507  2420   590
	24111 13893   510  2420   590
	24102 13877   510  2420   590
	24100 13863   510  2420   590
	24096 13850   510  2420   590
	24093 13834   510  2420   590
	24089 13816   510  2420   590
	24085 13799   510  2430   590
	24083 13781   513  2430   590
	24079 13755   525  2430   590
	24075 13737   531  2430   590
	24071 13722   531  2430   590
	24069 13705   533  2430   590
	24066 13689   533  2430   590
	24062 13671   536  2430   590
	24061 13656   533  2450   600
	24061 13640   536  2450   600
	24058 13624   536  2450   600
	24058 13610   536  2450   600
	24057 13596   536  2450   600
	24059 13593   531  2470   600
	24057 13591   531  2470   600
	24059 13580   531  2470   600
	24061 13589   528  2470   600
	24061 13589   525  2470   600
	24061 13589   528  2470   600
	24061 13590   525  2470   600
	24060 13591   522  2470   600
	24064 13593   525  2470   600
	24068 13594   522  2470   600
	24071 13605   522  2470   600
	24076 13608   525  2470   600
	24082 13621   525  2470   600
	24088 13626   522  2470   600
	24099 13640   516  2470   600
	24104 13654   513  2470   600
	24110 13669   510  2470   600
	24117 13674   510  2470   600
	24119 13687   510  2470   600
	24124 13691   510  2470   600
	24127 13703   510  2470   600
	24133 13707   510  2470   600
	24134 13718   510  2470   600
	24136 13719   513  2470   600
	24138 13721   519  2470   600
	24140 13722   522  2470   600
	24143 13723   531  2470   600
	24144 13722   542  2470   600
	24144 13722   544  2470   600
	24146 13723   555  2470   590
	24146 13722   555  2460   590
	24148 13722   560  2460   590
	24150 13723   562  2460   590
	24151 13722   560  2460   590
	24151 13722   560  2460   590
	24154 13722   562  2460   590
	24151 13719   562  2460   590
	24151 13720   565  2460   590
	24153 13718   565  2460   590
	24153 13718   565  2460   590
	24155 13708   565  2460   590
	24155 13706   565  2460   590
	24153 13704   565  2460   590
	24154 13701   560  2460   590
	24153 13689   562  2460   590
	24154 13685   557  2460   590
	24151 13673   560  2460   590
	24150 13660   557  2470   590
	24144 13653   557  2470   590
	24138 13639   555  2470   590
	24135 13626   555  2470   590
	24129 13611   555  2470   590
	24126 13607   557  2470   590
	24121 13593   557  2470   590
	24120 13580   555  2470   590
	24116 13578   557  2470   590
	24114 13574   560  2470   590
	24115 13562   562  2470   590
	24115 13561   565  2490   590
	24119 13559   572  2490   590
	24120 13557   581  2490   590
	24124 13548   588  2490   590
	24133 13545   592  2490   590
	24142 13544   597  2490   590
	24154 13543   599  2480   600
	24163 13543   603  2510   600
	24171 13543   605  2510   600
	24184 13542   605  2510   600
	24199 13543   605  2510   600
	24209 13544   605  2510   600
	24224 13545   603  2510   600
	24233 13547   597  2520   600
	24242 13558   592  2520   600
	24254 13561   584  2520   600
	24261 13574   557  2520   600
	24267 13590   510  2520   600
	24273 13595   494  2530   590
	24274 13609   473  2530   590
	24279 13623   442  2530   590
	24279 13627   385  2530   590
	24275 13640   360  2530   590
	24270 13654   275  2530   590
	24266 13658     0  2530   590
	24258 13670    -1  2530   590
	24251 13674    -1  2530   590
	24248 13685    -1  2530   590
	24238 13690    -1  2540   580
	24226 13703    -1  2520   580
	24217 13708    -1  2520   580
	24201 13721    -1  2520   580
	24186 13735    -1  2520   580
	24171 13750    -1  2520   580
	24149 13767    -1  2520   580
	24128 13783    -1  2520   580
	24106 13798    -1  2520   580
	24086 13801    -1  2510   570
	24063 13832    -1  2510   570
	24041 13848    -1  2490   570
	24022 13863    -1  2490   570
	23950 13879    -1  2470   580
	23976 13884    -1  2470   580
	23955 13899    -1  2470   580
	23939 13909    -1  2440   580
	23920 13914    -1  2440   580
	23905 13915    -1  2420   590
	23897 13914    -1  2420   590
	23890 13915    -1  2420   590
	23884 13914    -1  2390   590
	23883 13914    -1  2390   590
	23883 13925    -1  2380   600
	23883 13925    -1  2380   600
	23884 13928    -1  2360   600
	23887 13929    -1  2350   600
	23892 13932    -1  2350   600
	23893 13942    -1  2350   600
	23894 13944    -1  2370   610
	23868 13944    -1  2370   610
	23896 13946    -1  2370   610
	23896 13944    -1  2370   610
	23898 13930    -1  2370   610
	23894 13942    -1  2370   610
	23894 13932   160  2370   610
	23899 13931   317  2370   610
	23904 13930   344  2380   610
	23902 13928   360  2380   610
	23903 13928   360  2380   610
	23902 13928   360  2380   610
	23900 13928   352  2380   610
	23899 13929   336  2380   610
	23899 13928   317  2380   610
	23894 13929   275  2380   610
	23891 13929   234  2380   610
	23886 13929   160  2380   610
	23882 13929    35  2380   610
	23876 13928     0  2380   610
	23872 13929    -1  2380   610
	23866 13929    -1  2380   610
	23862 13927    -1  2380   610
	23858 13928    -1  2380   610
	23851 13929    -1  2380   610
	23842 13931    -1  2380   610
	23837 13932    -1  2380   610
	23826 13941    -1  2380   610
	23816 13932    -1  2380   610
	23805 13932    -1  2380   610
	23793 13931    -1  2380   610
	23781 13929    -1  2380   610
	23774 13928   327  2400   620
	23772 13927   310  2400   620
	23769 13927   429  2400   620
	23764 13927   476  2400   620
	23763 13927   507  2400   620
	23761 13926   565  2380   610
	23761 13927   590  2370   620
	23759 13927   597  2370   620
	23756 13925   601  2370   620
	23755 13925   601  2370   620
	23754 13925   599  2370   620
	23753 13925   592  2370   620
	23747 13916   565  2370   620
	23744 13915   497  2370   620
	23730 13913   410  2370   620
	23720 13912    35  2370   620
