ABCDE-012_345_678 1875
	 6052 13479    64  2250   520
	 6056 13478     0  2250   520
	 6057 13477    35  2250   520
	 6058 13466    35  2250   520
	 6057 13467    75  2250   520
	 6056 13466   108  2250   520
	 6057 13462   136  2250   520
	 6060 13461   160  2250   520
	 6056 13451   201  2250   520
	 6060 13447   201  2250   520
	 6058 13435   218  2250   520
	 6056 13432   234  2250   520
	 6055 13430   234  2250   520
	 6056 13415   249  2250   520
	 6056 13403   262  2250   520
	 6052 13388   275  2250   520
	 6051 13381   286  2250   520
	 6051 13366   297  2250   520
	 6051 13352   297  2250   520
	 6052 13337   308  2250   520
	 6046 13320   308  2250   520
	 6043 13303   317  2250   520
	 6041 13275   317  2250   520
	 6037 13256   327  2250   520
	 6038 13238   327  2250   520
	 6038 13210   327  2250   520
	 6036 13193   336  2250   520
	 6033 13163   336  2250   520
	 6034 13141   336  2250   520
	 6035 13113   344  2260   520
	 6036 13093   344  2260   520
	 6038 13064   352  2260   520
	 6037 13046   352  2260   520
	 6037 13017   352  2260   520
	 6038 12988   352  2260   520
	 6037 12970   360  2260   520
	 6038 12951   360  2260   520
	 6037 12924   360  2260   520
	 6034 12904   360  2270   530
	 6032 12875   360  2270   530
	 6031 12853   367  2270   530
	 6027 12824   367  2270   530
	 6027 12795   286  2270   530
	 6025 12776   294  2270   530
	 6020 12757   310  2270   530
	 6016 12728   310  2270   530
	 6014 12699   324  2270   530
	 6013 12682   331  2290   540
	 6011 12664   331  2290   540
	 6010 12636   338  2290   540
	 6003 12619   338  2290   540
	 6003 12603   344  2270   540
	 6002 12587   344  2270   540
	 6001 12581   344  2270   540
	 5998 12567   344  2270   540
	 5997 12555   350  2270   540
	 5995 12552   357  2270   540
	 5991 12540   357  2290   550
	 5990 12539   357  2290   550
	 5988 12537   357  2290   550
	 5987 12536   363  2290   550
	 5985 12536   363  2290   550
	 5988 12537   374  2290   550
	 5986 12538   380  2290   550
	 5987 12538   390  2290   550
	 5988 12539   410  2290   550
	 5988 12551   424  2290   550
	 5990 12554   429  2290   550
	 5992 12568   429  2290   550
	 5994 12581   433  2290   550
	 5997 12597   437  2290   550
	 5999 12614   442  2290   550
	 6001 12633   442  2290   550
	 6001 12651   442  2290   550
	 6001 12678   442  2290   550
	 6004 12698   442  2290   550
	 6007 12725   446  2300   540
	 6007 12745   450  2290   540
	 6006 12763   454  2290   540
	 6011 12790   454  2290   540
	 6013 12810   458  2290   540
	 6016 12828   458  2290   540
	 6016 12854   458  2290   540
	 6020 12873   462  2290   540
	 6018 12890   462  2290   540
	 6018 12908   462  2290   540
	 6020 12924   462  2290   540
	 6021 12940   462  2290   540
	 6017 12966   462  2270   530
	 6016 12983   462  2270   530
	 6012 12999   465  2270   530
	 6011 13016   465  2270   530
	 6010 13033   462  2270   530
	 6006 13051   465  2270   530
	 6004 13067   465  2270   530
	 6005 13095   465  2270   530
	 5998 13114   465  2270   530
	 5994 13132   465  2270   530
	 5991 13148   465  2270   530
	 5986 13174   465  2260   520
	 5982 13192   465  2260   520
	 5976 13210   465  2260   520
	 5971 13224   465  2260   520
	 5966 13239   469  2260   520
	 5960 13253   469  2260   520
	 5954 13259   469  2260   520
	 5950 13273   469  2260   520
	 5940 13288   469  2250   520
	 5937 13301   469  2250   520
	 5933 13308   473  2250   520
	 5928 13321   473  2250   520
	 5918 13334   473  2240   520
	 5914 13349   473  2240   520
	 5907 13354   473  2240   520
	 5901 13367   476  2240   520
	 5895 13372   476  2240   520
	 5889 13386   476  2240   520
	 5880 13401   476  2240   520
	 5870 13415   476  2240   520
	 5866 13430   476  2240   520
	 5856 13434   480  2240   520
	 5848 13448   480  2230   520
	 5842 13452   484  2210   520
	 5838 13466   487  2210   520
	 5832 13478   487  2210   520
	 5828 13481   490  2210   520
	 5824 13484   490  2210   520
	 5818 13495   494  2210   520
	 5815 13499   497  2210   520
	 5810 13509   500  2210   520
	 5807 13513   500  2210   520
	 5805 13516   504  2210   520
	 5802 13526   510  2210   520
	 5802 13526   519  2200   530
	 5798 13528   533  2200   530
	 5799 13529   560  2200   530
	 5799 13529   579  2200   530
	 5797 13531   584  2200   530
	 5796 13532   590  2200   530
	 5797 13543   592  2200   530
	 5797 13543   595  2200   530
	 5796 13547   597  2200   530
	 5797 13557   599  2190   520
	 5797 13560   601  2200   530
	 5797 13562   603  2200   530
	 5797 13562   605  2200   530
	 5797 13563   605  2200   530
	 5800 13564   605  2190   530
	 5807 13574   605  2190   530
	 5810 13577   605  2190   530
	 5814 13578   605  2190   530
	 5822 13579   605  2190   530
	 5827 13580   605  2190   530
	 5835 13589   605  2190   530
	 5848 13592   605  2190   530
	 5856 13594   605  2190   530
	 5870 13607   605  2200   530
	 5888 13611   605  2200   530
	 5899 13621   605  2200   530
	 5916 13625   603  2200   530
	 5929 13628   603  2200   530
	 5955 13640   603  2200   530
	 5980 13641   601  2200   530
	 5999 13643   601  2200   530
	 6017 13654   601  2200   530
	 6034 13656   601  2200   530
	 6051 13659   601  2200   530
	 6068 13659   603  2200   530
	 6083 13659   601  2200   530
	 6103 13659   603  2210   520
	 6116 13659   603  2210   520
	 6133 13659   603  2210   520
	 6153 13669   603  2210   520
	 6173 13671   603  2210   520
	 6191 13671   603  2210   520
	 6211 13671   603  2210   520
	 6224 13673   603  2230   520
	 6240 13675   603  2220   510
	 6262 13675   603  2220   510
	 6278 13676   603  2220   510
	 6295 13675   601  2220   510
	 6313 13675   601  2220   510
	 6329 13675   601  2230   510
	 6345 13673   601  2230   510
	 6363 13671   601  2230   510
	 6383 13669   601  2230   510
	 6393 13669   599  2230   510
	 6411 13660   599  2230   510
	 6421 13659   599  2230   510
	 6432 13657   599  2230   510
	 6442 13656   597  2240   500
	 6455 13655   597  2240   500
	 6468 13654   595  2240   500
	 6477 13653   595  2240   500
	 6483 13641   595  2240   500
	 6493 13641   595  2240   500
	 6499 13640   592  2240   500
	 6504 13637   590  2240   500
	 6511 13628   590  2240   500
	 6515 13623   588  2240   500
	 6519 13622   588  2240   500
	 6522 13610   586  2240   500
	 6526 13606   581  2240   500
	 6533 13593   581  2240   500
	 6536 13589   574  2240   500
	 6537 13579   570  2240   500
	 6538 13576   567  2240   500
	 6542 13561   560  2240   500
	 6544 13547   555  2240   500
	 6542 13541   542  2240   500
	 6541 13528   542  2240   500
	 6539 13513   533  2240   500
	 6537 13510   531  2240   500
	 6529 13484   531  2240   500
	 6525 13468   531  2240   500
	 6515 13462   531  2240   500
	 6506 13448   531  2240   500
	 6497 13432   531  2240   500
	 6484 13413   528  2240   500
	 6473 13398   528  2240   500
	 6462 13382   525  2250   510
	 6454 13367   522  2250   510
	 6443 13352   516  2250   510
	 6431 13338   513  2250   510
	 6416 13321   513  2250   510
	 6404 13308   513  2250   510
	 6394 13301   513  2250   510
	 6376 13287   510  2250   510
	 6366 13274   510  2250   510
	 6355 13271   510  2250   510
	 6342 13256   510  2250   510
	 6327 13253   510  2260   510
	 6315 13239   510  2260   510
	 6303 13226   510  2260   510
	 6291 13221   510  2250   520
	 6281 13210   510  2250   520
	 6270 13206   510  2250   520
	 6260 13194   510  2250   520
	 6252 13190   510  2250   520
	 6243 13179   510  2250   520
	 6236 13174   510  2250   520
	 6229 13163   510  2250   520
	 6222 13160   510  2250   520
	 6220 13159   510  2250   520
	 6214 13146   510  2250   520
	 6210 13144   510  2250   520
	 6206 13144   510  2250   520
	 6207 13142   507  2250   520
	 6206 13142   510  2250   520
	 6207 13141   507  2250   520
	 6206 13141   507  2240   520
	 6209 13141   507  2240   520
	 6205 13131   504  2240   520
	 6206 13132   504  2240   520
	 6207 13130   500  2240   520
	 6207 13130   500  2240   520
	 6206 13129   500  2240   520
	 6206 13128   500  2240   520
	 6210 13116   500  2240   520
	 6210 13112   500  2240   520
	 6212 13109   500  2240   520
	 6214 13098   500  2240   520
	 6217 13096   500  2240   520
	 6218 13094   500  2240   520
	 6223 13082   500  2240   520
	 6228 13078   500  2240   520
	 6233 13067   500  2240   520
	 6240 13063   500  2240   520
	 6247 13052   500  2240   520
	 6249 13051   500  2240   520
	 6257 13047   500  2240   520
	 6265 13046   500  2240   520
	 6275 13034   500  2240   520
	 6284 13031   500  2240   520
	 6297 13019   500  2240   520
	 6308 13017   504  2240   520
	 6317 13014   500  2240   520
	 6328 13003   504  2250   520
	 6341 13001   504  2250   520
	 6353 12999   504  2250   520
	 6362 12998   504  2260   520
	 6372 12998   504  2260   520
	 6382 12988   504  2260   520
	 6396 12987   504  2260   520
	 6409 12985   507  2260   520
	 6421 12984   507  2260   520
	 6433 12983   507  2260   520
	 6443 12982   507  2260   520
	 6456 12981   507  2260   520
	 6466 12981   507  2260   520
	 6480 12971   507  2260   520
	 6490 12969   507  2260   520
	 6499 12966   507  2260   520
	 6509 12954   507  2270   520
	 6524 12949   507  2270   520
	 6539 12937   507  2270   520
	 6550 12923   507  2270   520
	 6560 12919   507  2270   520
	 6571 12906   507  2270   520
	 6582 12902   507  2270   520
	 6591 12890   507  2270   520
	 6598 12889   507  2270   520
	 6607 12885   507  2270   520
	 6618 12873   507  2270   520
	 6627 12860   507  2270   520
	 6633 12859   507  2270   520
	 6636 12856   507  2270   520
	 6641 12854   507  2270   520
	 6643 12853   504  2270   520
	 6645 12841   504  2270   520
	 6648 12838   504  2280   510
	 6652 12826   504  2280   510
	 6659 12821   504  2280   510
	 6661 12808   504  2280   510
	 6663 12796   504  2280   510
	 6667 12791   504  2280   510
	 6668 12778   504  2280   510
	 6667 12764   504  2280   510
	 6664 12758   504  2280   510
	 6664 12746   504  2280   510
	 6657 12742   504  2280   510
	 6651 12728   504  2280   510
	 6642 12714   504  2280   510
	 6628 12699   504  2280   510
	 6614 12684   504  2280   510
	 6600 12679   504  2280   510
	 6581 12666   504  2280   510
	 6564 12662   507  2280   510
	 6542 12647   507  2280   510
	 6519 12634   507  2300   520
	 6497 12629   507  2300   520
	 6472 12616   510  2300   520
	 6446 12604   510  2300   520
	 6418 12601   510  2290   520
	 6394 12587   510  2290   520
	 6369 12583   510  2290   520
	 6341 12567   513  2290   520
	 6312 12554   528  2290   520
	 6286 12538   536  2290   520
	 6255 12524   536  2290   520
	 6230 12520   542  2290   520
	 6199 12506   542  2290   520
	 6170 12491   555  2290   520
	 6134 12474   565  2290   520
	 6078 12457   581  2270   530
	 6038 12439   581  2270   530
	 5992 12410   584  2270   530
	 5962 12406   586  2290   540
	 5933 12391   586  2270   540
	 5900 12364   586  2270   540
	 5865 12347   586  2270   540
	 5842 12331   588  2270   540
	 5813 12312   590  2260   550
	 5797 12293   592  2260   550
	 5780 12267   592  2260   550
	 5766 12249   592  2260   550
	 5756 12233   597  2250   550
	 5747 12215   599  2250   550
	 5736 12188   601  2250   550
	 5734 12171   603  2250   550
	 5734 12155   605  2250   550
	 5728 12139   607  2240   560
	 5727 12133   609  2250   570
	 5726 12118   611  2250   570
	 5728 12106   611  2250   570
	 5729 12101   611  2250   570
	 5729 12091   613  2250   570
	 5732 12087   613  2250   570
	 5735 12086   609  2250   570
	 5737 12085   603  2250   570
	 5739 12086   595  2250   570
	 5744 12087   567  2250   570
	 5750 12089   490  2250   570
	 5764 12092   310  2250   570
	 5779 12108    -1  2250   570
	 5793 12135    -1  2250   570
	 5813 12166    -1  2260   560
	 5833 12199    -1  2260   560
	 5864 12231    -1  2280   570
	 5903 12261    -1  2290   560
	 5954 12268    -1  2290   560
	 5992 12332    -1  2290   560
	 6031 12357    -1  2290   560
	 6074 12407    -1  2320   540
	 6113 12458    -1  2320   540
	 6156 12520    -1  2320   540
	 6197 12598    -1  2320   540
	 6246 12694    -1  2320   540
	 6286 12792    -1  2320   540
	    0     0    -4     0     0
	    0     0    -4     0     0
	 9130 14362    -1  2590   580
	 9143 14330    -1  2620   540
	 9155 14295    -1  2630   500
	 9164 14261    -1  2630   500
	 9168 14218    -1  2630   500
	 9168 14184    -1  2630   500
	 9163 14138    -1  2630   500
	 9152 14088    -1  2660   320
	 9135 14024    -1  2670   300
	 9112 13975    -1  2670   300
	 9078 13915    -1  2670   300
	 9039 13866    -1  2670   300
	 8983 13818    -1  2680   300
	 8914 13768    -1  2680   300
	 8833 13724    -1  2680   300
	 8764 13685    -1  2680   300
	 8686 13655    -1  2670   300
	 8604 13622    -1  2670   300
	 8523 13594    -1  2670   300
	 8453 13578    -1  2660   300
	 8395 13562    -1  2650   300
	 8337 13545    -1  2650   300
	 8280 13531    -1  2650   300
	 8222 13515    -1  2650   300
	 8157 13500    -1  2630   300
	 8093 13481    -1  2630   300
	 8030 13464    -1  2620   300
	 7949 13436    -1  2610   300
	 7867 13413    -1  2590   330
	 7792 13381    -1  2580   340
	 7719 13349    -1  2570   370
	 7655 13303    -1  2540   400
	 7596 13256    -1  2550   410
	 7541 13208    -1  2550   420
	 7493 13163    -1  2550   430
	 7453 13115    -1  2540   430
	 7421 13068    -1  2530   430
	 7400 13031    -1  2500   430
	 7375 13000    -1  2490   430
	 7349 12966    -1  2480   430
	 7328 12936    -1  2470   430
	 7303 12908    -1  2450   430
	 7278 12891    -1  2430   450
	 7252 12873    -1  2410   450
	 7228 12858    -1  2380   460
	 7206 12840    -1  2360   470
	 7183 12827    -1  2340   470
	 7164 12810    -1  2320   470
	 7148 12794    -1  2290   470
	 7135 12789    -1  2260   470
	 7123 12774    -1  2240   470
	 7115 12758    -1  2240   480
	 7102 12743    -1  2230   480
	 7097 12729    -1  2230   500
	 7090 12714    -1  2230   510
	 7088 12712    -1  2230   510
	 7081 12700    -1  2230   520
	 7078 12710    -1  2230   520
	 7072 12712    -1  2230   530
	 7069 12714    -1  2230   530
	 7066 12715    -1  2230   540
	 7061 12728    -1  2230   540
	 7056 12732    -1  2230   540
	 7051 12746    -1  2210   550
	 7046 12760    -1  2210   550
	 7046 12761    -1  2210   550
	 7043 12775    -1  2210   550
	 7044 12780    -1  2210   550
	 7040 12792    -1  2210   550
	 7040 12793    -1  2200   550
	 7039 12806    -1  2200   550
	 7033 12808    -1  2200   550
	 7035 12805    -1  2190   550
	 7029 12806    -1  2190   550
	 7028 12807    -1  2190   550
	 7026 12796    -1  2190   550
	 7022 12796    -1  2190   550
	 7016 12795    -1  2190   550
	 7015 12791    -1  2190   550
	 7006 12780    -1  2200   540
	 7000 12777    -1  2230   530
	 6991 12773    -1  2250   520
	 6985 12763    -1  2270   510
	 6976 12759    -1  2270   510
	 6972 12759    -1  2310   490
	 6960 12748    -1  2320   480
	 6957 12745    -1  2340   470
	 6950 12745    -1  2350   460
	 6950 12744    -1  2360   470
	 6944 12743    -1  2390   440
	 6942 12744    -1  2390   440
	 6939 12779    -1  2410   420
	 6935 12790    -1  2420   410
	 6929 12792    -1  2430   410
	 6918 12774    -1  2440   390
	 6908 12808    -1  2440   390
	 6897 12821    -1  2430   410
	 6890 12825    -1  2430   410
	 6878 12796    -1  2430   410
	 6853 12838    -1  2410   420
	 6856 12844    -1  2400   430
	 6846 12854    -1  2400   430
	 6841 12858    -1  2390   440
	 6836 12859    -1  2390   440
	 6831 12843    -1  2390   440
	 6825 12874    -1  2380   450
	 6821 12885    -1  2380   450
	 6818 12890    -1  2370   460
	 6806 12892    -1  2370   460
	 6800 12903    -1  2370   460
	 6772 12889    -1  2350   470
	 6788 12917    -1  2340   470
	 6786 12919    -1  2330   480
	 6781 12920    -1  2330   480
	 6779 12920    -1  2320   480
	 6774 12921    -1  2320   480
	 6747 12921    -1  2320   480
	 6766 12921    -1  2310   490
	 6767 12920    -1  2310   490
	 6763 12918    -1  2300   500
	 6761 12917    -1  2300   500
	 6756 12907    -1  2300   500
	 6755 12904    -1  2300   500
	 6753 12904    -1  2280   500
	 6753 12901    -1  2280   500
	 6747 12889    -1  2300   510
	 6745 12887    -1  2300   510
	 6741 12885    -1  2280   510
	 6738 12875    -1  2280   510
	 6734 12873    -1  2280   510
	 6732 12842    -1  2280   510
	 6732 12860    -1  2300   520
	 6727 12857    -1  2300   520
	 6725 12855    -1  2290   520
	 6720 12853    -1  2290   520
	 6688 12822    -1  2300   530
	 6713 12841    -1  2300   530
	 6709 12828    -1  2300   530
	 6706 12827    -1  2300   530
	 6705 12823    -1  2290   540
	 6707 12811    -1  2290   540
	 6702 12807    75  2290   540
	 6706 12807   286  2300   540
	 6710 12807   308  2290   550
	 6712 12807   336  2290   550
	 6711 12806   352  2290   550
	 6712 12806   360  2290   550
	 6717 12807   367  2280   550
	 6718 12807   278  2280   550
	 6720 12808   286  2280   550
	 6723 12807   302  2280   550
	 6727 12808   310  2280   550
	 6733 12808   310  2280   550
	 6742 12809   317  2280   550
	 6751 12810   324  2290   560
	 6762 12812   338  2290   560
	 6771 12821   350  2290   560
	 6781 12824   357  2290   560
	 6797 12827   368  2290   560
	 6810 12840   368  2290   560
	 6823 12844   368  2290   560
	 6837 12857   368  2290   560
	 6850 12870   368  2290   560
	 6859 12874   368  2290   560
	 6872 12887   363  2300   550
	 6884 12891   363  2300   550
	 6892 12901   368  2300   550
	 6903 12904   368  2300   550
	 6912 12907   368  2300   550
	 6916 12917   368  2300   550
	 6922 12919   363  2290   550
	 6926 12922   363  2300   540
	 6932 12923   363  2300   540
	 6933 12934   363  2300   540
	 6933 12934   363  2300   540
	 6935 12936   363  2300   540
	 6936 12935   363  2300   540
	 6936 12936   363  2300   540
	 6935 12937   363  2300   540
	 6938 12937   363  2300   540
	 6935 12938   363  2300   540
	 6935 12938   363  2300   540
	 6932 12938   363  2300   540
	 6932 12937   363  2300   540
	 6930 12937   363  2300   540
	 6928 12936   363  2300   540
	 6922 12936   368  2300   540
	 6915 12935   368  2300   540
	 6913 12924   368  2300   540
	 6908 12922   368  2300   540
	 6904 12920   374  2300   540
	 6898 12917   380  2300   540
	 6892 12906   385  2300   540
	 6887 12892   390  2300   540
	 6882 12889   390  2300   540
	 6877 12885   395  2300   540
	 6872 12874   401  2290   540
	 6864 12860   401  2290   540
	 6858 12854   405  2290   540
	 6850 12840   410  2290   540
	 6847 12824   410  2290   540
	 6837 12808   410  2290   540
	 6831 12790   415  2290   550
	 6827 12763   420  2290   550
	 6817 12745   420  2290   550
	 6814 12726   424  2290   550
	 6807 12699   424  2290   550
	 6800 12680   424  2290   550
	 6795 12651   424  2290   550
	 6788 12629   424  2290   550
	 6778 12601   429  2290   550
	 6772 12570   429  2290   550
	 6765 12551   429  2290   550
	 6762 12524   429  2300   550
	 6754 12507   429  2300   550
	 6747 12487   429  2300   550
	 6742 12469   429  2300   550
	 6741 12453   429  2300   550
	 6737 12428   429  2300   550
	 6735 12422   429  2300   550
	 6735 12409   429  2300   550
	 6733 12407   433  2300   550
	 6729 12395   429  2300   550
	 6726 12394   433  2310   560
	 6726 12392   433  2310   560
	 6726 12390   433  2310   560
	 6726 12391   433  2310   560
	 6725 12391   433  2310   560
	 6725 12390   437  2310   560
	 6723 12390   437  2310   560
	 6723 12391   437  2310   560
	 6725 12392   437  2310   560
	 6725 12390   437  2310   560
	 6723 12390   442  2310   560
	 6723 12390   437  2310   560
	 6721 12391   437  2310   560
	 6721 12390   437  2300   550
	 6718 12390   442  2300   550
	 6715 12380   442  2300   550
	 6711 12379   442  2300   550
	 6710 12380   442  2300   550
	 6707 12379   442  2300   550
	 6706 12376   442  2300   550
	 6699 12376   442  2300   550
	 6698 12376   442  2300   550
	 6696 12376   442  2300   550
	 6693 12376   446  2300   550
	 6689 12375   446  2300   550
	 6688 12376   450  2300   550
	 6688 12376   450  2300   550
	 6685 12378   450  2300   550
	 6684 12375   450  2300   550
	 6684 12376   454  2300   550
	 6683 12376   454  2300   550
	 6683 12378   458  2300   550
	 6683 12376   462  2300   550
	 6684 12379   465  2300   550
	 6683 12379   469  2300   550
	 6683 12380   469  2300   550
	 6684 12389   473  2300   550
	 6683 12390   473  2300   550
	 6685 12392   473  2300   550
	 6682 12392   476  2300   550
	 6684 12394   476  2300   550
	 6686 12395   476  2300   550
	 6682 12395   476  2300   550
	 6683 12406   476  2300   550
	 6682 12407   476  2300   550
	 6683 12408   476  2300   550
	 6683 12411   476  2300   550
	 6682 12421   476  2300   550
	 6683 12422   476  2300   550
	 6685 12425   476  2300   550
	 6688 12428   476  2300   550
	 6689 12440   476  2300   550
	 6691 12442   476  2300   550
	 6694 12455   476  2300   550
	 6695 12458   476  2300   550
	 6702 12469   476  2300   550
	 6704 12473   476  2300   550
	 6709 12486   476  2300   550
	 6712 12489   476  2300   550
	 6716 12501   476  2300   550
	 6720 12504   480  2300   550
	 6723 12517   484  2300   550
	 6730 12519   484  2300   550
	 6735 12523   484  2300   550
	 6741 12535   484  2300   550
	 6748 12538   484  2300   550
	 6752 12551   484  2300   550
	 6761 12554   484  2300   550
	 6768 12565   484  2300   550
	 6770 12568   487  2300   550
	 6779 12569   487  2300   550
	 6780 12581   490  2300   550
	 6788 12583   494  2300   550
	 6795 12584   494  2300   550
	 6804 12586   494  2300   550
	 6812 12598   494  2300   550
	 6818 12601   497  2300   550
	 6823 12613   500  2300   550
	 6833 12616   500  2300   550
	 6845 12630   500  2300   550
	 6853 12633   500  2300   540
	 6861 12634   500  2300   540
	 6872 12648   500  2300   540
	 6880 12652   500  2300   540
	 6888 12662   504  2300   540
	 6896 12667   504  2300   540
	 6906 12677   507  2300   540
	 6911 12681   507  2300   540
	 6922 12684   507  2300   540
	 6932 12695   510  2300   540
	 6941 12699   510  2300   540
	 6948 12710   510  2300   540
	 6960 12714   510  2300   540
	 6970 12726   510  2300   540
	 6974 12730   510  2310   530
	 6987 12743   519  2310   530
	 6994 12745   531  2310   530
	 7001 12748   536  2310   530
	 7012 12760   544  2310   530
	 7022 12764   544  2310   530
	 7031 12776   544  2310   530
	 7043 12791   544  2310   530
	 7051 12794   547  2310   530
	 7059 12807   547  2300   530
	 7068 12811   552  2300   530
	 7073 12825   550  2300   530
	 7082 12828   550  2300   530
	 7092 12840   550  2300   530
	 7101 12854   550  2300   530
	 7111 12859   552  2300   530
	 7125 12872   552  2300   530
	 7136 12885   552  2300   530
	 7143 12889   555  2300   530
	 7156 12902   557  2300   530
	 7166 12908   560  2300   530
	 7176 12921   557  2310   520
	 7187 12933   555  2310   520
	 7197 12938   555  2310   520
	 7206 12950   557  2300   520
	 7214 12954   555  2300   520
	 7223 12965   557  2300   520
	 7233 12967   557  2300   520
	 7240 12970   557  2300   520
	 7246 12972   555  2300   520
	 7255 12984   557  2300   520
	 7260 12985   555  2300   520
	 7265 12988   557  2300   520
	 7269 12998   557  2300   520
	 7275 13000   555  2300   520
	 7279 13001   555  2300   520
	 7283 13001   557  2300   520
	 7288 13002   557  2300   520
	 7291 13003   557  2300   520
	 7291 13013   557  2300   520
	 7291 13013   557  2300   520
	 7293 13014   557  2300   520
	 7294 13014   555  2300   520
	 7294 13015   555  2280   510
	 7294 13013   555  2280   510
	 7292 13015   555  2280   510
	 7292 13014   547  2280   510
	 7291 13014   542  2280   510
	 7289 13013   531  2280   510
	 7283 13013   525  2280   510
	 7279 13004   522  2280   510
	 7272 13003   519  2280   510
	 7263 13000   519  2300   520
	 7258 12999   519  2300   520
	 7250 12997   510  2300   520
	 7241 12985   510  2300   520
	 7234 12981   510  2300   520
	 7222 12968   510  2300   520
	 7211 12956   510  2300   520
	 7196 12952   510  2300   520
	 7186 12950   507  2300   520
	 7177 12937   507  2300   520
	 7163 12922   507  2300   520
	 7150 12907   507  2300   520
	 7140 12892   507  2300   520
	 7130 12876   507  2290   520
	 7120 12860   504  2290   520
	 7109 12853   504  2290   520
	 7100 12839   504  2290   520
	 7090 12824   500  2290   520
	 7083 12808   500  2290   520
	 7076 12795   497  2290   520
	 7073 12780   497  2300   530
	 7073 12764   497  2300   530
	 7071 12757   497  2300   530
	 7073 12731   494  2300   530
	 7078 12716   494  2300   530
	 7086 12711   494  2290   540
	 7095 12698   490  2290   540
	 7102 12693   490  2290   540
	 7115 12683   490  2290   540
	 7126 12682   487  2290   540
	 7141 12682   484  2300   530
	 7154 12684   480  2310   530
	 7170 12694   476  2310   530
	 7181 12694   476  2310   530
	 7194 12700   473  2310   530
	 7206 12715   469  2310   530
	 7214 12730   469  2310   530
	 7224 12746   465  2310   530
	 7242 12762   462  2310   530
	 7250 12778   458  2310   530
	 7259 12796   458  2320   530
	 7269 12812   450  2320   530
	 7278 12838   442  2320   530
	 7280 12854   442  2320   530
	 7283 12870   437  2320   530
	 7283 12876   433  2320   530
	 7285 12890   429  2320   530
	 7287 12903   429  2320   530
	 7290 12907   424  2320   530
	 7290 12919   424  2320   530
	 7292 12922   424  2320   530
	 7291 12933   424  2320   530
	 7292 12934   429  2320   530
	 7292 12934   433  2320   530
	 7292 12933   437  2320   530
	 7293 12924   437  2310   520
	 7291 12924   437  2310   520
	 7290 12923   437  2310   520
	 7290 12921   437  2310   520
	 7288 12918   437  2310   520
	 7283 12908   442  2310   520
	 7282 12903   446  2310   520
	 7279 12891   450  2310   520
	 7275 12886   450  2310   520
	 7274 12874   454  2310   520
	 7271 12860   454  2310   520
	 7270 12853   454  2310   520
	 7269 12838   458  2310   520
	 7265 12823   462  2310   520
	 7265 12808   462  2310   520
	 7268 12792   462  2310   520
	 7268 12775   462  2310   520
	 7270 12758   462  2320   530
	 7272 12746   462  2320   530
	 7274 12732   462  2320   530
	 7279 12726   465  2320   530
	 7282 12715   462  2320   530
	 7290 12712   465  2320   530
	 7298 12709   465  2320   530
	 7307 12700   465  2320   530
	 7316 12698   465  2320   530
	 7322 12698   465  2320   530
	 7332 12698   465  2320   530
	 7341 12700   465  2320   530
	 7350 12710   465  2320   530
	 7357 12713   465  2320   530
	 7366 12715   465  2330   530
	 7376 12727   465  2330   530
	 7382 12731   465  2330   530
	 7388 12744   469  2330   530
	 7397 12759   469  2330   530
	 7399 12773   469  2350   530
	 7403 12779   469  2350   530
	 7414 12794   469  2350   530
	 7417 12810   469  2350   530
	 7418 12825   469  2350   530
	 7420 12842   469  2350   530
	 7427 12860   469  2350   530
	 7429 12885   469  2350   530
	 7436 12901   469  2350   530
	 7443 12918   469  2330   520
	 7446 12934   469  2330   520
	 7453 12950   469  2330   520
	 7457 12956   473  2330   520
	 7463 12969   473  2330   520
	 7465 12981   476  2330   520
	 7471 12985   476  2330   520
	 7477 12986   476  2320   520
	 7482 12988   480  2320   520
	 7488 12998   476  2320   520
	 7493 12998   476  2320   520
	 7501 12999   476  2320   520
	 7508 13000   476  2320   520
	 7514 13001   476  2320   520
	 7521 13001   476  2320   520
	 7525 13001   476  2320   520
	 7533 13001   476  2320   520
	 7540 13001   476  2320   520
	 7548 13001   476  2320   500
	 7553 13001   476  2320   500
	 7561 13000   476  2320   500
	 7567 13000   473  2320   500
	 7570 13000   473  2320   500
	 7579 13000   473  2320   500
	 7584 12998   473  2320   500
	 7586 12998   469  2320   500
	 7588 12998   469  2320   500
	 7591 12999   469  2320   500
	 7590 12999   469  2320   500
	 7592 12999   465  2320   500
	 7589 13000   462  2320   500
	 7590 13000   462  2320   500
	 7590 13000   458  2320   500
	 7588 13002   454  2320   500
	 7588 13002   454  2320   500
	 7584 13002   450  2320   500
	 7581 13003   446  2320   500
	 7579 13004   446  2320   500
	 7574 13004   446  2320   500
	 7568 13003   442  2320   500
	 7564 13003   442  2320   500
	 7553 13003   442  2320   500
	 7548 13002   442  2320   500
	 7540 13001   442  2320   500
	 7532 13001   442  2320   500
	 7523 12999   442  2320   500
	 7514 12997   442  2320   500
	 7503 12987   437  2320   500
	 7498 12984   437  2320   500
	 7490 12972   437  2320   500
	 7478 12968   437  2310   510
	 7471 12955   437  2320   520
	 7460 12950   437  2320   520
	 7451 12936   437  2320   520
	 7451 12921   437  2320   520
	 7441 12907   442  2320   520
	 7434 12892   442  2320   520
	 7427 12887   442  2320   520
	 7425 12870   442  2320   520
	 7419 12854   442  2320   520
	 7417 12841   442  2320   520
	 7415 12824   442  2320   520
	 7416 12808   442  2320   520
	 7417 12790   446  2330   520
	 7417 12777   446  2330   520
	 7418 12761   450  2320   530
	 7420 12748   454  2320   530
	 7428 12742   454  2320   530
	 7437 12728   454  2330   520
	 7448 12725   454  2330   520
	 7462 12714   454  2330   520
	 7471 12711   458  2330   520
	 7484 12700   458  2350   530
	 7497 12697   462  2350   530
	 7508 12696   465  2350   530
	 7518 12697   473  2350   530
	 7530 12698   480  2350   530
	 7542 12700   484  2350   530
	 7556 12709   490  2360   520
	 7562 12712   494  2360   520
	 7574 12716   500  2360   520
	 7587 12727   500  2360   520
	 7594 12730   504  2360   520
	 7599 12742   507  2360   520
	 7604 12745   510  2360   520
	 7615 12757   510  2360   520
	 7620 12762   510  2360   520
	 7625 12773   513  2360   520
	 7632 12777   513  2360   520
	 7636 12789   519  2360   520
	 7638 12794   522  2360   520
	 7642 12808   519  2360   520
	 7643 12822   519  2360   520
	 7647 12828   519  2360   520
	 7649 12842   513  2360   520
	 7650 12857   513  2360   520
	 7655 12871   513  2360   520
	 7657 12876   513  2360   520
	 7660 12888   513  2360   520
	 7665 12902   513  2360   520
	 7671 12907   519  2360   520
	 7673 12920   516  2360   520
	 7676 12924   516  2360   520
	 7680 12938   519  2340   510
	 7684 12952   519  2340   510
	 7690 12956   519  2340   510
	 7697 12969   519  2340   510
	 7702 12972   519  2340   510
	 7712 12986   519  2340   510
	 7719 13000   519  2340   510
	 7728 13004   519  2340   510
	 7737 13017   516  2340   510
	 7746 13029   519  2330   510
	 7755 13030   519  2330   510
	 7767 13034   519  2340   500
	 7776 13046   513  2340   500
	 7784 13049   513  2340   500
	 7793 13048   510  2340   500
	 7802 13052   510  2340   500
	 7810 13061   507  2340   500
	 7815 13061   507  2340   500
	 7820 13062   507  2340   500
	 7826 13062   507  2340   500
	 7831 13063   504  2340   500
	 7835 13063   504  2340   500
	 7840 13063   500  2340   500
	 7843 13062   497  2340   500
	 7847 13064   497  2340   500
	 7850 13063   497  2340   500
	 7851 13065   494  2340   500
	 7853 13064   490  2340   500
	 7854 13065   490  2340   500
	 7853 13065   490  2340   500
	 7853 13065   490  2340   500
	 7851 13065   487  2340   500
	 7853 13066   487  2340   500
	 7849 13066   487  2340   500
	 7847 13067   484  2340   500
	 7844 13067   484  2340   500
	 7840 13066   480  2340   500
	 7837 13065   480  2340   500
	 7832 13066   480  2340   500
	 7826 13065   476  2340   500
	 7819 13065   476  2340   500
	 7809 13064   476  2340   500
	 7802 13063   476  2340   500
	 7793 13062   476  2340   500
	 7787 13051   476  2340   500
	 7779 13048   476  2340   500
	 7767 13036   476  2340   500
	 7756 13032   476  2340   500
	 7747 13018   476  2340   500
	 7736 13014   473  2340   500
	 7729 13001   473  2340   500
	 7722 12988   473  2340   500
	 7712 12982   473  2340   500
	 7700 12968   473  2340   500
	 7694 12952   473  2330   510
	 7687 12937   476  2330   510
	 7681 12921   476  2330   510
	 7677 12905   476  2330   510
	 7674 12889   476  2330   510
	 7673 12873   476  2330   510
	 7669 12857   476  2330   510
	 7670 12840   476  2340   510
	 7673 12825   476  2340   510
	 7679 12808   476  2340   510
	 7683 12793   480  2340   510
	 7694 12777   480  2340   510
	 7704 12762   480  2340   510
	 7715 12758   484  2350   510
	 7726 12745   484  2370   510
	 7740 12742   487  2370   510
	 7752 12742   490  2370   510
	 7763 12743   490  2370   510
	 7780 12746   490  2370   510
	 7793 12748   494  2370   510
	 7804 12760   500  2370   510
	 7816 12773   500  2380   510
	 7830 12778   500  2380   510
	 7839 12793   500  2380   510
	 7849 12809   500  2380   510
	 7861 12825   500  2380   510
	 7872 12842   500  2380   510
	 7881 12858   500  2380   510
	 7886 12875   497  2380   510
	 7887 12901   497  2380   510
	 7890 12918   497  2380   510
	 7891 12934   494  2380   510
	 7891 12940   490  2370   510
	 7891 12955   490  2370   510
	 7890 12970   487  2370   510
	 7890 12982   487  2370   510
	 7886 12987   487  2370   510
	 7883 12999   484  2370   510
	 7879 13003   484  2370   510
	 7876 13014   484  2370   510
	 7876 13017   484  2370   510
	 7873 13020   487  2350   510
	 7871 13029   487  2350   510
	 7871 13030   490  2350   510
	 7869 13032   490  2350   510
	 7868 13032   494  2350   510
	 7868 13033   497  2350   510
	 7868 13033   500  2350   510
	 7866 13034   507  2350   510
	 7863 13034   510  2350   510
	 7862 13036   513  2350   510
	 7860 13045   533  2350   510
	 7860 13045   555  2350   510
	 7858 13036   581  2350   510
	 7855 13045   592  2350   510
	 7854 13045   603  2350   510
	 7853 13045   615  2350   510
	 7853 13046   625  2340   500
	 7852 13046   639  2340   500
	 7852 13045   661  2340   500
	 7851 13045   678  2340   500
	 7853 13045   694  2340   500
	 7853 13036   740  2340   500
	 7855 13035   750  2340   500
	 7856 13036   759  2340   500
	 7858 13034   768  2340   500
	 7860 13034   782  2330   500
	 7862 13031   790  2320   500
	 7866 13031   792  2320   500
	 7867 13020   793  2320   500
	 7869 13019   793  2310   500
	 7873 13018   794  2300   510
	 7874 13016   792  2300   510
	 7876 13015   793  2300   510
	 7876 13013   792  2270   510
	 7879 13004   792  2270   510
	 7881 13003   792  2250   510
	 7878 13002   792  2250   510
	 7877 13002   792  2250   510
	 7878 13000   792  2230   510
	 7878 13000   792  2230   510
	 7876 12999   791  2220   510
	 7876 12998   791  2220   510
	 7877 12998   790  2200   510
	 7873 12998   790  2190   510
	 7874 12997   786  2190   510
	 7874 12997   782  2190   510
	 7871 12997   777  2180   520
	 7872 12988   768  2180   520
	 7870 12987   761  2180   520
	 7870 12988   759  2170   510
	 7867 12987   755  2170   510
	 7865 12986   749  2170   520
	 7864 12986   747  2170   520
	 7863 12985   744  2170   520
	 7860 12985   740  2170   520
	 7863 12985   706  2170   520
	 7861 12985   706  2170   520
	 7860 12985   706  2170   520
	 7862 12984   706  2170   520
	 7861 12984   706  2180   530
	 7861 12985   705  2180   530
	 7863 12985   704  2180   530
	 7863 12986   704  2170   530
	 7866 12985   702  2170   530
	 7864 12985   700  2170   530
	 7865 12986   700  2180   540
	 7865 12986   697  2180   540
	 7865 12987   694  2180   540
	 7866 12987   690  2180   540
	 7865 12987   687  2180   540
	 7866 12987   683  2180   540
	 7868 12987   677  2190   530
	 7871 12987   674  2190   530
	 7867 12987   666  2190   530
	 7869 12988   660  2190   530
	 7868 12987   655  2190   530
	 7869 12988   648  2200   540
	 7872 12987   641  2200   540
	 7869 12987   638  2200   540
	 7873 12987   632  2200   540
	 7873 12986   630  2200   540
	 7876 12986   629  2200   540
	 7877 12985   627  2200   540
	 7881 12984   627  2200   540
	 7884 12984   627  2200   540
	 7886 12983   625  2200   540
	 7888 12981   625  2200   540
	 7892 12972   623  2210   540
	 7891 12971   621  2210   540
	 7896 12971   621  2210   540
	 7897 12970   621  2210   540
	 7898 12971   619  2210   540
	 7899 12969   619  2210   540
	 7901 12968   619  2210   540
	 7904 12969   619  2210   540
	 7907 12966   619  2210   540
	 7910 12966   619  2210   540
	 7910 12966   619  2210   540
	 7911 12965   619  2210   540
	 7915 12965   619  2230   530
	 7917 12965   619  2240   540
	 7919 12956   619  2240   540
	 7925 12955   619  2240   540
	 7925 12955   619  2240   540
	 7929 12955   619  2240   540
	 7933 12954   619  2240   540
	 7937 12955   619  2240   540
	 7943 12955   619  2240   540
	 7944 12955   619  2240   540
	 7949 12955   619  2240   540
	 7951 12955   619  2240   540
	 7953 12955   619  2240   540
	 7960 12956   619  2240   540
	 7965 12955   619  2250   530
	 7968 12965   619  2250   530
	 7975 12966   619  2250   530
	 7975 12967   619  2250   530
	 7983 12968   619  2250   530
	 7986 12970   619  2250   530
	 7993 12971   619  2250   530
	 7995 12981   619  2250   530
	 7998 12981   619  2250   530
	 7999 12982   621  2250   530
	 8004 12983   621  2250   530
	 8007 12984   621  2250   530
	 8009 12985   621  2250   530
	 8010 12985   621  2250   530
	 8014 12987   623  2250   530
	 8017 12988   621  2250   530
	 8022 12998   623  2250   530
	 8026 12999   621  2250   530
	 8028 13000   623  2250   530
	 8032 13001   623  2250   530
	 8038 13003   623  2250   530
	 8045 13014   623  2250   530
	 8050 13017   621  2250   530
	 8059 13020   621  2250   530
	 8063 13030   623  2250   530
	 8067 13032   623  2250   530
	 8071 13035   623  2250   530
	 8080 13047   623  2250   530
	 8082 13051   623  2250   530
	 8091 13065   621  2250   530
	 8097 13067   621  2250   530
	 8102 13080   623  2250   530
	 8106 13093   623  2250   530
	 8115 13098   621  2250   530
	 8121 13112   621  2250   530
	 8123 13126   621  2250   530
	 8129 13141   619  2260   520
	 8135 13146   619  2260   520
	 8140 13160   619  2260   520
	 8145 13174   617  2260   520
	 8150 13180   617  2260   520
	 8153 13192   617  2260   520
	 8155 13195   617  2260   520
	 8162 13209   617  2260   520
	 8162 13212   617  2250   520
	 8167 13225   615  2250   520
	 8168 13237   615  2250   520
	 8171 13240   613  2250   520
	 8172 13253   611  2250   520
	 8173 13257   611  2250   520
	 8174 13269   609  2250   520
	 8175 13270   609  2250   520
	 8175 13274   605  2250   520
	 8176 13286   603  2250   520
	 8173 13289   601  2250   520
	 8175 13301   601  2250   520
	 8173 13303   599  2250   520
	 8173 13305   599  2250   520
	 8171 13307   597  2240   510
	 8170 13308   597  2240   510
	 8170 13320   597  2240   510
	 8167 13321   597  2240   510
	 8166 13321   597  2240   510
	 8162 13322   597  2240   510
	 8156 13334   597  2240   510
	 8155 13334   595  2240   510
	 8152 13336   595  2240   510
	 8143 13338   592  2250   520
	 8138 13337   590  2250   520
	 8135 13338   588  2250   520
	 8130 13337   586  2250   520
	 8121 13337   586  2250   520
	 8116 13335   586  2250   520
	 8111 13334   581  2250   520
	 8106 13333   581  2240   520
	 8102 13324   574  2240   520
	 8094 13323   572  2240   520
	 8091 13320   567  2240   520
	 8084 13319   570  2240   520
	 8080 13306   567  2240   520
	 8075 13301   572  2240   520
	 8070 13292   570  2240   520
	 8066 13289   567  2240   520
	 8069 13285   565  2240   520
	 8065 13272   567  2240   520
	 8065 13259   565  2240   520
	 8063 13254   565  2230   520
	 8061 13243   565  2230   520
	 8059 13238   565  2240   520
	 8058 13224   565  2240   520
	 8057 13209   567  2230   530
	 8055 13195   565  2230   530
	 8054 13191   565  2230   530
	 8054 13177   565  2230   530
	 8053 13163   565  2230   530
	 8053 13159   565  2230   530
	 8050 13144   565  2230   530
	 8048 13130   565  2230   530
	 8052 13125   565  2230   530
	 8050 13109   565  2230   530
	 8050 13093   565  2230   530
	 8046 13067   565  2230   530
	 8043 13052   565  2230   530
	 8046 13035   565  2230   530
	 8043 13020   567  2230   530
	 8042 13013   567  2230   530
	 8041 12999   567  2230   530
	 8041 12987   565  2230   530
	 8039 12982   565  2230   540
	 8042 12971   565  2230   540
	 8041 12966   565  2230   540
	 8042 12955   560  2230   540
	 8041 12951   560  2230   540
	 8040 12939   560  2230   540
	 8041 12935   557  2230   540
	 8044 12924   557  2230   540
	 8043 12919   560  2230   540
	 8041 12906   560  2230   540
	 8043 12891   560  2230   540
	 8041 12876   557  2230   540
	 8040 12860   557  2240   540
	 8040 12853   560  2240   540
	 8040 12839   560  2240   540
	 8036 12822   557  2240   540
	 8036 12806   560  2240   540
	 8032 12792   560  2240   540
	 8029 12776   557  2240   540
	 8028 12762   560  2240   540
	 8025 12747   555  2240   540
	 8022 12743   555  2250   540
	 8021 12728   555  2250   540
	 8019 12715   555  2250   540
	 8018 12711   555  2250   540
	 8018 12699   555  2260   540
	 8020 12695   555  2260   540
	 8024 12683   555  2260   540
	 8029 12679   555  2260   540
	 8034 12678   555  2260   540
	 8038 12677   555  2260   540
	 8044 12666   555  2260   540
	 8051 12666   555  2260   540
	 8063 12665   555  2270   540
	 8071 12666   555  2270   540
	 8078 12665   560  2270   540
	 8084 12666   560  2270   540
	 8094 12667   560  2270   540
	 8104 12678   562  2270   540
	 8115 12681   560  2270   540
	 8123 12684   562  2290   540
	 8136 12697   565  2290   540
	 8144 12699   567  2290   540
	 8156 12715   565  2290   540
	 8166 12728   567  2290   540
	 8174 12732   567  2290   540
	 8180 12745   570  2290   540
	 8185 12759   567  2290   540
	 8191 12764   570  2290   540
	 8195 12777   567  2300   530
	 8198 12790   567  2300   530
	 8205 12795   565  2300   530
	 8205 12808   565  2300   530
	 8205 12823   560  2300   530
	 8205 12828   557  2300   530
	 8207 12841   555  2300   530
	 8205 12854   555  2300   530
	 8204 12857   555  2300   530
	 8202 12871   555  2300   530
	 8200 12874   555  2300   530
	 8200 12886   555  2300   530
	 8198 12889   555  2300   530
	 8195 12902   552  2300   530
	 8196 12906   547  2300   530
	 8194 12917   547  2300   530
	 8186 12922   542  2290   520
	 8185 12933   544  2290   520
	 8181 12935   542  2290   520
	 8176 12939   544  2290   520
	 8176 12939   542  2290   520
	 8168 12939   542  2290   520
	 8167 12940   542  2290   520
	 8161 12949   542  2290   520
	 8159 12949   539  2290   520
	 8157 12951   536  2290   520
	 8150 12951   536  2290   520
	 8148 12951   533  2290   520
	 8144 12950   536  2290   520
	 8136 12940   531  2290   520
	 8131 12940   531  2290   520
	 8125 12937   525  2290   520
	 8117 12938   525  2290   520
	 8111 12936   522  2290   520
	 8105 12934   522  2290   520
	 8094 12933   519  2290   520
	 8087 12921   522  2270   530
	 8074 12918   519  2270   530
	 8067 12907   519  2270   530
	 8058 12904   519  2270   530
	 8053 12901   519  2270   530
	 8043 12890   519  2270   530
	 8037 12888   516  2270   530
	 8031 12874   516  2270   530
	 8026 12870   519  2270   530
	 8020 12859   516  2270   530
	 8015 12857   513  2270   530
	 8011 12855   513  2270   530
	 8004 12843   513  2260   540
	 8000 12839   513  2260   540
	 7992 12827   513  2260   540
	 7986 12823   513  2260   540
	 7985 12812   510  2260   540
	 7982 12807   510  2260   540
	 7978 12805   510  2260   540
	 7978 12794   510  2260   540
	 7979 12790   510  2270   530
	 7978 12776   507  2270   530
	 7978 12764   507  2270   530
	 7980 12760   507  2270   530
	 7983 12757   507  2270   530
	 7983 12746   510  2260   540
	 7990 12743   510  2270   530
	 7994 12730   510  2270   530
	 7997 12728   510  2270   530
	 8005 12725   510  2270   530
	 8015 12714   513  2270   530
	 8022 12712   519  2270   530
	 8026 12711   528  2290   540
	 8032 12710   536  2290   540
	 8044 12710   542  2290   540
	 8053 12710   560  2290   540
	 8065 12710   570  2290   540
	 8076 12713   574  2290   540
	 8095 12716   581  2290   540
	 8113 12728   586  2290   540
	 8134 12741   588  2290   540
	 8153 12745   592  2290   540
	 8175 12759   597  2290   540
	 8195 12777   599  2290   540
	 8211 12794   603  2290   540
	 8226 12811   603  2300   530
	 8243 12837   609  2300   530
	 8258 12855   613  2300   530
	 8268 12875   613  2300   530
	 8280 12904   613  2300   530
	 8292 12924   613  2300   530
	 8301 12950   613  2310   520
	 8308 12971   613  2310   520
	 8310 12999   613  2310   520
	 8311 13018   613  2300   520
	 8312 13046   613  2300   520
	 8312 13065   613  2300   520
	 8310 13084   611  2300   520
	 8312 13099   609  2300   520
	 8312 13114   609  2300   520
	 8312 13128   609  2300   520
	 8309 13132   609  2300   520
	 8304 13144   607  2300   520
	 8296 13147   603  2280   510
	 8290 13161   601  2280   510
	 8278 13164   597  2280   510
	 8266 13176   595  2280   510
	 8247 13179   592  2280   510
	 8225 13192   588  2280   510
	 8201 13195   581  2280   510
	 8176 13205   555  2280   510
	 8150 13205   531  2280   510
	 8129 13196   507  2280   510
	 8109 13194   487  2270   520
	 8089 13190   465  2270   520
	 8071 13177   429  2270   520
	 8057 13160   310  2270   520
	 8044 13143   182  2270   520
	 8041 13126    -1  2260   520
	 8050 13112    -1  2260   520
	 8063 13111    -1  2250   520
	 8076 13112    -1  2240   520
	 8096 13127    -1  2240   520
	 8106 13141    -1  2240   520
	 8146 13163    -1  2240   520
	 8145 13206    -1  2240   520
	 8163 13242    -1  2240   520
	 8174 13290    -1  2240   520
	 8179 13340    -1  2240   520
	 8184 13402    -1  2240   520
	 8184 13467    -1  2240   520
	    0     0    -4     0     0
	    0     0    -4     0     0
	 8009 13274    -1  1350   800
	 7962 13273    -1  1350   800
	 7927 13271    -1  1350   800
	 7884 13271    -1  1350   800
	 7854 13260    -1  1350   800
	 7819 13258    -1  1350   800
	 7787 13255    -1  1350   800
	 7760 13253    -1  1350   800
	 7727 13240    -1  1350   800
	 7712 13237    -1  1430   800
	 7693 13221    -1  1430   800
	 7679 13210    -1  1490   780
	 7674 13207    -1  1540   790
	 7658 13195    -1  1590   760
	 7661 13196    -1  1640   750
	 7646 13205    -1  1680   760
	 7640 13194    -1  1700   730
	 7635 13207    -1  1710   710
	 7626 13208    -1  1750   700
	 7613 13209    -1  1750   690
	 7606 13208    -1  1750   670
	 7601 13206    -1  1760   660
	 7591 13196    -1  1780   650
	 7584 13195    -1  1780   650
	 7583 13179    -1  1780   650
	 7578 13180    -1  1780   650
	 7570 13178    -1  1760   650
	 7567 13164    -1  1760   650
	 7561 13148    -1  1760   610
	 7558 13147    -1  1750   600
	 7552 13142    -1  1750   590
	 7546 13116    -1  1750   580
	 7539 13109    -1  1740   570
	 7532 13097    -1  1740   570
	 7525 13093    -1  1740   560
	 7530 13082    -1  1730   550
	 7521 13068    -1  1730   540
	 7519 13065    -1  1730   540
	 7519 13062    -1  1730   530
	 7517 13050    -1  1740   520
	 7515 13047    -1  1720   520
	 7513 13045    -1  1720   520
	 7511 13031    -1  1730   500
	 7513 13032    -1  1730   500
	 7511 13030    -1  1720   500
	 7512 13031    -1  1720   500
	 7507 13029    -1  1710   510
	 7507 13031    -1  1710   510
	 7501 13031    -1  1710   510
	 7494 13032    -1  1710   510
	 7484 13034    -1  1710   510
	 7474 13033    -1  1710   510
	 7461 13034    -1  1710   510
	 7447 13033    -1  1710   510
	 7431 13032    -1  1700   510
	 7414 13030    -1  1700   510
	 7395 13020    -1  1700   510
	 7381 13016    -1  1700   510
	 7359 13003    -1  1700   510
	 7331 12998    -1  1700   510
	 7306 12984    -1  1690   500
	 7284 12970    -1  1690   500
	 7262 12966    -1  1690   500
	 7243 12955    -1  1680   500
	 7222 12951    -1  1680   500
	 7199 12939    -1  1680   500
	 7182 12935    -1  1670   500
	 7160 12933    -1  1670   500
	 7142 12922    -1  1670   500
	 7123 12918    -1  1650   500
	 7103 12907    -1  1650   510
	 7088 12904    -1  1650   510
	 7074 12901    -1  1640   510
	 7061 12891    -1  1640   510
	 7049 12889    -1  1640   510
	 7043 12888    -1  1620   510
	 7042 12886    -1  1620   520
	 7042 12885    -1  1620   520
	 7043 12875    -1  1620   520
	 7048 12875    -1  1620   520
	 7057 12875    -1  1620   520
	 7062 12875    -1  1620   520
	 7067 12886    -1  1620   520
	 7079 12888    -1  1620   520
	 7089 12889    -1  1620   520
	 7102 12902    -1  1620   520
	 7112 12906    -1  1620   520
	 7129 12921    -1  1620   520
	 7147 12935    -1  1630   520
	 7168 12939    -1  1630   520
	 7186 12952    -1  1640   510
	 7213 12956    -1  1640   510
	 7235 12968    -1  1650   510
	 7255 12971    -1  1650   510
	 7281 12982    -1  1650   500
	 7302 12982    -1  1670   500
	 7323 12984    -1  1670   500
	 7343 12984    -1  1670   490
	 7363 12985    -1  1680   490
	 7374 12984    -1  1680   490
	 7389 12984    -1  1700   490
	 7395 12984    -1  1700   490
	 7401 12984    -1  1700   490
	 7401 12987    -1  1710   490
	 7401 12986    -1  1710   480
	 7393 12987    -1  1710   480
	 7385 12987    -1  1710   480
	 7373 12988    -1  1720   480
	 7358 12987    -1  1720   480
	 7343 12986    -1  1720   480
	 7325 12985    -1  1720   480
	 7309 12984    -1  1720   480
	 7287 12981    -1  1720   480
	 7269 12970    -1  1720   480
	 7248 12967    -1  1710   490
	 7227 12955    -1  1710   490
	 7203 12952    -1  1710   490
	 7185 12921    -1  1710   490
	 7162 12937    -1  1690   500
	 7141 12934    -1  1690   500
	 7118 12923    -1  1690   500
	 7102 12921    -1  1680   500
	 7082 12917    -1  1680   500
	 7065 12908    -1  1680   500
	 7050 12904    -1  1660   510
	 7036 12903    -1  1660   510
	 7025 12901    -1  1660   510
	 7010 12891    -1  1660   520
	 7004 12890    -1  1640   520
	 6998 12888    -1  1640   520
	 6995 12887    -1  1640   530
	 6994 12885    -1  1640   530
	 6992 12876    -1  1640   530
	 6990 12875    -1  1620   530
	 6990 12875    -1  1620   540
	 6987 12874    -1  1620   540
	 6990 12873    -1  1620   540
	 6992 12873    -1  1620   540
	 6990 12842    -1  1620   540
	 6992 12873    -1  1610   550
	 6993 12872    -1  1610   550
	 6996 12873    -1  1610   550
	 7001 12870    -1  1610   550
	 7007 12870     0  1610   550
	 7014 12870     0  1610   550
	 7023 12869     0  1610   550
	 7032 12869    75  1610   550
	 7045 12869   108  1610   550
	 7058 12869   136  1610   550
	 7074 12869   182  1610   550
	 7091 12870   218  1630   550
	 7110 12869   249  1630   550
	 7129 12871   275  1630   550
	 7154 12872   297  1630   550
	 7190 12874   308  1630   550
	 7204 12886   317  1630   550
	 7231 12889   336  1630   550
	 7263 12891   360  1630   550
	 7299 12904   360  1630   550
	 7335 12908   367  1640   550
	 7374 12921   269  1640   550
	 7416 12935   278  1640   550
	 7457 12940   324  1640   550
	 7488 12954   357  1640   550
	 7527 12969   357  1650   550
	 7562 12987   374  1650   550
	 7595 13004   385  1650   550
	 7623 13033   390  1650   550
	 7651 13052   390  1660   540
	 7675 13083   395  1660   540
	 7700 13113   401  1660   540
	 7724 13144   410  1660   540
	 7744 13174   410  1670   540
	 7762 13205   410  1670   540
	 7776 13225   420  1670   540
	 7788 13254   433  1670   540
	 7797 13273   437  1670   540
	 7804 13292   437  1670   540
	 7813 13320   437  1670   540
	 7816 13338   437  1680   530
	 7818 13366   442  1690   530
	 7815 13385   442  1690   530
	 7808 13403   446  1690   530
	 7802 13429   446  1690   530
	 7790 13448   446  1690   530
	 7777 13465   446  1690   530
	 7757 13480   446  1690   530
	 7737 13494   446  1690   530
	 7710 13509   450  1690   530
	 7679 13515   450  1690   530
	 7645 13528   450  1690   530
	 7606 13531   446  1690   530
	 7566 13541   446  1690   530
	 7521 13541   450  1690   530
	 7477 13544   446  1690   530
	 7428 13543   446  1690   530
	 7375 13543   446  1690   530
	 7322 13541   450  1690   530
	 7276 13530   446  1690   530
	 7227 13526   446  1690   530
	 7175 13515   446  1680   520
	 7120 13509   446  1680   520
	 7064 13498   446  1680   520
	 7009 13483   442  1680   520
	 6951 13467   442  1680   520
	 6894 13452   442  1670   520
	 6833 13436   437  1670   520
	 6775 13418   437  1670   520
	 6725 13403   437  1660   520
	 6677 13385   433  1660   520
	 6636 13369   433  1660   520
	 6595 13354   433  1640   520
	 6561 13336   433  1640   520
	 6530 13321   429  1640   520
	 6503 13303   429  1640   520
	 6484 13287   429  1620   530
	 6470 13270   429  1620   530
	 6461 13254   429  1620   530
	 6458 13238   424  1610   520
	 6463 13224   424  1610   520
	 6469 13209   424  1610   520
	 6483 13195   424  1600   530
	 6499 13189   424  1600   530
	 6517 13174   424  1600   530
	 6539 13161   424  1600   530
	 6567 13147   424  1600   530
	 6593 13142   424  1600   530
	 6626 13128   420  1600   530
	 6661 13116   415  1600   530
	 6700 13100   410  1600   530
	 6741 13097   405  1600   530
	 6789 13093   401  1610   520
	 6845 13078   395  1610   520
	 6905 13066   385  1620   530
	 6961 13061   374  1620   530
	 7023 13050   374  1620   530
	 7085 13046   368  1620   530
	 7148 13034   363  1630   520
	 7221 13030   363  1630   520
	 7292 13019   363  1630   520
	 7375 13016   357  1640   520
	 7466 13013   357  1640   520
	 7560 13001   363  1640   520
	 7650 13000   368  1640   520
	 7747 12997   374  1660   520
	 7853 12986   395  1660   520
	 7967 12982   395  1660   520
	 8076 12970   395  1660   510
	 8185 12966   401  1670   510
	 8296 12952   401  1670   510
	 8414 12939   410  1670   510
	 8533 12924   410  1690   510
	 8639 12918   410  1690   510
	 8741 12903   405  1690   510
	 8834 12887   401  1700   520
	 8921 12869   401  1700   520
	 9005 12843   401  1700   520
	 9075 12826   401  1710   520
	 9137 12807   390  1710   510
	 9192 12780   395  1710   510
	 9237 12761   395  1730   510
	 9273 12742   390  1730   510
	 9306 12715   395  1730   510
	 9328 12694   390  1740   510
	 9343 12667   390  1740   510
	 9348 12651   390  1740   510
	 9346 12630   385  1740   510
	 9332 12603   390  1740   510
	 9309 12585   390  1740   510
	 9281 12566   395  1740   510
	 9246 12540   401  1740   510
	 9197 12520   405  1740   510
	 9142 12492   410  1740   510
	 9072 12474   410  1740   510
	 8993 12454   410  1740   510
	 8907 12427   410  1730   510
	 8818 12407   415  1730   510
	 8730 12379   415  1710   510
	 8633 12361   415  1710   510
	 8528 12343   420  1710   510
	 8413 12316   424  1700   510
	 8292 12298   429  1700   510
	 8173 12278   454  1700   510
	 8049 12261   458  1700   520
	 7911 12235   465  1690   510
	 7763 12218   476  1670   510
	 7617 12204   484  1670   510
	 7458 12198   487  1660   510
	 7280 12185   490  1660   510
	 7113 12182   494  1640   520
	 6950 12171   494  1640   520
	 6777 12167   494  1630   520
	 6616 12166   497  1630   520
	 6461 12156   494  1620   520
	 6300 12155   497  1620   520
	 6156 12156   504  1600   520
	 6031 12154   500  1600   520
	 5915 12154   504  1600   520
	 5804 12153   504  1580   520
	 5707 12152   507  1570   520
	 5632 12152   507  1570   520
	 5567 12152   507  1560   530
	 5511 12149   507  1550   520
	 5472 12140   504  1550   520
	 5447 12138   500  1550   520
	 5434 12137   494  1540   520
	 5437 12134   484  1540   520
	 5447 12133   480  1540   520
	 5464 12122   480  1540   520
	 5494 12122   480  1530   520
	 5531 12122   480  1530   520
	 5578 12122   480  1530   520
	 5632 12133   476  1530   520
	 5693 12139   476  1530   520
	 5761 12151   476  1530   520
	 5831 12165   476  1530   520
	 5904 12182   476  1530   520
	 5961 12199   476  1530   520
	 6023 12219   476  1530   520
	 6091 12245   476  1530   520
	 6157 12265   476  1530   520
	 6236 12296   476  1530   510
	 6322 12325   476  1530   510
	 6416 12348   476  1550   510
	 6518 12378   480  1550   510
	 6624 12409   480  1550   510
	 6742 12440   484  1550   510
	 6873 12472   484  1550   510
	 7017 12502   484  1570   510
	 7161 12523   484  1570   510
	 7334 12553   484  1580   510
	 7531 12570   480  1580   510
	 7733 12587   480  1580   510
	 7956 12600   484  1590   510
	 8162 12613   484  1590   510
	 8378 12616   487  1600   500
	 8608 12619   484  1610   500
	 8817 12631   484  1610   500
	 9037 12632   484  1620   510
	 9213 12633   484  1640   510
	 9396 12635   484  1640   510
	 9586 12635   484  1650   500
	 9745 12647   487  1650   500
	 9879 12652   487  1670   500
	10005 12665   490  1670   500
	10107 12679   490  1680   490
	10179 12693   490  1680   490
	10232 12709   494  1680   490
	10262 12716   497  1700   490
	10271 12741   504  1700   490
	10270 12761   500  1700   490
	10252 12790   500  1710   490
	10221 12821   500  1710   490
	10170 12843   497  1710   490
	10096 12872   500  1710   490
	10000 12901   497  1710   490
	 9888 12922   500  1710   490
	 9766 12950   497  1710   490
	 9627 12968   497  1710   490
	 9469 12985   497  1710   490
	 9303 13003   500  1710   490
	 9140 13020   500  1710   490
	 8963 13034   500  1700   490
	 8769 13048   507  1700   490
	 8579 13061   513  1680   490
	 8362 13065   522  1680   490
	 8148 13067   536  1680   490
	 7932 13078   552  1670   490
	 7709 13078   552  1660   490
	 7490 13077   562  1660   490
	 7254 13067   565  1640   500
	 7044 13065   567  1640   500
	 6839 13061   567  1630   500
	 6640 13049   574  1630   500
	 6458 13045   581  1620   500
	 6279 13032   579  1600   500
	 6119 13017   574  1600   500
	 5986 13002   581  1590   500
	 5873 12988   581  1590   500
	 5774 12971   579  1570   500
	 5697 12966   581  1560   500
	 5643 12950   574  1560   500
	 5607 12924   570  1550   490
	 5588 12908   547  1550   490
	 5579 12890   519  1530   500
	 5583 12871   510  1530   500
	 5599 12841   507  1520   490
	 5631 12811   507  1520   490
	 5669 12789   507  1520   490
	 5721 12760   507  1520   490
	 5795 12729   507  1520   490
	 5885 12699   504  1510   490
	 5972 12679   507  1510   490
	 6069 12651   507  1510   490
	 6179 12631   507  1510   490
	 6303 12613   510  1510   490
	 6445 12586   510  1510   490
	 6589 12568   510  1520   490
	 6742 12551   510  1520   490
	 6916 12533   510  1520   490
	 7083 12505   510  1520   490
	 7268 12488   513  1530   500
	 7479 12459   516  1530   500
	 7694 12437   528  1540   500
	 7913 12408   536  1540   500
	 8135 12377   542  1540   500
	 8334 12346   555  1550   500
	 8574 12325   555  1560   500
	 8793 12294   552  1560   500
	 9016 12264   552  1570   500
	 9200 12234   552  1570   500
	 9383 12213   542  1590   500
	 9565 12186   539  1590   490
	 9724 12169   510  1590   490
	 9864 12153   490  1610   490
	10000 12139   450  1610   490
	10113 12133   310  1610   480
	10199 12122    75  1620   490
