200
3275 6943 137 1350 800
3291 7003 139 1350 800
3291 7044 137 1350 800
3291 7057 137 1350 800
3291 7057 137 1350 800
3326 7086 137 1350 800
3356 7116 115 1350 800
3400 7154 95 1350 800
3453 7206 106 1350 790
3506 7271 106 1350 770
3569 7344 90 1380 750
3638 7433 127 1350 730
3687 7521 218 1370 710
3705 7562 334 1390 690
3705 7573 366 1390 670
3680 7554 418 1380 650
3615 7423 472 1380 630
3521 7218 514 1360 610
3428 6980 522 1380 590
3335 6709 532 1380 570
3236 6415 535 1390 550
3134 6150 527 1370 530
3031 5905 527 1380 510
2932 5674 526 1380 500
2846 5502 522 1380 500
2768 5355 516 1370 500
2696 5226 509 1360 500
2653 5165 449 1370 510
2630 5151 292 1360 510
2630 5151 103 1350 520
2679 5260 49 1350 520
2743 5405 48 1340 520
2824 5586 53 1340 520
2909 5752 58 1330 530
3002 5927 56 1330 530
3584 7025 132 1330 520
3761 7194 186 1340 510
3775 7216 296 1340 510
3780 7169 389 1350 510
3780 7076 464 1350 510
3780 6904 516 1360 500
3780 6727 539 1360 500
3780 6539 550 1370 500
3780 6347 554 1370 500
3780 6166 550 1380 490
3780 5991 548 1370 500
3772 5821 546 1370 500
3759 5697 539 1370 500
3746 5610 526 1360 500
3733 5548 427 1360 500
3733 5534 353 1350 510
3747 5568 211 1340 510
3778 5634 91 1330 510
4228 6585 88 1300 520
4504 7057 173 1290 510
4584 7184 203 1290 510
4638 7231 239 1300 510
4655 7226 289 1300 510
4642 7164 332 1300 510
4608 7014 361 1320 500
4526 6805 414 1320 500
4409 6608 461 1330 500
4269 6391 485 1340 490
4111 6161 496 1340 490
3958 5956 496 1340 490
3826 5782 495 1350 490
3707 5628 488 1340 490
3609 5518 473 1340 490
3560 5457 317 1340 490
4617 7056 279 1300 500
4906 7047 327 1300 500
4928 7010 425 1300 500
4953 6880 490 1320 500
4978 6738 522 1330 500
5004 6589 544 1340 490
5024 6423 543 1340 490
5031 6254 538 1340 490
5031 6098 532 1360 490
5016 5952 521 1360 490
4995 5805 504 1360 490
4969 5706 443 1360 500
4956 5638 413 1360 500
4969 5598 402 1350 510
5000 5583 392 1350 520
5066 5583 391 1350 520
5174 5606 382 1340 520
5310 5655 315 1330 530
5461 5722 177 1330 530
5624 5813 1 1310 540
5932 6073 151 1310 540
6115 6300 310 1330 530
6144 6384 427 1330 530
6138 6432 464 1340 540
6108 6458 478 1340 540
6067 6470 486 1340 540
5998 6450 488 1350 530
5909 6400 490 1350 530
5788 6329 491 1360 520
5663 6243 491 1360 520
5535 6134 515 1370 520
5429 6011 527 1390 520
5347 5868 533 1390 520
5280 5752 532 1400 520
5267 5654 533 1390 520
5289 5593 527 1390 520
5334 5568 532 1370 520
5404 5568 532 1360 520
5495 5610 540 1360 520
5599 5686 533 1360 520
5723 5784 527 1350 530
5848 5910 530 1340 520
5959 6034 530 1340 520
6059 6153 533 1340 520
6156 6264 537 1340 520
6230 6336 533 1340 520
6288 6382 537 1340 520
6296 6376 544 1350 530
6287 6325 537 1350 530
6267 6245 545 1350 530
6230 6136 548 1360 520
6188 6028 545 1360 520
6143 5921 545 1370 530
6117 5837 545 1390 520
6104 5766 541 1390 520
6104 5725 522 1390 520
6104 5705 465 1370 530
6118 5698 394 1370 530
6158 5711 232 1370 530
6763 6296 134 1370 540
6927 6362 256 1370 540
6934 6350 341 1370 540
6913 6309 389 1390 550
6894 6249 431 1390 550
6859 6158 453 1390 550
6814 6055 467 1390 550
6756 5944 488 1400 540
6698 5835 496 1400 540
6643 5752 499 1400 540
6592 5687 505 1410 530
6546 5644 510 1400 540
6519 5626 521 1400 540
6505 5626 526 1400 540
6505 5641 524 1390 550
6529 5695 518 1390 550
6573 5775 520 1380 550
6665 5897 522 1380 550
6793 6021 520 1380 550
6945 6146 515 1380 550
7068 6228 522 1390 550
7170 6257 526 1370 540
7257 6250 532 1370 540
7319 6205 527 1390 550
7364 6141 526 1390 550
7397 6064 522 1390 550
7425 6001 514 1390 550
7450 5959 468 1410 550
7472 5930 369 1410 550
7506 5936 304 1410 550
7553 5975 306 1440 540
7609 6037 304 1440 540
7668 6101 314 1440 540
7727 6162 312 1450 540
7777 6193 332 1450 540
7822 6205 356 1450 540
7854 6178 410 1450 540
7875 6105 456 1450 540
7889 6001 540 1450 540
7880 5854 572 1440 540
7859 5698 602 1440 540
7829 5535 602 1440 540
7791 5382 595 1430 550
7758 5253 595 1430 550
7735 5140 560 1430 550
7735 5116 526 1410 560
7735 5137 522 1400 560
7772 5187 517 1400 560
7851 5304 509 1390 570
7960 5454 510 1390 570
8087 5627 512 1380 580
8233 5780 512 1380 580
8392 5928 520 1380 580
8520 6003 512 1380 580
8596 6031 541 1380 580
8636 6005 580 1380 580
8636 5908 636 1390 580
8581 5765 700 1390 580
8481 5591 760 1390 580
8296 5347 799 1390 580
8046 5056 829 1390 580
7753 4704 846 1390 580
7421 4355 849 1390 580
7074 4009 845 1380 590
6718 3652 858 1380 590
6411 3361 869 1380 590
6158 3113 853 1360 600
5941 2944 853 1360 600
5810 2852 867 1340 600
5753 2811 822 1320 600
5745 2811 720 1310 610
5765 2840 356 1290 600