182
3607 6737 515 1390 540
3772 6820 556 1370 520
3782 6856 560 1360 500
3764 6890 569 1360 480
3746 6847 583 1370 470
3682 6697 594 1390 470
3586 6476 600 1390 470
3493 6255 614 1400 480
3342 5986 647 1420 480
3152 5686 662 1420 480
2968 5446 688 1420 490
2794 5200 690 1420 490
2627 4990 697 1410 500
2480 4806 699 1400 510
2380 4680 694 1380 510
2312 4606 685 1370 520
2285 4567 589 1360 520
2293 4560 346 1350 530
3478 6454 327 1290 530
3656 6554 351 1290 530
3684 6594 402 1300 530
3675 6587 495 1310 520
3696 6482 537 1330 520
3711 6327 574 1330 520
3722 6128 605 1340 510
3727 5925 617 1340 510
3722 5716 625 1350 510
3711 5541 624 1340 510
3700 5388 624 1340 510
3689 5249 622 1340 510
3678 5150 614 1330 520
3668 5077 611 1330 520
3663 5035 580 1330 520
3663 5022 538 1310 520
3677 5029 423 1310 520
3719 5077 180 1300 530
4172 5899 187 1300 530
4541 6340 223 1300 530
4631 6448 302 1300 530
4656 6511 405 1290 520
4651 6499 440 1300 520
4622 6438 491 1300 520
4576 6345 543 1320 510
4483 6156 563 1320 510
4350 5941 580 1320 510
4191 5708 586 1340 510
4027 5521 589 1340 510
3874 5330 586 1340 510
3735 5173 581 1340 510
3600 5040 570 1340 510
3522 4957 567 1340 510
3482 4924 473 1330 520
3487 4924 276 1330 520
4387 6218 330 1310 520
4798 6336 371 1310 520
4843 6423 425 1310 520
4876 6392 536 1310 520
4902 6282 591 1330 520
4933 6160 617 1330 520
4959 6021 641 1330 520
4981 5871 645 1340 510
4989 5725 647 1340 510
4982 5600 636 1350 520
4964 5489 644 1350 520
4938 5378 639 1350 520
4911 5284 628 1360 520
4884 5201 606 1360 520
4877 5145 567 1360 540
4898 5107 516 1360 540
4937 5080 458 1360 540
5013 5080 389 1350 540
5126 5105 296 1350 540
5263 5157 207 1350 540
5408 5236 170 1340 550
5549 5349 165 1340 550
5673 5486 176 1340 550
5787 5612 294 1340 550
5846 5702 444 1350 550
5859 5769 515 1350 550
5842 5785 535 1350 550
5809 5797 537 1350 550
5758 5780 533 1350 550
5696 5745 535 1340 560
5608 5687 541 1340 560
5505 5611 550 1340 560
5393 5523 548 1340 560
5277 5414 561 1340 560
5167 5306 567 1340 560
5108 5205 569 1340 560
5081 5141 563 1340 560
5091 5096 567 1340 560
5130 5078 560 1340 560
5187 5097 561 1340 560
5275 5140 567 1340 560
5383 5227 565 1340 550
5503 5336 567 1340 550
5625 5459 562 1340 550
5750 5571 562 1330 540
5853 5654 567 1330 540
5940 5717 567 1330 540
5983 5735 561 1340 550
5999 5714 570 1340 550
5999 5666 581 1340 550
5974 5576 591 1350 550
5932 5465 589 1350 550
5877 5340 589 1340 560
5826 5241 581 1340 560
5774 5169 578 1340 560
5739 5116 561 1340 560
5715 5091 513 1340 560
5715 5091 461 1340 560
5741 5098 373 1350 550
5786 5144 130 1360 560
6270 5559 91 1360 560
6515 5712 193 1350 550
6576 5728 287 1350 550
6603 5714 372 1350 550
6603 5667 418 1350 550
6581 5584 468 1350 550
6530 5477 505 1350 550
6461 5351 546 1350 550
6381 5247 570 1350 550
6306 5157 575 1360 560
6253 5101 580 1360 560
6212 5071 578 1360 560
6197 5058 581 1360 560
6187 5058 568 1360 560
6187 5096 545 1360 560
6208 5151 527 1360 560
6250 5237 519 1360 560
6340 5347 522 1360 560
6456 5474 529 1360 560
6588 5565 538 1380 550
6717 5612 546 1380 550
6832 5630 542 1380 550
6938 5611 546 1380 570
7004 5575 543 1380 570
7049 5527 543 1380 570
7079 5478 537 1380 570
7093 5430 529 1380 570
7101 5399 486 1380 570
7101 5378 444 1380 570
7117 5378 371 1390 570
7153 5401 217 1390 570
7203 5440 85 1390 570
7283 5491 86 1390 570
7369 5540 113 1390 570
7447 5568 228 1390 570
7517 5584 344 1390 580
7564 5567 430 1390 580
7598 5519 535 1390 580
7623 5451 620 1390 580
7633 5342 664 1380 580
7633 5228 681 1390 580
7622 5108 682 1390 580
7610 4989 675 1390 580
7599 4895 664 1390 580
7590 4816 641 1390 580
7590 4787 617 1390 580
7590 4800 592 1390 580
7616 4840 574 1390 580
7658 4931 537 1390 580
7757 5059 490 1390 580
7896 5211 465 1410 590
8062 5362 464 1410 590
8205 5471 468 1410 590
8316 5551 473 1410 590
8406 5558 499 1390 600
8437 5512 543 1390 600
8408 5432 583 1410 600
8339 5271 646 1410 600
8182 5056 721 1410 600
7950 4804 760 1410 600
7668 4507 820 1410 600
7330 4170 839 1410 600
6988 3806 858 1390 610
6644 3502 864 1390 610
6381 3266 863 1390 610
6170 3076 849 1360 610
5993 2964 821 1360 610
5885 2907 700 1350 620
5805 2888 396 1340 610