159
3856 7204 407 1210 750
4009 7372 417 1240 710
3978 7399 450 1280 660
3956 7393 483 1300 620
3899 7275 515 1350 580
3818 7002 540 1350 570
3709 6625 557 1340 550
3593 6272 561 1330 530
3471 5932 584 1310 520
3366 5600 585 1300 520
3267 5359 589 1280 520
3189 5177 588 1270 520
3123 5035 564 1250 530
3074 4946 467 1240 530
3043 4899 260 1230 530
3945 7240 664 1140 530
4213 7313 646 1140 530
4162 7339 652 1160 530
4109 7293 665 1170 530
4055 7101 671 1170 520
4055 6813 666 1170 520
4078 6558 666 1190 510
4116 6298 662 1190 510
4152 6071 667 1200 510
4171 5867 658 1200 510
4178 5697 647 1200 510
4159 5569 614 1200 510
4131 5470 521 1210 520
4096 5390 391 1200 520
4088 5363 237 1200 520
4110 5372 51 1180 530
4802 6967 567 1160 530
4885 7029 577 1170 530
4817 7029 614 1180 540
4721 6900 633 1180 540
4605 6687 642 1190 530
4517 6421 644 1210 530
4446 6201 641 1210 530
4387 6013 622 1220 530
4347 5843 584 1220 530
4308 5721 510 1230 520
4270 5630 342 1230 520
4225 5561 42 1220 530
4548 6625 431 1150 520
4805 6697 544 1150 520
4832 6680 667 1150 520
4852 6611 711 1150 520
4868 6461 720 1150 520
4906 6256 721 1150 520
4964 6105 731 1150 520
5036 5963 690 1150 520
5119 5828 591 1170 530
5201 5721 423 1170 530
5283 5642 203 1170 530
5354 5583 134 1170 530
5418 5558 134 1180 540
5482 5549 136 1180 540
5550 5549 142 1170 540
5645 5587 148 1170 540
5756 5666 148 1150 540
5878 5774 148 1150 540
5965 5912 136 1150 540
6029 6047 226 1150 540
6050 6153 398 1160 550
6034 6242 516 1160 550
5993 6284 562 1170 550
5936 6270 570 1180 560
5864 6219 589 1180 560
5781 6105 617 1180 560
5699 5977 639 1180 560
5653 5840 636 1200 550
5630 5758 637 1200 550
5641 5704 642 1200 550
5670 5669 617 1210 550
5710 5657 574 1210 550
5761 5680 524 1210 550
5822 5726 468 1210 550
5890 5833 436 1210 550
5969 5952 427 1210 550
6048 6080 427 1210 550
6111 6154 440 1210 550
6162 6185 466 1210 550
6182 6185 519 1210 550
6196 6177 577 1210 550
6205 6139 591 1210 550
6213 6084 592 1210 550
6223 5995 589 1210 550
6237 5927 566 1220 560
6255 5872 514 1240 550
6276 5846 472 1250 550
6302 5854 447 1250 550
6338 5885 430 1270 550
6396 5961 392 1270 550
6468 6040 374 1270 550
6543 6122 367 1290 550
6612 6175 376 1280 540
6656 6193 415 1280 540
6685 6193 510 1280 540
6700 6168 570 1280 540
6700 6108 605 1280 540
6694 6023 627 1280 540
6680 5929 646 1280 540
6667 5842 662 1260 540
6657 5782 667 1260 540
6652 5739 667 1260 540
6652 5722 661 1250 550
6652 5722 647 1240 550
6657 5722 639 1240 550
6662 5749 616 1220 560
6693 5833 595 1220 560
6741 5956 591 1220 560
6810 6071 594 1220 560
6882 6139 600 1220 560
6939 6176 613 1230 560
6985 6176 620 1230 560
7029 6160 627 1230 560
7073 6123 627 1240 570
7117 6080 619 1240 570
7161 6040 588 1240 570
7215 6023 538 1260 580
7275 6023 452 1260 580
7355 6062 387 1270 570
7447 6131 336 1280 570
7535 6219 340 1300 580
7598 6287 361 1300 580
7643 6308 497 1310 570
7643 6308 611 1310 570
7646 6250 697 1310 570
7629 6142 731 1310 570
7608 5995 752 1310 570
7613 5855 757 1300 580
7634 5758 758 1300 580
7683 5690 740 1300 580
7737 5662 711 1280 580
7800 5669 670 1280 580
7866 5700 634 1270 590
7936 5772 594 1270 590
8000 5863 542 1260 600
8061 5968 524 1260 600
8120 6065 532 1260 600
8170 6133 546 1260 600
8213 6181 613 1260 600
8220 6181 699 1260 600
8204 6134 762 1260 600
8173 6057 812 1260 600
8088 5856 855 1260 600
7952 5598 892 1260 600
7781 5303 935 1260 600
7568 4947 947 1260 600
7333 4562 953 1260 610
7082 4157 973 1260 610
6874 3811 997 1260 610
6710 3588 991 1240 620
6575 3447 991 1220 610
6513 3376 986 1200 620
6495 3355 920 1170 610
6505 3368 855 1150 620
6523 3368 754 1140 620
6546 3368 518 1090 620