179
2878 6446 49 1250 460
2928 6551 120 1250 460
2919 6581 254 1260 470
2887 6595 279 1260 470
2876 6595 291 1260 470
2865 6581 309 1260 470
2844 6503 353 1260 470
2817 6384 399 1270 460
2774 6207 414 1270 460
2700 5958 427 1270 460
2605 5661 440 1270 460
2481 5318 448 1270 460
2345 4959 465 1260 470
2202 4589 489 1260 470
2163 4376 497 1250 470
2101 4263 409 1250 470
2023 4217 287 1240 480
2034 4232 88 1230 480
2405 5370 25 1180 490
2630 5893 46 1180 490
2697 6100 90 1160 490
2730 6274 181 1160 490
2758 6381 207 1160 490
2771 6415 272 1160 490
2771 6401 358 1170 490
2788 6353 438 1170 490
2803 6254 497 1190 490
2822 6121 537 1210 490
2842 5952 572 1220 480
2862 5765 602 1220 480
2888 5565 614 1220 480
2919 5351 641 1230 480
2963 5149 643 1230 480
3014 4954 659 1230 480
3065 4772 673 1230 480
3116 4633 676 1230 480
3157 4524 681 1230 480
3191 4423 681 1220 480
3221 4349 672 1220 500
3241 4294 658 1220 500
3241 4294 616 1200 500
3263 4267 540 1190 500
3274 4267 455 1180 510
3287 4267 301 1170 510
4107 6011 369 1110 480
4219 6058 396 1120 470
4156 6118 404 1130 460
4058 6142 393 1140 440
4063 6142 381 1170 440
4044 6112 381 1180 440
4010 6041 389 1190 430
3942 5943 425 1200 430
3847 5802 461 1200 430
3735 5660 480 1210 430
3586 5476 491 1220 420
3443 5265 496 1220 420
3313 5033 507 1220 420
3180 4795 520 1220 430
3045 4552 515 1210 440
2917 4322 512 1210 460
2820 4088 513 1210 470
2743 3970 519 1210 480
2718 3930 409 1220 480
2718 3939 282 1210 490
2741 3970 63 1190 490
3861 6001 144 1120 440
3882 6120 137 1130 440
3882 6163 203 1140 430
3893 6157 277 1160 430
3917 6124 371 1160 430
3948 6074 461 1170 430
3970 6000 526 1180 420
3993 5870 572 1190 430
4015 5704 608 1200 430
4032 5498 641 1210 440
4046 5228 664 1210 440
4057 4916 665 1210 460
4063 4596 665 1220 460
4063 4331 630 1210 470
4109 4104 521 1220 470
4190 3978 356 1220 480
5524 5279 85 1190 450
5501 5368 173 1200 460
5447 5392 249 1190 460
5385 5350 301 1190 460
5322 5265 373 1190 460
5247 5133 414 1190 460
5164 4952 474 1190 460
5095 4739 497 1200 460
5052 4568 515 1210 470
5027 4430 522 1210 470
5027 4313 517 1210 470
5051 4261 521 1200 470
5082 4261 526 1200 470
5133 4295 527 1200 470
5205 4405 535 1200 470
5290 4560 532 1200 470
5387 4746 529 1200 470
5472 4940 532 1200 470
5548 5106 533 1200 470
5596 5190 533 1200 470
5614 5229 538 1200 470
5614 5229 556 1190 470
5608 5196 584 1190 470
5591 5145 611 1190 470
5565 5032 659 1190 470
5544 4866 702 1200 470
5539 4666 730 1200 470
5544 4483 742 1200 470
5570 4338 749 1210 470
5620 4218 749 1210 470
5686 4156 728 1200 470
5775 4139 673 1210 480
5868 4151 556 1210 480
5969 4191 242 1200 480
6544 4913 213 1300 430
6607 4968 250 1290 440
6574 5016 307 1290 440
6552 5083 311 1280 440
6552 5035 312 1280 450
6573 4970 349 1280 450
6580 4895 407 1280 450
6568 4717 447 1270 460
6544 4545 490 1270 460
6518 4376 492 1270 460
6496 4256 515 1260 470
6488 4201 548 1250 460
6488 4190 567 1240 470
6488 4207 578 1240 470
6511 4307 583 1230 470
6546 4463 592 1230 470
6629 4639 619 1230 470
6749 4818 633 1220 470
6894 4999 661 1220 470
7018 5137 664 1220 470
7156 5228 673 1240 480
7304 5288 678 1240 480
7425 5307 675 1240 480
7519 5307 642 1240 480
7594 5283 436 1250 480
8032 5199 37 1300 450
8065 5164 136 1300 450
8055 5225 218 1290 450
8047 5245 254 1300 460
8047 5245 286 1300 460
8047 5229 364 1290 460
8056 5178 446 1300 470
8056 5075 522 1310 460
8056 4937 566 1310 460
8056 4767 602 1320 470
8064 4613 614 1320 470
8074 4470 625 1330 470
8087 4336 634 1330 470
8102 4257 638 1320 480
8124 4216 638 1330 480
8156 4227 641 1330 480
8245 4334 641 1330 480
8371 4506 641 1330 480
8515 4694 643 1320 490
8638 4882 646 1320 490
8748 5069 644 1320 490
8828 5174 640 1320 490
8858 5187 649 1310 480
8858 5138 659 1310 480
8804 5039 678 1310 480
8723 4889 719 1310 480
8622 4705 763 1310 480
8495 4504 790 1310 480
8332 4246 824 1310 480
8146 3950 818 1320 480
7974 3620 836 1320 480
7801 3299 845 1320 480
7628 2983 848 1310 480
7479 2653 849 1310 480
7381 2452 848 1310 480
7318 2337 821 1290 490
7277 2285 757 1290 490
7241 2268 647 1280 490
7209 2274 366 1270 500