168
4916 6766 466 1350 800
4995 6935 495 1350 800
4953 6951 530 1310 790
4918 6938 561 1350 790
4843 6818 616 1350 770
4740 6575 636 1320 750
4629 6251 664 1350 730
4520 5971 682 1330 710
4412 5659 700 1310 690
4306 5327 697 1280 680
4206 5043 696 1260 660
4114 4826 693 1250 650
4055 4654 646 1240 630
4017 4553 527 1230 620
4017 4519 358 1200 600
4646 6482 515 1110 550
4876 6800 524 1130 560
4886 6860 591 1130 560
4907 6837 671 1130 560
4933 6721 717 1150 550
4966 6542 742 1170 560
5002 6317 754 1180 560
5039 6088 768 1200 550
5074 5846 770 1220 560
5093 5596 779 1220 560
5102 5395 780 1220 560
5102 5223 770 1250 560
5094 5070 731 1230 560
5088 4972 637 1230 560
5094 4921 494 1220 570
5119 4901 338 1220 570
5156 4933 179 1200 570
5640 5928 253 1170 580
5912 6468 418 1170 580
5959 6593 614 1170 580
5964 6661 690 1170 580
5942 6668 728 1170 580
5909 6625 756 1170 580
5836 6548 782 1190 580
5736 6318 787 1190 580
5610 6054 790 1200 580
5475 5767 796 1210 580
5334 5512 793 1210 580
5203 5281 797 1210 580
5107 5067 762 1210 580
5035 4938 702 1210 580
5000 4865 568 1210 580
5000 4830 366 1210 580
5620 6280 472 1150 580
5915 6644 512 1150 580
5954 6680 636 1150 580
5935 6666 758 1150 580
5943 6618 790 1160 570
5954 6422 820 1170 580
5984 6234 830 1190 580
6025 6052 817 1190 580
6067 5858 827 1200 570
6094 5667 808 1200 570
6110 5486 771 1210 580
6104 5310 696 1230 580
6091 5129 545 1230 580
6072 4968 203 1230 580
7226 5535 334 1140 570
7362 5644 394 1140 570
7389 5722 414 1140 570
7405 5793 477 1160 570
7413 5863 497 1160 570
7408 5935 515 1170 580
7373 5992 548 1180 590
7319 6037 589 1210 590
7227 6032 633 1220 600
7111 5928 661 1220 600
6978 5758 700 1220 600
6848 5565 722 1230 610
6757 5370 737 1230 610
6691 5225 740 1230 610
6697 5115 736 1230 610
6748 5065 733 1240 620
6829 5056 717 1240 620
6917 5074 690 1240 620
7006 5130 669 1240 620
7100 5208 658 1230 620
7201 5300 643 1230 620
7314 5458 641 1230 620
7434 5592 639 1210 630
7542 5709 647 1210 630
7616 5798 650 1190 630
7667 5827 690 1190 630
7674 5815 730 1180 620
7666 5772 740 1190 630
7648 5678 749 1190 630
7628 5549 749 1190 630
7611 5454 746 1190 630
7600 5383 731 1190 630
7600 5328 681 1170 630
7615 5308 631 1170 630
7639 5316 550 1170 630
7690 5343 427 1170 630
7760 5424 267 1170 630
7868 5525 61 1170 630
7982 5640 46 1170 630
8091 5767 156 1170 630
8195 5860 363 1170 630
8270 5931 520 1170 630
8307 5931 673 1200 640
8318 5892 748 1200 640
8308 5818 779 1200 640
8281 5684 805 1200 640
8243 5550 822 1200 640
8208 5425 842 1200 640
8177 5308 849 1220 650
8155 5235 848 1220 650
8147 5207 836 1220 650
8147 5207 824 1220 650
8153 5223 788 1220 650
8160 5289 776 1230 650
8188 5390 737 1230 650
8228 5511 724 1230 650
8299 5635 721 1230 650
8393 5761 727 1230 650
8501 5836 733 1210 660
8597 5854 763 1210 660
8687 5835 771 1210 660
8774 5770 774 1210 660
8850 5701 777 1210 660
8916 5639 776 1230 650
8976 5583 760 1230 650
9018 5555 739 1230 650
9058 5555 693 1230 650
9097 5581 647 1230 650
9144 5640 606 1230 650
9194 5717 595 1230 650
9249 5805 605 1240 660
9290 5864 650 1240 660
9321 5869 733 1240 660
9346 5839 817 1240 660
9359 5744 867 1240 660
9365 5606 912 1240 660
9365 5440 951 1220 670
9376 5251 933 1240 670
9384 5095 944 1240 670
9411 4962 918 1240 670
9440 4900 882 1240 670
9472 4900 849 1240 670
9522 4933 803 1220 680
9585 5037 739 1220 680
9676 5181 687 1220 680
9779 5352 666 1220 680
9891 5513 670 1220 680
9991 5603 693 1190 680
10037 5646 757 1190 680
10048 5635 822 1180 700
10026 5557 863 1180 700
9949 5434 902 1180 700
9834 5239 958 1180 700
9679 4997 999 1180 700
9477 4725 1023 1160 700
9243 4430 1023 1160 700
8993 4070 1023 1160 700
8726 3667 1023 1130 710
8447 3315 1023 1110 710
8208 3023 1023 1110 710
8056 2770 1023 1070 700
7963 2654 1023 1040 700
7941 2622 1002 1010 710
7950 2646 930 960 710
7979 2670 832 930 710
8008 2751 642 900 700