181
4151 6942 702 1000 500
4248 6994 676 1020 490
4205 6979 676 1030 440
4094 6946 687 1040 390
3970 6727 694 1040 340
3836 6440 719 1020 300
3747 6109 727 1030 320
3633 5759 746 1030 340
3501 5459 760 1040 360
3406 5192 763 1050 380
3328 4966 760 1050 400
3261 4794 755 1060 420
3212 4657 730 1060 440
3190 4599 636 1060 460
3185 4592 568 1060 480
3212 4618 450 1070 500
3283 4723 376 1070 520
3383 4920 338 1080 540
3509 5178 335 1080 560
3658 5506 337 1090 570
3823 5846 364 1080 580
3947 6194 468 1090 590
4052 6497 554 1090 590
4144 6635 589 1090 590
4185 6664 641 1100 580
4214 6653 699 1100 580
4236 6547 737 1120 580
4274 6378 754 1120 580
4309 6156 765 1130 570
4323 5916 763 1140 570
4323 5663 767 1140 570
4300 5441 767 1150 580
4256 5237 763 1160 570
4198 5046 760 1160 570
4137 4905 749 1160 570
4083 4829 693 1160 570
4071 4796 613 1150 580
4085 4820 553 1150 580
4139 4933 464 1150 580
4238 5106 344 1130 580
4367 5359 270 1120 580
4503 5651 264 1120 580
4639 5969 320 1100 580
4743 6222 450 1100 580
4825 6378 562 1100 580
4843 6470 639 1110 590
4837 6465 652 1110 590
4814 6379 675 1130 590
4764 6239 699 1130 590
4686 6010 721 1130 590
4590 5769 737 1140 590
4483 5520 739 1140 590
4376 5280 737 1140 590
4274 5089 733 1140 590
4174 4931 721 1140 590
4112 4854 676 1140 590
4095 4841 594 1140 590
4107 4872 489 1140 590
4150 4982 353 1130 590
4238 5159 196 1130 590
4356 5381 98 1130 590
4486 5643 101 1110 590
4620 5903 252 1100 580
4756 6162 394 1090 590
4860 6255 497 1090 590
4942 6272 619 1080 580
5010 6238 699 1080 580
5077 6145 736 1090 570
5145 6002 767 1090 570
5198 5825 784 1110 570
5242 5649 790 1120 580
5258 5479 785 1120 580
5258 5313 773 1120 580
5238 5157 749 1120 580
5220 5036 697 1120 580
5206 4938 668 1130 590
5242 4911 644 1130 590
5309 4911 624 1130 590
5410 4936 589 1130 590
5541 5013 559 1130 590
5693 5123 524 1130 600
5845 5255 513 1120 600
5950 5410 513 1120 600
6023 5561 536 1100 600
6060 5702 592 1100 600
6060 5805 682 1100 600
6039 5884 721 1110 610
6010 5893 734 1110 610
5968 5853 736 1130 610
5918 5781 739 1130 610
5852 5655 751 1130 610
5777 5528 767 1140 610
5695 5402 777 1140 610
5638 5303 777 1140 610
5613 5219 768 1140 610
5613 5185 758 1140 610
5627 5168 722 1140 610
5663 5163 691 1140 610
5710 5196 670 1140 610
5785 5283 638 1140 610
5871 5406 606 1140 610
5964 5534 592 1130 610
6053 5658 594 1130 610
6115 5733 600 1130 610
6159 5777 638 1110 610
6171 5771 696 1110 610
6171 5710 722 1110 610
6171 5612 722 1110 610
6171 5492 719 1110 610
6171 5396 714 1110 610
6183 5315 705 1110 610
6203 5280 691 1110 610
6226 5275 665 1120 620
6251 5289 625 1120 620
6290 5344 595 1120 620
6348 5421 540 1120 620
6419 5514 494 1120 620
6491 5603 490 1120 620
6560 5689 492 1120 620
6610 5737 546 1120 620
6648 5760 628 1120 620
6666 5744 691 1120 620
6675 5689 716 1120 620
6675 5609 733 1120 620
6675 5512 753 1120 620
6661 5414 780 1120 620
6647 5332 793 1120 620
6640 5261 791 1120 620
6635 5235 779 1120 620
6635 5227 776 1120 620
6635 5232 758 1120 620
6635 5264 724 1120 620
6647 5338 700 1120 620
6681 5439 700 1120 620
6730 5542 696 1120 620
6805 5637 688 1120 620
6885 5707 670 1130 630
6962 5764 634 1130 630
7034 5805 589 1130 630
7111 5833 537 1130 630
7189 5853 498 1130 630
7270 5874 467 1160 640
7356 5904 473 1170 630
7441 5939 468 1170 630
7510 5972 541 1190 630
7570 5978 613 1190 630
7613 5967 711 1190 630
7639 5904 780 1210 630
7654 5786 832 1220 630
7654 5631 860 1220 630
7659 5477 882 1240 630
7659 5324 887 1240 630
7659 5174 884 1240 630
7659 5085 876 1240 630
7672 5033 848 1220 630
7684 5021 799 1220 630
7695 5033 761 1220 630
7729 5060 667 1200 640
7778 5145 527 1200 640
7869 5269 384 1200 650
7973 5419 317 1180 650
8086 5570 304 1180 650
8193 5693 394 1160 660
8267 5798 524 1160 660
8319 5821 652 1150 670
8319 5787 736 1150 670
8285 5716 784 1150 670
8220 5569 849 1150 670
8114 5356 893 1150 670
7952 5098 944 1150 670
7752 4770 959 1150 670
7500 4390 977 1150 670
7218 3975 980 1120 670
6915 3527 992 1120 670
6624 3134 988 1100 680
6383 2778 988 1080 680
6175 2530 985 1050 670
6051 2405 924 1020 680
6007 2363 788 990 670
6015 2377 581 950 670
6059 2467 55 920 660