ABCDE-012_345_678 399
	13454  8428    64  1070   450
	13528  8426   344  1070   460
	13462  8469   360  1070   460
	13463  8460   360  1070   460
	13466  8456   360  1080   470
	13471  8441   360  1080   470
	13480  8412   367  1080   480
	13491  8364   302  1080   480
	13497  8313   331  1070   480
	13500  8250   368  1070   480
	13502  8171   390  1080   490
	13501  8089   401  1080   490
	13504  7991   410  1080   490
	13507  7878   415  1080   490
	13506  7783   437  1080   490
	13507  7702   469  1070   490
	13504  7638   507  1070   490
	13501  7579   522  1070   490
	13494  7542   533  1070   490
	13487  7511   555  1070   500
	13485  7496   567  1060   500
	13485  7493   572  1060   500
	13486  7493   581  1060   500
	13486  7494   599  1060   500
	13489  7495   611  1050   500
	13489  7500   630  1050   500
	13489  7525   638  1050   500
	13490  7564   638  1030   500
	13495  7627   636  1030   500
	13506  7703   634  1030   500
	13510  7784   603  1030   500
	13518  7880   592  1030   500
	13523  7977   579  1050   500
	13533  8073   572  1050   500
	13546  8154   562  1050   500
	13570  8232   562  1050   500
	13594  8299   560  1050   500
	13620  8361   557  1060   500
	13643  8409   555  1060   500
	13668  8443   555  1060   500
	13685  8470   555  1060   500
	13697  8474   555  1070   500
	13699  8473   552  1070   500
	13700  8470   552  1070   500
	13706  8456   552  1080   500
	13715  8424   560  1080   500
	13723  8378   570  1080   500
	13735  8315   574  1080   500
	13739  8250   581  1080   500
	13742  8172   590  1080   500
	13739  8104   595  1090   500
	13737  8023   590  1090   500
	13733  7930   588  1090   500
	13727  7851   588  1100   500
	13723  7798   584  1100   500
	13719  7753   588  1090   500
	13712  7722   579  1090   500
	13710  7703   577  1090   500
	13713  7691   565  1090   500
	13716  7691   550  1090   500
	13718  7701   539  1090   500
	13725  7708   533  1090   500
	13729  7736   533  1090   500
	13737  7783   531  1080   510
	13755  7848   531  1080   510
	13773  7926   522  1080   510
	13791  7994   522  1080   510
	13809  8070   519  1080   510
	13825  8137   516  1080   510
	13847  8213   516  1080   510
	13869  8267   522  1080   510
	13889  8315   519  1080   510
	13905  8358   522  1080   510
	13919  8376   522  1090   500
	13925  8377   531  1090   500
	13922  8377   542  1090   500
	13923  8375   555  1100   510
	13925  8360   567  1100   510
	13923  8342   572  1110   510
	13926  8309   595  1110   510
	13927  8263   609  1110   510
	13923  8204   613  1110   510
	13916  8154   629  1110   510
	13919  8104   632  1110   510
	13914  8056   625  1110   510
	13914  8011   623  1110   510
	13911  7977   603  1110   510
	13916  7945   572  1110   510
	13923  7926   544  1110   510
	13930  7912   420  1110   510
	13935  7898   344  1110   510
	13948  7896   317  1110   510
	13950  7896    35  1120   520
	13958  7910    -1  1120   520
	13957  7928    -1  1120   520
	13982  7947    -1  1120   520
	13950  7978    -1  1100   520
	13945  8007    -1  1100   520
	13944  8025    -1  1100   520
	13950  8059    -1  1100   520
	13955  8088    -1  1110   530
	13968  8118    -1  1100   530
	14005  8140    -1  1100   530
	13997  8169    -1  1100   530
	14041  8198    -1  1100   530
	14047  8203    -1  1100   530
	14077  8246    -1  1100   530
	14097  8263    -1  1090   520
	14123  8268    -1  1080   520
	14152  8279    -1  1080   510
	14181  8268    -1  1080   510
	14203  8252    -1  1070   500
	14218  8236    -1  1070   490
	14232  8213    -1  1060   480
	14240  8181    -1  1070   480
	14247  8138    -1  1070   480
	14261  8104    -1  1070   470
	14256  8059    -1  1070   470
	14241  8040   401  1070   470
	14222  8026   522  1070   470
	14206  8012   539  1070   460
	14197  8005   536  1070   460
	14184  7991   550  1070   460
	14177  7991   590  1080   470
	14176  7991   641  1080   480
	14173  7991   656  1090   480
	14175  7991   668  1090   490
	14175  7991   672  1100   500
	14173  7991   672  1110   510
	14175  7992   668  1110   510
	14178  7991   658  1120   520
	14180  7992   641  1120   520
	14185  7994   595  1120   520
	14189  7996   552  1120   520
	14204  8007   446  1120   520
	14218  8023   344  1120   520
	14240  8040   352  1120   520
	14261  8059    75  1120   520
	14282  8089    -1  1120   520
	14302  8122    -1  1120   520
	14313  8156    -1  1120   520
	14325  8197    -1  1120   520
	14337  8233    -1  1120   520
	14356  8279    -1  1110   510
	14372  8329    -1  1110   510
	14389  8389    -1  1110   510
	14403  8439    -1  1120   510
	14413  8491    -1  1110   500
	14423  8540    -1  1130   500
	14435  8586    -1  1130   500
	14446  8620    -1  1140   500
	14458  8651    -1  1130   490
	14472  8679    -1  1130   490
	14480  8684    -1  1140   480
	14490  8694    -1  1140   480
	14495  8668    -1  1140   480
	14530  8678   437  1150   480
	14451  8698   516  1150   480
	14430  8697   533  1170   490
	14417  8693   557  1170   490
	14415  8683   601  1170   490
	14409  8683   632  1170   490
	14403  8683   638  1180   490
	14395  8681   645  1180   490
	14386  8678   650  1180   490
	14379  8666   653  1190   500
	14367  8663   653  1190   500
	14360  8650   651  1190   500
	14350  8645   650  1200   510
	14343  8631   645  1190   510
	14336  8620   643  1190   510
	14336  8618   638  1190   510
	14336  8619   611  1190   510
	14342  8619   565  1190   510
	14343  8618   533  1190   510
	14348  8618   513  1190   510
	14364  8617   500  1200   510
	14385  8613   494  1200   510
	14417  8603   507  1200   510
	14451  8600   507  1190   510
	14483  8588   513  1190   510
	14519  8584   513  1190   510
	14549  8570   519  1190   510
	14569  8565   519  1190   510
	14591  8539   525  1200   520
	14597  8524   542  1200   520
	14602  8506   560  1200   520
	14599  8471   577  1200   520
	14589  8428   592  1200   520
	14575  8393   609  1200   520
	14557  8357   636  1200   520
	14535  8316   641  1200   520
	14511  8283   645  1200   520
	14489  8252   648  1200   520
	14465  8232   650  1200   520
	14446  8214   653  1200   520
	14430  8202   653  1200   520
	14415  8199   651  1200   520
	14412  8199   645  1200   520
	14409  8202   590  1200   520
	14407  8214   525  1200   520
	14404  8230   368  1200   520
	14407  8250   352  1200   520
	14420  8279   249  1180   530
	14441  8309     0  1180   530
	14469  8330    -1  1180   530
	14500  8359    -1  1180   530
	14531  8379    -1  1180   530
	14562  8395    -1  1180   530
	14590  8409    -1  1180   530
	14613  8406    -1  1180   530
	14633  8394    -1  1180   530
	14638  8376    -1  1180   530
	14644  8345    -1  1180   530
	14649  8312    -1  1180   530
	14646  8266    -1  1180   530
	14640  8215    -1  1180   530
	14635  8152    -1  1180   530
	14626  8092    -1  1170   530
	14619  8028    -1  1170   530
	14606  7974    -1  1170   530
	14593  7897    -1  1170   530
	14575  7832    -1  1170   530
	14558  7771    -1  1180   530
	14539  7721    -1  1180   530
	14526  7673    -1  1180   530
	14510  7626    -1  1170   530
	14496  7594    -1  1170   530
	14489  7575    -1  1170   530
	14483  7559    -1  1170   530
	14483  7558    -1  1170   530
	14486  7563    -1  1170   530
	14490  7589    -1  1170   530
	14497  7611    -1  1170   530
	14506  7655    -1  1180   530
	14520  7692    -1  1180   530
	14537  7749    -1  1200   520
	14558  7803    -1  1200   520
	14586  7866    -1  1200   520
	14611  7942    -1  1180   530
	14639  8021    -1  1180   530
	14666  8089    -1  1180   530
	14701  8151    -1  1180   530
	14733  8202    -1  1180   530
	14769  8247    -1  1180   530
	14802  8281    -1  1190   530
	14830  8310    -1  1190   530
	14848  8326   275  1190   530
	14847  8331   360  1190   530
	14843  8329   294  1190   530
	14836  8314   302  1190   530
	14833  8293   324  1190   530
	14830  8261   331  1200   540
	14829  8204   338  1200   540
	14824  8152   350  1200   540
	14813  8088   374  1200   540
	14798  8009   390  1200   540
	14785  7925   390  1210   550
	14773  7819   401  1230   550
	14753  7719   405  1230   550
	14735  7605   410  1210   550
	14711  7482   415  1210   550
	14686  7365   410  1210   550
	14671  7257   410  1210   550
	14661  7189   410  1210   550
	14660  7147   410  1200   550
	14672  7132   405  1210   560
	14686  7130   395  1210   560
	14710  7130   390  1190   560
	14730  7142   385  1190   560
	14756  7159   385  1190   560
	14789  7194   390  1180   570
	14820  7255   390  1180   570
	14850  7321   390  1160   570
	14882  7402   401  1160   570
	14909  7493   401  1160   560
	14938  7580   401  1140   570
	14954  7674   401  1140   570
	14969  7771   405  1160   560
	14976  7877   405  1160   560
	14970  7980   410  1160   560
	14956  8086   410  1160   560
	14933  8170   410  1160   560
	14905  8246   410  1170   560
	14863  8295   410  1170   560
	14821  8326   437  1170   560
	14776  8332   462  1180   560
	14727  8327   469  1180   560
	14672  8310   454  1200   550
	14613  8266   446  1200   550
	14548  8220   446  1210   550
	14486  8165   429  1210   550
	14425  8085   437  1210   550
	14349  7979   420  1210   550
	14280  7864   415  1230   550
	14202  7752   420  1230   550
	14112  7637   437  1220   540
	14026  7516   462  1220   540
	13956  7404   500  1220   540
	13907  7305   513  1220   540
	13871  7240   513  1220   540
	13866  7207   494  1200   540
	13874  7196   410  1200   540
	13898  7208   410  1200   540
	13944  7237   410  1190   540
	14007  7291   405  1190   540
	14090  7381   401  1170   550
	14196  7493   385  1170   550
	14303  7612   395  1170   540
	14413  7751   390  1170   540
	14542  7898   385  1170   540
	14683  8056   380  1150   540
	14804  8187   385  1150   540
	14899  8296   385  1150   540
	14978  8379   390  1160   550
	15025  8439   401  1170   550
	15048  8472   410  1170   550
	15053  8486   519  1170   550
	15044  8476   552  1170   550
	15032  8474   560  1190   540
	15014  8471   567  1190   540
	14992  8458   567  1200   550
	14963  8428   560  1210   550
	14929  8396   542  1210   550
	14886  8361   531  1210   550
	14841  8326   410  1210   550
	14803  8293   395  1210   550
	14779  8265   350  1220   560
	14778  8262   360  1210   550
	14794  8264   317  1210   550
	14820  8283   218  1230   550
	14854  8315     0  1230   550
	14890  8357    -1  1230   550
	14924  8389    -1  1210   550
	14949  8411    -1  1210   550
	14969  8437     0  1210   550
	14977  8444   201  1210   550
	14979  8454   297  1210   550
	14973  8444   344  1210   550
	14963  8440   367  1210   550
	14949  8437   302  1210   550
	14937  8425   324  1210   550
	14924  8421   324  1210   550
	14917  8408   317  1210   550
	14914  8396   294  1210   550
	14916  8396   344  1210   550
	14928  8396   317  1210   550
	14954  8405   297  1210   550
	14988  8406   275  1210   550
	15027  8412   234  1240   550
	15073  8425   182  1220   560
	15122  8441   160  1220   560
	15172  8455   160  1220   560
	15216  8459   160  1220   560
	15250  8470   182  1220   560
	15266  8460   234  1220   560
	15277  8454   286  1220   560
	15281  8443   336  1220   560
	15279  8437   269  1220   560
	15278  8424   317  1240   550
	15277  8411   344  1240   550
	15275  8410   368  1240   550
	15278  8409   380  1240   550
	15281  8411   385  1240   550
	15287  8421   385  1240   550
	15300  8425   385  1230   550
	15320  8437   385  1230   550
	15347  8454   385  1230   550
	15373  8472   385  1230   550
	15405  8487   385  1230   550
	15434  8492   385  1230   550
	15455  8502   385  1240   550
	15468  8501   385  1240   550
	15477  8501   390  1240   550
	15479  8490   395  1240   550
	15481  8488   405  1240   550
	15481  8485   410  1240   550
	15481  8475   410  1240   550
	15482  8472   415  1240   550
	15483  8472   420  1240   550
	15488  8471   446  1240   550
	15493  8472   513  1250   560
	15499  8475   531  1250   560
	15516  8485   550  1250   560
	15531  8491   562  1250   560
	15547  8517   570  1250   560
	15568  8534   577  1250   560
	15586  8551   579  1250   560
	15599  8566   581  1260   560
	15601  8570   581  1260   560
	15603  8571   581  1260   560
	15600  8571   574  1260   560
	15599  8569   560  1260   560
	15597  8568   533  1260   560
	15594  8565   410  1260   560
	15584  8552   374  1260   560
	15581  8540   317  1260   560
	15574  8534   327  1260   560
	15573  8523   136  1260   560
