ABCDE-012_345_678 349
	13363 11498     0  1340   600
	13361 11483     0  1340   600
	13355 11468    35  1340   600
	13351 11461   108  1320   600
	13349 11446   160  1320   600
	13347 11432   218  1320   600
	13349 11418   249  1320   600
	13349 11413   286  1340   610
	13352 11398   308  1340   610
	13358 11388   327  1340   610
	13363 11384   344  1340   610
	13366 11384   360  1340   610
	13372 11386   286  1340   610
	13376 11386   324  1340   610
	13382 11397   357  1340   610
	13393 11413   385  1340   610
	13406 11429   401  1340   610
	13420 11450   415  1340   610
	13437 11495   462  1340   610
	13459 11542   519  1340   610
	13485 11594   525  1340   610
	13508 11657   528  1340   610
	13542 11723   531  1340   610
	13575 11798   533  1340   610
	13611 11867   539  1340   610
	13650 11947   533  1340   610
	13690 12041   533  1350   620
	13733 12138   539  1350   620
	13773 12235   531  1360   610
	13811 12316   531  1360   610
	13845 12395   533  1360   610
	13872 12473   536  1360   610
	13897 12537   536  1360   610
	13914 12600   533  1360   610
	13926 12652   533  1360   610
	13941 12709   536  1380   600
	13947 12743   536  1390   610
	13956 12778   533  1390   610
	13964 12808   533  1390   610
	13968 12827   533  1390   610
	13970 12842   533  1390   610
	13968 12854   539  1390   610
	13966 12854   542  1390   610
	13965 12853   542  1390   610
	13962 12844   542  1390   610
	13961 12841   542  1390   610
	13959 12837   539  1390   610
	13958 12822   542  1410   600
	13957 12795   542  1410   600
	13945 12761   542  1410   600
	13938 12714   542  1410   600
	13929 12661   542  1410   600
	13920 12588   542  1410   600
	13913 12522   542  1390   610
	13905 12458   542  1390   610
	13898 12391   542  1390   610
	13897 12325   542  1390   610
	13890 12249   544  1390   610
	13889 12184   544  1390   610
	13888 12107   544  1390   610
	13888 12028   542  1390   610
	13888 11973   539  1390   610
	13895 11912   539  1380   610
	13899 11864   539  1380   610
	13910 11819   539  1380   610
	13915 11798   536  1380   610
	13932 11768   533  1380   610
	13940 11752   533  1380   610
	13953 11738   531  1380   610
	13961 11735   528  1380   610
	13971 11733   528  1370   620
	13983 11734   525  1370   620
	13990 11739   525  1380   630
	14003 11754   528  1370   620
	14018 11781   531  1370   620
	14036 11814   531  1380   630
	14058 11863   528  1380   630
	14081 11914   531  1380   630
	14108 11979   528  1380   630
	14138 12057   528  1380   630
	14172 12139   522  1380   630
	14207 12232   525  1380   630
	14239 12314   528  1380   630
	14268 12395   525  1370   620
	14301 12485   513  1370   620
	14332 12567   513  1370   620
	14360 12650   513  1370   620
	14390 12727   513  1380   610
	14414 12780   516  1380   610
	14429 12827   513  1360   610
	14440 12869   516  1360   610
	14448 12891   519  1380   600
	14454 12907   522  1380   600
	14461 12921   522  1380   600
	14462 12923   525  1380   600
	14457 12923   525  1390   600
	14456 12921   522  1390   600
	14455 12919   522  1390   600
	14451 12907   522  1390   600
	14447 12889   522  1390   600
	14439 12860   522  1410   590
	14431 12827   522  1410   590
	14425 12789   525  1410   590
	14417 12732   528  1410   590
	14413 12668   533  1410   590
	14411 12600   536  1390   600
	14404 12521   542  1390   600
	14396 12439   542  1390   600
	14391 12345   542  1390   600
	14384 12251   544  1390   600
	14378 12155   547  1390   600
	14371 12059   544  1380   600
	14367 11976   544  1380   600
	14370 11897   542  1380   600
	14372 11829   539  1380   600
	14376 11768   542  1360   610
	14387 11718   539  1360   610
	14395 11671   533  1360   610
	14405 11637   531  1360   610
	14422 11596   516  1350   620
	14434 11577   454  1350   620
	14445 11559   405  1350   620
	14460 11546   374  1350   620
	14469 11545   302  1350   620
	14477 11545   336  1330   620
	14482 11558   275  1330   620
	14487 11576    75  1330   620
	14485 11612    -1  1330   620
	14478 11673    -1  1330   620
	14469 11723    -1  1330   620
	14462 11784    -1  1330   620
	14453 11832    -1  1350   620
	14447 11884    -1  1350   620
	14439 11942    -1  1340   610
	14428 11992    -1  1350   600
	14415 12053    -1  1350   600
	14399 12106    -1  1350   600
	14380 12166    -1  1350   600
	14357 12214    -1  1340   600
	14333 12250    -1  1350   590
	14304 12294    -1  1350   590
	14271 12327    -1  1340   580
	14233 12358    -1  1340   580
	14192 12380    -1  1320   580
	14142 12409    -1  1320   580
	14091 12438    -1  1320   580
	14036 12453    -1  1320   580
	13977 12470    -1  1340   580
	13921 12485    -1  1340   580
	13853 12491    -1  1340   580
	13790 12504    -1  1340   580
	13719 12506    -1  1320   590
	13641 12507    -1  1340   580
	13564 12517    -1  1350   590
	13483 12507    -1  1350   590
	13399 12504    -1  1350   590
	13321 12492    -1  1350   590
	13240 12489    -1  1350   590
	13164 12476    -1  1350   590
	13079 12472    -1  1360   600
	13009 12471    -1  1360   600
	12948 12460    -1  1360   600
	12898 12459    64  1360   600
	12856 12470   308  1350   590
	12819 12475   327  1350   590
	12792 12489   336  1350   590
	12777 12501   344  1350   590
	12772 12506   344  1350   590
	12776 12520   344  1360   580
	12790 12524   344  1360   580
	12811 12549   352  1380   590
	12843 12565   352  1380   590
	12886 12584   360  1380   590
	12938 12603   367  1390   600
	13004 12630   286  1390   600
	13083 12652   310  1390   600
	13177 12681   324  1390   600
	13267 12710   344  1390   600
	13367 12732   368  1390   600
	13477 12760   390  1390   600
	13599 12776   395  1410   600
	13726 12796   401  1410   600
	13857 12821   401  1410   600
	13981 12838   415  1410   600
	14110 12839   410  1410   600
	14243 12840   410  1420   610
	14349 12840   410  1440   600
	14466 12838   410  1440   600
	14574 12824   410  1440   600
	14682 12807   405  1440   600
	14779 12780   405  1440   600
	14864 12762   405  1440   600
	14935 12732   401  1440   600
	14999 12711   390  1450   600
	15056 12682   390  1450   600
	15098 12652   390  1450   600
	15128 12619   390  1450   600
	15150 12598   390  1460   620
	15161 12570   390  1460   620
	15168 12538   390  1460   620
	15160 12517   395  1460   620
	15141 12475   401  1460   620
	15113 12439   401  1460   620
	15073 12395   401  1440   620
	15021 12359   405  1440   620
	14958 12316   405  1440   620
	14881 12279   410  1440   620
	14797 12236   410  1440   620
	14701 12199   420  1440   620
	14591 12153   420  1440   620
	14485 12107   415  1440   620
	14376 12070   420  1430   630
	14263 12024   494  1440   620
	14142 11979   454  1430   620
	14015 11945   454  1430   620
	13897 11909   519  1430   620
	13785 11867   516  1430   620
	13669 11835   513  1430   620
	13555 11802   522  1410   610
	13456 11771   525  1410   610
	13370 11750   522  1410   610
	13296 11722   528  1410   610
	13237 11704   528  1390   610
	13185 11686   531  1390   610
	13143 11669   528  1390   610
	13117 11654   531  1390   610
	13104 11641   528  1390   610
	13107 11637   525  1390   610
	13110 11628   522  1390   610
	13127 11625   519  1390   610
	13160 11621   522  1390   610
	13199 11612   525  1380   600
	13251 11611   525  1380   600
	13317 11624   531  1380   600
	13392 11628   533  1380   600
	13482 11640   539  1380   600
	13579 11656   547  1380   600
	13694 11671   550  1390   610
	13822 11687   555  1390   610
	13953 11705   560  1390   610
	14095 11720   565  1390   610
	14250 11737   567  1410   610
	14394 11752   577  1410   610
	14546 11769   590  1410   610
	14721 11782   605  1410   610
	14893 11797   615  1410   610
	15057 11801   619  1410   610
	15242 11815   615  1430   620
	15408 11820   621  1430   620
	15580 11832   623  1430   620
	15754 11836   621  1430   620
	15922 11850   621  1430   620
	16090 11863   619  1430   620
	16261 11866   611  1440   620
	16413 11881   611  1440   620
	16562 11895   603  1430   620
	16704 11909   599  1430   620
	16838 11912   579  1440   620
	16959 11916   577  1440   620
	17068 11927   562  1440   620
	17157 11932   552  1440   620
	17237 11943   531  1460   620
	17310 11947   420  1460   620
	17363 11958   390  1460   620
	17397 11959   338  1460   620
	17422 11961   360  1460   620
	17428 11963   308  1460   620
	17420 11974   160  1460   620
	17392 11976    64  1450   600
	17348 11990    -1  1450   600
	17285 11994    -1  1450   600
	17207 12007    -1  1450   600
	17116 12010    -1  1450   600
	17022 12022    -1  1450   600
	16912 12025    -1  1460   600
	16791 12038    -1  1460   600
	16661 12042    -1  1450   590
	16524 12055    -1  1460   580
	16384 12060    -1  1460   580
	16228 12072    -1  1460   580
	16063 12085    -1  1470   580
	15906 12087    -1  1470   580
	15744 12101    -1  1470   580
	15574 12106    -1  1470   580
	15411 12119    -1  1460   570
	15250 12133    -1  1440   580
	15074 12140    -1  1440   580
	14911 12156    -1  1440   580
	14759 12172    -1  1420   580
	14607 12197    -1  1420   580
	14469 12214    -1  1420   580
	14346 12236    -1  1390   580
	14229 12261    -1  1390   580
	14121 12279    -1  1390   580
	14023 12296    -1  1380   590
	13946 12311    -1  1380   590
	13885 12316    -1  1380   590
	13836 12332    -1  1360   600
	13804 12346    -1  1360   600
	13789 12361    -1  1360   600
	13786 12379   327  1390   600
	13787 12405   344  1390   600
	13807 12423   344  1390   600
	13841 12439   336  1410   590
	13898 12457   336  1420   590
	13969 12487   336  1420   590
	14059 12508   344  1420   590
	14167 12535   344  1450   590
	14280 12555   360  1450   590
	14403 12582   367  1450   590
	14534 12602   269  1450   590
	14684 12616   310  1450   590
	14832 12620   324  1450   590
	14981 12629   338  1450   590
	15140 12631   350  1450   590
	15303 12632   357  1450   590
	15441 12620   363  1450   590
	15583 12616   363  1460   600
	15722 12601   363  1460   600
	15861 12583   363  1460   600
	15980 12569   363  1460   600
	16086 12552   363  1450   600
	16191 12534   363  1450   600
	16294 12505   368  1470   610
	16368 12476   368  1470   610
	16441 12444   374  1470   610
	16508 12411   380  1470   610
	16561 12389   390  1470   610
	16612 12348   401  1470   610
	16652 12315   410  1470   610
	16684 12280   446  1470   610
	16705 12246   507  1470   610
	16725 12202   525  1460   620
	16739 12165   542  1460   620
	16749 12106   550  1460   620
	16749 12059   557  1460   620
	16746 12011   567  1440   610
	16748 11974   590  1440   610
	16742 11927   609  1440   610
	16736 11893   619  1440   610
	16733 11852   621  1440   610
	16728 11830   623  1440   610
	16726 11799   619  1440   610
	16722 11771   603  1440   610
	16724 11753   577  1440   610
	16724 11736   544  1440   610
	16731 11721   410  1440   610
	16744 11708   278  1440   610
	16762 11707   218  1440   610
