ABCDE-012_345_678 316
	20466 15094    35  1340   550
	20467 15098   327  1350   550
	20469 15111   352  1350   550
	20472 15116   352  1350   550
	20480 15141   352  1360   550
	20501 15160   367  1380   550
	20517 15194   317  1380   550
	20544 15237   338  1380   550
	20571 15276   357  1380   550
	20604 15333   380  1400   550
	20642 15384   390  1400   550
	20679 15446   410  1400   560
	20718 15499   500  1400   560
	20756 15561   513  1400   560
	20792 15625   525  1400   580
	20836 15702   528  1400   580
	20876 15769   533  1400   580
	20919 15846   533  1420   580
	20962 15913   544  1420   580
	21005 15977   550  1420   580
	21038 16041   552  1420   580
	21068 16103   552  1430   590
	21093 16153   555  1430   590
	21116 16202   560  1430   590
	21134 16247   560  1430   590
	21143 16282   560  1450   590
	21152 16311   560  1450   590
	21158 16329   560  1450   590
	21162 16341   562  1450   590
	21165 16343   562  1450   590
	21163 16342   557  1450   590
	21162 16342   555  1450   590
	21161 16330   550  1460   600
	21160 16316   550  1450   600
	21158 16298   547  1450   600
	21151 16264   544  1450   600
	21142 16219   544  1450   600
	21132 16172   544  1450   600
	21124 16133   544  1450   600
	21117 16074   547  1450   600
	21109 16022   550  1450   600
	21103 15958   550  1450   600
	21098 15897   550  1450   600
	21092 15830   550  1440   600
	21091 15765   552  1450   590
	21086 15691   552  1450   590
	21086 15627   552  1450   590
	21083 15573   552  1450   590
	21087 15512   550  1450   590
	21088 15462   550  1450   590
	21094 15419   550  1450   590
	21105 15383   550  1450   590
	21116 15356   550  1450   590
	21133 15336   547  1450   590
	21145 15324   542  1440   600
	21153 15323   542  1440   600
	21165 15324   542  1440   600
	21178 15337   542  1440   600
	21193 15351   544  1440   600
	21209 15382   547  1440   600
	21232 15416   550  1440   600
	21253 15465   550  1440   600
	21283 15525   555  1420   610
	21312 15591   552  1420   610
	21339 15657   550  1420   610
	21369 15736   550  1440   610
	21403 15814   552  1450   600
	21436 15894   552  1450   600
	21468 15964   550  1450   600
	21503 16042   555  1450   600
	21538 16124   550  1450   600
	21574 16204   552  1450   600
	21604 16284   544  1450   600
	21633 16363   547  1450   600
	21655 16427   544  1450   600
	21674 16486   550  1460   600
	21686 16533   552  1460   600
	21695 16571   552  1450   600
	21700 16603   550  1450   600
	21705 16633   552  1460   600
	21706 16651   555  1460   600
	21704 16666   557  1440   600
	21701 16680   560  1440   600
	21699 16678   560  1440   600
	21696 16677   560  1440   600
	21696 16666   557  1450   600
	21693 16663   555  1450   600
	21694 16645   552  1450   600
	21691 16616   555  1450   600
	21683 16582   555  1450   600
	21680 16537   555  1450   600
	21673 16487   555  1450   600
	21664 16427   552  1450   600
	21655 16373   552  1450   600
	21647 16310   552  1450   600
	21638 16232   552  1450   600
	21626 16156   552  1450   600
	21615 16089   552  1450   600
	21601 16021   552  1440   600
	21589 15948   552  1440   600
	21582 15883   552  1440   600
	21571 15820   550  1440   600
	21569 15765   547  1440   600
	21564 15705   539  1440   600
	21564 15657   536  1440   600
	21569 15622   525  1420   590
	21574 15591   494  1420   590
	21580 15563   410  1420   590
	21585 15546   374  1420   590
	21590 15532   317  1420   590
	21598 15529   352  1420   590
	21600 15529   297  1410   600
	21605 15532   218  1410   600
	21603 15547     0  1410   600
	21607 15577    -1  1410   600
	21605 15611    -1  1410   600
	21603 15656    -1  1410   600
	21596 15692    -1  1410   600
	21584 15736    -1  1390   600
	21570 15781    -1  1390   600
	21551 15819    -1  1390   600
	21524 15862    -1  1390   600
	21496 15898    -1  1390   600
	21453 15930    -1  1410   590
	21405 15963    -1  1410   590
	21349 15994    -1  1410   590
	21288 16025    -1  1420   580
	21221 16053    -1  1420   580
	21153 16074    -1  1430   570
	21078 16091    -1  1430   570
	20997 16117    -1  1440   570
	20913 16123    -1  1450   560
	20820 16138    -1  1450   560
	20729 16140    -1  1460   550
	20635 16149    -1  1450   550
	20543 16140    -1  1460   540
	20451 16137    -1  1460   540
	20353 16134    -1  1460   540
	20266 16120    -1  1460   540
	20186 16117    -1  1480   540
	20124 16105    -1  1460   540
	20068 16103    64  1460   540
	20019 16101   275  1460   540
	19978 16106   286  1460   540
	19950 16122   286  1450   550
	19937 16136   367  1440   540
	19934 16150   360  1450   550
	19947 16165   360  1440   560
	19974 16183   360  1440   560
	20012 16213   367  1430   560
	20063 16236   278  1440   570
	20121 16279   294  1430   570
	20192 16312   317  1440   580
	20279 16344   338  1430   590
	20384 16378   357  1430   590
	20501 16421   368  1430   590
	20608 16453   390  1430   590
	20727 16474   405  1430   590
	20854 16503   420  1450   590
	20989 16522   462  1440   600
	21124 16540   494  1440   600
	21253 16553   500  1450   600
	21380 16556   513  1450   600
	21514 16556   513  1450   600
	21618 16554   513  1450   600
	21719 16549   480  1470   610
	21806 16535   480  1470   610
	21887 16517   469  1470   610
	21961 16491   469  1470   610
	22021 16469   454  1480   610
	22069 16443   462  1480   610
	22103 16422   446  1480   610
	22129 16395   429  1480   610
	22143 16375   429  1480   610
	22145 16346   446  1500   620
	22143 16315   462  1490   630
	22128 16284   480  1490   630
	22098 16250   500  1500   620
	22059 16216   516  1500   620
	22005 16172   513  1500   620
	21930 16135   522  1500   620
	21847 16092   522  1500   620
	21757 16058   525  1500   620
	21662 16024   525  1500   620
	21557 15980   525  1480   610
	21442 15945   522  1480   610
	21323 15909   525  1500   600
	21206 15868   516  1500   600
	21093 15833   507  1500   600
	20970 15800   513  1500   600
	20841 15766   494  1480   600
	20722 15722   454  1480   600
	20610 15689   480  1460   600
	20505 15659   513  1450   600
	20403 15638   507  1450   600
	20307 15611   469  1440   600
	20219 15593   487  1420   610
	20157 15578   513  1420   610
	20104 15573   513  1420   610
	20067 15561   500  1420   610
	20047 15559   516  1410   600
	20036 15557   516  1410   600
	20039 15548   513  1390   610
	20050 15557   513  1390   610
	20067 15557   507  1390   610
	20106 15558   513  1390   610
	20150 15559   516  1390   610
	20213 15562   519  1390   610
	20289 15576   525  1390   610
	20382 15589   531  1390   610
	20498 15594   533  1410   600
	20607 15608   544  1410   600
	20731 15623   555  1410   600
	20873 15639   565  1420   610
	21032 15656   574  1420   610
	21191 15670   584  1420   610
	21356 15685   592  1420   610
	21534 15692   613  1440   610
	21689 15705   629  1440   610
	21857 15718   632  1440   610
	22033 15722   636  1460   620
	22200 15735   636  1460   620
	22364 15749   636  1460   620
	22535 15752   632  1470   620
	22679 15766   632  1470   620
	22821 15772   630  1470   620
	22964 15786   629  1470   620
	23103 15799   623  1470   620
	23228 15813   603  1500   620
	23335 15819   574  1500   620
	23441 15833   567  1500   620
	23536 15845   560  1500   620
	23612 15848   539  1500   620
	23673 15852   480  1500   620
	23721 15863   401  1500   620
	23751 15865   368  1510   610
	23770 15877   286  1510   610
	23777 15880   336  1500   600
	23769 15883   286  1500   600
	23744 15896   160  1500   600
	23704 15909    -1  1500   600
	23650 15915    -1  1500   600
	23580 15930    -1  1500   600
	23490 15944    -1  1510   600
	23389 15960    -1  1510   600
	23282 15976    -1  1490   590
	23167 15991    -1  1490   590
	23033 16007    -1  1500   580
	22887 16024    -1  1500   580
	22739 16042    -1  1500   580
	22578 16059    -1  1510   580
	22400 16075    -1  1510   580
	22218 16101    -1  1510   580
	22042 16118    -1  1520   570
	21858 16122    -1  1510   560
	21681 16138    -1  1520   560
	21515 16153    -1  1520   560
	21334 16166    -1  1530   550
	21179 16172    -1  1530   550
	21042 16185    -1  1520   540
	20916 16199    -1  1520   540
	20796 16202    -1  1520   540
	20702 16203    -1  1520   530
	20623 16203    -1  1520   530
	20559 16202    -1  1520   530
	20511 16201    -1  1510   530
	20477 16200    75  1510   530
	20463 16213   352  1510   530
	20456 16229   352  1490   530
	20464 16245   344  1480   540
	20497 16250   336  1480   540
	20549 16266   327  1470   550
	20621 16294   336  1480   560
	20706 16314   344  1460   550
	20811 16332   352  1450   560
	20929 16359   367  1460   570
	21064 16374   278  1460   570
	21196 16379   286  1440   580
	21342 16394   302  1440   580
	21504 16407   331  1450   590
	21645 16409   344  1450   590
	21791 16410   368  1460   600
	21937 16410   374  1460   600
	22094 16408   380  1470   610
	22228 16405   380  1470   610
	22354 16380   380  1470   610
	22481 16364   380  1460   620
	22592 16357   380  1470   620
	22684 16330   385  1470   620
	22765 16310   385  1490   630
	22846 16280   385  1490   630
	22917 16251   385  1500   620
	22981 16219   390  1500   620
	23031 16188   390  1500   620
	23069 16166   390  1500   620
	23100 16134   395  1500   620
	23124 16107   405  1510   610
	23138 16086   410  1510   610
	23148 16057   437  1510   610
	23156 16027   516  1510   610
	23163 16005   525  1510   610
	23163 15973   539  1520   600
	23163 15929   550  1520   600
	23160 15897   557  1520   600
	23155 15864   562  1520   600
	23152 15832   567  1520   600
	23146 15798   572  1520   600
	23145 15765   570  1520   600
	23142 15735   572  1520   600
	23142 15704   570  1510   610
	23145 15676   557  1510   610
	23150 15644   542  1510   610
	23163 15626   513  1510   610
	23182 15610   380  1510   610
	23208 15594   360  1500   620
	23242 15589   182  1500   620
