ABCDE-012_345_678 540
	20958 15194    64  2070   530
	20958 15192     0  2080   540
	20958 15191   160  2080   540
	20960 15189   218  2080   540
	20958 15177   262  2090   540
	20958 15173   286  2090   540
	20955 15162   308  2100   550
	20955 15158   317  2100   550
	20954 15142   336  2100   550
	20950 15130   336  2080   560
	20946 15115   336  2090   560
	20939 15099   344  2090   560
	20935 15084   352  2090   560
	20928 15068   352  2090   560
	20917 15051   352  2090   560
	20910 15035   360  2100   570
	20900 15019   360  2100   570
	20893 14999   360  2100   570
	20882 14981   367  2100   570
	20874 14956   367  2100   570
	20862 14937   269  2100   570
	20854 14918   269  2120   570
	20846 14892   269  2130   580
	20839 14874   269  2130   580
	20828 14844   278  2130   580
	20822 14824   278  2130   580
	20815 14795   278  2140   580
	20810 14776   278  2140   580
	20804 14746   278  2140   580
	20801 14715   278  2140   580
	20801 14694   278  2140   580
	20798 14664   278  2150   590
	20796 14636   278  2150   590
	20796 14613   269  2150   590
	20796 14585   367  2150   590
	20797 14556   360  2150   590
	20798 14537   360  2160   600
	20794 14517   352  2160   600
	20795 14490   352  2160   600
	20797 14471   336  2160   600
	20796 14453   327  2180   610
	20799 14427   317  2180   610
	20796 14411   308  2180   610
	20797 14395   297  2180   610
	20794 14380   297  2180   610
	20793 14374   286  2180   610
	20791 14360   286  2180   610
	20785 14348   286  2190   610
	20787 14343   286  2190   610
	20782 14329   286  2190   610
	20782 14315   286  2190   610
	20782 14312   286  2190   610
	20782 14309   286  2190   610
	20780 14299   297  2190   610
	20776 14295   297  2190   610
	20776 14294   308  2190   610
	20779 14284   327  2190   610
	20778 14283   336  2190   610
	20779 14284   344  2190   610
	20783 14283   352  2190   610
	20784 14283   360  2190   610
	20791 14293   367  2190   610
	20794 14293   286  2190   610
	20800 14294   302  2190   610
	20811 14296   310  2190   610
	20818 14298   317  2190   610
	20831 14299   357  2190   610
	20841 14309   363  2190   610
	20854 14313   363  2190   610
	20869 14316   380  2190   610
	20887 14328   390  2190   610
	20900 14332   385  2190   610
	20917 14346   390  2190   610
	20937 14360   401  2190   610
	20954 14375   390  2190   610
	20970 14390   401  2190   610
	20993 14405   401  2190   610
	21009 14422   405  2190   610
	21028 14440   401  2190   610
	21046 14457   401  2190   610
	21064 14485   405  2210   610
	21083 14505   410  2190   600
	21100 14535   405  2190   600
	21119 14565   415  2190   600
	21133 14586   429  2190   600
	21156 14614   433  2190   600
	21173 14646   450  2190   600
	21191 14677   458  2190   600
	21207 14699   476  2180   590
	21226 14730   480  2180   590
	21244 14762   490  2190   590
	21261 14791   500  2190   590
	21279 14812   504  2190   590
	21296 14842   519  2190   590
	21309 14869   536  2180   580
	21325 14890   574  2180   580
	21337 14908   590  2180   580
	21350 14933   590  2180   580
	21365 14951   595  2180   580
	21376 14967   599  2170   570
	21383 14984   599  2170   570
	21390 14999   605  2170   570
	21398 15013   609  2170   570
	21405 15019   609  2170   570
	21408 15033   613  2160   570
	21415 15045   617  2160   570
	21418 15050   619  2160   570
	21423 15063   619  2160   570
	21423 15077   619  2160   570
	21425 15083   619  2160   570
	21427 15095   619  2150   560
	21427 15098   621  2150   560
	21429 15110   623  2150   560
	21430 15115   621  2150   560
	21430 15129   623  2150   560
	21430 15143   621  2150   560
	21429 15147   623  2150   560
	21432 15160   623  2150   560
	21427 15174   623  2150   560
	21425 15177   625  2150   560
	21423 15189   625  2140   550
	21418 15189   627  2140   550
	21414 15194   627  2140   550
	21409 15206   625  2140   550
	21403 15209   625  2140   550
	21400 15210   627  2140   550
	21398 15211   627  2140   550
	21396 15211   627  2140   550
	21391 15212   627  2140   550
	21387 15212   627  2140   550
	21385 15211   627  2140   550
	21381 15212   625  2140   550
	21377 15211   625  2140   550
	21375 15209   625  2140   550
	21368 15208   623  2140   550
	21363 15206   623  2140   550
	21356 15195   623  2140   550
	21351 15193   623  2140   550
	21341 15189   621  2140   550
	21329 15177   621  2140   550
	21320 15162   621  2140   550
	21312 15148   621  2140   550
	21304 15141   621  2140   550
	21298 15126   619  2140   550
	21288 15114   619  2140   550
	21285 15109   619  2140   550
	21279 15094   619  2140   550
	21275 15079   619  2140   550
	21268 15066   619  2140   550
	21263 15052   619  2140   550
	21261 15047   619  2150   560
	21256 15032   619  2150   560
	21254 15017   619  2150   560
	21253 15003   619  2150   560
	21249 14998   619  2150   560
	21251 14986   619  2150   560
	21249 14981   619  2150   560
	21245 14968   619  2150   560
	21244 14955   619  2150   560
	21242 14950   619  2130   560
	21238 14938   621  2140   570
	21238 14934   619  2140   570
	21234 14920   621  2140   570
	21232 14906   621  2140   570
	21231 14902   621  2140   570
	21229 14892   619  2140   570
	21228 14890   619  2140   570
	21227 14888   619  2140   570
	21223 14886   619  2140   570
	21226 14875   619  2140   570
	21221 14872   619  2140   570
	21221 14870   619  2160   580
	21218 14869   619  2160   580
	21222 14859   619  2160   580
	21216 14857   619  2160   580
	21217 14856   619  2160   580
	21217 14855   621  2160   580
	21216 14854   619  2160   580
	21217 14853   619  2160   580
	21214 14844   621  2160   580
	21215 14841   619  2160   580
	21215 14840   621  2160   580
	21213 14838   621  2160   580
	21216 14826   621  2160   580
	21213 14824   621  2160   580
	21212 14821   621  2160   580
	21214 14811   621  2160   580
	21213 14808   619  2160   580
	21210 14807   619  2160   580
	21214 14796   617  2160   580
	21211 14794   617  2160   580
	21209 14792   615  2160   580
	21208 14789   613  2160   580
	21205 14779   611  2160   580
	21205 14775   611  2170   570
	21207 14773   609  2180   580
	21208 14761   609  2180   580
	21209 14747   609  2180   580
	21210 14744   609  2180   580
	21210 14732   609  2180   580
	21212 14729   607  2180   580
	21211 14725   607  2180   580
	21212 14713   607  2180   580
	21212 14700   607  2180   580
	21211 14697   605  2180   580
	21213 14696   603  2180   580
	21212 14684   603  2180   580
	21210 14682   603  2180   580
	21211 14681   603  2180   580
	21209 14679   603  2180   580
	21210 14678   603  2180   580
	21212 14666   603  2180   580
	21209 14666   603  2180   580
	21208 14663   603  2180   580
	21211 14661   601  2180   580
	21212 14661   601  2180   580
	21213 14661   601  2180   580
	21214 14651   601  2180   580
	21214 14649   599  2180   580
	21217 14649   597  2180   580
	21216 14648   595  2180   580
	21218 14648   595  2180   580
	21219 14648   595  2180   580
	21225 14646   592  2180   580
	21225 14645   590  2180   580
	21229 14635   586  2180   580
	21234 14636   584  2190   590
	21241 14634   581  2190   590
	21248 14633   581  2190   590
	21254 14631   579  2190   590
	21262 14629   574  2190   590
	21266 14620   567  2190   590
	21275 14620   555  2190   590
	21280 14619   544  2190   590
	21288 14618   542  2190   590
	21291 14618   539  2190   590
	21297 14618   531  2190   590
	21304 14619   525  2190   590
	21310 14619   522  2190   590
	21320 14619   519  2190   590
	21324 14619   519  2190   590
	21331 14629   519  2210   580
	21342 14629   519  2210   580
	21348 14631   519  2210   580
	21353 14631   519  2210   580
	21361 14632   519  2210   580
	21371 14633   522  2210   580
	21376 14635   525  2210   580
	21382 14645   525  2210   580
	21393 14646   525  2210   580
	21402 14647   528  2210   580
	21414 14650   533  2210   580
	21421 14652   539  2210   580
	21432 14652   542  2210   580
	21446 14662   542  2210   580
	21458 14663   544  2210   580
	21469 14665   550  2210   580
	21484 14677   550  2210   580
	21499 14679   552  2200   580
	21513 14682   550  2210   570
	21526 14695   544  2200   580
	21545 14700   544  2200   580
	21558 14712   544  2200   580
	21575 14716   542  2200   580
	21588 14730   544  2200   580
	21604 14743   542  2200   580
	21622 14758   542  2200   580
	21637 14764   542  2180   580
	21656 14778   542  2180   580
	21671 14793   550  2180   580
	21687 14807   550  2170   570
	21704 14821   555  2170   570
	21722 14837   557  2170   570
	21741 14844   555  2160   580
	21752 14860   570  2160   580
	21765 14876   570  2160   580
	21781 14901   570  2160   580
	21797 14917   574  2160   580
	21812 14934   577  2140   570
	21822 14950   579  2160   570
	21840 14966   603  2160   570
	21857 14986   607  2160   570
	21866 15001   609  2160   570
	21877 15014   611  2160   570
	21884 15019   611  2150   560
	21895 15034   613  2150   560
	21901 15045   615  2150   560
	21905 15049   619  2150   560
	21907 15051   621  2150   560
	21910 15061   625  2150   560
	21912 15064   629  2150   560
	21914 15066   634  2150   560
	21912 15068   643  2150   560
	21915 15077   650  2140   550
	21915 15078   658  2140   550
	21913 15079   663  2140   550
	21913 15081   664  2140   550
	21909 15083   668  2140   550
	21905 15093   668  2140   550
	21902 15096   669  2140   550
	21898 15099   669  2140   550
	21893 15100   671  2140   550
	21891 15109   671  2140   550
	21888 15110   672  2140   550
	21884 15111   671  2140   550
	21880 15111   671  2140   550
	21876 15113   671  2140   550
	21869 15115   672  2140   550
	21862 15114   671  2140   550
	21858 15115   671  2140   550
	21855 15116   668  2140   550
	21851 15115   666  2140   550
	21846 15114   664  2140   550
	21839 15113   663  2140   550
	21832 15112   663  2140   550
	21828 15111   660  2140   550
	21819 15100   658  2140   550
	21811 15099   655  2140   550
	21806 15096   651  2140   550
	21799 15093   650  2140   550
	21786 15082   650  2140   550
	21779 15077   646  2140   550
	21772 15065   645  2140   550
	21763 15052   646  2140   550
	21753 15046   646  2140   550
	21741 15031   645  2140   550
	21732 15018   641  2140   550
	21724 15013   641  2150   560
	21713 14999   639  2150   560
	21701 14985   641  2150   560
	21692 14972   639  2150   560
	21685 14965   638  2150   560
	21678 14953   638  2150   560
	21670 14940   638  2150   560
	21660 14934   639  2150   560
	21656 14921   639  2150   560
	21649 14917   638  2150   560
	21648 14904   638  2150   560
	21645 14891   638  2150   560
	21639 14886   638  2130   560
	21633 14874   638  2130   560
	21631 14869   638  2130   560
	21626 14857   639  2140   570
	21620 14843   641  2140   570
	21611 14828   641  2140   570
	21611 14823   641  2140   570
	21604 14811   639  2140   570
	21602 14809   639  2140   570
	21599 14796   641  2140   570
	21594 14791   641  2140   570
	21587 14779   641  2140   570
	21587 14775   641  2140   570
	21580 14763   641  2140   570
	21578 14761   641  2140   570
	21574 14748   641  2140   570
	21572 14745   641  2160   580
	21569 14732   641  2160   580
	21564 14727   641  2160   580
	21561 14725   641  2160   580
	21559 14712   641  2160   580
	21556 14711   639  2160   580
	21555 14699   641  2160   580
	21555 14698   639  2140   580
	21553 14696   638  2140   580
	21555 14693   638  2140   580
	21552 14684   634  2140   580
	21551 14683   632  2140   580
	21551 14680   632  2140   580
	21555 14679   632  2140   580
	21555 14668   630  2140   580
	21552 14667   630  2140   580
	21555 14667   629  2140   580
	21555 14663   629  2150   590
	21555 14663   629  2150   590
	21555 14651   629  2150   590
	21555 14649   629  2150   590
	21556 14647   627  2150   590
	21555 14645   627  2150   590
	21552 14636   625  2150   590
	21551 14634   625  2150   590
	21549 14632   625  2150   590
	21548 14631   625  2150   590
	21548 14629   625  2150   590
	21544 14620   625  2150   590
	21545 14617   623  2150   590
	21546 14616   623  2150   590
	21548 14613   623  2150   590
	21548 14603   623  2150   590
	21550 14601   623  2150   590
	21555 14600   621  2150   590
	21555 14598   619  2150   590
	21557 14597   617  2150   590
	21560 14588   613  2150   590
	21566 14587   613  2150   590
	21571 14585   609  2150   590
	21577 14584   607  2150   590
	21583 14581   603  2150   590
	21591 14581   603  2150   590
	21603 14570   601  2170   590
	21607 14569   599  2170   590
	21615 14568   597  2170   590
	21623 14568   597  2170   590
	21630 14567   595  2170   590
	21640 14566   595  2170   590
	21653 14566   595  2170   590
	21665 14556   595  2170   590
	21673 14556   595  2170   590
	21686 14565   597  2160   580
	21696 14565   597  2160   580
	21707 14567   597  2160   580
	21718 14568   597  2160   580
	21729 14570   599  2160   580
	21738 14572   601  2170   570
	21746 14582   601  2170   570
	21758 14585   601  2180   580
	21767 14597   601  2180   580
	21778 14600   603  2180   580
	21791 14604   603  2180   580
	21798 14616   603  2180   580
	21808 14617   605  2180   580
	21819 14630   607  2180   580
	21829 14634   609  2180   580
	21836 14646   609  2180   580
	21848 14648   609  2180   580
	21859 14661   609  2180   580
	21871 14663   609  2180   580
	21880 14667   609  2180   580
	21888 14678   611  2180   580
	21899 14679   613  2180   580
	21912 14681   613  2180   580
	21923 14681   613  2170   570
	21933 14683   613  2170   570
	21947 14684   613  2170   570
	21959 14694   613  2170   570
	21969 14696   613  2170   570
	21981 14697   613  2170   570
	21992 14698   613  2170   570
	22003 14699   613  2170   570
	22013 14698   613  2170   570
	22023 14698   611  2180   570
	22037 14700   611  2180   570
	22046 14700   613  2180   570
	22054 14699   611  2180   570
	22064 14709   613  2180   570
	22074 14700   611  2180   570
	22080 14699   613  2180   570
	22087 14699   613  2180   570
	22089 14697   613  2180   570
	22094 14696   613  2180   570
	22096 14696   613  2180   570
	22100 14694   611  2180   570
	22101 14684   611  2180   570
	22101 14683   611  2180   570
	22098 14681   611  2180   570
	22098 14678   611  2180   570
	22094 14666   609  2180   570
	22091 14661   611  2180   570
	22083 14648   611  2180   570
	22075 14635   611  2180   570
	22063 14620   611  2180   570
	22051 14613   611  2180   570
	22042 14600   611  2180   570
	22029 14585   611  2180   570
	22012 14569   611  2180   570
	22001 14565   611  2180   570
	21987 14552   611  2180   570
	21977 14537   609  2180   570
	21969 14524   609  2180   570
	21960 14517   609  2180   580
	21955 14503   609  2180   580
	21944 14489   609  2180   580
	21937 14475   609  2180   580
	21933 14470   609  2180   580
	21930 14457   609  2180   580
	21926 14443   609  2180   580
	21923 14438   609  2180   580
	21918 14425   609  2180   580
	21917 14422   609  2180   580
	21915 14410   609  2180   580
	21913 14406   609  2180   580
	21916 14393   609  2180   580
	21915 14392   609  2180   580
	21916 14389   609  2180   580
	21920 14378   609  2180   580
	21927 14374   609  2180   580
	21931 14362   609  2180   580
	21938 14359   609  2170   590
	21944 14347   609  2170   590
	21951 14343   609  2170   590
	21961 14332   609  2170   590
	21967 14329   609  2170   590
	21979 14326   609  2190   590
	21994 14315   609  2190   590
	22008 14313   609  2190   590
	22021 14300   609  2190   590
	22040 14300   609  2190   590
	22053 14300   611  2190   590
	22069 14299   613  2190   590
	22087 14299   613  2190   590
	22109 14300   613  2190   590
	22128 14300   619  2190   590
	22150 14300   619  2190   590
	22172 14311   619  2190   590
	22195 14312   623  2190   590
	22213 14315   625  2210   580
	22237 14325   625  2210   580
	22263 14329   625  2210   580
	22288 14341   627  2210   580
	22314 14345   630  2210   580
	22338 14358   634  2210   580
	22368 14361   636  2210   580
	22391 14376   641  2200   580
	22420 14392   646  2200   580
	22449 14406   650  2200   580
	22482 14411   663  2210   570
	22513 14426   666  2210   570
	22551 14442   671  2210   570
	22584 14458   687  2210   570
	22616 14473   687  2200   580
	22654 14489   698  2200   580
	22691 14505   741  2180   570
	22727 14522   746  2180   570
	22761 14539   749  2180   570
	22793 14552   756  2170   570
	22833 14567   758  2170   570
	22868 14572   760  2170   570
	22901 14587   762  2170   570
	22939 14601   764  2170   570
	22969 14604   764  2160   580
	23005 14619   784  2160   580
	23044 14635   784  2160   580
	23082 14647   780  2140   570
	23119 14661   764  2130   580
	23159 14666   744  2130   580
	23200 14679   706  2130   580
	23242 14693   655  2140   570
	23279 14700   603  2140   570
	23328 14713   513  2140   570
	23373 14730   338  2130   560
	23418 14747     0  2130   560
