ABCDE-012_345_678 577
	 7245 15543    64  1940   600
	 7246 15543     0  1960   600
	 7246 15544   160  1960   600
	 7247 15543   249  1960   600
	 7246 15544   327  1960   600
	 7246 15545   269  1960   600
	 7250 15544   350  1960   600
	 7251 15545   395  1960   600
	 7247 15546   429  1960   600
	 7251 15546   446  1960   600
	 7252 15545   458  1960   600
	 7252 15546   465  1970   610
	 7252 15545   469  1970   610
	 7250 15543   473  1970   610
	 7250 15542   476  1970   610
	 7250 15532   476  1960   600
	 7249 15529   476  1960   600
	 7250 15527   480  1960   600
	 7249 15516   480  1960   600
	 7246 15513   480  1960   600
	 7243 15511   480  1960   600
	 7238 15500   480  1960   600
	 7236 15494   484  1960   600
	 7231 15482   487  1960   600
	 7228 15477   487  1960   600
	 7226 15464   490  1960   600
	 7221 15450   490  1960   600
	 7214 15436   494  1960   600
	 7210 15430   494  1960   600
	 7204 15415   494  1960   600
	 7199 15400   497  1960   600
	 7194 15385   497  1960   600
	 7192 15367   500  1980   610
	 7185 15350   500  1980   610
	 7179 15334   500  1980   610
	 7174 15317   500  1980   610
	 7173 15292   500  1980   610
	 7169 15276   500  1980   610
	 7168 15258   500  1980   610
	 7163 15242   500  1980   610
	 7159 15222   504  1980   610
	 7157 15195   500  1980   610
	 7155 15178   504  1980   610
	 7152 15163   504  1980   610
	 7151 15144   504  1980   610
	 7149 15127   504  1980   610
	 7148 15110   504  1980   610
	 7144 15083   507  1980   610
	 7142 15067   507  1980   610
	 7140 15051   507  1980   610
	 7141 15035   507  1980   610
	 7140 15019   507  1980   610
	 7139 15000   507  1980   610
	 7133 14986   507  2000   600
	 7134 14971   507  2000   600
	 7133 14956   507  2000   600
	 7135 14939   507  2000   600
	 7132 14923   507  2000   600
	 7130 14906   507  2010   610
	 7126 14892   507  2010   610
	 7127 14875   507  2010   610
	 7124 14870   507  2010   610
	 7123 14855   507  2010   610
	 7123 14841   507  2010   610
	 7122 14823   507  2010   610
	 7122 14810   507  2020   620
	 7121 14796   507  2020   620
	 7122 14780   510  2020   620
	 7124 14764   507  2020   620
	 7127 14759   507  2020   620
	 7128 14746   507  2020   620
	 7128 14742   510  2020   620
	 7130 14726   507  2020   620
	 7131 14711   507  2020   620
	 7134 14696   507  2020   620
	 7138 14683   510  2030   630
	 7142 14678   510  2030   630
	 7144 14662   510  2030   630
	 7148 14650   510  2030   630
	 7152 14645   510  2030   630
	 7157 14633   510  2030   630
	 7163 14619   507  2050   630
	 7167 14618   507  2050   630
	 7177 14615   507  2050   630
	 7187 14604   507  2050   630
	 7195 14600   507  2060   640
	 7200 14600   507  2060   640
	 7207 14597   507  2060   640
	 7217 14585   507  2060   640
	 7223 14585   507  2060   640
	 7228 14584   507  2060   640
	 7238 14584   507  2060   640
	 7244 14584   507  2060   640
	 7250 14584   507  2060   640
	 7254 14584   507  2060   640
	 7258 14584   510  2060   640
	 7266 14585   510  2060   640
	 7271 14587   510  2060   640
	 7279 14597   510  2060   640
	 7287 14599   510  2060   640
	 7296 14601   510  2060   640
	 7306 14603   510  2060   640
	 7315 14614   513  2060   640
	 7323 14617   510  2060   640
	 7336 14619   510  2060   640
	 7347 14630   510  2060   640
	 7361 14634   510  2060   640
	 7352 14636   510  2060   640
	 7380 14648   510  2060   640
	 7389 14650   510  2070   630
	 7401 14662   510  2070   630
	 7406 14666   510  2070   630
	 7418 14679   510  2070   630
	 7427 14681   513  2070   630
	 7432 14694   516  2060   630
	 7441 14698   519  2060   630
	 7445 14712   516  2060   630
	 7454 14726   519  2060   630
	 7462 14731   522  2060   630
	 7472 14742   525  2060   630
	 7484 14747   531  2060   630
	 7493 14761   528  2060   630
	 7504 14775   533  2060   630
	 7511 14780   539  2060   630
	 7523 14793   542  2060   630
	 7532 14807   544  2060   630
	 7544 14823   560  2050   620
	 7554 14837   565  2050   620
	 7560 14843   572  2050   620
	 7568 14859   572  2050   620
	 7575 14874   574  2050   620
	 7580 14888   574  2050   620
	 7588 14901   581  2050   620
	 7596 14908   584  2050   620
	 7603 14923   586  2050   620
	 7608 14937   588  2050   620
	 7618 14951   595  2040   610
	 7622 14956   603  2040   610
	 7628 14970   601  2040   610
	 7637 14985   605  2040   610
	 7638 14999   617  2040   610
	 7644 15004   619  2040   610
	 7649 15019   621  2040   610
	 7655 15035   629  2040   610
	 7657 15048   630  2040   610
	 7665 15064   630  2040   610
	 7668 15078   632  2030   600
	 7677 15094   632  2030   600
	 7682 15110   638  2030   600
	 7688 15116   646  2030   600
	 7692 15127   648  2030   600
	 7698 15141   651  2030   600
	 7702 15147   655  2030   600
	 7707 15164   658  2030   600
	 7711 15180   660  2030   600
	 7717 15193   666  2030   600
	 7718 15196   674  2030   590
	 7719 15208   680  2030   590
	 7721 15222   680  2030   590
	 7722 15228   681  2030   590
	 7727 15243   681  2030   590
	 7727 15256   683  2030   590
	 7730 15269   683  2030   600
	 7732 15272   683  2030   600
	 7732 15286   686  2030   600
	 7734 15287   687  2030   600
	 7733 15291   690  2030   600
	 7735 15303   690  2030   600
	 7733 15307   690  2030   600
	 7735 15322   687  2030   600
	 7732 15340   687  2030   600
	 7732 15354   689  2030   600
	 7730 15366   689  2040   610
	 7731 15371   689  2040   610
	 7729 15384   687  2040   610
	 7730 15387   687  2040   610
	 7730 15401   687  2030   600
	 7728 15403   687  2030   600
	 7726 15418   687  2030   600
	 7726 15420   687  2030   600
	 7721 15431   687  2030   600
	 7723 15431   687  2030   600
	 7721 15433   689  2030   600
	 7720 15434   690  2030   600
	 7716 15435   690  2030   600
	 7716 15436   690  2030   600
	 7716 15445   690  2030   600
	 7713 15447   690  2030   600
	 7713 15447   690  2030   600
	 7712 15447   690  2030   600
	 7708 15448   690  2030   600
	 7705 15448   690  2030   600
	 7706 15448   689  2030   600
	 7705 15447   689  2030   600
	 7703 15447   686  2030   600
	 7698 15447   683  2030   600
	 7700 15447   681  2030   600
	 7697 15447   678  2030   600
	 7695 15446   675  2030   600
	 7694 15445   672  2030   600
	 7691 15445   668  2030   600
	 7690 15435   666  2030   600
	 7687 15434   663  2030   590
	 7682 15432   661  2030   590
	 7676 15429   660  2030   590
	 7674 15417   658  2030   590
	 7670 15414   658  2030   590
	 7664 15400   658  2030   590
	 7660 15385   658  2030   590
	 7653 15381   658  2030   590
	 7645 15368   658  2030   590
	 7639 15355   660  2030   590
	 7633 15340   656  2030   590
	 7626 15336   655  2030   600
	 7623 15324   653  2030   600
	 7617 15318   653  2030   600
	 7612 15304   655  2030   600
	 7607 15291   650  2030   600
	 7604 15287   650  2030   600
	 7601 15275   650  2020   600
	 7601 15270   650  2020   600
	 7598 15256   650  2020   600
	 7591 15242   650  2020   600
	 7589 15241   650  2020   600
	 7587 15237   650  2020   600
	 7588 15225   648  2020   600
	 7588 15212   650  2020   600
	 7588 15207   650  2020   600
	 7588 15205   650  2020   600
	 7587 15193   650  2020   600
	 7587 15190   650  2020   600
	 7587 15177   650  2020   600
	 7585 15173   651  2020   600
	 7589 15158   651  2020   600
	 7584 15147   651  2030   600
	 7586 15144   650  2030   600
	 7586 15141   650  2030   600
	 7584 15131   650  2030   600
	 7585 15128   648  2030   590
	 7586 15126   650  2030   590
	 7586 15114   648  2030   590
	 7586 15111   648  2030   590
	 7586 15100   646  2030   590
	 7585 15098   646  2030   590
	 7589 15095   646  2030   590
	 7588 15093   646  2030   590
	 7588 15082   646  2030   590
	 7588 15080   641  2030   600
	 7587 15078   641  2030   600
	 7589 15077   641  2030   600
	 7591 15065   641  2030   600
	 7591 15064   641  2030   600
	 7594 15062   639  2030   600
	 7594 15052   639  2030   600
	 7595 15051   638  2030   600
	 7593 15050   634  2030   600
	 7595 15048   632  2030   600
	 7595 15047   629  2030   600
	 7598 15047   629  2030   600
	 7600 15036   629  2030   600
	 7599 15035   627  2030   600
	 7604 15032   627  2030   600
	 7607 15031   627  2030   600
	 7609 15029   627  2030   600
	 7616 15018   625  2030   600
	 7620 15017   627  2030   600
	 7623 15015   625  2030   600
	 7629 15014   623  2030   600
	 7635 15004   623  2030   600
	 7639 15002   623  2030   600
	 7644 15000   621  2030   600
	 7645 14999   621  2030   600
	 7649 14998   621  2030   600
	 7648 14999   621  2030   600
	 7652 14998   621  2030   600
	 7655 14988   621  2030   600
	 7656 14997   621  2030   600
	 7661 14987   621  2030   600
	 7669 14986   621  2030   600
	 7675 14986   621  2030   600
	 7677 14987   619  2030   600
	 7685 14987   619  2030   600
	 7691 14987   619  2030   600
	 7699 14988   617  2050   600
	 7708 14997   617  2050   600
	 7717 14997   615  2050   600
	 7723 14998   615  2050   600
	 7732 14998   615  2050   600
	 7740 15001   615  2050   600
	 7749 15002   617  2050   600
	 7756 15002   617  2050   600
	 7767 15004   615  2050   600
	 7774 15004   617  2050   600
	 7782 15016   617  2050   600
	 7792 15018   615  2050   600
	 7801 15019   615  2050   600
	 7810 15031   615  2050   600
	 7820 15032   615  2050   600
	 7833 15034   615  2050   600
	 7842 15036   613  2050   600
	 7853 15048   613  2050   600
	 7863 15049   613  2070   590
	 7873 15051   613  2070   590
	 7881 15062   613  2070   590
	 7894 15064   613  2070   590
	 7908 15067   613  2070   590
	 7919 15077   613  2070   590
	 7926 15080   615  2070   590
	 7932 15082   615  2070   590
	 7942 15093   615  2070   590
	 7951 15096   615  2070   590
	 7967 15100   615  2070   590
	 7981 15110   615  2070   590
	 7995 15114   615  2070   590
	 8005 15125   615  2070   590
	 8019 15129   615  2060   580
	 8037 15132   613  2060   580
	 8054 15144   615  2060   580
	 8071 15157   615  2040   590
	 8085 15163   615  2040   590
	 8095 15175   615  2040   590
	 8114 15179   615  2040   590
	 8133 15193   615  2040   590
	 8144 15206   617  2030   590
	 8160 15210   617  2030   590
	 8168 15223   617  2030   590
	 8183 15226   617  2030   590
	 8199 15237   617  2030   590
	 8210 15241   615  2010   590
	 8222 15254   617  2030   590
	 8232 15258   617  2030   590
	 8240 15271   617  2030   590
	 8251 15276   619  2030   600
	 8260 15290   619  2030   600
	 8270 15302   619  2030   600
	 8279 15308   619  2030   600
	 8284 15323   619  2030   600
	 8291 15337   619  2030   600
	 8297 15353   619  2030   600
	 8299 15366   621  2030   600
	 8302 15381   621  2030   600
	 8304 15387   621  2030   600
	 8301 15402   623  2030   600
	 8299 15418   621  2030   600
	 8296 15432   623  2030   600
	 8288 15446   623  2030   600
	 8286 15448   625  2030   600
	 8282 15451   627  2030   600
	 8277 15452   629  2030   600
	 8275 15464   629  2030   600
	 8269 15465   630  2030   600
	 8265 15466   634  2030   590
	 8260 15467   636  2030   590
	 8252 15479   638  2030   590
	 8241 15479   641  2030   590
	 8235 15481   641  2030   590
	 8227 15482   643  2030   590
	 8220 15483   646  2030   590
	 8218 15482   643  2030   590
	 8210 15481   641  2030   590
	 8205 15480   646  2030   590
	 8198 15480   641  2030   590
	 8191 15479   643  2030   590
	 8186 15478   643  2030   590
	 8178 15467   643  2030   590
	 8168 15466   643  2030   590
	 8158 15464   643  2030   590
	 8149 15461   641  2030   590
	 8138 15451   641  2030   590
	 8128 15446   643  2030   590
	 8119 15436   641  2030   590
	 8112 15431   643  2030   590
	 8104 15417   641  2030   590
	 8097 15404   641  2030   590
	 8091 15401   641  2030   590
	 8086 15386   641  2030   590
	 8080 15382   641  2030   590
	 8075 15368   639  2030   590
	 8070 15355   639  2030   590
	 8060 15351   639  2030   590
	 8055 15340   638  2030   590
	 8049 15334   638  2030   590
	 8044 15321   638  2030   590
	 8038 15306   638  2030   590
	 8030 15290   638  2030   590
	 8030 15276   638  2030   590
	 8019 15272   638  2030   590
	 8018 15258   639  2030   600
	 8010 15253   638  2030   600
	 8007 15238   641  2020   600
	 8007 15227   639  2020   600
	 8001 15223   638  2020   600
	 8003 15210   641  2020   600
	 8001 15208   641  2020   600
	 7999 15194   639  2020   600
	 7996 15191   641  2010   590
	 7998 15178   641  2010   590
	 7998 15176   645  2010   590
	 7994 15173   646  2010   590
	 7991 15161   648  2010   590
	 7991 15159   648  2010   590
	 7989 15147   650  2010   590
	 7990 15144   651  2010   590
	 7989 15131   650  2010   590
	 7986 15129   653  2010   590
	 7983 15126   655  2030   590
	 7983 15115   655  2030   590
	 7983 15113   655  2030   590
	 7979 15100   655  2040   590
	 7972 15096   655  2040   590
	 7970 15084   655  2040   590
	 7969 15080   655  2060   580
	 7965 15077   655  2060   580
	 7966 15065   655  2060   580
	 7960 15051   655  2060   580
	 7958 15045   655  2070   580
	 7953 15033   655  2070   580
	 7951 15030   655  2070   580
	 7948 15017   655  2080   590
	 7944 15003   656  2080   590
	 7940 14997   656  2080   590
	 7933 14985   655  2080   590
	 7932 14972   656  2080   590
	 7926 14968   656  2080   590
	 7921 14966   655  2080   590
	 7918 14953   656  2080   590
	 7914 14940   655  2080   590
	 7909 14937   656  2080   590
	 7912 14933   656  2080   590
	 7907 14922   655  2080   590
	 7903 14919   655  2080   590
	 7901 14907   658  2080   590
	 7899 14904   658  2080   590
	 7898 14892   656  2090   600
	 7899 14890   655  2090   600
	 7899 14886   655  2090   600
	 7899 14885   655  2090   600
	 7896 14875   655  2090   600
	 7896 14871   653  2090   600
	 7897 14860   655  2090   600
	 7898 14856   653  2090   600
	 7900 14844   650  2090   600
	 7898 14842   650  2090   600
	 7898 14840   651  2090   600
	 7898 14828   650  2090   600
	 7898 14825   650  2090   600
	 7899 14822   650  2090   600
	 7898 14810   650  2090   600
	 7898 14807   650  2090   600
	 7900 14796   650  2090   600
	 7902 14793   650  2090   600
	 7904 14790   648  2090   600
	 7902 14780   646  2090   600
	 7902 14776   646  2090   600
	 7905 14775   641  2090   600
	 7904 14774   641  2090   600
	 7904 14764   641  2090   600
	 7900 14762   641  2100   600
	 7905 14760   641  2100   600
	 7905 14748   641  2100   600
	 7903 14745   641  2100   600
	 7905 14741   639  2100   600
	 7903 14731   641  2100   600
	 7903 14729   639  2100   600
	 7900 14726   638  2100   600
	 7903 14725   636  2100   600
	 7905 14713   634  2100   600
	 7907 14711   632  2100   600
	 7907 14710   632  2100   600
	 7913 14700   629  2100   600
	 7913 14696   629  2100   600
	 7916 14694   627  2100   600
	 7918 14683   627  2100   600
	 7923 14682   627  2100   600
	 7935 14678   625  2100   600
	 7942 14667   625  2100   600
	 7949 14665   625  2120   600
	 7958 14665   623  2120   600
	 7969 14662   623  2120   600
	 7981 14662   621  2120   600
	 7986 14661   621  2120   600
	 7999 14661   617  2120   600
	 8009 14651   617  2100   600
	 8022 14651   617  2100   600
	 8037 14661   617  2100   600
	 8048 14662   617  2100   600
	 8066 14664   617  2090   610
	 8077 14666   617  2090   610
	 8092 14678   617  2090   610
	 8105 14681   617  2090   610
	 8115 14694   617  2090   610
	 8129 14698   619  2090   610
	 8141 14711   617  2070   610
	 8154 14716   619  2070   610
	 8163 14730   621  2070   610
	 8177 14745   621  2070   610
	 8188 14759   625  2050   620
	 8202 14773   625  2070   610
	 8212 14780   627  2070   610
	 8223 14795   630  2070   610
	 8235 14809   632  2070   610
	 8246 14824   643  2070   610
	 8257 14837   648  2070   610
	 8267 14843   650  2070   610
	 8281 14857   651  2070   610
	 8300 14870   653  2060   600
	 8315 14874   668  2060   600
	 8328 14888   666  2060   600
	 8343 14902   668  2060   600
	 8358 14907   671  2060   600
	 8377 14919   674  2060   600
	 8401 14922   672  2060   600
	 8420 14934   674  2060   600
	 8438 14938   680  2060   600
	 8459 14949   677  2060   600
	 8481 14952   677  2060   600
	 8504 14954   678  2060   600
	 8528 14965   674  2060   600
	 8550 14965   674  2050   600
	 8569 14967   675  2050   600
	 8585 14969   675  2050   600
	 8602 14969   675  2050   600
	 8612 14969   674  2050   600
	 8623 14970   675  2050   600
	 8631 14970   675  2050   600
	 8638 14969   675  2050   600
	 8643 14967   675  2070   590
	 8649 14966   674  2070   590
	 8661 14965   671  2070   590
	 8668 14954   669  2070   590
	 8673 14953   669  2070   590
	 8681 14949   669  2070   590
	 8693 14937   669  2070   590
	 8706 14921   668  2070   590
	 8719 14908   666  2070   590
	 8731 14901   668  2070   590
	 8740 14888   668  2070   590
	 8754 14871   668  2070   590
	 8763 14855   671  2070   590
	 8773 14837   669  2070   590
	 8780 14823   669  2080   590
	 8792 14796   671  2090   600
	 8799 14777   674  2090   600
	 8807 14748   671  2090   600
	 8815 14742   672  2090   600
	 8826 14725   671  2090   600
	 8838 14700   671  2090   600
	 8851 14683   672  2090   600
	 8867 14677   672  2090   600
	 8887 14661   674  2090   600
	 8902 14649   674  2090   600
	 8919 14647   675  2100   600
	 8945 14634   680  2100   600
	 8977 14629   683  2100   600
	 9009 14630   690  2100   600
	 9050 14630   694  2100   600
	 9085 14630   706  2100   600
	 9127 14633   747  2100   600
	 9164 14636   755  2100   600
	 9205 14649   759  2100   600
	 9245 14662   761  2100   600
	 9288 14666   763  2100   600
	 9328 14680   768  2100   600
	 9378 14684   763  2090   610
	 9425 14699   766  2090   610
	 9463 14714   766  2090   610
	 9509 14728   759  2090   610
	 9561 14744   755  2090   610
	 9611 14759   750  2090   610
	 9653 14776   702  2090   610
	 9691 14790   663  2090   610
	 9727 14796   621  2090   610
	 9760 14807   597  2090   610
	 9783 14810   497  2090   600
	 9808 14812   446  2090   600
	 9826 14824   286  2090   600
	 9842 14837   160  2090   600
