ABCDE-012_345_678 1107
	13198  7031    64  1760   620
	13201  7019    35  1760   620
	13204  7051   286  1760   620
	13210  7078   352  1760   620
	13214  7097   363  1760   620
	13221  7126   513  1780   620
	13229  7157   609  1780   620
	13240  7189   656  1780   620
	13246  7223   689  1780   620
	13256  7260   733  1780   620
	13268  7306   771  1800   610
	13279  7353   779  1800   610
	13285  7404   786  1800   610
	13291  7465   799  1800   610
	13296  7525   816  1800   610
	13300  7576   823  1800   610
	13301  7626   830  1800   610
	13292  7676   835  1800   610
	13285  7724   838  1800   610
	13278  7770   845  1800   610
	13267  7815   846  1800   610
	13259  7849   848  1800   610
	13243  7895   846  1800   610
	13234  7929   850  1800   600
	13222  7958   853  1800   600
	13209  7974   868  1800   610
	13196  7990   870  1800   610
	13189  7995   870  1800   610
	13185  8007   868  1800   610
	13178  8008   864  1800   610
	13178  8008   849  1800   610
	13175  8007   845  1800   610
	13175  7994   839  1800   610
	13172  7980   831  1800   610
	13168  7973   827  1800   610
	13168  7945   824  1800   610
	13169  7925   820  1800   610
	13172  7896   817  1800   610
	13175  7865   816  1780   610
	13179  7834   815  1780   610
	13188  7801   814  1780   610
	13192  7769   814  1780   610
	13202  7738   814  1780   600
	13209  7708   814  1780   600
	13216  7687   813  1780   600
	13222  7660   812  1780   600
	13226  7642   812  1770   600
	13234  7625   813  1770   600
	13241  7610   814  1770   600
	13249  7596   812  1770   600
	13256  7592   812  1770   600
	13261  7590   814  1770   600
	13265  7579   814  1780   600
	13269  7579   816  1780   600
	13271  7579   818  1780   600
	13279  7589   820  1780   600
	13285  7593   822  1780   600
	13293  7594   825  1780   600
	13298  7607   829  1780   600
	13305  7612   835  1780   600
	13309  7623   841  1780   600
	13314  7628   841  1780   600
	13325  7642   842  1800   600
	13339  7658   843  1800   600
	13349  7672   844  1800   600
	13361  7686   844  1800   600
	13371  7691   844  1800   600
	13383  7703   845  1800   600
	13397  7708   844  1800   600
	13407  7718   846  1800   600
	13411  7720   844  1800   600
	13417  7721   844  1800   600
	13423  7721   843  1800   600
	13427  7721   842  1800   600
	13435  7718   840  1800   600
	13447  7707   835  1800   600
	13454  7702   831  1800   600
	13465  7688   829  1800   600
	13476  7673   825  1800   600
	13489  7653   825  1800   600
	13498  7624   822  1800   600
	13512  7591   821  1800   600
	13523  7561   821  1820   600
	13533  7526   817  1820   600
	13542  7483   815  1820   600
	13549  7448   812  1820   600
	13557  7402   803  1820   610
	13556  7356   789  1820   610
	13560  7317   787  1820   610
	13554  7273   785  1820   610
	13551  7238   782  1820   610
	13541  7194   782  1820   610
	13530  7159   780  1840   610
	13516  7126   779  1840   610
	13507  7094   778  1840   620
	13491  7064   778  1840   620
	13478  7045   777  1840   620
	13466  7020   777  1840   620
	13450  7013   777  1840   620
	13441  6999   777  1840   620
	13433  6998   778  1840   620
	13425  6997   779  1840   620
	13417  6988   781  1840   620
	13414  6997   785  1840   620
	13410  7001   788  1840   620
	13407  7015   789  1840   620
	13399  7031   812  1840   620
	13399  7047   816  1840   620
	13398  7066   818  1840   620
	13398  7095   823  1840   620
	13398  7115   830  1840   620
	13399  7146   833  1820   620
	13403  7178   834  1820   620
	13407  7221   834  1820   620
	13416  7254   838  1820   620
	13427  7291   839  1820   620
	13436  7333   846  1820   620
	13448  7371   844  1820   620
	13462  7418   849  1820   620
	13474  7464   856  1840   620
	13490  7510   862  1840   620
	13508  7547   864  1840   620
	13524  7596   868  1840   620
	13541  7638   874  1840   610
	13549  7674   873  1840   610
	13565  7708   882  1840   610
	13574  7749   882  1840   610
	13579  7772   884  1840   610
	13587  7802   886  1840   610
	13591  7831   891  1840   610
	13594  7849   891  1840   610
	13597  7863   895  1830   600
	13599  7867   897  1830   600
	13597  7878   897  1830   600
	13596  7879   895  1830   600
	13597  7879   894  1830   600
	13594  7878   887  1830   600
	13595  7867   884  1830   600
	13597  7861   880  1830   600
	13594  7836   879  1830   600
	13591  7816   878  1830   600
	13590  7798   874  1830   600
	13593  7769   874  1830   600
	13598  7738   872  1830   600
	13604  7704   870  1830   600
	13614  7659   869  1830   600
	13620  7623   867  1830   600
	13628  7577   853  1830   600
	13638  7532   848  1850   600
	13649  7483   836  1850   600
	13659  7435   835  1850   600
	13671  7388   830  1850   600
	13681  7340   827  1850   610
	13688  7305   824  1850   610
	13700  7270   821  1850   610
	13708  7228   818  1850   610
	13718  7195   813  1850   610
	13731  7164   790  1850   610
	13742  7144   789  1860   620
	13753  7125   787  1860   620
	13766  7100   786  1870   620
	13778  7093   784  1870   620
	13794  7082   783  1870   620
	13801  7081   783  1870   620
	13812  7081   782  1870   620
	13819  7082   783  1870   620
	13829  7093   783  1870   620
	13842  7098   783  1870   620
	13857  7112   784  1870   620
	13872  7129   784  1870   620
	13884  7148   786  1870   620
	13898  7176   786  1890   620
	13909  7205   787  1890   620
	13916  7227   787  1890   620
	13922  7257   789  1890   620
	13922  7286   789  1890   620
	13921  7307   789  1890   620
	13920  7338   790  1890   620
	13917  7356   812  1890   620
	13908  7381   812  1890   620
	13898  7399   814  1890   620
	13885  7414   814  1890   620
	13869  7431   814  1890   620
	13849  7436   814  1890   620
	13825  7450   813  1890   620
	13793  7452   812  1890   610
	13766  7462   812  1890   610
	13732  7464   812  1870   610
	13694  7462   803  1870   610
	13653  7451   799  1870   610
	13616  7449   790  1870   610
	13575  7445   790  1870   610
	13543  7432   789  1870   610
	13505  7417   788  1850   610
	13470  7403   786  1850   610
	13432  7388   786  1850   610
	13399  7371   785  1850   610
	13368  7356   786  1860   620
	13330  7340   785  1860   620
	13291  7324   784  1840   620
	13256  7308   784  1840   610
	13226  7305   784  1840   610
	13190  7302   784  1840   610
	13156  7290   784  1820   610
	13123  7289   785  1820   610
	13088  7288   785  1820   610
	13059  7290   787  1820   610
	13030  7291   788  1820   610
	13004  7292   790  1820   610
	12978  7305   799  1820   610
	12954  7317   818  1820   610
	12933  7324   820  1800   610
	12907  7339   825  1800   610
	12891  7355   829  1800   610
	12870  7372   837  1800   610
	12855  7400   837  1800   610
	12835  7420   841  1800   610
	12821  7448   850  1800   610
	12809  7477   868  1800   610
	12800  7497   872  1800   610
	12788  7528   873  1800   610
	12778  7559   875  1800   610
	12777  7580   877  1800   610
	12773  7610   879  1800   610
	12777  7639   879  1800   610
	12778  7669   881  1800   610
	12784  7689   881  1780   610
	12789  7719   881  1780   610
	12798  7739   880  1780   610
	12807  7766   879  1780   600
	12821  7784   878  1780   600
	12834  7803   878  1780   600
	12848  7817   877  1780   600
	12858  7830   875  1780   600
	12870  7835   871  1780   600
	12885  7846   869  1780   600
	12899  7848   856  1780   600
	12916  7847   845  1780   600
	12935  7846   840  1780   600
	12959  7836   838  1780   600
	12980  7819   835  1780   590
	13005  7803   834  1780   590
	13027  7786   830  1780   590
	13053  7765   830  1800   590
	13080  7733   831  1800   590
	13101  7702   830  1800   590
	13130  7670   830  1800   590
	13153  7626   829  1800   590
	13177  7589   829  1820   590
	13195  7543   829  1800   590
	13214  7494   828  1800   590
	13227  7447   828  1800   600
	13241  7388   827  1800   600
	13248  7337   826  1800   600
	13255  7290   825  1800   600
	13262  7244   825  1800   600
	13258  7207   825  1800   600
	13255  7163   824  1800   600
	13251  7130   823  1800   610
	13245  7109   821  1800   610
	13240  7079   821  1800   610
	13232  7052   821  1780   610
	13230  7036   821  1780   610
	13223  7030   821  1780   610
	13221  7018   821  1780   610
	13213  7016   822  1780   610
	13213  7016   825  1780   610
	13210  7017   829  1780   610
	13210  7020   835  1780   610
	13208  7032   838  1780   610
	13203  7047   844  1780   610
	13198  7064   846  1780   610
	13198  7084   850  1780   610
	13192  7113   869  1780   610
	13192  7143   871  1780   610
	13192  7176   871  1780   610
	13193  7212   874  1780   610
	13188  7253   880  1780   610
	13192  7289   876  1780   610
	13195  7339   880  1780   610
	13200  7385   881  1780   610
	13203  7430   878  1760   610
	13213  7479   877  1760   610
	13213  7527   880  1760   610
	13224  7562   880  1760   610
	13232  7605   879  1760   610
	13244  7641   880  1760   610
	13253  7672   880  1760   610
	13264  7701   880  1760   610
	13280  7733   879  1760   610
	13289  7753   879  1760   610
	13296  7765   880  1760   610
	13301  7770   879  1760   610
	13307  7782   879  1760   610
	13312  7784   876  1770   600
	13316  7772   871  1770   600
	13322  7769   867  1770   600
	13334  7755   849  1780   600
	13349  7738   847  1780   600
	13371  7717   846  1780   600
	13390  7685   841  1780   600
	13404  7644   841  1780   600
	13413  7611   841  1780   600
	13431  7575   839  1780   600
	13447  7531   838  1800   600
	13467  7482   835  1800   600
	13485  7433   834  1800   600
	13490  7387   831  1800   600
	13496  7351   830  1800   600
	13502  7304   829  1800   600
	13509  7269   829  1800   600
	13512  7237   828  1800   600
	13516  7196   827  1800   610
	13518  7164   827  1800   610
	13519  7142   827  1800   610
	13515  7114   825  1800   610
	13512  7099   825  1800   610
	13511  7083   825  1800   610
	13507  7078   825  1800   610
	13504  7068   825  1800   610
	13504  7068   826  1800   610
	13504  7067   828  1800   610
	13504  7079   832  1800   610
	13504  7081   838  1800   610
	13507  7097   838  1800   610
	13507  7112   840  1800   610
	13510  7129   841  1800   610
	13512  7157   844  1800   610
	13514  7178   845  1800   610
	13519  7209   846  1800   610
	13521  7240   846  1800   620
	13524  7271   846  1800   620
	13529  7302   862  1800   620
	13536  7336   858  1800   620
	13547  7371   856  1800   620
	13555  7415   849  1820   620
	13567  7450   853  1820   610
	13574  7483   862  1820   610
	13582  7514   867  1820   610
	13591  7547   862  1820   610
	13604  7578   867  1820   610
	13617  7606   858  1820   610
	13625  7623   864  1820   610
	13633  7638   864  1820   610
	13636  7644   864  1820   610
	13639  7657   864  1820   610
	13641  7657   862  1820   610
	13644  7657   850  1820   610
	13644  7653   845  1820   610
	13647  7642   841  1820   610
	13652  7628   836  1820   610
	13658  7611   834  1830   600
	13670  7590   832  1830   600
	13682  7559   831  1830   600
	13696  7525   831  1830   600
	13706  7483   829  1830   600
	13722  7449   826  1830   600
	13732  7414   825  1840   610
	13747  7369   822  1840   610
	13755  7323   821  1840   610
	13766  7289   818  1840   610
	13775  7255   818  1840   610
	13782  7223   817  1840   610
	13786  7192   815  1840   610
	13793  7163   815  1840   610
	13797  7144   814  1840   610
	13801  7126   813  1840   610
	13801  7109   812  1840   610
	13806  7096   803  1840   610
	13808  7093   789  1840   610
	13809  7093   788  1840   610
	13813  7083   787  1840   610
	13811  7093   785  1840   610
	13816  7096   784  1840   610
	13826  7109   783  1850   610
	13836  7115   780  1850   610
	13853  7132   774  1850   610
	13866  7148   768  1850   610
	13880  7175   709  1850   610
	13891  7192   664  1850   610
	13905  7212   565  1850   610
	13917  7239   380  1850   610
	13934  7259   360  1870   610
	13949  7285   201  1870   610
	13965  7303    64  1870   610
	13982  7320    -1  1870   610
	13996  7335    -1  1890   610
	14008  7349    -1  1890   610
	14022  7355    -1  1890   610
	14032  7356    -1  1910   610
	14042  7366    -1  1910   610
	14050  7356    -1  1910   610
	14056  7354    -1  1920   600
	14060  7351    -1  1920   600
	14064  7337    -1  1920   600
	14066  7323    -1  1920   590
	14069  7317    -1  1940   590
	14071  7301    -1  1940   590
	14072  7286    -1  1940   590
	14071  7269    -1  1940   590
	14070  7256    -1  1940   590
	14072  7241    -1  1940   590
	14070  7225    -1  1940   590
	14069  7212    -1  1940   590
	14067  7207    -1  1940   590
	14063  7195    -1  1940   590
	14060  7192    -1  1940   590
	14054  7189    -1  1940   590
	14050  7189   249  1940   590
	14047  7190   352  1920   590
	14044  7194   368  1920   590
	14040  7196   557  1920   590
	14042  7208   653  1920   590
	14041  7212   693  1920   590
	14041  7224   737  1900   600
	14040  7238   772  1900   600
	14039  7253   780  1900   600
	14038  7259   794  1900   600
	14038  7273   815  1900   600
	14038  7289   823  1890   600
	14038  7304   829  1890   610
	14039  7320   830  1890   610
	14038  7336   835  1890   610
	14036  7350   840  1890   610
	14035  7366   841  1890   610
	14031  7381   846  1890   610
	14029  7387   849  1890   610
	14025  7399   849  1890   610
	14019  7415   849  1890   610
	14017  7430   853  1890   610
	14013  7432   862  1890   610
	14012  7434   868  1890   610
	14011  7435   869  1890   610
	14008  7436   869  1890   610
	14008  7435   868  1890   610
	14007  7435   856  1890   610
	14007  7435   847  1890   610
	14006  7434   841  1890   610
	14004  7430   834  1890   600
	14002  7420   827  1890   600
	13996  7415   822  1870   600
	13995  7401   821  1870   600
	13987  7385   820  1870   600
	13980  7368   818  1870   600
	13976  7350   815  1870   610
	13969  7335   812  1870   610
	13966  7317   799  1870   610
	13963  7290   790  1870   610
	13962  7274   790  1870   610
	13965  7256   790  1870   610
	13964  7240   788  1870   610
	13966  7226   787  1870   610
	13964  7221   786  1870   610
	13962  7207   786  1870   610
	13961  7196   784  1870   610
	13963  7192   784  1870   610
	13962  7189   784  1870   610
	13961  7180   783  1870   610
	13963  7180   783  1870   610
	13961  7180   783  1870   610
	13962  7189   784  1870   610
	13965  7189   785  1870   610
	13967  7190   786  1870   610
	13969  7191   786  1870   610
	13970  7194   786  1870   610
	13974  7195   786  1870   610
	13979  7206   787  1870   610
	13984  7209   787  1870   600
	13992  7212   787  1870   610
	14003  7223   787  1890   610
	14017  7225   787  1890   610
	14037  7227   786  1890   610
	14049  7238   787  1890   610
	14061  7238   786  1890   610
	14072  7239   786  1890   610
	14085  7240   786  1890   610
	14095  7240   786  1890   610
	14106  7239   785  1890   610
	14118  7239   784  1910   610
	14123  7238   784  1910   610
	14131  7237   782  1910   610
	14134  7227   780  1910   610
	14138  7225   777  1910   610
	14141  7224   774  1910   610
	14143  7222   770  1910   610
	14141  7221   738  1920   600
	14143  7211   717  1920   600
	14141  7211   696  1920   600
	14139  7209   674  1920   600
	14137  7208   656  1920   600
	14131  7207   639  1920   600
	14131  7208   605  1920   600
	14128  7206   565  1920   600
	14126  7206   528  1920   600
	14122  7207   395  1920   600
	14122  7208   310  1920   600
	14125  7208   327  1920   600
	14127  7209   108  1920   600
	14137  7211    -1  1920   600
	14150  7221    -1  1920   600
	14161  7224    -1  1940   600
	14177  7227    -1  1940   600
	14191  7237    -1  1940   600
	14208  7237    -1  1940   600
	14223  7239    -1  1940   600
	14242  7239    -1  1920   600
	14255  7240    -1  1910   610
	14269  7240    -1  1910   610
	14283  7239    -1  1890   610
	14297  7239    -1  1890   610
	14308  7239    -1  1890   610
	14318  7239    -1  1870   610
	14327  7239    -1  1870   610
	14335  7228    -1  1850   610
	14340  7227    -1  1850   610
	14343  7226    -1  1830   600
	14345  7224    -1  1830   600
	14350  7224    -1  1820   600
	14349  7223    -1  1800   600
	14348  7222    -1  1800   600
	14350  7223    -1  1800   600
	14349  7223    -1  1800   600
	14350  7225    64  1820   600
	14351  7225   286  1820   600
	14352  7240   310  1820   600
	14355  7244   462  1820   600
	14355  7257   623  1830   600
	14357  7271   669  1830   600
	14357  7285   729  1830   600
	14359  7289   779  1830   600
	14355  7302   814  1830   600
	14357  7308   829  1850   600
	14354  7322   841  1850   600
	14353  7335   850  1850   600
	14351  7351   868  1850   600
	14348  7366   875  1850   600
	14347  7370   883  1850   600
	14346  7383   891  1850   600
	14343  7388   897  1850   600
	14341  7400   904  1850   600
	14337  7413   907  1850   600
	14336  7415   910  1850   600
	14335  7419   912  1850   600
	14329  7420   908  1850   600
	14326  7431   904  1850   600
	14320  7434   902  1850   600
	14318  7435   895  1850   600
	14310  7435   894  1850   600
	14306  7434   885  1830   600
	14300  7435   880  1830   600
	14291  7433   875  1830   600
	14286  7429   869  1830   600
	14283  7419   850  1830   600
	14270  7414   846  1820   600
	14261  7399   841  1820   600
	14253  7385   832  1820   600
	14246  7370   828  1820   600
	14238  7353   824  1820   600
	14229  7338   816  1820   600
	14225  7320   813  1800   600
	14222  7303   789  1800   600
	14220  7287   786  1800   600
	14220  7270   782  1800   600
	14220  7254   780  1800   600
	14227  7239   778  1800   600
	14227  7224   777  1800   600
	14234  7211   776  1800   600
	14240  7207   775  1800   600
	14245  7195   773  1800   600
	14251  7194   774  1800   600
	14253  7193   774  1800   600
	14259  7193   775  1800   600
	14265  7194   776  1800   600
	14272  7195   777  1800   600
	14280  7206   780  1800   600
	14294  7209   784  1800   600
	14304  7221   788  1800   600
	14314  7228   789  1820   600
	14325  7243   807  1820   600
	14339  7259   814  1820   600
	14357  7287   814  1820   600
	14366  7307   821  1820   600
	14378  7324   825  1820   600
	14386  7355   827  1830   600
	14405  7386   829  1830   600
	14419  7419   832  1830   600
	14435  7464   831  1830   600
	14451  7510   832  1850   600
	14464  7558   828  1850   600
	14474  7605   828  1850   600
	14482  7644   828  1850   600
	14482  7690   824  1850   600
	14489  7733   825  1870   590
	14489  7767   824  1870   590
	14489  7798   823  1870   590
	14489  7817   824  1870   590
	14490  7833   825  1870   590
	14488  7846   829  1870   590
	14485  7850   829  1870   590
	14484  7850   831  1860   580
	14483  7850   829  1860   580
	14483  7850   829  1860   580
	14483  7846   826  1850   580
	14483  7834   825  1850   580
	14483  7817   824  1850   580
	14485  7798   823  1860   580
	14487  7771   822  1860   580
	14488  7739   824  1860   580
	14490  7707   822  1860   580
	14493  7675   822  1860   580
	14493  7640   821  1860   580
	14494  7595   820  1860   580
	14499  7558   817  1860   580
	14508  7515   814  1860   580
	14513  7477   812  1860   580
	14512  7429   803  1870   590
	14516  7384   789  1870   590
	14520  7349   786  1870   590
	14523  7317   785  1870   590
	14522  7286   783  1870   590
	14526  7258   783  1870   590
	14526  7241   783  1870   600
	14528  7227   782  1870   600
	14534  7223   782  1870   600
	14538  7221   783  1870   600
	14537  7212   783  1870   600
	14539  7221   786  1870   600
	14542  7224   789  1870   600
	14546  7227   814  1870   600
	14552  7239   821  1890   600
	14560  7244   824  1890   600
	14569  7269   824  1890   600
	14581  7287   828  1890   600
	14594  7305   828  1890   600
	14604  7335   829  1890   600
	14620  7355   830  1890   600
	14639  7387   830  1890   600
	14663  7419   830  1890   600
	14681  7463   829  1890   600
	14703  7509   829  1890   600
	14723  7548   827  1890   600
	14740  7595   825  1890   600
	14761  7643   822  1890   600
	14777  7701   821  1890   600
	14794  7740   818  1880   590
	14808  7785   818  1880   590
	14818  7820   817  1880   590
	14823  7865   817  1880   590
	14829  7899   817  1880   590
	14831  7930   820  1880   590
	14831  7960   820  1880   580
	14829  7990   822  1880   580
	14824  8008   824  1880   580
	14821  8024   825  1880   580
	14814  8038   828  1880   580
	14813  8043   830  1880   580
	14809  8053   832  1880   590
	14806  8044   831  1880   590
	14805  8044   831  1880   590
	14804  8043   829  1880   590
	14801  8038   829  1880   590
	14790  8023   827  1880   590
	14783  8006   825  1880   590
	14778  7979   825  1880   590
	14769  7946   825  1880   590
	14759  7910   825  1880   590
	14752  7867   825  1880   590
	14744  7829   825  1880   590
	14735  7782   824  1880   590
	14728  7736   823  1880   590
	14726  7692   823  1880   590
	14721  7653   822  1880   590
	14718  7596   821  1880   590
	14715  7547   818  1880   590
	14713  7512   815  1880   590
	14710  7467   803  1880   590
	14712  7430   788  1880   590
	14713  7386   786  1880   590
	14716  7354   784  1880   590
	14721  7323   784  1880   590
	14725  7303   783  1880   590
	14730  7285   783  1880   590
	14735  7270   783  1880   590
	14737  7257   783  1890   600
	14740  7244   783  1890   600
	14744  7243   783  1890   600
	14749  7241   784  1890   600
	14752  7241   786  1890   600
	14752  7242   788  1890   600
	14754  7244   803  1890   600
	14757  7256   814  1890   600
	14762  7269   817  1890   600
	14767  7276   819  1890   600
	14774  7291   820  1890   600
	14786  7307   824  1890   600
	14798  7324   827  1900   600
	14803  7349   828  1900   600
	14817  7369   829  1900   600
	14829  7387   829  1900   600
	14843  7414   828  1900   600
	14857  7435   830  1900   600
	14871  7461   832  1900   600
	14880  7468   835  1900   600
	14891  7496   835  1900   600
	14902  7513   836  1900   600
	14911  7526   838  1900   600
	14914  7542   838  1900   600
	14923  7548   840  1900   600
	14927  7561   841  1900   600
	14931  7563   841  1920   590
	14931  7564   841  1920   590
	14933  7564   842  1920   590
	14934  7564   841  1920   590
	14934  7563   840  1920   590
	14936  7561   835  1920   590
	14935  7558   831  1920   590
	14935  7547   829  1920   590
	14936  7532   827  1920   580
	14936  7514   826  1920   580
	14940  7496   824  1920   590
	14946  7477   822  1920   590
	14945  7449   821  1920   590
	14946  7419   820  1920   590
	14950  7400   817  1920   590
	14951  7372   816  1920   590
	14950  7353   814  1920   590
	14953  7335   812  1920   590
	14950  7319   812  1920   590
	14948  7304   803  1920   590
	14946  7290   799  1920   590
	14945  7285   794  1920   590
	14946  7272   794  1920   590
	14944  7271   794  1920   590
	14942  7270   799  1920   590
	14945  7271   803  1920   590
	14942  7271   814  1920   590
	14943  7272   817  1920   590
	14943  7273   822  1920   590
	14944  7275   824  1920   590
	14946  7287   825  1920   590
	14949  7302   827  1920   590
	14952  7308   828  1920   590
	14955  7320   831  1920   590
	14961  7337   830  1920   590
	14965  7351   832  1920   590
	14973  7369   835  1920   590
	14978  7384   836  1920   590
	14987  7399   839  1920   590
	14996  7414   840  1920   590
	15005  7430   839  1920   590
	15018  7445   841  1920   590
	15026  7448   845  1920   590
	15035  7463   846  1920   590
	15043  7468   844  1920   590
	15053  7480   845  1920   590
	15060  7493   844  1920   590
	15069  7493   845  1940   590
	15078  7497   844  1940   590
	15085  7497   842  1940   590
	15094  7497   841  1940   590
	15097  7497   839  1940   590
	15102  7496   835  1940   590
	15105  7493   830  1940   590
	15113  7482   829  1940   590
	15126  7467   827  1940   590
	15134  7450   823  1940   590
	15139  7436   821  1940   590
	15146  7419   820  1940   590
	15151  7401   817  1940   590
	15154  7385   814  1940   590
	15156  7368   812  1950   590
	15156  7351   812  1950   590
	15156  7333   807  1950   590
	15156  7307   807  1950   590
	15154  7292   803  1950   590
	15152  7287   789  1950   590
	15146  7276   789  1950   590
	15141  7271   787  1950   590
	15140  7260   786  1950   590
	15138  7258   786  1950   590
	15136  7257   787  1950   590
	15136  7257   788  1950   590
	15136  7259   789  1950   590
	15138  7259   803  1950   590
	15137  7271   813  1950   590
	15138  7274   816  1950   590
	15140  7286   820  1940   590
	15142  7289   823  1940   590
	15146  7302   827  1940   590
	15149  7308   829  1940   590
	15154  7323   829  1940   590
	15160  7340   829  1940   590
	15164  7356   829  1940   590
	15171  7381   829  1940   590
	15179  7397   829  1950   590
	15186  7414   830  1950   590
	15196  7429   829  1950   590
	15207  7446   831  1950   590
	15213  7450   831  1950   590
	15223  7465   831  1950   590
	15234  7478   831  1950   590
	15244  7482   831  1950   590
	15259  7495   831  1950   590
	15270  7499   830  1950   590
	15279  7510   829  1940   590
	15292  7514   829  1940   590
	15302  7513   829  1940   590
	15304  7513   829  1940   590
	15309  7513   827  1940   590
	15314  7512   824  1920   590
	15319  7509   821  1920   590
	15326  7499   819  1920   590
	15332  7494   817  1920   590
	15334  7481   816  1920   590
	15337  7466   814  1900   590
	15342  7451   813  1900   590
	15345  7433   813  1900   600
	15347  7415   812  1890   600
	15348  7398   803  1890   600
	15351  7382   803  1890   600
	15348  7365   799  1900   600
	15346  7339   803  1900   600
	15344  7324   803  1900   600
	15343  7318   794  1900   600
	15341  7306   790  1900   600
	15337  7301   790  1900   600
	15336  7290   790  1900   600
	15333  7288   790  1900   600
	15331  7288   790  1900   600
	15330  7289   794  1900   600
	15327  7289   807  1900   600
	15329  7290   812  1900   600
	15329  7291   815  1900   600
	15329  7301   816  1900   600
	15330  7304   818  1900   600
	15333  7308   821  1900   600
	15334  7320   824  1900   600
	15336  7324   825  1900   600
	15340  7337   825  1900   600
	15345  7351   827  1900   600
	15350  7367   826  1900   600
	15353  7382   827  1900   600
	15358  7399   827  1900   600
	15364  7414   829  1900   600
	15369  7431   829  1900   600
	15380  7447   829  1900   600
	15388  7465   829  1900   600
	15396  7480   830  1900   600
	15408  7496   829  1900   600
	15420  7509   830  1900   600
	15430  7514   831  1900   600
	15436  7528   830  1900   600
	15446  7532   830  1900   600
	15454  7543   831  1900   600
	15460  7545   830  1900   600
	15463  7547   830  1900   600
	15472  7547   831  1900   600
	15472  7547   829  1900   600
	15474  7547   829  1900   600
	15477  7545   828  1900   590
	15481  7542   826  1900   590
	15481  7532   823  1900   590
	15488  7527   822  1900   590
	15494  7512   821  1900   590
	15501  7494   819  1900   590
	15509  7477   818  1900   590
	15511  7452   816  1900   590
	15516  7434   814  1900   590
	15521  7415   812  1900   590
	15526  7386   807  1900   600
	15535  7367   790  1900   600
	15537  7339   787  1900   600
	15546  7322   785  1900   600
	15551  7306   783  1900   600
	15558  7291   782  1900   600
	15565  7285   781  1900   600
	15571  7272   780  1900   600
	15579  7260   780  1900   600
	15585  7259   780  1900   600
	15592  7257   780  1900   600
	15595  7257   781  1900   600
	15603  7269   782  1900   600
	15609  7273   783  1900   600
	15618  7287   784  1900   600
	15631  7303   786  1900   600
	15642  7318   790  1900   600
	15657  7335   812  1900   600
	15673  7355   818  1900   600
	15688  7383   822  1900   600
	15706  7402   825  1900   600
	15721  7434   832  1920   590
	15741  7465   835  1920   590
	15757  7496   841  1920   590
	15772  7529   838  1920   590
	15788  7561   840  1920   590
	15795  7596   841  1920   590
	15801  7627   841  1920   590
	15801  7658   846  1920   590
	15797  7689   846  1920   590
	15795  7719   847  1920   580
	15786  7737   847  1920   580
	15779  7755   847  1920   580
	15770  7770   853  1920   580
	15756  7785   850  1920   580
	15743  7800   862  1920   580
	15734  7804   869  1920   580
	15716  7817   869  1920   580
	15700  7819   870  1920   580
	15685  7819   868  1920   580
	15677  7830   868  1920   580
	15674  7819   867  1910   580
	15666  7817   849  1910   580
	15656  7814   846  1910   580
	15648  7799   841  1910   580
	15637  7782   837  1910   580
	15631  7765   832  1910   580
	15625  7737   829  1910   580
	15619  7707   827  1910   580
	15613  7686   822  1910   580
	15613  7653   820  1910   580
	15612  7624   815  1910   580
	15613  7593   790  1910   580
	15622  7562   786  1910   580
	15631  7543   782  1910   580
	15640  7515   780  1920   580
	15650  7497   780  1920   580
	15668  7481   779  1920   580
	15685  7467   780  1920   580
	15704  7464   780  1920   580
	15723  7461   780  1920   580
	15743  7462   780  1920   580
	15757  7462   782  1920   580
	15772  7465   783  1920   580
	15788  7468   784  1920   580
	15803  7480   787  1920   580
	15817  7484   789  1920   580
	15831  7498   799  1920   580
	15842  7511   814  1920   580
	15852  7527   818  1920   580
	15862  7531   820  1920   580
	15874  7547   821  1920   580
	15882  7563   822  1920   580
	15889  7577   822  1920   580
	15897  7592   822  1920   580
	15908  7605   823  1920   580
	15918  7610   824  1930   580
	15926  7623   824  1930   580
	15933  7627   824  1930   580
	15937  7638   824  1930   580
	15942  7639   825  1930   580
	15945  7640   825  1930   580
	15943  7641   824  1930   580
	15943  7641   823  1930   580
	15945  7640   821  1930   580
	15940  7639   818  1930   580
	15937  7627   815  1930   580
	15934  7623   814  1930   580
	15930  7611   812  1930   580
	15922  7596   812  1930   580
	15916  7590   812  1930   580
	15909  7574   803  1930   580
	15904  7557   799  1930   580
	15899  7532   799  1930   580
	15894  7515   790  1930   580
	15889  7497   789  1930   580
	15889  7481   788  1930   580
	15887  7462   788  1930   580
	15891  7445   788  1930   580
	15899  7420   789  1930   580
	15903  7415   788  1930   580
	15909  7402   789  1930   580
	15916  7397   790  1940   590
	15923  7385   790  1940   590
	15931  7382   803  1940   590
	15937  7382   812  1940   590
	15944  7372   812  1920   590
	15951  7372   814  1920   590
	15956  7381   816  1920   590
	15961  7381   818  1940   590
	15966  7383   820  1940   590
	15974  7385   821  1940   590
	15980  7386   822  1940   590
	15993  7398   822  1940   590
	16004  7401   824  1940   590
	16016  7404   823  1940   590
	16028  7415   824  1940   590
	16040  7417   824  1940   590
	16054  7431   824  1940   590
	16068  7434   822  1940   590
	16084  7436   822  1940   590
	16096  7445   821  1940   590
	16111  7447   820  1950   590
	16123  7447   820  1950   590
	16130  7447   818  1950   590
	16136  7447   816  1950   590
	16140  7447   814  1950   590
	16139  7446   803  1950   590
	16138  7445   787  1950   590
	16135  7435   785  1950   590
	16132  7433   782  1950   590
	16128  7431   780  1950   590
	16122  7429   778  1950   590
	16119  7418   776  1950   590
	16114  7414   776  1970   590
	16111  7401   775  1970   590
	16106  7397   775  1970   590
	16105  7385   775  1970   590
	16103  7381   775  1970   590
	16105  7368   774  1970   590
	16109  7365   774  1970   590
	16117  7353   775  1970   590
	16129  7340   776  1970   590
	16146  7336   776  1980   600
	16167  7333   777  1980   600
	16192  7323   778  1980   600
	16222  7322   778  1980   600
	16259  7320   778  1980   600
	16295  7322   779  1960   600
	16338  7322   779  1960   600
	16379  7323   779  1960   600
	16420  7324   778  1960   600
	16460  7335   778  1960   600
	16496  7338   777  1960   600
	16534  7339   776  1960   600
	16570  7350   776  1960   600
	16605  7353   776  1940   600
	16633  7356   776  1940   600
	16661  7367   774  1940   600
	16688  7369   774  1940   600
	16708  7381   774  1940   590
	16733  7382   772  1940   590
	16754  7386   772  1940   590
	16779  7385   770  1940   590
	16799  7387   767  1940   590
	16818  7385   755  1940   590
	16842  7385   724  1940   590
	16861  7383   704  1940   590
	16883  7372   691  1940   590
	16903  7368   678  1940   590
	16927  7365   661  1940   590
	16946  7353   656  1940   600
	16971  7349   653  1960   600
	16991  7336   643  1960   600
	17011  7322   639  1960   600
	17034  7318   632  1960   600
	17052  7304   615  1960   600
	17072  7292   605  1960   600
	17095  7286   581  1960   600
	17119  7274   567  1980   600
	17141  7260   557  1980   600
	17167  7255   544  1980   600
	17190  7243   536  1980   600
	17213  7238   525  1980   600
	17233  7226   513  1990   600
	17255  7212   480  1990   600
	17271  7208   429  1990   600
	17285  7194   420  1990   600
	17297  7190   420  1990   600
	17298  7177   420  2010   590
	17298  7173   446  2010   590
	17294  7159   454  2010   590
	17280  7145   480  2010   590
	17263  7131   500  2010   590
	17240  7125   513  2010   590
	17211  7109   525  2010   590
	17173  7084   544  2010   590
	17128  7066   557  2010   590
	17063  7048   577  2010   590
	16986  7031   615  2010   590
	16878  7001   639  2010   590
	16752  6972   660  1990   600
	16608  6950   668  1990   600
	16444  6907   683  1990   600
	16255  6872   698  1990   600
	16049  6838   727  1980   600
	15835  6796   766  1980   600
	15594  6773   775  1980   600
	15354  6741   780  1980   600
	15092  6698   786  1960   600
	14840  6668   812  1940   600
	14568  6645   824  1940   600
	14328  6602   831  1940   590
	14088  6572   835  1920   590
	13867  6551   845  1920   590
	13653  6522   850  1920   590
	13466  6501   870  1900   600
	13309  6485   875  1900   600
	13175  6456   879  1900   600
	13063  6440   882  1890   600
	12988  6425   885  1890   600
	12948  6423   887  1890   600
	12933  6423   888  1890   600
	12928  6423   894  1890   600
	12930  6423   901  1890   600
	12936  6423   913  1890   600
	12944  6426   913  1870   600
	12961  6428   915  1870   600
	12978  6427   913  1870   600
	12994  6424   901  1870   600
	13010  6424   895  1870   600
	13020  6424   878  1870   600
	13023  6424   845  1870   600
	13020  6423   821  1890   600
	13015  6422   776  1890   600
	13005  6421   678  1890   600
	12991  6410   522  1890   600
	12972  6410   308  1890   600
