ABCDE-012_345_678 3082
	13488 18262     0  1220   540
	13486 18263   218  1220   540
	13484 18263   286  1220   540
	13483 18263   327  1220   540
	13482 18265   352  1220   540
	13481 18263   294  1200   540
	13479 18266   350  1200   540
	13481 18266   385  1200   540
	13480 18266   410  1200   540
	13479 18266   424  1200   540
	13478 18265   433  1210   550
	13477 18264   442  1210   550
	13482 18263   446  1210   550
	13483 18262   454  1210   550
	13483 18250   458  1210   550
	13486 18249   462  1210   550
	13486 18245   469  1210   550
	13492 18233   473  1210   550
	13495 18229   480  1210   550
	13499 18214   487  1210   550
	13500 18199   490  1210   550
	13507 18182   494  1210   550
	13508 18155   497  1210   550
	13510 18136   500  1210   550
	13511 18119   500  1210   550
	13518 18087   504  1200   550
	13522 18073   504  1200   550
	13527 18043   507  1200   550
	13529 18022   507  1200   550
	13534 17990   507  1200   550
	13533 17960   510  1200   550
	13542 17925   507  1200   550
	13542 17884   510  1200   550
	13546 17848   510  1200   550
	13551 17814   510  1210   560
	13559 17772   510  1210   560
	13563 17739   510  1190   560
	13567 17717   510  1190   560
	13567 17685   513  1190   560
	13572 17655   513  1190   560
	13572 17623   513  1190   560
	13569 17605   513  1190   560
	13569 17578   513  1190   560
	13563 17562   516  1190   560
	13563 17542   528  1190   560
	13557 17512   528  1180   570
	13551 17493   531  1180   570
	13544 17466   542  1180   570
	13536 17449   547  1180   570
	13525 17432   555  1180   570
	13514 17416   565  1180   570
	13503 17399   574  1180   570
	13490 17385   581  1180   570
	13475 17369   586  1180   570
	13457 17355   595  1180   570
	13438 17350   599  1180   570
	13415 17333   605  1180   570
	13394 17318   611  1180   570
	13366 17305   613  1180   570
	13343 17289   617  1170   560
	13314 17276   617  1170   560
	13284 17272   617  1170   560
	13254 17272   617  1170   560
	13229 17259   617  1170   560
	13211 17255   619  1170   560
	13183 17254   609  1170   560
	13164 17243   603  1170   560
	13141 17242   595  1170   560
	13133 17239   586  1170   560
	13125 17227   528  1160   550
	13120 17227   484  1160   550
	13120 17226   401  1160   550
	13126 17227   317  1160   550
	13139 17238   108  1160   550
	13160 17241    -1  1160   550
	13178 17256    -1  1170   550
	13200 17271    -1  1150   540
	13224 17287    -1  1150   540
	13249 17305    -1  1150   540
	13277 17319    -1  1140   550
	13307 17338    -1  1130   540
	13336 17365    -1  1120   540
	13367 17385    -1  1120   540
	13400 17415    -1  1100   530
	13431 17445    -1  1100   530
	13505 17477    -1  1100   530
	13488 17496    -1  1080   530
	13519 17541    -1  1060   530
	13546 17574    -1  1060   530
	13637 17606    -1  1050   530
	13601 17628    -1  1050   530
	13622 17657    -1  1050   530
	13639 17688    -1  1050   530
	13654 17708    -1  1050   530
	13668 17719    -1  1060   530
	13675 17755    -1  1060   530
	13679 17782    -1  1080   530
	13681 17799    -1  1080   540
	13685 17820    -1  1100   530
	13687 17848    -1  1100   530
	13682 17867    -1  1110   530
	13673 17899    -1  1130   540
	13671 17931    -1  1130   540
	13668 17963    -1  1140   530
	13658 17996    -1  1160   530
	13648 18037    -1  1170   530
	13636 18072    -1  1170   530
	13618 18107    -1  1180   530
	13597 18151    -1  1200   520
	13578 18188    -1  1210   520
	13551 18231    -1  1220   510
	13529 18266    -1  1220   500
	13512 18300    -1  1220   500
	13497 18345    -1  1220   500
	13482 18380    -1  1220   500
	13469 18424    -1  1220   500
	13462 18458    -1  1200   500
	13455 18502    -1  1200   500
	13451 18537    -1  1190   490
	13448 18568    -1  1190   490
	13444 18597    -1  1180   490
	13443 18614    -1  1170   490
	13442 18629    -1  1170   490
	13440 18635    -1  1160   490
	13436 18647    -1  1160   490
	13432 18649    -1  1150   490
	13425 18649    -1  1150   490
	13418 18648    -1  1140   500
	13411 18646    -1  1130   500
	13404 18634    -1  1140   500
	13398 18620    -1  1140   500
	13390 18615    -1  1150   490
	13385 18599    -1  1150   490
	13385 18581    -1  1150   490
	13388 18554    -1  1150   490
	13394 18534    -1  1140   500
	13403 18503    -1  1140   500
	13413 18470    -1  1140   500
	13423 18427    -1  1130   500
	13429 18392    -1  1130   510
	13437 18346    -1  1130   510
	13444 18310    -1  1130   510
	13450 18265    -1  1130   510
	13457 18229    -1  1130   510
	13463 18187    -1  1150   500
	13468 18153    -1  1150   510
	13474 18120    -1  1150   510
	13476 18089    -1  1150   510
	13477 18058    -1  1150   510
	13475 18040    -1  1160   520
	13479 18012    -1  1170   520
	13484 17994    -1  1170   520
	13485 17960    -1  1170   520
	13487 17973    -1  1170   520
	13485 17957    -1  1180   530
	13485 17943    -1  1200   520
	13480 17928    -1  1200   520
	13478 17913    -1  1200   520
	13474 17897    -1  1180   530
	13468 17881    -1  1180   530
	13461 17865    -1  1170   530
	13454 17851    -1  1170   530
	13493 17847    -1  1160   530
	13445 17846    -1  1160   530
	13442 17835    -1  1160   530
	13435 17835    -1  1160   530
	13426 17831    -1  1160   530
	13422 17829    -1  1140   530
	13416 17819    -1  1140   530
	13409 17815    -1  1140   530
	13400 17816    -1  1150   540
	13396 17814    -1  1150   540
	13392 17814    -1  1150   540
	13387 17785    -1  1140   550
	13383 17816    -1  1140   550
	13378 17817    -1  1140   550
	13373 17819    -1  1140   550
	13370 17829    -1  1140   550
	13365 17831    -1  1140   550
	13366 17833    -1  1140   550
	13362 17834    -1  1140   550
	13361 17836    -1  1140   550
	13360 17845    -1  1140   550
	13362 17817    -1  1150   550
	13367 17848    -1  1150   550
	13373 17849    -1  1150   550
	13377 17850    -1  1150   550
	13381 17849    -1  1150   550
	13385 17848    -1  1150   550
	13389 17848    -1  1150   550
	13393 17847    -1  1150   550
	13396 17845    -1  1150   550
	13431 17835    -1  1150   550
	13402 17834    -1  1150   550
	13403 17830    -1  1130   560
	13409 17829    -1  1130   560
	13410 17815    -1  1130   560
	13410 17814    -1  1130   560
	13415 17801    -1  1130   560
	13417 17798    -1  1130   560
	13422 17787    -1  1130   560
	13423 17785    -1  1130   560
	13428 17782    -1  1130   560
	13431 17772    -1  1130   560
	13438 17770    -1  1130   560
	13443 17769    -1  1130   560
	13453 17766    -1  1130   560
	13457 17766    -1  1130   560
	13466 17765    -1  1140   570
	13473 17765    -1  1140   570
	13481 17765    -1  1140   570
	13488 17765    -1  1140   570
	13493 17765    -1  1140   570
	13500 17767    -1  1140   570
	13508 17767    -1  1140   570
	13506 17767    -1  1140   570
	13511 17767    -1  1140   570
	13509 17766    -1  1140   570
	13509 17765    -1  1140   570
	13506 17755    -1  1140   570
	13504 17755    -1  1140   570
	13500 17754    -1  1140   570
	13495 17752    -1  1140   570
	13492 17752    -1  1140   570
	13488 17750    -1  1130   570
	13482 17749    -1  1130   570
	13478 17740    -1  1130   570
	13476 17749    -1  1130   570
	13476 17749    -1  1130   570
	13472 17751    -1  1130   570
	13470 17750    -1  1130   570
	13469 17753    -1  1130   570
	13464 17754    -1  1130   570
	13465 17754    -1  1130   570
	13463 17755    -1  1130   570
	13463 17766    -1  1130   570
	13463 17766    -1  1130   570
	13460 17768    -1  1130   570
	13462 17768    -1  1130   570
	13460 17767    -1  1130   570
	13462 17767    -1  1140   570
	13462 17767    -1  1140   570
	13462 17769    -1  1140   570
	13462 17768    -1  1140   570
	13461 17768    -1  1140   570
	13460 17766    -1  1140   570
	13461 17766    -1  1140   570
	13462 17766    -1  1140   570
	13461 17765    -1  1140   570
	13464 17756    -1  1140   570
	13466 17755    -1  1140   570
	13470 17755    -1  1140   570
	13472 17752    -1  1140   570
	13476 17752    -1  1140   570
	13477 17752    -1  1140   570
	13483 17749    -1  1140   570
	13485 17740    -1  1140   570
	13486 17739    -1  1140   570
	13489 17750    -1  1140   570
	13493 17750    -1  1140   570
	13493 17740    -1  1140   570
	13498 17750    -1  1140   570
	13497 17749    -1  1140   570
	13498 17740    -1  1140   570
	13497 17749    64  1150   580
	13494 17749   108  1150   580
	13494 17749   201  1150   580
	13493 17739   249  1150   580
	13490 17738   262  1150   580
	13489 17739   286  1150   580
	13487 17739   308  1150   580
	13486 17739   336  1150   580
	13485 17738   352  1150   580
	13480 17739   269  1150   580
	13479 17739   310  1150   580
	13476 17738   344  1150   580
	13475 17739   380  1150   580
	13469 17740   405  1150   580
	13465 17749   424  1150   580
	13461 17752   442  1150   580
	13452 17754   454  1150   580
	13450 17754   465  1150   580
	13444 17756   476  1150   580
	13439 17767   484  1150   580
	13432 17768   494  1150   580
	13428 17769   500  1150   580
	13421 17772   507  1150   580
	13411 17782   510  1150   580
	13407 17784   525  1150   580
	13395 17797   531  1150   580
	13389 17801   544  1150   580
	13377 17813   557  1150   580
	13369 17820   562  1150   580
	13359 17845   565  1160   560
	13352 17861   574  1160   560
	13342 17879   579  1160   560
	13333 17896   581  1160   560
	13323 17925   581  1160   560
	13312 17942   581  1160   560
	13301 17962   581  1160   560
	13295 17989   581  1160   560
	13289 18021   581  1160   560
	13285 18042   581  1160   560
	13283 18070   584  1160   560
	13281 18088   586  1160   560
	13279 18105   586  1160   560
	13274 18134   586  1170   560
	13278 18155   588  1170   560
	13286 18186   588  1170   560
	13288 18213   590  1170   560
	13297 18234   590  1170   560
	13307 18265   592  1170   560
	13316 18300   590  1170   560
	13328 18329   590  1180   560
	13338 18357   590  1180   560
	13353 18389   590  1180   560
	13373 18411   590  1200   550
	13389 18438   592  1200   550
	13409 18459   590  1210   550
	13427 18488   590  1210   550
	13456 18508   592  1210   550
	13477 18536   590  1230   550
	13500 18552   590  1230   550
	13528 18569   590  1230   550
	13553 18586   590  1240   540
	13586 18600   588  1250   550
	13608 18614   588  1250   550
	13638 18619   588  1260   540
	13670 18629   586  1260   540
	13687 18631   586  1260   540
	13713 18634   584  1260   540
	13732 18635   581  1260   540
	13745 18634   579  1260   540
	13763 18633   581  1260   540
	13778 18630   579  1270   550
	13788 18620   574  1270   550
	13801 18616   570  1270   550
	13811 18604   570  1270   550
	13823 18599   570  1270   550
	13835 18585   574  1270   550
	13843 18570   574  1270   550
	13850 18555   574  1270   550
	13860 18550   574  1270   550
	13865 18523   579  1270   550
	13870 18503   579  1290   560
	13870 18476   581  1290   560
	13872 18458   581  1290   560
	13865 18440   581  1290   560
	13859 18412   581  1290   560
	13853 18394   586  1290   560
	13847 18390   586  1290   560
	13845 18364   588  1270   560
	13831 18344   588  1270   560
	13819 18325   588  1270   560
	13809 18309   586  1270   560
	13800 18283   584  1270   560
	13787 18265   572  1260   570
	13781 18261   528  1250   560
	13773 18247   504  1250   560
	13768 18235   476  1250   560
	13764 18233   401  1230   560
	13763 18230   317  1230   560
	13760 18217     0  1230   560
	13755 18204    -1  1230   560
	13748 18201    -1  1230   560
	13746 18199    -1  1220   570
	13745 18185    -1  1220   570
	13747 18170    -1  1220   570
	13749 18156    -1  1220   570
	13756 18150    -1  1220   570
	13760 18122    -1  1230   560
	13769 18121    -1  1230   560
	13780 18106    -1  1230   560
	13831 18091    -1  1250   560
	13803 18086    -1  1250   560
	13821 18055    -1  1250   560
	13876 18055    -1  1260   560
	13863 18042    -1  1260   560
	13881 18037    -1  1260   560
	13899 18021    -1  1260   560
	13917 17995    -1  1260   560
	13937 17978    -1  1270   560
	13953 17960    -1  1270   560
	13968 17942    -1  1270   560
	13980 17915    -1  1270   560
	13992 17895    -1  1270   560
	14002 17878    -1  1270   570
	14012 17851    -1  1270   570
	14018 17831    -1  1270   570
	14021 17803    -1  1270   590
	14022 17781    -1  1270   590
	14019 17751    -1  1250   590
	14016 17724    -1  1250   590
	14010 17703    -1  1240   600
	14004 17685    -1  1240   600
	13998 17660    -1  1230   610
	13988 17653    -1  1230   610
	13983 17637    -1  1230   610
	13975 17625    -1  1230   610
	13969 17612    -1  1200   600
	13959 17612    -1  1200   600
	13953 17611    -1  1200   600
	13946 17610    -1  1200   600
	13938 17612    -1  1200   600
	13925 17622    -1  1200   600
	13917 17626    -1  1200   600
	13907 17637    -1  1200   600
	13895 17641    -1  1200   600
	13883 17644    -1  1190   600
	13873 17657    -1  1190   600
	13861 17671    -1  1190   600
	13851 17687    -1  1190   600
	13843 17701    -1  1190   600
	13868 17707    -1  1180   590
	13827 17724    -1  1180   590
	13819 17739    -1  1180   590
	13813 17756    -1  1180   590
	13808 17781    -1  1180   590
	13803 17800    -1  1180   590
	13800 17816    -1  1190   580
	13796 17834    -1  1190   580
	13794 17851    -1  1190   580
	13791 17865    -1  1190   580
	13793 17879    -1  1190   580
	13790 17881    -1  1190   580
	13793 17883    -1  1190   580
	13794 17883    -1  1190   580
	13791 17883    -1  1190   580
	13793 17881    -1  1190   580
	13794 17877    -1  1180   570
	13793 17867    -1  1180   570
	13793 17863    -1  1180   570
	13797 17819    -1  1180   570
	13799 17846    -1  1180   570
	13801 17834    -1  1180   570
	13802 17829    -1  1180   570
	13807 17818    -1  1180   570
	13808 17816    -1  1180   570
	13815 17814    -1  1180   570
	13819 17802    -1  1190   580
	13822 17801    -1  1190   580
	13827 17798    -1  1190   580
	13829 17798    -1  1190   580
	13831 17786    -1  1190   580
	13834 17786    -1  1190   580
	13839 17784    -1  1190   580
	13843 17782    -1  1190   580
	13844 17782    -1  1190   580
	13846 17781    -1  1190   580
	13845 17772    -1  1190   580
	13848 17772    -1  1190   580
	13850 17771    -1  1190   580
	13853 17781    -1  1190   580
	13853 17781    -1  1190   580
	13855 17782    -1  1190   580
	13856 17784    -1  1190   580
	13855 17784    -1  1190   580
	13854 17785    -1  1190   580
	13854 17785    -1  1170   580
	13853 17785    -1  1170   580
	13849 17784    -1  1170   580
	13850 17786    -1  1170   580
	13849 17786    -1  1170   580
	13849 17797    -1  1170   580
	13849 17798    -1  1170   580
	13854 17800    -1  1170   580
	13855 17800    -1  1170   580
	13855 17801    -1  1170   580
	13855 17802    -1  1170   580
	13856 17803    -1  1170   580
	13856 17803    -1  1170   580
	13855 17802    -1  1170   580
	13856 17802    -1  1170   580
	13858 17781    -1  1170   580
	13857 17814    -1  1190   580
	13857 17815    -1  1190   580
	13859 17817    -1  1190   580
	13863 17818    -1  1190   580
	13865 17818    -1  1190   580
	13866 17820    -1  1190   580
	13867 17820    -1  1190   580
	13873 17830    -1  1190   580
	13877 17830    -1  1190   580
	13879 17831    -1  1190   580
	13886 17833    -1  1190   580
	13890 17832    -1  1190   580
	13896 17831    -1  1190   580
	13896 17831    -1  1190   580
	13901 17830    -1  1190   580
	13904 17829    -1  1190   580
	13904 17831    -1  1190   580
	13908 17831    -1  1190   580
	13907 17831    -1  1190   580
	13907 17831    -1  1190   580
	13908 17833    -1  1190   580
	13914 17833    -1  1190   580
	13914 17833    -1  1190   580
	13917 17832    -1  1190   580
	13920 17833    -1  1190   580
	13925 17834    -1  1190   580
	13927 17836    -1  1190   580
	13932 17836    -1  1190   580
	13933 17845    -1  1190   580
	13937 17847    -1  1190   580
	13937 17847    -1  1190   580
	13938 17847    -1  1190   580
	13939 17848    -1  1190   580
	13938 17849    35  1190   580
	13937 17850   201  1190   580
	13936 17849   262  1190   580
	13936 17852   286  1190   580
	13930 17851   317  1190   580
	13929 17852   344  1190   580
	13927 17851   360  1190   580
	13924 17852   302  1190   580
	13922 17862   338  1190   580
	13915 17862   368  1190   580
	13915 17862   385  1190   580
	13914 17862   405  1190   580
	13909 17864   424  1190   580
	13905 17864   433  1190   580
	13904 17865   442  1190   580
	13898 17866   454  1190   580
	13895 17866   462  1190   580
	13889 17866   469  1190   580
	13885 17865   476  1190   580
	13880 17866   480  1190   580
	13870 17864   487  1190   580
	13896 17861   490  1190   580
	13853 17852   494  1190   580
	13841 17848   494  1190   580
	13829 17845   494  1190   580
	13817 17834   497  1190   580
	13807 17819   497  1190   580
	13791 17815   497  1190   580
	13779 17801   497  1190   580
	13770 17786   497  1190   580
	13761 17771   497  1190   580
	13751 17754   497  1190   580
	13744 17738   497  1190   580
	13736 17724   497  1180   570
	13731 17718   497  1180   570
	13724 17703   497  1180   570
	13720 17689   497  1180   570
	13719 17676   497  1180   570
	13720 17671   497  1160   570
	13720 17659   497  1160   570
	13721 17654   497  1160   570
	13724 17641   497  1160   570
	13725 17639   497  1160   570
	13730 17628   497  1160   570
	13739 17626   494  1160   570
	13743 17624   494  1160   570
	13750 17623   494  1160   570
	13758 17622   494  1180   570
	13762 17621   494  1180   570
	13774 17621   494  1180   570
	13787 17621   494  1180   570
	13800 17623   494  1180   570
	13808 17624   494  1180   570
	13823 17637   494  1180   570
	13836 17642   494  1180   570
	13849 17658   497  1180   570
	13861 17672   494  1160   570
	13871 17688   494  1160   570
	13883 17703   490  1160   570
	13890 17722   490  1160   570
	13900 17739   487  1160   570
	13907 17755   487  1160   570
	13917 17769   487  1160   570
	13922 17784   484  1160   570
	13927 17788   480  1160   570
	13929 17801   480  1170   580
	13933 17814   480  1170   580
	13933 17816   480  1170   580
	13936 17832   480  1170   580
	13936 17832   484  1170   580
	13934 17835   484  1170   580
	13933 17836   484  1170   580
	13932 17846   487  1170   580
	13928 17848   487  1190   580
	13927 17849   487  1190   580
	13926 17851   490  1190   580
	13925 17850   490  1190   580
	13923 17850   494  1190   580
	13924 17850   494  1190   580
	13925 17850   494  1190   580
	13923 17850   494  1190   580
	13925 17849   497  1190   580
	13923 17848   497  1190   580
	13923 17847   497  1190   580
	13924 17836   500  1190   580
	13924 17832   497  1190   580
	13926 17820   497  1180   570
	13924 17815   497  1180   570
	13922 17799   497  1180   570
	13916 17782   497  1180   570
	13915 17767   497  1180   570
	13914 17750   497  1160   570
	13907 17737   497  1160   570
	13905 17721   497  1160   570
	13909 17704   497  1160   570
	13908 17689   497  1160   570
	13907 17675   497  1160   570
	13908 17671   497  1160   570
	13915 17658   497  1160   570
	13915 17655   497  1160   570
	13917 17644   497  1160   570
	13918 17642   497  1160   570
	13925 17638   497  1160   570
	13927 17628   497  1170   580
	13933 17625   497  1170   580
	13936 17623   497  1170   580
	13942 17621   497  1170   580
	13946 17621   497  1170   580
	13950 17621   497  1170   580
	13956 17612   497  1170   580
	13962 17611   497  1190   580
	13969 17621   497  1190   580
	13977 17622   497  1190   580
	13986 17626   497  1190   580
	13994 17638   497  1190   580
	13999 17641   497  1190   580
	14013 17655   497  1190   580
	14019 17670   497  1200   580
	14029 17685   497  1180   590
	14039 17701   494  1180   590
	14048 17707   494  1180   590
	14056 17724   494  1180   590
	14066 17749   494  1180   590
	14073 17755   494  1180   590
	14078 17771   494  1180   590
	14086 17785   490  1180   590
	14091 17798   490  1180   590
	14095 17813   490  1180   590
	14103 17818   490  1180   590
	14105 17831   490  1180   590
	14105 17835   490  1180   590
	14109 17848   490  1180   590
	14106 17851   490  1180   590
	14109 17862   490  1190   600
	14110 17864   490  1190   600
	14109 17867   490  1190   600
	14108 17868   494  1190   600
	14104 17877   497  1190   600
	14104 17877   497  1210   590
	14107 17878   500  1210   590
	14104 17877   504  1210   590
	14102 17877   504  1210   590
	14104 17877   507  1210   590
	14104 17866   507  1210   590
	14104 17865   507  1210   590
	14102 17864   507  1210   590
	14101 17862   507  1210   590
	14101 17850   507  1210   590
	14100 17847   507  1210   590
	14096 17834   507  1210   590
	14096 17829   507  1210   590
	14092 17817   507  1210   590
	14089 17813   507  1210   590
	14086 17801   507  1190   600
	14086 17785   507  1190   600
	14081 17772   507  1190   600
	14077 17765   507  1190   600
	14077 17753   507  1190   600
	14074 17740   507  1190   600
	14074 17734   507  1190   600
	14074 17721   507  1190   600
	14074 17708   507  1190   600
	14076 17704   507  1190   600
	14077 17701   507  1190   600
	14080 17692   507  1180   590
	14082 17689   507  1180   590
	14084 17688   507  1190   600
	14085 17676   507  1190   600
	14093 17675   507  1190   600
	14093 17674   507  1190   600
	14098 17672   507  1190   600
	14104 17670   507  1190   600
	14109 17671   507  1190   600
	14113 17671   507  1190   600
	14121 17670   507  1190   600
	14128 17671   507  1190   600
	14132 17672   504  1190   600
	14139 17674   504  1190   600
	14146 17676   504  1180   590
	14154 17689   504  1180   590
	14164 17701   504  1180   590
	14169 17704   504  1180   590
	14182 17717   504  1170   580
	14193 17723   504  1170   580
	14202 17738   500  1170   580
	14210 17752   500  1160   570
	14217 17767   500  1160   570
	14224 17781   500  1160   570
	14231 17797   500  1160   560
	14240 17804   500  1160   560
	14244 17817   500  1160   560
	14244 17830   500  1160   560
	14249 17845   500  1160   560
	14253 17848   500  1160   560
	14252 17852   500  1160   560
	14254 17864   500  1160   560
	14258 17877   500  1160   560
	14260 17881   500  1160   560
	14260 17883   500  1160   560
	14260 17883   500  1160   560
	14260 17883   500  1160   560
	14260 17882   504  1160   560
	14260 17883   504  1160   560
	14258 17883   507  1160   560
	14258 17882   510  1160   560
	14258 17881   510  1170   560
	14258 17881   513  1170   560
	14256 17881   519  1170   560
	14258 17881   522  1170   560
	14255 17878   525  1170   560
	14255 17877   528  1170   560
	14255 17877   528  1170   560
	14255 17867   531  1170   560
	14253 17865   531  1170   560
	14251 17863   536  1170   560
	14249 17850   533  1170   560
	14245 17845   536  1170   560
	14239 17836   539  1160   560
	14240 17830   539  1160   560
	14239 17815   536  1160   560
	14236 17802   539  1160   560
	14233 17788   539  1160   560
	14236 17785   536  1160   560
	14230 17781   539  1160   560
	14229 17767   539  1160   560
	14229 17754   536  1160   560
	14230 17750   536  1160   560
	14226 17735   536  1160   560
	14224 17722   536  1160   560
	14224 17705   539  1160   560
	14226 17692   539  1160   560
	14223 17692   536  1160   560
	14227 17688   533  1160   560
	14227 17687   531  1160   560
	14229 17685   531  1160   560
	14230 17674   531  1160   560
	14236 17673   536  1160   560
	14239 17670   536  1160   560
	14244 17659   531  1160   560
	14248 17659   531  1160   560
	14251 17658   528  1160   560
	14255 17657   528  1160   560
	14261 17657   522  1160   560
	14267 17658   525  1160   560
	14273 17659   525  1160   560
	14279 17658   522  1160   560
	14284 17660   522  1160   560
	14292 17670   525  1160   560
	14296 17673   528  1160   560
	14304 17686   528  1160   560
	14311 17688   528  1160   560
	14319 17701   528  1160   560
	14326 17704   528  1160   560
	14331 17708   528  1160   560
	14343 17724   531  1160   560
	14354 17739   531  1160   560
	14363 17755   531  1160   560
	14371 17772   531  1160   560
	14385 17798   531  1160   560
	14399 17816   531  1160   560
	14409 17834   525  1160   560
	14422 17851   522  1160   570
	14435 17879   510  1160   570
	14447 17900   510  1160   570
	14460 17928   510  1160   570
	14470 17948   507  1160   570
	14483 17975   507  1160   570
	14493 17994   504  1160   570
	14502 18023   500  1160   570
	14511 18041   500  1160   570
	14517 18055   500  1180   570
	14519 18070   500  1180   570
	14519 18086   500  1180   570
	14522 18101   500  1180   570
	14522 18117   500  1180   570
	14524 18122   500  1180   570
	14524 18138   500  1180   570
	14522 18150   500  1180   570
	14527 18166   497  1180   570
	14527 18182   494  1180   570
	14525 18188   490  1190   560
	14524 18200   490  1190   560
	14522 18204   490  1190   560
	14522 18214   490  1190   560
	14522 18216   490  1190   560
	14519 18217   490  1190   560
	14515 18218   494  1190   560
	14513 18219   497  1190   560
	14507 18229   497  1190   560
	14506 18230   500  1190   560
	14502 18231   504  1190   560
	14497 18231   507  1190   560
	14495 18232   510  1190   560
	14492 18233   513  1210   560
	14490 18233   513  1210   560
	14485 18234   513  1210   560
	14482 18234   513  1210   560
	14479 18235   513  1210   560
	14477 18234   513  1210   560
	14473 18233   513  1210   560
	14472 18230   513  1210   560
	14468 18220   513  1210   560
	14463 18216   513  1210   560
	14456 18204   519  1210   560
	14456 18199   522  1210   560
	14448 18184   522  1210   560
	14442 18166   525  1210   560
	14434 18150   528  1210   560
	14429 18134   528  1210   560
	14421 18117   522  1190   560
	14413 18101   525  1190   560
	14411 18085   528  1190   560
	14404 18070   525  1190   560
	14403 18055   528  1190   560
	14401 18040   528  1190   560
	14399 18025   531  1190   560
	14395 18006   528  1190   560
	14392 17980   531  1190   560
	14388 17963   528  1180   570
	14388 17947   531  1180   570
	14384 17929   531  1180   570
	14382 17913   531  1170   560
	14381 17899   539  1170   560
	14381 17880   536  1170   560
	14374 17862   539  1170   560
	14376 17845   542  1170   560
	14372 17831   542  1170   560
	14374 17817   542  1160   560
	14374 17801   542  1160   560
	14375 17788   542  1160   560
	14376 17784   542  1160   560
	14376 17781   542  1160   560
	14378 17767   547  1160   560
	14377 17755   550  1160   560
	14379 17751   552  1160   560
	14381 17739   557  1160   560
	14382 17738   555  1160   560
	14383 17734   557  1160   560
	14384 17721   557  1160   560
	14383 17717   560  1140   570
	14385 17705   557  1140   570
	14387 17702   557  1140   570
	14385 17692   560  1150   580
	14390 17687   560  1150   580
	14393 17676   560  1150   580
	14393 17673   557  1150   580
	14398 17669   562  1150   580
	14398 17658   560  1150   580
	14402 17656   560  1150   580
	14404 17654   557  1150   580
	14406 17654   557  1150   580
	14406 17654   557  1150   580
	14408 17653   557  1150   580
	14410 17653   557  1150   580
	14413 17653   557  1150   580
	14413 17643   557  1150   580
	14417 17643   557  1160   570
	14420 17643   557  1160   570
	14422 17642   560  1160   570
	14422 17641   562  1160   570
	14425 17641   560  1160   570
	14430 17640   560  1160   570
	14432 17637   562  1160   570
	14438 17637   562  1160   570
	14442 17627   562  1160   570
	14445 17628   560  1160   570
	14446 17627   560  1160   570
	14451 17628   562  1160   570
	14453 17637   562  1160   570
	14459 17638   562  1150   580
	14461 17638   562  1150   580
	14464 17638   560  1150   580
	14469 17639   560  1150   580
	14478 17640   560  1150   580
	14486 17643   565  1150   580
	14496 17643   567  1150   580
	14506 17653   565  1150   580
	14515 17655   567  1150   580
	14525 17657   567  1150   580
	14530 17658   567  1150   580
	14543 17669   565  1150   580
	14551 17670   567  1150   580
	14558 17674   570  1150   580
	14562 17675   565  1150   580
	14564 17676   555  1150   580
	14567 17685   533  1150   580
	14565 17686   507  1150   580
	14564 17687   484  1150   580
	14561 17688   429  1150   580
	14560 17689   327  1150   580
	14552 17692    64  1150   580
	14548 17691    -1  1150   580
	14541 17689    -1  1150   580
	14537 17702    -1  1150   580
	14535 17705    -1  1150   580
	14538 17706    -1  1150   580
	14540 17719    -1  1150   580
	14540 17704    -1  1140   570
	14548 17751    -1  1140   570
	14603 17765    -1  1140   570
	14630 17740    -1  1140   570
	14601 17753    -1  1130   560
	14622 17788    -1  1130   560
	14647 17799    -1  1130   560
	14736 17800    -1  1150   550
	14698 17803    -1  1140   550
	14731 17783    -1  1140   550
	14822 17783    -1  1150   540
	14809 17817    -1  1150   540
	14849 17820    -1  1160   550
	14886 17831    -1  1160   550
	14924 17830    -1  1170   550
	14959 17833    -1  1180   560
	14980 17834    -1  1180   560
	15005 17834    -1  1190   560
	15014 17834    -1  1190   560
	15031 17835    -1  1220   570
	15030 17834    -1  1230   580
	15030 17845    -1  1230   580
	15028 17846    -1  1240   580
	15020 17845    -1  1240   580
	15012 17833    -1  1250   590
	15000 17829    -1  1250   590
	14986 17816    -1  1250   590
	14965 17802    -1  1250   590
	14942 17787    -1  1240   600
	14917 17783    -1  1240   600
	14886 17768    -1  1240   600
	14862 17755    -1  1240   600
	14867 17717    -1  1230   590
	14800 17740    -1  1230   590
	14774 17738    -1  1230   590
	14748 17738    -1  1210   580
	14723 17705    -1  1200   580
	14697 17736    -1  1200   580
	14678 17738    -1  1190   580
	14666 17739    -1  1190   580
	14711 17739    -1  1180   570
	14647 17752    -1  1180   570
	14639 17753    -1  1180   570
	14634 17755    -1  1180   570
	14632 17765    -1  1170   560
	14630 17766    -1  1170   560
	14629 17768    -1  1170   560
	14628 17768    -1  1170   560
	14631 17769    -1  1170   560
	14636 17769    -1  1170   560
	14636 17769    -1  1170   560
	14644 17769    -1  1170   560
	14649 17769    -1  1170   560
	14658 17770    -1  1170   560
	14661 17769    -1  1170   560
	14670 17738    -1  1170   560
	14675 17769    -1  1170   560
	14683 17772    -1  1170   560
	14692 17781    -1  1170   560
	14698 17782    -1  1170   560
	14707 17785    -1  1170   560
	14718 17786    -1  1170   560
	14727 17799    -1  1180   570
	14739 17803    -1  1180   570
	14750 17816    -1  1180   570
	14760 17829    -1  1180   570
	14772 17834    -1  1180   570
	14782 17847    -1  1180   570
	14792 17819    -1  1180   570
	14798 17862    -1  1180   570
	14800 17864    -1  1180   570
	14804 17867    -1  1180   570
	14852 17877    -1  1180   570
	14812 17878    -1  1190   580
	14817 17880    -1  1190   580
	14818 17881    -1  1190   580
	14820 17883    -1  1190   580
	14818 17884    64  1190   580
	14818 17893   136  1190   580
	14818 17895   234  1190   580
	14815 17898   286  1190   580
	14810 17899   336  1190   580
	14809 17900   367  1190   580
	14806 17910   331  1180   570
	14803 17913   385  1180   570
	14799 17913   429  1190   580
	14793 17915   446  1190   580
	14789 17925   458  1190   580
	14780 17927   473  1190   580
	14773 17928   487  1190   580
	14764 17929   490  1190   580
	14755 17928   494  1190   580
	14743 17928   497  1190   580
	14736 17927   497  1190   580
	14725 17915   497  1190   580
	14707 17911   497  1190   580
	14688 17894   500  1190   580
	14675 17877   500  1190   580
	14654 17852   497  1190   580
	14639 17835   497  1190   580
	14623 17815   497  1190   580
	14609 17788   500  1190   580
	14603 17771   500  1190   580
	14594 17752   497  1180   570
	14583 17734   497  1180   570
	14578 17719   497  1180   570
	14576 17702   497  1180   570
	14571 17687   497  1180   570
	14573 17676   497  1180   570
	14574 17672   494  1180   570
	14577 17670   494  1180   570
	14582 17660   494  1160   570
	14591 17658   494  1160   570
	14599 17656   490  1160   570
	14606 17654   490  1160   570
	14618 17654   490  1160   570
	14628 17644   494  1160   570
	14636 17653   494  1160   570
	14650 17655   494  1160   570
	14660 17656   494  1160   570
	14677 17660   494  1160   570
	14687 17672   494  1180   570
	14705 17685   494  1180   570
	14715 17703   494  1160   570
	14734 17708   494  1160   570
	14747 17724   494  1160   570
	14759 17749   494  1160   570
	14775 17767   494  1170   580
	14787 17785   490  1170   580
	14795 17800   490  1170   580
	14803 17813   490  1170   580
	14805 17820   487  1170   580
	14810 17836   487  1170   580
	14815 17847   487  1170   580
	14817 17851   487  1170   580
	14818 17861   487  1170   580
	14818 17863   487  1170   580
	14817 17866   487  1170   580
	14821 17866   490  1170   580
	14817 17866   490  1170   580
	14816 17865   494  1170   580
	14818 17863   497  1170   580
	14814 17862   497  1170   580
	14815 17861   500  1190   580
	14813 17848   504  1180   570
	14810 17835   507  1180   570
	14807 17831   510  1180   570
	14807 17815   510  1160   570
	14804 17798   513  1160   570
	14802 17770   519  1160   570
	14799 17752   528  1160   570
	14802 17735   531  1160   570
	14805 17721   536  1160   570
	14811 17703   536  1160   570
	14813 17690   533  1160   570
	14821 17676   536  1160   570
	14826 17660   522  1160   570
	14827 17643   507  1160   570
	14830 17639   497  1170   580
	14839 17625   473  1170   580
	14846 17611   429  1170   580
	14846 17606   367  1160   580
	14853 17595   201  1160   580
	14858 17592    -1  1160   580
	14861 17590    -1  1160   580
	14870 17592    -1  1160   580
	14878 17592    -1  1160   580
	14891 17594    -1  1160   580
	14896 17594    -1  1160   580
	14904 17606    -1  1140   590
	14914 17606    -1  1140   590
	14926 17609    -1  1140   590
	14931 17611    -1  1150   600
	14944 17612    -1  1150   600
	14951 17622    -1  1150   600
	14959 17621    -1  1150   600
	14970 17606    -1  1150   600
	14978 17624    -1  1150   600
	14982 17624    -1  1130   600
	14986 17624    -1  1130   600
	14990 17622    -1  1130   600
	14990 17621    -1  1140   610
	14990 17622    -1  1140   610
	14993 17621    -1  1140   610
	14992 17611    -1  1140   610
	14992 17610    -1  1160   600
	14994 17610    -1  1160   600
	14992 17612    -1  1160   600
	14993 17612    -1  1160   600
	14993 17612    -1  1160   600
	14994 17611    -1  1160   600
	14994 17612    -1  1160   600
	14995 17612    -1  1160   600
	14993 17611    -1  1160   600
	14993 17610    -1  1160   600
	14995 17610    -1  1160   600
	14995 17609    -1  1160   600
	15000 17610    -1  1160   600
	15003 17609    -1  1170   610
	15003 17610    -1  1170   610
	15006 17609    -1  1170   610
	15012 17610    -1  1170   610
	15016 17611    -1  1170   610
	15020 17610    -1  1170   610
	15023 17610    -1  1150   620
	15022 17610    -1  1150   620
	15026 17612    -1  1150   620
	15026 17612    -1  1150   620
	15029 17611    -1  1150   620
	15047 17612    -1  1160   630
	15033 17609    -1  1160   630
	15031 17609    -1  1160   630
	15034 17608    -1  1160   630
	15030 17608    -1  1160   630
	15033 17607    -1  1160   630
	15048 17606    -1  1160   630
	15038 17605    -1  1160   630
	15042 17606    -1  1160   630
	15045 17594    -1  1170   630
	15053 17596    -1  1170   630
	15059 17596    -1  1170   630
	15061 17580    -1  1170   630
	15064 17606    -1  1170   630
	15066 17606    -1  1170   630
	15069 17607    -1  1160   640
	15073 17608    -1  1170   650
	15074 17596    -1  1170   650
	15076 17623    -1  1170   650
	15094 17626    -1  1170   650
	15085 17637    -1  1170   650
	15089 17653    -1  1170   650
	15098 17659    -1  1180   650
	15104 17676    -1  1180   650
	15115 17692    -1  1180   650
	15124 17718    -1  1180   650
	15140 17719    -1  1180   650
	15156 17736    -1  1190   640
	15167 17755    -1  1160   630
	15181 17782    -1  1140   610
	15199 17801    -1  1140   590
	15223 17830    -1  1130   570
	15256 17847    -1  1120   550
	15288 17868    -1  1120   530
	15315 17898    -1  1130   520
	15345 17930    -1  1110   500
	15367 17959    -1  1120   490
	15387 17978    -1  1120   470
	15408 18005    -1  1120   460
	15390 18041    -1  1110   450
	15396 18058    -1  1110   430
	15392 18076    -1  1110   420
	15392 18092    -1  1110   400
	15387 18120    -1  1130   410
	15380 18135    -1  1130   410
	15367 18152    -1  1140   410
	15360 18168    -1  1150   410
	15373 18168    -1  1170   420
	15361 18185    -1  1180   410
	15355 18202    -1  1180   410
	15350 18229    -1  1190   410
	15345 18249    -1  1200   410
	15338 18267    -1  1190   400
	15337 18296    -1  1200   400
	15330 18312    -1  1210   400
	15329 18330    -1  1200   390
	15321 18346    -1  1200   390
	15310 18360    -1  1190   390
	15302 18376    -1  1170   390
	15284 18392    -1  1170   390
	15276 18393    -1  1160   390
	15265 18391    -1  1150   390
	15249 18389    -1  1140   400
	15227 18380    -1  1130   400
	15211 18377    -1  1120   400
	15191 18375    -1  1110   400
	15175 18374    -1  1100   400
	15161 18373    -1  1100   410
	15149 18375    -1  1080   420
	15145 18376    -1  1070   420
	15133 18377    -1  1060   430
	15120 18376    -1  1070   450
	15116 18364    -1  1070   460
	15107 18362    -1  1090   470
	15101 18348    -1  1100   480
	15090 18330    -1  1130   500
	15081 18312    -1  1150   500
	15074 18283    -1  1180   510
	15069 18251    -1  1210   520
	15069 18218    -1  1230   520
	15073 18187    -1  1240   530
	15076 18165    -1  1280   540
	15086 18133    -1  1300   540
	15091 18105    -1  1330   540
	15103 18076    -1  1360   550
	15108 18056    -1  1380   550
	15115 18038    -1  1380   550
	15114 18022    -1  1390   550
	15114 17996    -1  1400   550
	15109 17990    -1  1400   550
	15107 17973    -1  1400   550
	15103 17958    -1  1400   550
	15100 17942    -1  1390   560
	15093 17926    -1  1380   570
	15091 17899    -1  1380   570
	15085 17881    -1  1380   580
	15085 17862    -1  1380   580
	15082 17846    -1  1360   580
	15079 17829    -1  1350   590
	15077 17813    -1  1350   590
	15078 17798    -1  1340   600
	15084 17784    -1  1340   600
	15088 17772    -1  1340   600
	15094 17767    -1  1320   600
	15101 17768    -1  1320   600
	15107 17767    -1  1310   610
	15114 17767    -1  1310   610
	15116 17770    -1  1310   610
	15124 17737    -1  1290   600
	15128 17781    -1  1280   610
	15127 17784    -1  1280   610
	15135 17784    -1  1280   610
	15124 17787    -1  1280   610
	15120 17787    -1  1280   610
	15116 17787    -1  1280   610
	15111 17787    -1  1280   610
	15108 17788    -1  1280   610
	15108 17788    -1  1280   610
	15109 17797    -1  1280   610
	15113 17756    -1  1280   610
	15113 17800    -1  1280   610
	15121 17804    -1  1280   610
	15137 17816    -1  1280   610
	15132 17829    -1  1260   600
	15140 17833    -1  1260   600
	15144 17846    -1  1260   600
	15151 17849    -1  1260   600
	15157 17861    -1  1280   590
	15165 17865    -1  1270   590
	15173 17865    -1  1270   590
	15183 17867    -1  1260   580
	15200 17865    -1  1240   570
	15215 17865    -1  1230   560
	15242 17864    -1  1230   560
	15263 17861    -1  1220   560
	15287 17852    -1  1210   550
	15310 17849    -1  1210   550
	15331 17850    -1  1200   540
	15352 17849    -1  1190   530
	15373 17847    -1  1190   530
	15391 17849    -1  1180   530
	15408 17851    -1  1180   530
	15423 17852    -1  1170   520
	15438 17864    -1  1170   520
	15478 17868    -1  1170   520
	15456 17877    -1  1170   520
	15465 17879    -1  1170   520
	15470 17883    -1  1170   520
	15476 17894    -1  1170   520
	15482 17896    -1  1170   520
	15484 17899    -1  1180   530
	15490 17911    -1  1180   530
	15496 17915    -1  1180   530
	15499 17927    -1  1180   530
	15504 17931    -1  1180   530
	15511 17941    -1  1180   530
	15513 17946    -1  1180   530
	15520 17958    -1  1180   530
	15528 17962    -1  1190   530
	15530 17975    -1  1190   530
	15540 17979    -1  1190   530
	15544 17960    -1  1190   530
	15546 17991    -1  1190   530
	15550 17993    -1  1190   530
	15550 17994    -1  1190   530
	15551 17976    -1  1190   530
	15593 18006    -1  1200   540
	15547 18009    -1  1200   540
	15545 18021    -1  1200   540
	15546 18025     0  1200   540
	15539 18037   136  1200   540
	15539 18038   201  1210   550
	15535 18043   249  1200   550
	15534 18056   275  1200   550
	15529 18058   308  1200   550
	15524 18069   336  1200   550
	15513 18072   360  1200   550
	15501 18073   278  1200   550
	15493 18074   344  1200   550
	15479 18075   380  1200   550
	15465 18074   401  1200   550
	15450 18072   424  1200   550
	15436 18069   437  1200   550
	15417 18059   442  1200   550
	15392 18057   450  1200   550
	15378 18053   462  1200   550
	15356 18040   465  1200   550
	15337 18027   473  1200   550
	15319 18011   476  1200   550
	15300 18005   476  1200   550
	15287 17990   480  1200   550
	15271 17973   480  1200   550
	15260 17945   480  1200   550
	15247 17927   484  1200   550
	15235 17900   484  1200   550
	15225 17878   484  1200   550
	15215 17863   484  1200   550
	15213 17845   484  1200   550
	15208 17819   484  1200   550
	15209 17800   484  1190   540
	15208 17786   484  1190   540
	15209 17771   484  1170   550
	15212 17753   484  1170   550
	15215 17738   487  1170   550
	15218 17733   484  1170   550
	15221 17718   487  1170   550
	15228 17706   487  1170   550
	15235 17703   484  1170   550
	15247 17701   484  1170   550
	15258 17692   487  1170   550
	15269 17690   484  1170   550
	15284 17689   487  1170   550
	15298 17690   487  1170   550
	15312 17691   487  1170   550
	15327 17701   487  1170   550
	15343 17703   487  1170   550
	15358 17708   487  1180   560
	15376 17722   487  1180   560
	15398 17738   487  1180   560
	15418 17767   487  1180   560
	15441 17788   487  1180   560
	15462 17820   480  1180   560
	15477 17852   480  1180   560
	15494 17881   480  1180   560
	15506 17911   480  1180   560
	15515 17932   476  1180   560
	15527 17960   476  1180   560
	15533 17977   476  1180   560
	15539 17992   476  1180   560
	15543 18008   476  1180   560
	15543 18012   476  1180   560
	15543 18025   476  1180   560
	15540 18028   480  1180   560
	15537 18028   487  1180   560
	15535 18039   487  1180   560
	15532 18041   490  1180   560
	15530 18041   494  1180   560
	15529 18043   497  1180   560
	15524 18044   500  1180   560
	15525 18042   504  1180   560
	15522 18042   507  1200   550
	15522 18041   507  1200   550
	15524 18040   507  1200   550
	15523 18040   510  1200   550
	15524 18038   510  1200   550
	15524 18037   513  1200   550
	15528 18024   519  1200   550
	15532 18011   528  1200   550
	15534 18006   536  1200   550
	15537 17980   542  1200   550
	15536 17962   555  1180   560
	15537 17946   557  1180   560
	15541 17926   565  1180   560
	15541 17898   574  1180   560
	15542 17878   579  1180   560
	15546 17849   581  1180   560
	15541 17831   581  1180   560
	15543 17814   581  1180   560
	15550 17784   581  1180   560
	15554 17765   581  1190   560
	15555 17750   581  1190   560
	15561 17733   574  1190   560
	15568 17707   557  1180   570
	15566 17691   519  1180   570
	15566 17674   500  1180   570
	15572 17669   484  1180   570
	15575 17656   450  1180   570
	15581 17654   331  1180   570
	15588 17641   275  1180   570
	15592 17638     0  1180   570
	15594 17637    -1  1160   570
	15601 17626    -1  1160   570
	15605 17625    -1  1160   570
	15611 17624    -1  1160   570
	15621 17624    -1  1160   570
	15633 17624    -1  1160   560
	15639 17625    -1  1160   560
	15647 17624    -1  1160   560
	15659 17626    -1  1160   560
	15665 17637    -1  1140   570
	15678 17639    -1  1140   570
	15685 17640    -1  1140   570
	15691 17640    -1  1140   570
	15698 17640    -1  1140   570
	15703 17640    -1  1140   570
	15707 17640    -1  1140   570
	15709 17640    -1  1140   570
	15709 17639    -1  1140   570
	15710 17637    -1  1140   570
	15712 17628    -1  1140   570
	15714 17626    -1  1140   570
	15714 17627    -1  1140   570
	15712 17626    -1  1140   570
	15712 17627   352  1140   570
	15704 17637   437  1150   580
	15709 17626   473  1150   580
	15706 17626   490  1150   580
	15706 17626   507  1150   580
	15709 17625   557  1150   580
	15709 17624   581  1150   580
	15705 17624   588  1150   580
	15706 17622   588  1150   580
	15706 17612   588  1160   580
	15706 17612   581  1160   580
	15708 17621   557  1160   580
	15710 17612   513  1160   580
	15708 17622   487  1160   580
	15710 17621   437  1160   580
	15710 17621   352  1160   580
	15708 17612     0  1160   580
	15707 17621    -1  1160   580
	15708 17623    -1  1160   580
	15708 17624    -1  1160   580
	15710 17628    -1  1160   580
	15719 17641    -1  1160   580
	15726 17654    -1  1160   580
	15730 17659    -1  1160   580
	15731 17685    -1  1160   580
	15737 17673    -1  1150   580
	15738 17717    -1  1160   570
	15745 17734    -1  1160   570
	15803 17750    -1  1160   570
	15755 17765    -1  1160   570
	15767 17772    -1  1160   570
	15828 17755    -1  1160   560
	15785 17801    -1  1160   560
	15793 17803    -1  1170   560
	15797 17815    -1  1170   560
	15800 17830    -1  1170   560
	15806 17801    -1  1170   560
	15813 17835    -1  1180   560
	15816 17836    -1  1170   550
	15822 17847    -1  1170   550
	15826 17850    -1  1170   550
	15828 17863    -1  1190   540
	15832 17867    -1  1190   540
	15838 17881    -1  1190   540
	15845 17895    -1  1190   540
	15857 17900    -1  1190   540
	15865 17915    -1  1200   540
	15873 17931    -1  1200   540
	15887 17958    -1  1200   540
	15898 17975    -1  1200   540
	15911 17995    -1  1220   540
	15926 18023    -1  1230   550
	15950 18054    -1  1230   550
	15981 18085    -1  1240   540
	16016 18119    -1  1240   540
	16059 18152    -1  1250   540
	16114 18185    -1  1280   540
	16124 18215    -1  1290   550
	16154 18234    -1  1290   550
	16186 18252    -1  1300   530
	16217 18268    -1  1280   520
	16258 18281    -1  1280   500
	16293 18284    -1  1280   490
	16322 18282    -1  1280   480
	16358 18279    -1  1270   480
	16396 18267    -1  1270   460
	16435 18263    -1  1280   450
	16475 18252    -1  1270   450
	16512 18251    -1  1270   440
	16504 18261    -1  1260   430
	16522 18250    -1  1250   420
	16537 18245    -1  1250   420
	16553 18219    -1  1240   420
	16570 18213    -1  1230   410
	16586 18198    -1  1220   400
	16598 18188    -1  1230   410
	16617 18198    -1  1240   420
	16633 18197    -1  1250   420
	16647 18198    -1  1260   430
	16654 18199    -1  1260   440
	16656 18198    -1  1260   440
	16650 18198    -1  1270   450
	16638 18188    -1  1270   450
	16626 18188    -1  1280   450
	16603 18184    -1  1280   450
	16580 18181    -1  1260   460
	16554 18172    -1  1260   460
	16527 18172    -1  1270   460
	16499 18181    -1  1270   460
	16474 18184    -1  1260   460
	16439 18186    -1  1260   460
	16409 18197    -1  1260   460
	16375 18201    -1  1260   460
	16339 18214    -1  1250   450
	16303 18217    -1  1250   440
	16256 18230    -1  1250   440
	16204 18233    -1  1250   440
	16156 18245    -1  1250   440
	16111 18248    -1  1270   450
	16077 18249    -1  1280   450
	16047 18246    -1  1280   450
	16020 18234    -1  1290   460
	15993 18229    -1  1300   470
	15972 18218    -1  1300   470
	15951 18213    -1  1310   470
	15932 18213    -1  1320   480
	15917 18213    -1  1320   480
	15906 18203    -1  1330   480
	15897 18202    -1  1340   490
	15893 18199    -1  1350   500
	15892 18188    -1  1360   500
	15895 18188    -1  1380   510
	15900 18185    -1  1390   520
	15915 18183    -1  1370   520
	15925 18181    -1  1370   520
	15939 18171    -1  1370   520
	15955 18169    -1  1370   520
	15973 18167    -1  1360   520
	15990 18165    -1  1360   520
	16006 18165    -1  1360   520
	16026 18155    -1  1370   530
	16038 18149    -1  1370   530
	16076 18156    -1  1360   540
	16071 18165    -1  1360   540
	16085 18167    -1  1360   540
	16101 18169    -1  1370   540
	16124 18170    -1  1360   550
	16146 18171    -1  1360   550
	16169 18182    -1  1360   550
	16189 18182    -1  1350   550
	16203 18182    -1  1350   550
	16221 18181    -1  1340   550
	16230 18172    -1  1340   550
	16236 18170    -1  1330   540
	16236 18169    -1  1310   540
	16236 18154    -1  1290   530
	16226 18166    -1  1290   530
	16219 18165    -1  1280   530
	16207 18156    -1  1270   520
	16198 18155    -1  1270   520
	16191 18156    -1  1270   520
	16178 18165    -1  1270   520
	16168 18165    -1  1270   520
	16156 18154    -1  1270   520
	16137 18153    -1  1270   520
	16122 18152    -1  1270   520
	16104 18151    -1  1270   530
	16090 18140    -1  1270   530
	16073 18136    -1  1280   540
	16059 18124    -1  1290   550
	16044 18121    -1  1290   550
	16034 18118    -1  1300   550
	16022 18107    -1  1310   560
	16008 18105    -1  1310   560
	15998 18101    -1  1310   570
	15988 18091    -1  1300   560
	15981 18087    -1  1300   560
	16004 18087    -1  1300   560
	15969 18085    -1  1300   560
	15963 18076    -1  1290   560
	15961 18075    -1  1290   560
	15959 18073    -1  1290   560
	15959 18073    -1  1290   560
	15963 18071    -1  1290   560
	15966 18072    -1  1290   560
	15969 18071    -1  1270   560
	15974 18070    -1  1270   560
	15983 18070    -1  1270   560
	15988 18070    -1  1260   560
	15995 18069    -1  1260   560
	16002 18070    -1  1270   560
	16007 18070    -1  1270   560
	16016 18071    -1  1270   560
	16024 18074    -1  1270   560
	16027 18075    -1  1270   560
	16032 18076    -1  1270   560
	16038 18086    -1  1270   560
	16042 18086    -1  1270   560
	16042 18087    -1  1270   560
	16046 18086    -1  1270   560
	16049 18086    -1  1270   560
	16052 18086    -1  1270   560
	16056 18087    -1  1270   560
	16059 18086    -1  1270   560
	16064 18086    -1  1270   560
	16066 18086    -1  1270   560
	16070 18086    -1  1280   570
	16076 18088    -1  1280   570
	16080 18088    -1  1280   570
	16084 18090    -1  1280   570
	16087 18089    -1  1280   570
	16088 18092    -1  1280   570
	16094 18101    -1  1280   570
	16095 18103    -1  1280   570
	16098 18105    -1  1280   570
	16101 18107    -1  1280   570
	16102 18107    -1  1280   570
	16098 18107    -1  1280   570
	16102 18108    -1  1280   570
	16097 18108    -1  1280   570
	16098 18108    -1  1280   570
	16097 18117    -1  1280   570
	16094 18108    -1  1270   560
	16094 18106    -1  1270   560
	16094 18106    -1  1270   560
	16096 18104    -1  1270   560
	16092 18104    -1  1270   560
	16091 18102    -1  1270   560
	16091 18092    -1  1270   560
	16092 18092    -1  1270   560
	16091 18091    -1  1270   560
	16094 18090    -1  1270   560
	16097 18089    -1  1270   560
	16097 18089    -1  1270   560
	16096 18089    -1  1270   560
	16097 18089    -1  1270   560
	16100 18089    -1  1270   560
	16101 18090    -1  1270   560
	16103 18090    -1  1270   560
	16103 18090    -1  1270   560
	16105 18092    -1  1270   560
	16103 18091    -1  1270   560
	16102 18089    -1  1270   560
	16103 18091    -1  1270   560
	16102 18090    -1  1270   560
	16101 18090    -1  1270   560
	16103 18089    -1  1270   560
	16101 18089    -1  1270   560
	16099 18088    -1  1270   560
	16101 18088    -1  1270   560
	16104 18089    -1  1270   560
	16108 18091    -1  1270   560
	16110 18092    -1  1270   560
	16112 18102    -1  1270   560
	16115 18102    -1  1270   560
	16115 18104    -1  1270   560
	16119 18106    -1  1270   560
	16119 18106    -1  1270   560
	16120 18108    -1  1270   560
	16123 18117    -1  1280   570
	16124 18120    -1  1280   570
	16129 18121    -1  1270   570
	16131 18123    -1  1270   570
	16135 18124    -1  1270   570
	16139 18135    -1  1270   570
	16141 18135    -1  1270   570
	16145 18137    -1  1270   570
	16147 18138    -1  1270   570
	16150 18139    -1  1270   570
	16152 18140    -1  1270   570
	16154 18149    -1  1270   570
	16154 18149    -1  1270   570
	16156 18149    -1  1270   570
	16156 18150    -1  1270   570
	16155 18149    -1  1270   570
	16156 18149    -1  1270   570
	16158 18140    -1  1270   570
	16156 18139    -1  1270   570
	16155 18137    -1  1270   570
	16152 18136    -1  1270   570
	16152 18134    -1  1270   570
	16152 18134    -1  1270   570
	16150 18123    -1  1270   570
	16147 18123    -1  1270   570
	16144 18119    -1  1280   570
	16139 18117    -1  1280   570
	16138 18107    -1  1280   570
	16128 18104    -1  1280   570
	16125 18102    -1  1280   570
	16119 18091    -1  1280   570
	16116 18089    -1  1280   570
	16108 18088    -1  1270   570
	16105 18086    -1  1270   570
	16098 18075    -1  1270   570
	16097 18076    -1  1270   570
	16095 18076    -1  1270   570
	16093 18075    -1  1270   570
	16095 18076    -1  1270   570
	16091 18076    -1  1270   570
	16092 18075    -1  1270   570
	16091 18076    -1  1270   570
	16090 18075    -1  1270   570
	16086 18075    -1  1260   570
	16087 18075    -1  1260   570
	16084 18058    -1  1260   570
	16084 18075    -1  1260   570
	16079 18074    -1  1260   570
	16079 18076    -1  1260   570
	16076 18074    -1  1260   570
	16074 18073    -1  1260   570
	16072 18073    -1  1260   570
	16071 18074    -1  1260   570
	16071 18073    -1  1260   570
	16068 18073    -1  1260   570
	16067 18072    -1  1260   570
	16067 18072    -1  1260   570
	16066 18071    -1  1260   570
	16066 18071    -1  1260   570
	16063 18071    -1  1260   570
	16064 18070    -1  1270   570
	16062 18070    -1  1260   570
	16065 18059    -1  1260   570
	16064 18059    -1  1260   570
	16062 18057    -1  1260   570
	16061 18057    -1  1260   570
	16060 18055    -1  1260   570
	16060 18054    -1  1260   570
	16060 18054    -1  1260   570
	16060 18054    -1  1260   570
	16059 18054    -1  1260   570
	16058 18043    -1  1260   570
	16056 18043    -1  1260   570
	16055 18042    -1  1260   570
	16051 18041    -1  1240   570
	16048 18040    -1  1240   570
	16046 18038    -1  1240   570
	16042 18010    -1  1240   570
	16038 18027    -1  1240   570
	16037 18027    -1  1240   570
	16033 18027    -1  1240   570
	16031 18025     0  1240   570
	16026 18025   160  1240   570
	16022 18025   201  1240   570
	16022 18023   201  1240   570
	16019 18024   218  1240   570
	16022 18024   218  1240   570
	16021 18025   218  1240   570
	16020 18026   218  1240   570
	16027 18027   234  1230   560
	16028 18028   234  1230   560
	16035 18037   249  1230   560
	16045 18040   262  1230   560
	16055 18043   262  1240   570
	16070 18056   286  1240   570
	16084 18060   297  1240   570
	16101 18073   308  1240   570
	16117 18087   317  1240   570
	16130 18101   336  1240   570
	16144 18107   336  1240   570
	16161 18122   344  1240   570
	16177 18136   344  1240   570
	16194 18152   352  1240   570
	16205 18168   352  1240   570
	16225 18183   352  1240   570
	16241 18201   352  1240   570
	16256 18217   352  1240   570
	16274 18246   352  1240   570
	16292 18268   352  1240   570
	16309 18296   352  1230   560
	16320 18325   352  1250   560
	16329 18345   360  1250   560
	16344 18364   360  1250   560
	16351 18391   360  1250   560
	16361 18409   360  1250   550
	16367 18426   367  1250   550
	16369 18443   367  1250   550
	16371 18457   367  1250   550
	16371 18471   367  1250   540
	16368 18476   367  1250   540
	16365 18489   367  1250   540
	16361 18501   367  1250   540
	16355 18506   269  1270   530
	16349 18508   269  1270   530
	16343 18518   278  1270   530
	16337 18520   294  1270   530
	16329 18520   310  1270   530
	16321 18522   317  1270   530
	16312 18523   324  1270   530
	16309 18522   338  1280   530
	16299 18523   350  1280   530
	16292 18522   357  1270   530
	16282 18520   357  1270   530
	16274 18520   363  1270   530
	16263 18518   374  1270   530
	16253 18507   390  1270   530
	16240 18506   401  1270   530
	16229 18505   401  1270   530
	16218 18491   405  1270   530
	16204 18489   410  1270   530
	16188 18476   415  1270   530
	16173 18470   415  1270   530
	16154 18457   420  1270   530
	16136 18438   420  1280   540
	16120 18423   429  1280   540
	16108 18409   437  1280   540
	16093 18394   450  1280   540
	16080 18376   450  1280   540
	16065 18359   450  1280   540
	16054 18330   450  1290   550
	16037 18300   454  1290   550
	16025 18281   454  1290   550
	16012 18261   458  1290   550
	16002 18235   458  1290   550
	15986 18215   458  1270   550
	15973 18185   458  1270   550
	15959 18155   462  1270   550
	15948 18124   462  1260   560
	15935 18104   462  1260   560
	15925 18075   462  1260   560
	15948 18053   462  1250   560
	15896 18022   462  1250   560
	15887 17995   462  1250   560
	15881 17961   462  1250   560
	15877 17931   465  1220   560
	15874 17896   465  1220   560
	15869 17862   465  1220   560
	15860 17835   465  1220   560
	15863 17819   469  1220   560
	15870 17800   473  1210   560
	15874 17782   476  1210   560
	15881 17765   480  1210   560
	15883 17750   480  1210   560
	15897 17738   484  1210   560
	15906 17734   490  1210   560
	15925 17720   497  1210   560
	15944 17708   504  1190   560
	15968 17704   507  1190   560
	15994 17692   510  1200   570
	16025 17692   513  1200   570
	16054 17690   525  1200   570
	16084 17688   539  1200   570
	16119 17687   544  1200   570
	16148 17686   555  1200   570
	16184 17686   560  1200   570
	16219 17687   560  1200   570
	16256 17687   565  1200   570
	16286 17689   567  1200   570
	16317 17689   570  1200   570
	16342 17690   572  1200   570
	16366 17690   570  1200   570
	16385 17690   567  1200   570
	16400 17701   557  1200   570
	16419 17702   555  1200   570
	16432 17703   542  1190   580
	16438 17707   522  1190   580
	16444 17708   510  1190   580
	16449 17708   504  1190   580
	16448 17708   494  1190   580
	16448 17708   476  1180   570
	16439 17708   437  1180   570
	16428 17707   302  1180   570
	16420 17705   249  1180   570
	16405 17706    -1  1180   570
	16393 17702    -1  1180   570
	16379 17702    -1  1180   570
	16367 17692    -1  1180   570
	16356 17701    -1  1180   570
	16346 17692    -1  1170   560
	16345 17689    -1  1170   560
	16341 17687    -1  1170   560
	16344 17687    -1  1160   550
	16349 17686    -1  1160   550
	16358 17687    -1  1160   550
	16364 17685    -1  1150   540
	16377 17685    -1  1150   540
	16388 17676    -1  1140   530
	16400 17685    -1  1130   540
	16412 17676    -1  1130   540
	16424 17673    -1  1120   530
	16434 17675    -1  1120   530
	16443 17674    -1  1120   530
	16453 17644    -1  1120   520
	16462 17673    -1  1120   520
	16472 17675    -1  1120   520
	16480 17675    -1  1120   520
	16487 17685    -1  1120   520
	16492 17687    -1  1120   520
	16501 17687    -1  1120   520
	16504 17689    -1  1120   520
	16514 17689    -1  1120   520
	16519 17691    -1  1120   520
	16529 17692    -1  1120   520
	16534 17701    -1  1120   520
	16543 17702    -1  1120   520
	16551 17692    -1  1120   520
	16559 17703    -1  1120   520
	16569 17706    -1  1120   520
	16580 17707    -1  1120   530
	16588 17717    -1  1120   530
	16600 17720    -1  1120   530
	16607 17734    -1  1120   530
	16617 17738    -1  1140   530
	16626 17749    -1  1140   530
	16632 17755    -1  1140   530
	16639 17756    -1  1140   530
	16646 17768    -1  1140   530
	16650 17771    -1  1140   530
	16653 17783    -1  1140   530
	16655 17783    -1  1140   530
	16657 17784    -1  1160   530
	16654 17786    -1  1170   540
	16647 17787    -1  1170   540
	16641 17788    -1  1170   540
	16638 17799    -1  1170   540
	16635 17801    -1  1170   540
	16629 17803    -1  1170   540
	16620 17814    -1  1170   540
	16613 17814    -1  1180   540
	16605 17816    -1  1180   540
	16602 17819    -1  1180   540
	16597 17820    -1  1180   540
	16591 17820    -1  1180   540
	16590 17829    -1  1180   540
	16589 17830    -1  1180   540
	16583 17830    -1  1180   540
	16579 17831    -1  1170   530
	16572 17833    -1  1170   530
	16565 17833    -1  1180   530
	16556 17846    -1  1180   530
	16551 17847    -1  1180   530
	16540 17851    -1  1180   530
	16529 17861    -1  1180   530
	16521 17864    -1  1180   530
	16509 17866    -1  1180   530
	16500 17868    -1  1180   530
	16492 17879    -1  1180   530
	16482 17881    -1  1180   530
	16473 17884    -1  1180   530
	16467 17883    -1  1180   530
	16460 17882    -1  1180   530
	16454 17884    -1  1180   530
	16450 17883    -1  1180   530
	16443 17883    -1  1180   530
	16442 17881    -1  1180   530
	16438 17880    -1  1180   530
	16437 17880    -1  1180   530
	16442 17878    -1  1180   530
	16445 17877    -1  1180   530
	16447 17865    -1  1180   530
	16454 17864    -1  1180   530
	16459 17861    -1  1180   530
	16462 17851    -1  1180   530
	16472 17849    -1  1180   530
	16478 17846    -1  1180   530
	16485 17845    -1  1180   530
	16493 17835    -1  1180   530
	16504 17834    -1  1170   530
	16510 17832    -1  1170   530
	16519 17831    -1  1170   530
	16524 17830    -1  1170   530
	16530 17829    -1  1180   540
	16533 17830    -1  1180   540
	16538 17830    -1  1180   540
	16540 17829    -1  1180   540
	16544 17829    -1  1180   540
	16544 17829    -1  1180   540
	16546 17830    -1  1180   540
	16542 17830    -1  1180   540
	16542 17829    -1  1180   540
	16542 17830    -1  1180   540
	16540 17829    -1  1180   540
	16542 17830    -1  1180   540
	16541 17831    -1  1190   540
	16542 17831    -1  1190   540
	16544 17832    -1  1190   540
	16548 17832    -1  1190   540
	16548 17834    -1  1190   540
	16551 17834    -1  1190   540
	16556 17834    -1  1190   540
	16557 17835    -1  1190   540
	16558 17836    -1  1190   540
	16559 17835    -1  1190   540
	16559 17803    -1  1190   540
	16561 17845    -1  1190   540
	16560 17845    -1  1190   540
	16561 17846    -1  1190   540
	16563 17848    -1  1190   540
	16565 17851    -1  1200   550
	16565 17852    -1  1200   550
	16570 17862    -1  1200   550
	16572 17862    -1  1200   550
	16577 17865    -1  1200   550
	16579 17867    -1  1200   550
	16583 17867    -1  1200   550
	16591 17877    -1  1200   550
	16598 17879    -1  1200   550
	16606 17880    -1  1200   550
	16614 17882    -1  1200   550
	16621 17883    -1  1200   550
	16628 17893    -1  1200   550
	16636 17893    -1  1200   550
	16637 17895    -1  1210   560
	16643 17896    -1  1210   560
	16648 17897    -1  1210   560
	16650 17899     0  1210   560
	16651 17909   108  1210   560
	16653 17911   201  1210   560
	16651 17912   249  1210   560
	16652 17914   286  1210   560
	16651 17916   327  1210   560
	16651 17926   352  1210   560
	16650 17928   294  1210   560
	16648 17931   363  1210   560
	16645 17942   410  1210   560
	16643 17942   429  1210   560
	16636 17943   446  1210   560
	16634 17946   454  1210   560
	16628 17947   462  1210   560
	16623 17948   469  1210   560
	16615 17958   473  1210   560
	16606 17958   476  1210   560
	16595 17957   476  1210   560
	16581 17947   476  1210   560
	16569 17946   476  1210   560
	16553 17943   476  1210   560
	16536 17930   476  1210   560
	16517 17915   476  1210   560
	16500 17900   476  1210   560
	16480 17884   476  1210   560
	16463 17868   476  1210   560
	16452 17848   476  1210   560
	16435 17830   476  1210   560
	16425 17802   480  1210   560
	16413 17787   480  1210   560
	16406 17770   480  1210   560
	16403 17756   476  1210   560
	16399 17754   480  1190   560
	16401 17750   480  1180   560
	16403 17738   476  1180   560
	16404 17735   476  1180   560
	16409 17723   476  1180   560
	16415 17718   480  1180   560
	16422 17708   484  1180   560
	16433 17704   484  1180   560
	16443 17702   487  1180   560
	16450 17701   487  1180   560
	16461 17690   487  1180   560
	16470 17690   490  1180   560
	16482 17689   490  1180   560
	16494 17691   490  1180   560
	16509 17692   490  1180   560
	16524 17702   494  1180   560
	16539 17705   494  1190   560
	16555 17717   494  1190   560
	16572 17724   494  1190   560
	16592 17738   494  1190   560
	16610 17756   494  1190   560
	16626 17782   490  1190   560
	16642 17797   490  1190   560
	16656 17815   490  1190   560
	16670 17830   490  1190   560
	16678 17846   490  1190   560
	16686 17851   490  1190   560
	16687 17861   490  1190   560
	16686 17863   490  1190   560
	16687 17864   490  1190   560
	16687 17863   490  1190   560
	16686 17864   490  1190   560
	16684 17867   490  1190   560
	16679 17867   490  1190   560
	16673 17877   484  1190   560
	16669 17879   473  1190   560
	16657 17882   446  1190   560
	16648 17883   390  1190   560
	16640 17893   352  1190   560
	16631 17897   201  1190   560
	16619 17909    -1  1190   560
	16613 17912    -1  1190   560
	16606 17915    -1  1190   560
	16596 17925    -1  1190   560
	16595 17927    -1  1190   560
	16596 17928    -1  1190   560
	16601 17929    -1  1190   560
	16610 17928    -1  1190   560
	16617 17929    -1  1200   550
	16625 17929    -1  1200   550
	16635 17930    -1  1200   550
	16643 17931    -1  1200   550
	16653 17932    -1  1200   550
	16662 17941    -1  1200   550
	16674 17943    -1  1200   550
	16683 17944    -1  1190   540
	16692 17946    -1  1190   540
	16695 17947    -1  1200   540
	16701 17958    -1  1200   540
	16708 17961    -1  1200   540
	16707 17963    -1  1200   540
	16707 17973    -1  1200   540
	16708 17975    -1  1200   540
	16708 17975    -1  1200   540
	16703 17978    -1  1200   540
	16703 17979    -1  1200   540
	16698 17989    -1  1200   540
	16695 17990    -1  1200   540
	16691 17991    -1  1200   540
	16684 17993    -1  1200   540
	16677 17994    -1  1220   540
	16672 17993    -1  1220   540
	16665 17995    -1  1220   540
	16659 17996    -1  1220   540
	16647 18005    -1  1220   540
	16644 17996    -1  1220   540
	16638 18007    -1  1220   540
	16635 18008    -1  1220   540
	16630 18009    -1  1220   540
	16624 18010    -1  1220   540
	16618 18012    -1  1220   540
	16616 18023    -1  1200   540
	16614 18025    -1  1200   540
	16611 18025    -1  1200   540
	16608 18027    -1  1200   540
	16601 18027    -1  1200   540
	16601 18037    -1  1200   540
	16596 18037    -1  1200   540
	16594 18037    -1  1200   540
	16592 18037    -1  1200   540
	16590 18027    -1  1200   540
	16588 18026    -1  1200   540
	16586 18027    -1  1200   540
	16585 18025    -1  1200   540
	16586 18025    -1  1200   540
	16583 18021    -1  1200   540
	16580 18022    -1  1200   540
	16579 18023    -1  1200   540
	16578 18012    -1  1200   540
	16577 18012    -1  1200   540
	16574 18011    -1  1200   540
	16573 18012    -1  1200   540
	16570 18011    -1  1200   540
	16568 18010    -1  1200   540
	16565 18011    -1  1200   540
	16565 18011    -1  1200   540
	16564 18011    -1  1190   540
	16561 18010    -1  1190   540
	16561 18009    -1  1190   540
	16560 18012    -1  1190   540
	16558 18012    -1  1190   540
	16557 18012    -1  1190   540
	16556 18022    -1  1190   540
	16554 18024    -1  1190   540
	16550 18025    -1  1190   540
	16548 18024    -1  1190   540
	16547 18026    -1  1200   550
	16544 18028    -1  1200   550
	16543 18037     0  1200   550
	16539 18037    75  1200   550
	16539 18037   182  1200   550
	16538 18038   234  1200   550
	16535 18038   286  1200   550
	16533 18037   317  1200   550
	16534 18037   352  1200   550
	16532 18038   278  1200   550
	16532 18038   344  1200   550
	16530 18038   390  1200   550
	16531 18038   420  1200   550
	16532 18038   437  1200   550
	16531 18037   450  1200   550
	16531 18037   462  1200   550
	16531 18037   469  1200   550
	16535 18037   473  1200   550
	16534 18027   476  1200   550
	16538 18027   476  1200   550
	16539 18027   476  1200   550
	16542 18025   480  1200   550
	16551 18024   480  1200   550
	16557 18022   484  1200   550
	16562 18021   484  1200   550
	16573 18012   487  1200   550
	16583 18012   487  1200   550
	16594 18011   487  1200   550
	16607 18009   487  1200   550
	16620 18010   487  1200   550
	16633 18009   487  1200   550
	16644 18010   487  1200   550
	16661 18011   487  1200   550
	16678 18021   487  1200   550
	16692 18024   487  1200   550
	16707 18037   487  1210   560
	16718 18040   487  1210   560
	16736 18043   487  1210   560
	16746 18055   490  1210   560
	16753 18057   490  1210   560
	16758 18058   490  1210   560
	16764 18060   490  1210   560
	16766 18070   490  1210   560
	16769 18070   490  1210   560
	16769 18071   490  1210   560
	16766 18071   490  1210   560
	16768 18072   494  1210   560
	16766 18072   497  1210   560
	16768 18071   497  1210   560
	16769 18072   500  1210   560
	16769 18072   504  1210   560
	16769 18071   507  1210   560
	16768 18070   507  1210   560
	16768 18071   513  1210   560
	16769 18070   525  1210   560
	16766 18070   542  1210   560
	16768 18071   552  1210   560
	16772 18069   565  1210   560
	16768 18069   574  1210   560
	16769 18070   581  1210   560
	16769 18070   584  1210   560
	16769 18070   586  1210   560
	16769 18060   588  1210   560
	16769 18069   590  1210   560
	16769 18069   590  1210   560
	16772 18060   592  1210   560
	16769 18070   595  1210   560
	16773 18070   597  1210   560
	16769 18060   599  1210   560
	16771 18069   601  1210   560
	16769 18069   603  1210   560
	16773 18069   603  1210   560
	16769 18069   607  1210   560
	16772 18060   607  1210   560
	16769 18060   609  1210   560
	16769 18069   613  1210   560
	16769 18069   613  1210   560
	16769 18060   617  1210   560
	16769 18060   619  1210   560
	16769 18060   621  1210   560
	16769 18059   623  1210   560
	16772 18060   623  1210   560
	16769 18069   625  1210   560
	16769 18059   625  1210   560
	16766 18060   625  1210   560
	16768 18059   625  1210   560
	16768 18060   625  1210   560
	16768 18060   625  1210   560
	16766 18060   625  1210   560
	16766 18059   625  1220   560
	16769 18059   627  1220   560
	16768 18059   627  1220   560
	16769 18059   627  1220   560
	16767 18059   627  1220   560
	16765 18059   627  1220   560
	16766 18059   627  1220   560
	16768 18058   627  1220   560
	16766 18058   627  1220   560
	16768 18059   629  1220   560
	16766 18058   629  1220   560
	16768 18058   630  1220   560
	16766 18058   629  1220   560
	16765 18058   630  1220   560
	16766 18058   632  1220   560
	16765 18058   632  1220   560
	16768 18058   632  1220   560
	16766 18058   632  1220   560
	16766 18058   632  1220   560
	16765 18058   634  1220   560
	16766 18058   638  1220   560
	16766 18058   638  1220   560
	16766 18058   638  1220   560
	16765 18058   638  1220   560
	16768 18058   638  1220   560
	16764 18057   638  1220   560
	16765 18058   638  1220   560
	16766 18058   638  1220   560
	16767 18057   641  1220   560
	16766 18058   641  1220   560
	16765 18058   641  1230   560
	16767 18057   639  1230   560
	16767 18057   639  1230   560
	16769 18057   639  1230   560
	16767 18058   639  1230   560
	16769 18058   638  1230   560
	16767 18058   638  1230   560
	16769 18058   636  1230   560
	16767 18058   636  1230   560
	16770 18058   638  1230   560
	16770 18058   638  1230   560
	16770 18058   636  1230   560
	16770 18058   638  1230   560
	16771 18058   638  1230   560
	16771 18058   638  1230   560
	16769 18058   638  1230   560
	16770 18058   638  1230   560
	16770 18059   639  1230   560
	16774 18058   639  1230   560
	16770 18058   641  1230   560
	16771 18058   639  1230   560
	16774 18058   641  1230   560
	16771 18059   639  1230   560
	16773 18059   641  1230   560
	16774 18058   639  1230   560
	16775 18058   639  1230   560
	16774 18058   639  1230   560
	16771 18058   639  1220   560
	16771 18059   641  1220   560
	16772 18058   641  1220   560
	16769 18059   641  1220   560
	16769 18058   639  1220   560
	16769 18059   639  1220   560
	16769 18058   641  1220   560
	16766 18058   641  1220   560
	16765 18058   641  1220   560
	16768 18058   643  1220   560
	16769 18057   643  1220   560
	16769 18059   643  1220   560
	16769 18058   643  1220   560
	16769 18058   641  1220   560
	16766 18057   641  1220   560
	16768 18058   643  1220   560
	16768 18057   641  1220   560
	16771 18058   643  1220   560
	16772 18058   641  1220   560
	16769 18059   641  1220   560
	16769 18058   641  1220   560
	16769 18058   641  1220   560
	16768 18059   641  1220   560
	16768 18058   641  1220   560
	16768 18058   641  1220   560
	16766 18058   643  1220   560
	16768 18058   641  1220   560
	16769 18057   641  1220   560
	16769 18058   643  1220   560
	16766 18058   641  1220   560
	16768 18058   641  1220   560
	16765 18058   643  1220   560
	16768 18057   641  1220   560
	16766 18057   641  1220   560
	16766 18057   641  1220   560
	16766 18058   641  1220   560
	16765 18057   641  1220   560
	16764 18057   643  1220   560
	16768 18058   641  1220   560
	16765 18057   641  1220   560
	16765 18057   641  1220   560
	16766 18057   641  1220   560
	16765 18057   641  1220   560
	16766 18057   641  1220   560
	16765 18057   641  1220   560
	16765 18057   639  1220   560
	16766 18056   641  1220   560
	16764 18057   639  1220   560
	16766 18057   639  1220   560
	16764 18057   638  1220   560
	16765 18057   638  1220   560
	16764 18057   638  1220   560
	16765 18057   638  1220   560
	16765 18057   638  1220   560
	16764 18057   639  1220   560
	16768 18057   639  1220   560
	16766 18057   639  1220   560
	16766 18055   641  1220   560
	16765 18057   641  1220   560
	16766 18057   638  1220   560
	16765 18057   638  1220   560
	16765 18057   638  1220   560
	16766 18056   638  1220   560
	16765 18057   638  1220   560
	16766 18056   632  1220   560
	16766 18057   632  1220   560
	16765 18057   632  1220   560
	16768 18057   630  1220   560
	16764 18058   630  1220   560
	16765 18056   632  1220   560
	16764 18057   630  1220   560
	16765 18056   630  1220   560
	16763 18057   629  1220   560
	16764 18057   630  1220   560
	16766 18056   629  1220   560
	16764 18055   629  1220   560
	16764 18055   629  1220   560
	16762 18056   629  1220   560
	16762 18055   629  1220   560
	16764 18057   627  1220   560
	16762 18055   627  1220   560
	16762 18055   627  1220   560
	16761 18056   627  1220   560
	16761 18054   627  1220   560
	16761 18054   625  1220   560
	16758 18053   627  1220   560
	16757 18044   627  1220   560
	16756 18044   625  1220   560
	16751 18044   625  1220   560
	16753 18042   625  1220   560
	16748 18042   625  1220   560
	16746 18039   623  1220   560
	16745 18038   625  1220   560
	16740 18038   625  1220   560
	16740 18027   625  1220   560
	16738 18027   623  1220   560
	16738 18026   623  1220   560
	16736 18023   623  1220   560
	16732 18023   623  1220   560
	16733 18022   623  1220   560
	16728 18012   623  1220   560
	16726 18012   623  1220   560
	16726 18011   623  1220   560
	16728 18010   621  1220   560
	16726 18009   621  1220   560
	16726 18008   621  1220   560
	16725 18007   621  1220   560
	16723 18005   621  1220   560
	16723 17996   619  1220   560
	16722 17993   619  1220   560
	16720 17990   621  1220   560
	16720 17979   621  1220   560
	16720 17977   621  1220   560
	16718 17975   621  1220   560
	16717 17964   619  1220   560
	16714 17959   619  1220   560
	16709 17948   619  1220   560
	16707 17943   619  1220   560
	16705 17930   619  1220   560
	16704 17916   619  1220   560
	16701 17911   619  1220   560
	16698 17898   617  1220   560
	16694 17896   617  1220   560
	16690 17884   617  1220   560
	16687 17877   615  1220   560
	16681 17863   615  1220   560
	16679 17849   615  1220   560
	16675 17845   615  1210   560
	16671 17834   615  1210   560
	16671 17819   613  1210   560
	16667 17816   613  1210   560
	16663 17802   611  1210   560
	16658 17788   609  1210   560
	16656 17783   609  1210   560
	16656 17768   609  1210   560
	16656 17752   609  1210   560
	16652 17739   609  1210   560
	16650 17734   607  1210   560
	16650 17723   607  1210   560
	16651 17720   607  1210   560
	16651 17718   605  1210   560
	16652 17717   605  1210   560
	16652 17707   605  1210   560
	16654 17708   605  1190   560
	16652 17707   605  1190   560
	16655 17706   605  1190   560
	16656 17705   605  1190   560
	16656 17705   605  1190   560
	16656 17705   605  1190   560
	16656 17704   605  1190   560
	16656 17702   605  1190   560
	16660 17702   605  1190   560
	16661 17692   603  1190   560
	16661 17691   603  1190   560
	16664 17690   603  1190   560
	16666 17690   605  1190   560
	16671 17687   605  1190   560
	16670 17687   605  1190   560
	16675 17686   605  1190   560
	16676 17675   605  1190   560
	16677 17674   605  1190   560
	16678 17674   605  1190   560
	16679 17674   605  1190   560
	16679 17673   605  1190   560
	16679 17672   605  1190   560
	16682 17673   603  1190   560
	16684 17672   605  1190   560
	16684 17672   603  1190   560
	16684 17672   605  1190   560
	16686 17672   603  1190   560
	16686 17671   603  1210   560
	16688 17671   603  1210   560
	16688 17671   601  1210   560
	16692 17672   601  1210   560
	16692 17671   601  1210   560
	16694 17671   599  1210   560
	16695 17672   599  1210   560
	16700 17671   599  1210   560
	16704 17672   599  1210   560
	16706 17672   599  1210   560
	16714 17673   597  1210   560
	16717 17674   597  1210   560
	16722 17674   597  1210   560
	16725 17674   595  1210   560
	16730 17675   597  1210   560
	16733 17676   597  1210   560
	16734 17676   595  1210   560
	16738 17676   595  1210   560
	16740 17685   595  1210   560
	16740 17686   592  1220   570
	16742 17685   592  1220   570
	16745 17687   592  1220   570
	16748 17687   592  1220   570
	16748 17687   592  1220   570
	16750 17687   592  1220   570
	16755 17689   592  1200   570
	16760 17691   592  1200   570
	16770 17701   592  1200   570
	16781 17707   592  1200   570
	16790 17717   592  1200   570
	16795 17723   592  1200   570
	16807 17734   590  1200   570
	16816 17737   592  1200   570
	16824 17749   590  1200   570
	16835 17754   592  1200   570
	16844 17767   592  1200   570
	16853 17772   592  1200   570
	16861 17783   590  1200   570
	16870 17787   590  1200   570
	16880 17800   590  1200   570
	16898 17815   592  1200   570
	16910 17829   590  1200   570
	16926 17845   590  1200   570
	16939 17851   590  1200   570
	16954 17868   590  1200   570
	16969 17882   588  1200   570
	16983 17898   588  1200   570
	16998 17915   588  1200   570
	17013 17931   588  1200   570
	17037 17958   586  1200   570
	17055 17977   586  1210   580
	17075 17994   584  1210   580
	17097 18021   584  1210   580
	17121 18039   581  1210   580
	17140 18057   581  1230   580
	17164 18073   581  1230   580
	17188 18091   574  1230   580
	17209 18117   560  1230   580
	17231 18135   542  1230   580
	17250 18152   531  1230   580
	17268 18171   519  1240   580
	17285 18197   513  1230   580
	17297 18216   507  1230   580
	17313 18234   504  1230   580
	17324 18252   500  1240   570
	17330 18278   500  1240   570
	17337 18297   497  1240   570
	17344 18315   494  1240   570
	17345 18343   494  1240   570
	17348 18359   490  1250   560
	17350 18377   490  1250   560
	17350 18396   487  1250   560
	17352 18410   487  1250   560
	17350 18423   487  1260   560
	17347 18439   487  1250   550
	17348 18442   484  1250   550
	17342 18457   484  1250   550
	17339 18469   480  1260   540
	17335 18472   480  1260   540
	17328 18485   484  1260   540
	17320 18489   480  1260   540
	17318 18501   484  1280   540
	17309 18505   484  1280   540
	17299 18519   484  1280   540
	17296 18522   487  1280   540
	17288 18524   487  1280   540
	17280 18536   487  1280   540
	17278 18535   487  1280   540
	17277 18536   490  1280   540
	17274 18537   490  1280   540
	17274 18535   490  1280   540
	17268 18534   490  1290   530
	17264 18533   490  1290   530
	17257 18523   494  1290   530
	17248 18521   494  1290   530
	17241 18508   494  1290   530
	17230 18491   494  1290   530
	17218 18485   490  1290   530
	17208 18469   490  1300   540
	17197 18443   494  1300   540
	17183 18427   494  1300   540
	17175 18408   494  1300   540
	17165 18390   494  1290   550
	17155 18364   494  1300   550
	17149 18346   494  1300   550
	17144 18328   494  1300   550
	17136 18314   494  1300   550
	17129 18295   494  1300   550
	17120 18267   494  1290   560
	17111 18247   494  1300   560
	17106 18229   494  1300   560
	17102 18203   494  1300   560
	17095 18184   494  1270   560
	17093 18156   494  1270   560
	17083 18140   494  1270   560
	17079 18121   494  1260   570
	17076 18102   494  1260   570
	17068 18089   494  1260   570
	17067 18069   494  1260   570
	17064 18042   494  1240   570
	17059 18028   497  1240   570
	17054 18012   497  1240   570
	17056 17995   497  1240   570
	17049 17976   497  1240   570
	17042 17959   497  1230   580
	17039 17941   497  1230   580
	17035 17915   497  1230   580
	17029 17897   497  1230   580
	17025 17878   497  1230   580
	17020 17862   497  1230   580
	17017 17847   497  1210   580
	17016 17833   497  1200   570
	17015 17819   497  1200   570
	17013 17814   497  1210   580
	17008 17802   497  1210   580
	17008 17788   497  1210   580
	17009 17786   497  1210   580
	17009 17783   497  1210   580
	17009 17772   497  1210   580
	17009 17768   497  1200   580
	17009 17768   497  1200   580
	17009 17756   497  1200   580
	17010 17753   497  1200   580
	17011 17751   497  1200   580
	17014 17751   497  1200   580
	17013 17749   497  1200   580
	17014 17740   497  1200   580
	17014 17739   497  1200   580
	17013 17739   497  1200   580
	17013 17739   497  1200   580
	17014 17739   497  1200   580
	17013 17737   497  1200   580
	17016 17736   497  1200   580
	17016 17737   497  1200   580
	17016 17738   497  1200   580
	17016 17736   497  1190   580
	17017 17737   497  1190   580
	17018 17737   497  1190   580
	17019 17737   497  1190   580
	17020 17737   494  1190   580
	17023 17737   494  1190   580
	17026 17737   497  1190   580
	17027 17738   494  1190   580
	17030 17739   494  1190   580
	17031 17738   497  1190   580
	17034 17737   497  1190   580
	17033 17739   497  1200   580
	17037 17740   497  1200   580
	17040 17739   497  1200   580
	17044 17738   497  1200   580
	17045 17739   497  1200   580
	17048 17739   500  1200   580
	17048 17739   500  1200   580
	17051 17740   500  1200   580
	17055 17749   500  1200   580
	17056 17750   500  1200   580
	17061 17749   500  1200   580
	17060 17751   500  1200   580
	17061 17751   500  1200   580
	17065 17751   500  1200   580
	17067 17752   500  1200   580
	17070 17752   500  1200   580
	17073 17752   500  1200   580
	17075 17753   500  1200   580
	17077 17754   500  1200   580
	17080 17755   500  1200   580
	17080 17756   500  1200   580
	17087 17756   500  1200   580
	17088 17756   500  1200   580
	17091 17765   500  1200   580
	17093 17766   500  1200   580
	17097 17767   500  1200   580
	17101 17769   500  1210   590
	17106 17782   500  1210   590
	17111 17782   500  1210   590
	17117 17784   500  1210   590
	17120 17785   500  1210   590
	17123 17786   500  1210   590
	17130 17786   500  1210   590
	17134 17799   500  1210   590
	17142 17801   500  1230   590
	17151 17803   504  1230   590
	17158 17815   504  1230   590
	17164 17816   500  1230   590
	17168 17818   504  1230   590
	17170 17820   504  1230   590
	17178 17829   500  1230   590
	17183 17832   500  1230   590
	17188 17833   504  1230   590
	17190 17836   504  1230   590
	17190 17845   504  1230   590
	17195 17846   504  1230   590
	17196 17848   500  1230   590
	17198 17849   500  1230   590
	17199 17848   500  1230   590
	17201 17850   504  1230   590
	17202 17850   504  1230   590
	17206 17849   504  1230   590
	17208 17851   504  1230   590
	17211 17852   504  1230   590
	17212 17861   500  1240   600
	17219 17862   500  1240   600
	17221 17864   500  1240   600
	17231 17867   504  1240   600
	17235 17877   504  1240   600
	17242 17880   500  1240   600
	17251 17883   500  1240   600
	17256 17894   504  1230   590
	17263 17897   504  1230   590
	17274 17900   500  1230   590
	17281 17910   504  1230   590
	17285 17912   504  1230   590
	17293 17914   504  1210   580
	17297 17916   504  1210   580
	17307 17926   504  1210   580
	17316 17930   504  1210   580
	17326 17941   504  1210   580
	17333 17942   504  1200   570
	17341 17947   504  1200   570
	17350 17958   504  1200   570
	17356 17962   504  1200   570
	17363 17973   507  1200   570
	17372 17979   507  1190   560
	17384 17992   507  1190   560
	17391 18006   507  1190   560
	17400 18011   507  1190   560
	17405 18023   507  1200   570
	17408 18026   507  1200   570
	17412 18028   507  1200   570
	17416 18040   507  1200   570
	17416 18043   504  1200   570
	17417 18054   504  1200   570
	17418 18058   504  1200   570
	17418 18070   504  1200   570
	17420 18073   500  1200   570
	17418 18074   500  1200   570
	17416 18085   500  1220   570
	17416 18076   500  1220   570
	17414 18086   504  1220   570
	17410 18087   504  1220   570
	17409 18087   504  1220   570
	17406 18088   504  1220   570
	17402 18087   504  1220   570
	17396 18087   504  1220   570
	17392 18088   507  1220   570
	17383 18089   507  1220   570
	17376 18088   507  1220   570
	17369 18087   504  1220   570
	17361 18086   504  1220   570
	17352 18085   504  1220   570
	17344 18085   504  1220   570
	17336 18075   504  1220   570
	17330 18073   500  1220   570
	17318 18072   500  1220   570
	17313 18070   500  1220   570
	17308 18059   500  1220   570
	17303 18054   500  1220   570
	17296 18044   500  1220   570
	17288 18038   497  1210   560
	17284 18026   497  1210   560
	17275 18021   497  1210   560
	17270 18007   497  1210   560
	17264 17995   497  1210   560
	17257 17990   500  1210   560
	17257 17974   500  1210   560
	17250 17961   500  1210   560
	17251 17947   500  1210   560
	17251 17941   500  1210   560
	17251 17929   500  1210   560
	17250 17915   500  1210   560
	17251 17909   500  1210   560
	17257 17897   500  1210   560
	17255 17894   500  1190   560
	17257 17881   500  1190   560
	17261 17867   500  1190   560
	17265 17862   500  1190   560
	17274 17846   504  1190   560
	17278 17832   504  1190   560
	17287 17818   500  1190   560
	17294 17802   504  1190   560
	17300 17787   500  1190   560
	17309 17770   504  1190   560
	17324 17755   504  1190   560
	17333 17739   504  1190   560
	17342 17723   504  1180   570
	17348 17707   504  1180   570
	17351 17690   504  1180   570
	17355 17673   504  1180   570
	17354 17656   504  1190   580
	17357 17642   504  1190   580
	17360 17623   504  1190   580
	17357 17607   507  1190   580
	17354 17595   504  1190   580
	17355 17580   504  1190   580
	17352 17574   507  1190   580
	17350 17559   507  1190   580
	17348 17543   507  1190   580
	17344 17531   507  1190   580
	17341 17525   507  1190   580
	17335 17510   507  1190   580
	17327 17497   507  1190   580
	17313 17482   507  1190   580
	17304 17468   507  1190   580
	17285 17464   507  1190   580
	17272 17452   507  1190   580
	17256 17450   510  1190   580
	17245 17446   510  1190   580
	17228 17445   510  1190   580
	17214 17435   510  1190   580
	17199 17435   513  1190   580
	17186 17435   513  1200   580
	17173 17435   513  1200   580
	17159 17436   513  1200   580
	17147 17445   513  1200   580
	17132 17446   519  1200   580
	17122 17446   525  1200   580
	17113 17448   539  1200   580
	17106 17449   552  1210   590
	17099 17451   565  1210   590
	17096 17461   567  1210   590
	17091 17465   572  1210   590
	17089 17466   572  1210   590
	17084 17478   572  1210   590
	17083 17482   570  1210   590
	17084 17498   572  1210   590
	17091 17527   570  1210   590
	17100 17557   570  1210   590
	17111 17590   570  1210   590
	17126 17628   565  1210   590
	17143 17670   565  1210   590
	17167 17706   560  1210   590
	17189 17740   562  1210   590
	17216 17782   560  1210   590
	17238 17803   557  1210   590
	17266 17833   555  1200   580
	17291 17851   555  1200   580
	17324 17868   555  1200   580
	17345 17884   542  1200   580
	17371 17900   510  1200   580
	17399 17926   504  1200   580
	17420 17946   490  1200   580
	17445 17960   480  1200   580
	17461 17973   458  1190   580
	17478 17979   390  1190   580
	17500 17993   317  1190   580
	17513 18007     0  1190   580
	17522 18012    -1  1200   570
	17528 18025    -1  1200   570
	17528 18028    -1  1200   570
	17528 18043    -1  1190   560
	17524 18057    -1  1190   560
	17521 18071    -1  1210   560
	17516 18085    -1  1210   560
	17512 18101    -1  1200   550
	17501 18103    -1  1210   550
	17498 18135    -1  1230   550
	17515 18151    -1  1220   540
	17490 18165    -1  1230   530
	17493 18169    -1  1230   530
	17516 18167    -1  1240   520
	17491 18172    -1  1230   510
	17495 18172    -1  1250   510
	17494 18170    -1  1250   500
	17492 18169    -1  1250   500
	17489 18167    -1  1250   480
	17485 18156    -1  1260   480
	17483 18153    -1  1260   480
	17477 18149    -1  1250   470
	17475 18140    -1  1260   470
	17471 18136    -1  1260   470
	17467 18136    -1  1260   470
	17465 18135    -1  1260   470
	17463 18133    -1  1260   470
	17458 18133    -1  1260   470
	17454 18133    -1  1260   470
	17453 18124    -1  1250   470
	17448 18133    -1  1250   470
	17446 18133    -1  1260   480
	17441 18135    -1  1260   480
	17441 18135    -1  1260   480
	17439 18135    -1  1250   480
	17437 18138    -1  1260   490
	17435 18140    -1  1260   490
	17433 18151    -1  1260   490
	17430 18153    -1  1260   500
	17431 18156    -1  1260   500
	17432 18168    -1  1260   500
	17448 18172    -1  1260   500
	17429 18184    -1  1270   510
	17429 18198    -1  1260   510
	17432 18204    -1  1260   510
	17433 18219    -1  1260   510
	17434 18233    -1  1270   520
	17432 18248    -1  1270   520
	17438 18263    -1  1270   520
	17438 18279    -1  1270   520
	17439 18297    -1  1270   520
	17439 18313    -1  1270   520
	17442 18332    -1  1250   530
	17438 18359    -1  1250   530
	17436 18377    -1  1250   530
	17434 18405    -1  1250   530
	17434 18421    -1  1250   530
	17431 18437    -1  1240   530
	17426 18444    -1  1240   530
	17417 18455    -1  1240   530
	17406 18458    -1  1240   530
	17393 18459    -1  1230   530
	17384 18460    -1  1230   530
	17370 18459    -1  1220   530
	17357 18460    -1  1220   530
	17344 18460    -1  1220   530
	17333 18459    -1  1210   530
	17318 18458    -1  1210   530
	17308 18455    -1  1200   520
	17295 18454    -1  1200   520
	17281 18444    -1  1200   520
	17268 18442    -1  1200   520
	17255 18439    -1  1200   520
	17241 18427    -1  1210   520
	17230 18422    -1  1220   530
	17211 18407    -1  1220   530
	17195 18393    -1  1230   530
	17183 18378    -1  1230   530
	17169 18360    -1  1240   540
	17158 18342    -1  1240   540
	17143 18325    -1  1250   550
	17130 18298    -1  1250   550
	17113 18280    -1  1270   550
	17097 18262    -1  1270   550
	17078 18246    -1  1290   560
	17065 18230    -1  1290   560
	17054 18216    -1  1300   560
	17044 18202    -1  1300   560
	17032 18197    -1  1320   570
	17024 18185    -1  1320   570
	17012 18172    -1  1310   560
	17007 18169    -1  1310   560
	17000 18167    -1  1310   560
	16995 18149    -1  1310   560
	16993 18153    -1  1310   560
	16990 18152    -1  1310   560
	16992 18152    -1  1310   560
	16994 18153    -1  1300   560
	16997 18154    -1  1300   560
	17005 18155    -1  1300   560
	17013 18165    -1  1300   560
	17018 18167    -1  1300   560
	17024 18169    -1  1300   560
	17030 18169    -1  1300   560
	17035 18170    -1  1300   560
	17039 18172    -1  1280   570
	17045 18172    -1  1280   570
	17047 18181    -1  1280   570
	17047 18182    -1  1280   570
	17048 18183    -1  1280   570
	17050 18183    -1  1280   570
	17045 18182    -1  1280   570
	17045 18181    -1  1280   570
	17040 18172    -1  1280   570
	17038 18171    -1  1280   570
	17030 18169    -1  1270   560
	17025 18165    -1  1270   560
	17019 18156    -1  1270   560
	17008 18138    -1  1270   560
	16998 18140    -1  1270   560
	16982 18135    -1  1270   560
	16965 18122    -1  1270   560
	16946 18107    -1  1270   560
	16921 18092    -1  1270   560
	16934 18075    -1  1270   560
	16869 18060    -1  1270   560
	16848 18044    -1  1270   560
	16825 18039    -1  1260   570
	16812 18024    -1  1260   570
	16800 18023    64  1260   570
	16791 18011    35  1260   570
	16783 18009   108  1260   570
	16773 18006   201  1260   570
	16768 17996   262  1260   570
	16764 17996   317  1260   570
	16761 17996   352  1260   570
	16761 17994   269  1260   570
	16760 17995   302  1260   570
	16762 17996   317  1260   570
	16763 17996   338  1260   570
	16769 18005   338  1260   570
	16773 18005   344  1260   570
	16783 18008   350  1260   570
	16797 18009   357  1260   570
	16815 18011   368  1260   570
	16843 18024   380  1260   570
	16875 18041   390  1260   570
	16917 18059   401  1260   570
	16968 18090   424  1260   570
	17029 18118   437  1260   570
	17095 18149   442  1270   570
	17167 18184   446  1270   570
	17245 18229   446  1270   570
	17333 18263   446  1280   570
	17401 18309   450  1280   570
	17469 18342   450  1280   570
	17535 18375   450  1280   570
	17597 18407   450  1280   570
	17657 18428   450  1280   570
	17714 18454   450  1280   570
	17764 18475   450  1300   560
	17799 18491   450  1310   570
	17830 18506   450  1310   570
	17852 18521   450  1310   570
	17864 18522   450  1310   570
	17869 18533   450  1320   570
	17869 18533   446  1320   570
	17864 18534   429  1320   570
	17853 18533   363  1320   570
	17842 18533   352  1320   570
	17832 18533   275  1320   570
	17817 18534   108  1320   570
	17803 18534    -1  1320   570
	17786 18524    -1  1320   570
	17772 18523    -1  1340   560
	17758 18522    -1  1340   560
	17749 18521    -1  1340   560
	17744 18519    -1  1320   570
	17735 18518    -1  1320   570
	17731 18508    -1  1310   560
	17725 18504    -1  1310   560
	17715 18492    -1  1310   560
	17707 18488    -1  1310   560
	17699 18473    -1  1310   560
	17692 18459    -1  1300   550
	17683 18453    -1  1300   550
	17670 18438    -1  1300   550
	17662 18422    -1  1290   560
	17651 18405    -1  1270   550
	17644 18379    -1  1270   550
	17634 18364    -1  1270   550
	17623 18343    -1  1270   550
	17611 18330    -1  1260   540
	17599 18312    -1  1250   550
	17588 18294    -1  1260   540
	17573 18267    -1  1260   540
	17562 18251    -1  1260   540
	17552 18234    -1  1260   540
	17536 18217    -1  1250   540
	17529 18201    -1  1270   530
	17516 18183    -1  1270   530
	17505 18167    -1  1270   530
	17493 18152    -1  1270   530
	17480 18136    -1  1270   530
	17471 18121    -1  1270   530
	17459 18106    -1  1270   530
	17453 18101    -1  1270   530
	17450 18089    -1  1270   530
	17442 18086    -1  1270   530
	17438 18075    -1  1250   540
	17432 18074    -1  1250   540
	17430 18070    -1  1250   540
	17425 18069    -1  1240   540
	17420 18058    -1  1240   540
	17412 18054    -1  1240   540
	17408 18043    -1  1230   550
	17398 18042    -1  1230   550
	17394 18038    -1  1230   550
	17387 18027    -1  1230   550
	17384 18024    -1  1230   550
	17377 18023    -1  1230   550
	17372 17991    -1  1230   550
	17367 18008    -1  1240   550
	17365 18008    -1  1240   550
	17362 18005    -1  1220   560
	17359 17995    -1  1220   560
	17354 17995    -1  1220   560
	17349 17991    -1  1220   560
	17343 17990    -1  1220   560
	17337 17980     0  1220   560
	17337 17990   108  1220   560
	17333 17990   182  1220   560
	17330 17992   234  1220   560
	17327 17992   262  1210   560
	17322 17996   297  1210   560
	17322 18005   327  1210   560
	17320 18008   360  1210   560
	17320 18009   278  1210   560
	17326 18021   317  1210   560
	17328 18024   350  1210   560
	17331 18028   357  1210   560
	17336 18042   357  1210   560
	17343 18054   368  1210   560
	17346 18059   368  1210   560
	17354 18074   368  1210   560
	17366 18088   368  1210   560
	17376 18102   357  1220   570
	17388 18120   344  1220   570
	17404 18135   331  1220   570
	17424 18152   310  1220   570
	17440 18169   310  1220   570
	17458 18186   310  1220   570
	17480 18202   310  1230   560
	17503 18220   310  1230   560
	17528 18235   302  1230   560
	17557 18250   302  1230   560
	17580 18262   302  1230   560
	17599 18267   269  1230   560
	17621 18277   344  1240   570
	17647 18278   297  1240   570
	17677 18279   201  1240   570
	17710 18283     0  1240   570
