ABCDE-012_345_678 2661
	20379 18348    64  1150   580
	20379 18359    35  1150   580
	20378 18361   182  1160   570
	20378 18364   249  1160   570
	20379 18364   286  1160   570
	20376 18375   308  1160   570
	20376 18375   336  1160   570
	20378 18376   360  1160   570
	20378 18376   302  1180   570
	20378 18376   357  1180   570
	20377 18376   395  1180   570
	20377 18376   424  1180   570
	20377 18376   437  1180   570
	20377 18376   450  1180   570
	20377 18375   458  1180   570
	20376 18373   465  1190   580
	20379 18373   469  1190   580
	20380 18363   473  1190   580
	20379 18361   476  1190   580
	20380 18358   480  1190   580
	20384 18347   484  1190   580
	20387 18342   487  1190   580
	20392 18329   490  1190   580
	20395 18316   494  1190   580
	20402 18310   500  1190   580
	20406 18296   504  1190   580
	20413 18282   504  1190   580
	20422 18266   507  1190   580
	20428 18250   510  1170   580
	20437 18232   528  1170   580
	20448 18204   531  1170   580
	20453 18185   531  1160   580
	20457 18167   539  1160   580
	20469 18140   544  1160   580
	20482 18119   555  1160   580
	20483 18086   555  1140   590
	20491 18071   557  1130   590
	20501 18038   565  1130   590
	20502 18008   570  1130   590
	20510 17976   577  1110   590
	20520 17947   579  1110   590
	20526 17910   581  1110   590
	20528 17895   581  1110   590
	20535 17866   586  1110   590
	20538 17835   588  1110   590
	20541 17813   588  1090   600
	20536 17784   588  1090   600
	20537 17754   590  1090   600
	20537 17733   590  1090   600
	20536 17701   590  1090   600
	20531 17672   590  1090   600
	20526 17654   590  1090   600
	20526 17637   590  1090   600
	20521 17611   590  1090   600
	20515 17591   592  1080   600
	20509 17564   592  1080   600
	20500 17548   592  1080   600
	20492 17542   595  1080   600
	20486 17528   599  1080   600
	20475 17512   601  1080   600
	20468 17496   603  1080   600
	20454 17479   605  1080   600
	20430 17464   611  1080   600
	20412 17450   613  1080   600
	20396 17434   617  1080   600
	20375 17419   623  1080   600
	20350 17404   625  1080   600
	20330 17387   630  1080   600
	20304 17371   630  1080   600
	20277 17355   634  1080   600
	20247 17340   638  1080   600
	20220 17323   638  1080   600
	20192 17308   632  1080   600
	20162 17302   634  1080   600
	20137 17287   630  1080   600
	20114 17275   629  1080   600
	20096 17274   621  1080   600
	20076 17272   609  1080   600
	20060 17270   597  1080   600
	20044 17260   567  1080   600
	20038 17260   504  1080   600
	20037 17260   458  1060   600
	20037 17270   278  1050   590
	20043 17274   201  1050   590
	20055 17290    -1  1050   590
	20070 17317    -1  1050   590
	20090 17337    -1  1050   590
	20110 17367    -1  1040   590
	20137 17397    -1  1040   590
	20162 17419    -1  1040   590
	20190 17448    -1  1040   590
	20216 17467    -1  1040   590
	20245 17500    -1  1020   590
	20284 17529    -1  1020   590
	20294 17560    -1  1020   600
	20319 17590    -1  1020   600
	20343 17621    -1  1020   600
	20365 17640    -1  1020   590
	20382 17674    -1  1020   580
	20396 17708    -1  1020   580
	20405 17738    -1  1010   580
	20415 17769    -1  1010   570
	20423 17803    -1  1020   550
	20422 17848    -1  1010   540
	20426 17882    -1  1020   530
	20418 17925    -1  1020   520
	20412 17957    -1  1010   510
	20412 17977    -1  1040   510
	20411 18009    -1  1030   490
	20407 18027    -1  1040   480
	20405 18044    -1  1040   470
	20398 18060    -1  1040   450
	20392 18072    -1  1050   440
	20384 18076    -1  1050   440
	20375 18086    -1  1060   440
	20365 18085    -1  1070   440
	20355 18087    -1  1070   440
	20343 18088    -1  1080   440
	20334 18088    -1  1090   440
	20321 18088    -1  1100   460
	20312 18088    -1  1100   470
	20306 18088    -1  1110   480
	20299 18088    -1  1120   490
	20295 18087    -1  1130   500
	20291 18086    -1  1120   510
	20290 18085    -1  1140   530
	20294 18075    -1  1140   530
	20295 18073    -1  1140   550
	20299 18069    -1  1150   550
	20302 18056    -1  1160   560
	20303 18042    -1  1150   580
	20304 18037    -1  1160   580
	20308 18007    -1  1160   600
	20313 18011    -1  1160   600
	20318 18006    -1  1160   600
	20321 17992    -1  1160   600
	20328 17989    -1  1150   600
	20333 17976    -1  1130   600
	20345 17973    -1  1130   600
	20344 17960    -1  1130   600
	20344 17948    -1  1130   600
	20350 17943    -1  1130   600
	20351 17931    -1  1120   600
	20353 17926    -1  1120   600
	20353 17912    -1  1120   600
	20355 17899    -1  1120   600
	20356 17893    -1  1120   600
	20355 17880    -1  1120   600
	20359 17866    -1  1120   600
	20359 17861    -1  1120   600
	20360 17849    -1  1100   600
	20362 17846    -1  1100   600
	20365 17835    -1  1100   600
	20368 17833    -1  1100   600
	20371 17832    -1  1100   600
	20372 17832    -1  1100   600
	20377 17833    -1  1100   600
	20377 17832    -1  1100   600
	20382 17833    -1  1100   600
	20381 17831    -1  1090   600
	20384 17829    -1  1090   600
	20386 17819    -1  1090   600
	20388 17818    -1  1090   590
	20393 17815    -1  1090   590
	20394 17813    -1  1090   590
	20399 17803    -1  1070   590
	20405 17800    -1  1060   580
	20413 17786    -1  1060   580
	20419 17766    -1  1060   580
	20427 17782    -1  1060   580
	20436 17781    -1  1060   570
	20446 17772    -1  1060   570
	20453 17770    -1  1060   570
	20460 17770    -1  1060   570
	20467 17771    -1  1060   570
	20473 17781    -1  1060   570
	20479 17772    -1  1060   580
	20484 17782    -1  1060   580
	20488 17781    -1  1060   580
	20492 17781    -1  1060   580
	20496 17781    -1  1060   580
	20498 17772    -1  1060   580
	20498 17772    -1  1060   580
	20499 17771    -1  1060   580
	20509 17770    -1  1060   580
	20500 17770    -1  1060   580
	20499 17768    -1  1060   580
	20500 17768    -1  1060   580
	20500 17750    -1  1060   580
	20499 17767    -1  1060   580
	20499 17768    -1  1060   580
	20498 17767    64  1060   580
	20494 17768   136  1060   580
	20489 17769   218  1060   580
	20485 17768   262  1060   580
	20479 17767   286  1070   590
	20476 17768   327  1070   590
	20471 17768   352  1070   590
	20466 17765   294  1070   590
	20460 17766   368  1070   590
	20456 17765   415  1070   590
	20452 17766   442  1070   590
	20446 17767   458  1070   590
	20442 17769   469  1070   590
	20429 17770   480  1070   590
	20425 17771   490  1070   590
	20411 17782   497  1070   590
	20401 17787   504  1070   590
	20389 17800   510  1070   590
	20376 17814   519  1070   590
	20364 17818   536  1070   590
	20346 17833   544  1070   590
	20335 17849   567  1070   590
	20319 17861   581  1070   590
	20301 17878   584  1070   590
	20287 17883   588  1070   590
	20271 17898   590  1070   590
	20252 17912   592  1070   590
	20239 17929   592  1090   590
	20221 17947   595  1090   590
	20207 17973   597  1090   590
	20193 17989   599  1090   590
	20185 17996   603  1090   590
	20171 18024   603  1090   590
	20163 18043   601  1090   590
	20153 18069   601  1090   590
	20142 18089   603  1090   590
	20134 18108   603  1090   590
	20128 18133   603  1090   590
	20117 18154   603  1090   590
	20115 18182   601  1090   590
	20111 18203   601  1090   590
	20113 18232   601  1090   590
	20115 18251   601  1090   590
	20117 18277   599  1090   590
	20120 18298   599  1090   590
	20128 18316   601  1100   580
	20136 18344   599  1100   580
	20144 18361   599  1120   580
	20152 18380   601  1120   580
	20165 18409   599  1120   580
	20183 18437   599  1130   580
	20196 18456   599  1130   580
	20215 18486   599  1150   580
	20239 18518   599  1150   580
	20265 18539   599  1160   570
	20292 18566   599  1160   570
	20312 18587   599  1180   570
	20331 18600   597  1180   570
	20359 18618   597  1180   570
	20386 18631   597  1190   560
	20405 18636   595  1190   560
	20437 18651   595  1190   560
	20466 18662   592  1190   560
	20487 18664   592  1190   560
	20510 18663   590  1190   560
	20532 18663   590  1190   560
	20556 18661   590  1190   560
	20578 18651   590  1190   560
	20605 18648   590  1190   560
	20629 18636   588  1190   560
	20655 18633   588  1190   560
	20678 18629   586  1190   560
	20693 18620   584  1190   560
	20713 18618   581  1190   560
	20727 18613   581  1190   560
	20739 18601   579  1190   560
	20748 18597   579  1190   560
	20755 18586   577  1200   570
	20756 18582   577  1200   570
	20762 18570   581  1200   570
	20763 18550   581  1200   570
	20762 18534   586  1200   570
	20760 18517   588  1200   570
	20757 18488   590  1200   570
	20753 18470   592  1200   570
	20748 18444   592  1200   570
	20738 18423   590  1200   570
	20730 18394   592  1200   570
	20718 18380   590  1200   570
	20709 18377   590  1200   570
	20705 18359   588  1200   570
	20697 18342   581  1200   570
	20686 18330   557  1190   580
	20675 18325   519  1190   580
	20663 18298   497  1190   580
	20649 18284   465  1190   580
	20637 18279   390  1170   580
	20622 18264   344  1170   580
	20608 18250   182  1160   570
	20595 18246    -1  1150   580
	20586 18236    -1  1150   580
	20581 18232    -1  1150   580
	20580 18230    -1  1130   580
	20583 18218    -1  1130   580
	20586 18216    -1  1130   570
	20593 18204    -1  1130   570
	20601 18198    -1  1130   570
	20612 18197    -1  1120   560
	20626 18185    -1  1120   560
	20641 18172    -1  1120   560
	20657 18168    -1  1110   550
	20676 18152    -1  1110   550
	20696 18137    -1  1120   540
	20713 18123    -1  1120   540
	20774 18092    -1  1120   540
	20750 18089    -1  1120   530
	20773 18071    -1  1120   530
	20796 18044    -1  1120   530
	20823 18025    -1  1120   530
	20853 17996    -1  1140   530
	20876 17979    -1  1120   530
	20903 17959    -1  1120   530
	20931 17931    -1  1130   540
	20961 17913    -1  1130   540
	20990 17894    -1  1140   550
	21020 17868    -1  1140   550
	21052 17849    -1  1120   550
	21077 17832    -1  1130   560
	21106 17814    -1  1130   560
	21128 17797    -1  1130   570
	21149 17782    -1  1130   570
	21172 17768    -1  1120   580
	21186 17766    -1  1120   580
	21199 17752    -1  1130   590
	21208 17752    -1  1110   590
	21210 17751    -1  1110   590
	21209 17752    -1  1120   600
	21202 17751    -1  1120   600
	21192 17752    -1  1120   600
	21180 17751    -1  1100   600
	21161 17751    -1  1100   600
	21146 17751    -1  1100   600
	21127 17753    -1  1100   600
	21111 17765    -1  1100   600
	21091 17768    -1  1100   600
	21068 17771    -1  1100   600
	21048 17782    -1  1100   600
	21025 17785    -1  1100   600
	21005 17788    -1  1100   600
	20981 17799    -1  1090   600
	20957 17801    -1  1090   600
	20930 17804    -1  1110   590
	20904 17814    -1  1110   590
	20876 17813    -1  1100   580
	20854 17813    -1  1100   580
	20825 17813    -1  1100   580
	20803 17803    -1  1100   580
	20780 17802    -1  1090   570
	20762 17800    -1  1090   570
	20750 17799    -1  1090   570
	20742 17801    -1  1090   570
	20742 17802    -1  1090   570
	20742 17803    -1  1090   570
	20740 17803    -1  1090   570
	20740 17803    -1  1090   570
	20745 17813    -1  1090   570
	20747 17804    -1  1090   570
	20748 17804    -1  1090   570
	20754 17804    -1  1090   570
	20758 17802    -1  1090   570
	20764 17801    -1  1090   570
	20769 17800    -1  1090   570
	20774 17788    -1  1090   570
	20779 17786    -1  1090   570
	20787 17784    -1  1090   570
	20793 17783    -1  1090   570
	20802 17783    -1  1090   570
	20812 17781    -1  1090   570
	20818 17781    -1  1090   570
	20826 17783    -1  1090   570
	20834 17783    -1  1090   570
	20845 17786    -1  1090   570
	20912 17788    -1  1090   570
	20860 17797    -1  1090   570
	20868 17799    -1  1090   570
	20876 17801    -1  1090   570
	20881 17804    -1  1090   570
	20890 17814    -1  1090   570
	20898 17817    -1  1090   570
	20902 17818    -1  1090   570
	20906 17818    -1  1090   570
	20913 17829    -1  1090   570
	20921 17803    -1  1090   570
	20926 17832    -1  1100   580
	20931 17833    -1  1100   580
	20938 17834    -1  1100   580
	20943 17836    -1  1100   580
	20945 17845    -1  1100   580
	20947 17849    -1  1100   580
	20950 17851    -1  1100   580
	20952 17833    -1  1110   590
	20951 17862    -1  1110   590
	20951 17852    -1  1110   590
	20947 17862    64  1110   590
	20945 17862    75  1110   590
	20936 17866   234  1110   590
	20933 17877   297  1110   590
	20925 17879   336  1110   590
	20917 17881   367  1110   590
	20909 17881   338  1110   590
	20905 17884   390  1110   590
	20892 17893   415  1110   590
	20882 17895   437  1110   590
	20874 17896   446  1110   590
	20858 17897   454  1110   590
	20849 17898   465  1110   590
	20835 17898   473  1110   590
	20821 17897   480  1110   590
	20807 17896   490  1110   590
	20789 17894   494  1110   590
	20774 17883   494  1090   600
	20751 17881   494  1090   600
	20737 17868   494  1090   590
	20721 17862   497  1090   590
	20707 17849   500  1090   590
	20693 17833   500  1090   590
	20682 17816   500  1090   590
	20669 17800   500  1090   590
	20657 17786   500  1090   590
	20653 17781   500  1090   590
	20649 17767   500  1090   590
	20648 17752   500  1090   590
	20646 17738   500  1090   590
	20646 17734   500  1090   590
	20647 17722   500  1090   590
	20651 17719   500  1090   590
	20653 17708   497  1090   590
	20658 17706   497  1090   590
	20665 17702   497  1090   590
	20673 17691   497  1090   590
	20681 17689   497  1090   590
	20689 17687   497  1070   590
	20697 17685   497  1060   580
	20705 17675   497  1060   580
	20714 17685   497  1060   580
	20726 17676   497  1060   580
	20740 17674   497  1060   580
	20749 17676   497  1070   590
	20766 17676   497  1070   590
	20778 17689   497  1070   590
	20792 17702   497  1070   590
	20806 17708   494  1070   590
	20818 17723   494  1070   590
	20831 17750   494  1070   590
	20848 17768   494  1070   590
	20864 17786   490  1070   590
	20872 17804   490  1070   590
	20885 17820   487  1070   590
	20897 17834   487  1070   590
	20900 17849   487  1070   590
	20905 17863   487  1070   590
	20911 17879   484  1070   590
	20913 17894   484  1070   590
	20917 17896   487  1070   590
	20917 17900   487  1070   590
	20922 17909   487  1070   590
	20923 17910   490  1070   590
	20923 17911   490  1090   590
	20922 17910   497  1090   590
	20921 17912   500  1090   590
	20919 17911   507  1090   590
	20921 17909   510  1090   590
	20921 17899   516  1090   590
	20919 17897   531  1090   600
	20917 17895   539  1090   600
	20916 17884   555  1090   600
	20914 17879   557  1090   600
	20916 17868   565  1090   600
	20913 17864   565  1090   600
	20914 17847   567  1090   600
	20914 17835   567  1090   600
	20915 17832   570  1090   600
	20919 17818   570  1090   600
	20926 17803   572  1090   600
	20928 17788   572  1090   600
	20931 17781   572  1080   600
	20934 17769   574  1080   600
	20941 17753   574  1080   600
	20945 17739   574  1080   600
	20950 17733   574  1080   600
	20957 17717   574  1080   600
	20963 17702   574  1080   600
	20965 17689   574  1080   600
	20969 17686   574  1080   600
	20973 17676   574  1080   600
	20974 17674   574  1080   600
	20976 17673   574  1080   600
	20979 17672   574  1080   600
	20978 17673   574  1080   600
	20979 17673   574  1080   600
	20979 17672   574  1060   600
	20980 17674   574  1060   600
	20981 17673   572  1060   600
	20986 17672   572  1060   600
	20988 17673   572  1060   600
	20990 17672   572  1080   600
	20995 17671   574  1080   600
	20999 17673   574  1080   600
	21001 17672   574  1080   600
	21005 17672   574  1080   600
	21009 17672   574  1080   600
	21013 17672   574  1080   600
	21013 17672   572  1080   600
	21014 17673   565  1080   600
	21016 17673   560  1080   600
	21020 17674   555  1080   600
	21023 17676   550  1080   600
	21027 17686   544  1080   600
	21028 17691   542  1080   600
	21034 17703   542  1060   600
	21039 17707   542  1060   600
	21043 17718   542  1060   600
	21047 17722   542  1060   600
	21053 17735   542  1060   600
	21057 17751   542  1060   600
	21064 17767   542  1060   600
	21074 17783   542  1060   600
	21077 17800   536  1060   600
	21080 17813   536  1080   600
	21083 17829   536  1080   600
	21089 17845   531  1080   600
	21091 17851   531  1080   600
	21093 17866   525  1080   600
	21097 17879   528  1080   600
	21097 17896   525  1080   600
	21100 17900   525  1080   600
	21098 17912   528  1080   600
	21095 17913   528  1080   600
	21098 17915   525  1080   600
	21096 17915   528  1080   600
	21096 17915   531  1080   600
	21096 17914   528  1080   600
	21094 17914   531  1080   600
	21095 17914   536  1080   600
	21094 17913   539  1080   600
	21095 17912   539  1080   600
	21095 17911   542  1080   600
	21095 17910   542  1090   600
	21094 17910   544  1090   600
	21093 17909   552  1090   600
	21096 17900   555  1090   600
	21093 17899   552  1090   600
	21095 17896   555  1090   600
	21094 17894   555  1090   600
	21091 17882   555  1080   600
	21090 17868   555  1080   600
	21086 17849   555  1080   600
	21081 17832   557  1080   600
	21080 17817   555  1080   600
	21077 17803   555  1080   600
	21076 17784   555  1080   600
	21075 17770   555  1080   600
	21075 17765   552  1080   600
	21075 17751   555  1080   600
	21076 17736   555  1080   600
	21077 17724   555  1080   600
	21079 17719   555  1080   600
	21086 17708   555  1080   600
	21087 17706   555  1080   600
	21093 17703   552  1080   600
	21096 17702   552  1080   600
	21100 17692   552  1080   600
	21106 17690   552  1080   600
	21115 17688   550  1060   600
	21120 17688   544  1060   600
	21125 17688   544  1060   600
	21131 17688   542  1060   600
	21139 17689   542  1060   600
	21145 17690   544  1060   600
	21155 17692   542  1060   600
	21160 17703   536  1060   600
	21169 17706   531  1060   600
	21176 17718   528  1060   600
	21181 17721   525  1060   600
	21191 17735   525  1060   600
	21199 17751   522  1060   600
	21205 17765   519  1060   600
	21215 17783   519  1060   600
	21220 17799   513  1060   600
	21227 17814   513  1060   600
	21234 17829   510  1060   600
	21236 17845   510  1080   600
	21244 17850   510  1080   600
	21247 17868   510  1080   600
	21248 17879   510  1080   600
	21248 17884   510  1080   600
	21247 17897   510  1080   600
	21247 17899   510  1080   600
	21247 17913   510  1080   600
	21244 17915   510  1080   600
	21243 17925   510  1080   600
	21242 17928   510  1080   600
	21243 17928   510  1080   600
	21240 17928   513  1080   600
	21238 17929   513  1080   600
	21239 17928   516  1080   600
	21238 17928   519  1080   600
	21239 17927   525  1080   600
	21236 17926   525  1080   600
	21236 17925   528  1080   600
	21236 17915   531  1090   600
	21236 17913   531  1090   600
	21234 17913   533  1090   600
	21235 17912   536  1090   600
	21234 17910   536  1090   600
	21232 17900   539  1090   600
	21227 17897   542  1090   600
	21228 17894   542  1090   600
	21229 17880   542  1080   600
	21227 17866   542  1080   600
	21225 17850   542  1080   600
	21224 17835   547  1080   600
	21225 17831   552  1080   600
	21224 17816   555  1080   600
	21222 17798   555  1080   600
	21219 17783   552  1080   600
	21218 17770   555  1080   600
	21217 17765   555  1080   600
	21218 17752   555  1080   600
	21219 17738   552  1080   600
	21220 17734   552  1080   600
	21222 17723   552  1080   600
	21220 17721   552  1080   600
	21222 17718   544  1060   600
	21226 17717   547  1060   600
	21226 17706   542  1060   600
	21232 17706   542  1060   600
	21233 17704   539  1060   600
	21238 17704   533  1060   600
	21242 17704   531  1060   600
	21246 17705   528  1060   600
	21250 17706   522  1060   600
	21257 17706   525  1060   600
	21264 17706   528  1060   600
	21267 17708   528  1060   600
	21275 17718   528  1060   600
	21280 17720   528  1060   600
	21286 17721   531  1060   600
	21294 17723   531  1060   600
	21299 17724   531  1060   600
	21305 17737   531  1060   600
	21316 17752   531  1070   610
	21324 17766   528  1070   610
	21338 17784   528  1070   610
	21355 17804   528  1070   610
	21369 17832   525  1070   610
	21383 17862   522  1070   610
	21403 17882   519  1070   610
	21421 17911   522  1070   610
	21436 17931   519  1080   610
	21456 17960   519  1080   610
	21477 17990   519  1080   610
	21491 18009   519  1080   610
	21508 18037   519  1080   610
	21522 18055   519  1080   600
	21533 18075   519  1080   600
	21547 18091   516  1080   600
	21555 18119   516  1080   600
	21565 18138   513  1080   600
	21572 18156   513  1080   600
	21578 18184   510  1090   600
	21581 18203   510  1090   600
	21584 18230   510  1090   600
	21587 18248   510  1090   600
	21587 18267   510  1090   600
	21586 18293   510  1090   600
	21585 18299   510  1090   600
	21582 18315   510  1110   590
	21576 18330   507  1110   590
	21576 18342   510  1100   580
	21572 18346   510  1120   580
	21569 18357   510  1120   580
	21567 18360   513  1120   580
	21563 18361   522  1130   580
	21559 18363   531  1130   580
	21559 18363   542  1130   580
	21556 18364   542  1150   580
	21551 18364   547  1150   580
	21549 18364   544  1150   580
	21544 18373   544  1160   570
	21539 18362   544  1160   570
	21534 18362   544  1160   570
	21526 18360   547  1160   570
	21519 18359   544  1160   570
	21516 18348   542  1160   570
	21510 18344   542  1160   570
	21502 18331   542  1160   570
	21496 18326   542  1160   570
	21485 18311   542  1160   570
	21474 18296   542  1160   570
	21466 18280   542  1160   570
	21457 18267   542  1150   580
	21448 18251   542  1150   580
	21444 18234   542  1150   580
	21436 18217   542  1130   580
	21430 18201   544  1130   580
	21418 18181   544  1130   580
	21415 18152   552  1130   590
	21408 18136   544  1130   590
	21403 18118   552  1130   590
	21399 18088   544  1110   590
	21395 18072   550  1110   590
	21389 18043   550  1110   590
	21387 18037   550  1090   600
	21389 18012   552  1090   600
	21387 17993   550  1090   600
	21383 17975   555  1080   600
	21388 17948   555  1080   600
	21385 17929   555  1080   600
	21384 17912   555  1080   600
	21386 17884   555  1080   600
	21387 17877   555  1080   600
	21388 17851   555  1080   600
	21388 17835   557  1080   600
	21386 17818   557  1080   600
	21384 17801   555  1080   600
	21388 17797   557  1080   600
	21387 17782   557  1080   600
	21386 17770   557  1080   600
	21389 17767   557  1080   600
	21390 17765   557  1060   600
	21396 17753   557  1060   600
	21398 17752   555  1060   600
	21400 17749   555  1060   600
	21408 17740   557  1060   600
	21412 17740   555  1060   600
	21416 17740   555  1070   610
	21424 17749   560  1070   610
	21434 17749   567  1070   610
	21444 17750   570  1060   600
	21452 17752   570  1060   600
	21462 17753   572  1060   600
	21470 17756   572  1060   600
	21480 17765   574  1060   600
	21490 17768   574  1060   600
	21500 17770   574  1060   600
	21508 17772   574  1060   600
	21516 17782   574  1060   600
	21528 17786   572  1060   600
	21532 17797   565  1060   600
	21537 17798   555  1060   600
	21544 17799   544  1060   600
	21545 17799   525  1060   600
	21550 17800   504  1060   600
	21551 17799   480  1060   600
	21553 17798   424  1060   600
	21555 17799   352  1060   600
	21556 17788   108  1060   600
	21558 17787    -1  1080   600
	21559 17785    -1  1060   600
	21558 17786    -1  1050   590
	21560 17786    -1  1050   590
	21563 17787    -1  1050   590
	21572 17787    -1  1050   590
	21581 17797    -1  1050   580
	21590 17802    -1  1060   580
	21600 17814    -1  1060   580
	21613 17803    -1  1060   570
	21628 17845    -1  1060   570
	21643 17863    -1  1060   570
	21690 17880    -1  1050   560
	21686 17897    -1  1070   560
	21704 17912    -1  1060   550
	21731 17925    -1  1060   550
	21752 17928    -1  1060   540
	21779 17930    -1  1070   540
	21803 17930    -1  1070   540
	21828 17929    -1  1070   540
	21855 17927    -1  1080   540
	21880 17926    -1  1080   540
	21905 17914    -1  1080   540
	21924 17912    -1  1090   550
	21944 17909    -1  1100   540
	21962 17900    -1  1100   540
	21978 17898    -1  1110   550
	21987 17896    -1  1110   550
	21998 17898    -1  1120   560
	22005 17899    -1  1120   560
	22012 17900    -1  1120   560
	22016 17911    -1  1130   570
	22015 17913    -1  1130   570
	22011 17914    -1  1130   580
	21997 17925    -1  1130   580
	21986 17916    -1  1130   580
	21968 17925    -1  1130   580
	21947 17915    -1  1130   580
	21921 17914    -1  1130   580
	21893 17910    -1  1130   580
	21863 17909    -1  1130   580
	21831 17897    -1  1130   580
	21799 17894    -1  1130   570
	21770 17880    -1  1110   570
	21742 17877    -1  1110   570
	21717 17867    -1  1110   570
	21699 17865    -1  1110   570
	21682 17863    -1  1100   560
	21672 17861    -1  1100   560
	21659 17861    -1  1100   560
	21651 17852    -1  1100   550
	21644 17851    -1  1100   550
	21642 17849    -1  1100   550
	21641 17851    -1  1100   550
	21642 17851    -1  1100   550
	21644 17852    -1  1100   550
	21647 17862    -1  1100   550
	21650 17863    -1  1100   550
	21651 17863    -1  1100   550
	21655 17866    -1  1100   550
	21654 17866    -1  1100   550
	21659 17868    -1  1100   550
	21661 17878    -1  1100   550
	21664 17878    -1  1100   550
	21665 17880    -1  1100   550
	21669 17881    -1  1100   550
	21673 17884    -1  1100   550
	21675 17893    -1  1100   550
	21678 17895    -1  1100   550
	21680 17896    -1  1100   560
	21687 17898    -1  1100   560
	21694 17899    -1  1100   560
	21701 17909    -1  1100   560
	21739 17911    -1  1100   560
	21718 17912    -1  1100   560
	21723 17914    -1  1100   560
	21730 17915    -1  1100   560
	21736 17925    -1  1100   560
	21743 17925    -1  1110   570
	21751 17929    -1  1110   570
	21757 17932    -1  1110   570
	21763 17942    -1  1110   570
	21770 17946    -1  1110   570
	21777 17948    -1  1110   570
	21784 17959    -1  1110   570
	21791 17961    -1  1110   570
	21799 17964    -1  1110   570
	21807 17973    -1  1110   570
	21816 17975    -1  1110   570
	21823 17976    -1  1110   570
	21828 17978    -1  1120   580
	21834 17963    -1  1120   580
	21839 17978    -1  1120   580
	21843 17980    -1  1120   580
	21845 17980     0  1120   580
	21848 17979    75  1120   580
	21848 17979   136  1100   580
	21848 17980   201  1120   580
	21848 17979   249  1120   580
	21851 17990   286  1120   580
	21849 17990   317  1120   580
	21847 17991   336  1120   580
	21844 17992   360  1120   580
	21844 17994   294  1120   580
	21842 17996   344  1120   580
	21838 18007   390  1120   580
	21835 18008   424  1120   580
	21831 18009   442  1130   590
	21827 18011   458  1130   590
	21824 18011   469  1110   590
	21820 18022   484  1110   590
	21815 18023   494  1110   590
	21807 18023   504  1110   590
	21804 18022   510  1110   590
	21798 18021   522  1110   590
	21787 18021   522  1110   590
	21777 18011   528  1110   590
	21763 18007   522  1110   590
	21743 17994   522  1110   590
	21725 17977   522  1110   590
	21704 17960   525  1110   590
	21689 17931   525  1110   590
	21669 17912   525  1110   590
	21653 17895   525  1110   590
	21646 17879   528  1110   590
	21633 17852   522  1110   590
	21632 17835   525  1110   590
	21622 17819   528  1110   590
	21622 17814   525  1110   590
	21620 17800   525  1110   590
	21616 17798   528  1110   590
	21616 17786   525  1110   590
	21616 17772   525  1110   590
	21620 17767   522  1110   590
	21621 17756   522  1110   590
	21627 17749   522  1100   580
	21633 17739   522  1090   590
	21638 17736   522  1090   590
	21647 17719   528  1090   590
	21653 17708   522  1090   590
	21663 17705   522  1090   590
	21675 17705   519  1090   590
	21682 17703   513  1090   590
	21694 17705   510  1090   590
	21705 17706   510  1090   590
	21718 17719   510  1090   590
	21735 17724   510  1090   590
	21750 17749   510  1090   590
	21769 17766   507  1070   590
	21788 17786   504  1070   590
	21808 17804   500  1090   590
	21825 17835   497  1090   590
	21840 17864   494  1090   590
	21853 17880   494  1090   590
	21866 17899   494  1090   590
	21882 17925   494  1090   590
	21891 17942   490  1090   590
	21897 17957   490  1090   590
	21902 17963   490  1090   590
	21901 17974   494  1090   590
	21902 17976   497  1090   590
	21901 17978   500  1090   590
	21898 17978   504  1090   590
	21898 17976   510  1090   590
	21897 17976   513  1090   590
	21893 17975   525  1090   590
	21891 17964   539  1090   590
	21889 17963   547  1090   590
	21884 17960   555  1090   590
	21881 17948   555  1090   590
	21875 17945   562  1090   590
	21873 17943   572  1090   590
	21873 17931   574  1090   590
	21869 17927   581  1090   590
	21869 17899   584  1090   590
	21865 17884   584  1090   590
	21865 17865   584  1090   590
	21864 17847   586  1090   590
	21863 17820   584  1090   590
	21865 17804   586  1090   590
	21868 17785   586  1090   590
	21871 17765   586  1090   590
	21871 17737   584  1090   590
	21873 17719   581  1090   590
	21874 17703   555  1090   590
	21875 17686   513  1070   590
	21879 17670   494  1070   590
	21880 17644   462  1070   590
	21883 17628   363  1070   590
	21882 17627   317  1070   590
	21890 17637   136  1070   590
	21898 17639    -1  1070   590
	21906 17644    -1  1070   590
	21916 17656    -1  1050   590
	21921 17660    -1  1050   590
	21926 17673    -1  1050   590
	21930 17686    -1  1050   590
	21938 17691    -1  1050   590
	21940 17702    -1  1050   590
	21943 17708    -1  1050   590
	21943 17721    -1  1050   590
	21943 17735    -1  1050   590
	21951 17722    -1  1050   590
	21952 17751    -1  1050   590
	21956 17755    -1  1050   590
	21965 17765    -1  1050   590
	21971 17770    -1  1050   590
	22033 17781    -1  1050   590
	21988 17782    -1  1050   580
	21992 17785    -1  1050   580
	22000 17785    -1  1060   580
	22005 17788    -1  1060   580
	22019 17767    -1  1060   580
	22026 17783    -1  1060   580
	22045 17781    -1  1060   580
	22064 17771    -1  1070   590
	22081 17771    -1  1090   590
	22110 17771    -1  1090   590
	22130 17772    -1  1090   590
	22158 17782    -1  1090   590
	22190 17783    -1  1090   600
	22219 17786    -1  1090   600
	22250 17784    -1  1090   600
	22278 17797    -1  1100   600
	22302 17788    -1  1100   600
	22324 17786    -1  1120   600
	22343 17787    -1  1130   610
	22360 17787    -1  1130   610
	22376 17786    -1  1130   610
	22391 17783    -1  1140   620
	22400 17783    -1  1140   620
	22416 17782    -1  1140   620
	22419 17781    -1  1150   630
	22426 17771    -1  1150   630
	22431 17770    -1  1150   630
	22435 17768    -1  1150   630
	22435 17766    -1  1160   640
	22435 17755    -1  1160   640
	22428 17754    -1  1160   640
	22423 17751    -1  1160   640
	22412 17739    -1  1160   640
	22399 17736    -1  1140   640
	22385 17733    -1  1140   640
	22376 17721    -1  1140   640
	22362 17720    -1  1140   640
	22352 17718    -1  1130   630
	22334 17719    -1  1130   630
	22321 17722    -1  1130   630
	22306 17723    -1  1130   630
	22290 17733    -1  1130   630
	22273 17736    -1  1130   630
	22259 17739    -1  1120   620
	22240 17750    -1  1120   620
	22223 17754    -1  1120   620
	22203 17756    -1  1120   620
	22182 17765    -1  1120   620
	22154 17767    -1  1130   610
	22131 17768    -1  1130   610
	22103 17768    -1  1130   610
	22080 17768    -1  1130   610
	22061 17766    -1  1120   600
	22043 17756    -1  1120   600
	22030 17752    -1  1120   600
	22023 17751    -1  1120   600
	22018 17749    -1  1120   600
	22018 17740    -1  1120   600
	22018 17739    -1  1130   590
	22022 17738    -1  1110   590
	22025 17739    -1  1110   590
	22029 17737    -1  1110   590
	22036 17736    -1  1110   590
	22048 17735    -1  1110   590
	22064 17734    -1  1110   590
	22080 17733    -1  1110   590
	22103 17724    -1  1110   590
	22125 17734    -1  1110   590
	22151 17736    -1  1110   590
	22176 17738    -1  1110   590
	22208 17749    -1  1120   600
	22237 17751    -1  1120   600
	22267 17754    -1  1120   600
	22298 17766    -1  1120   600
	22324 17770    -1  1120   600
	22353 17781    -1  1120   600
	22376 17783    -1  1130   610
	22400 17787    -1  1130   610
	22419 17797    -1  1130   610
	22436 17799    -1  1130   610
	22451 17799    -1  1130   610
	22464 17801    -1  1130   610
	22480 17803    -1  1130   600
	22494 17813    -1  1130   600
	22506 17816    -1  1130   590
	22511 17818    -1  1130   590
	22517 17817    -1  1130   590
	22518 17817    -1  1120   580
	22520 17819    -1  1120   580
	22522 17818    -1  1110   570
	22518 17818    -1  1110   570
	22515 17819    -1  1110   570
	22507 17820    -1  1100   560
	22505 17829    -1  1100   560
	22496 17831    -1  1100   550
	22487 17834    -1  1100   550
	22479 17836    -1  1100   550
	22471 17848    -1  1100   550
	22464 17851    -1  1100   550
	22455 17862    -1  1100   550
	22447 17867    -1  1100   560
	22442 17877    -1  1100   560
	22433 17879    -1  1110   570
	22428 17881    -1  1110   570
	22424 17882    -1  1120   580
	22421 17893    -1  1120   580
	22418 17897    -1  1120   580
	22417 17897    -1  1130   590
	22417 17898    -1  1130   590
	22418 17899    -1  1130   600
	22419 17899    -1  1130   600
	22422 17900    -1  1130   600
	22427 17900    -1  1140   610
	22432 17911    -1  1140   610
	22439 17910    -1  1150   620
	22447 17912    -1  1150   620
	22458 17914    -1  1170   610
	22465 17926    -1  1170   610
	22480 17931    -1  1160   600
	22496 17943    -1  1160   600
	22517 17948    -1  1150   600
	22534 17960    -1  1150   600
	22552 17973    -1  1150   600
	22566 17976    -1  1150   600
	22581 17989    -1  1140   590
	22598 17993    -1  1140   590
	22614 18006    -1  1140   590
	22626 17996    -1  1130   580
	22635 18024    -1  1130   580
	22645 18037    -1  1130   580
	22671 18041    -1  1130   580
	22666 18044    -1  1130   570
	22669 18057    -1  1130   570
	22673 18054    -1  1130   570
	22676 18071   160  1130   570
	22674 18075   249  1130   580
	22674 18076   297  1130   580
	22673 18086   327  1130   580
	22670 18086   367  1130   580
	22671 18089   344  1130   580
	22666 18089   401  1130   580
	22661 18088   429  1130   580
	22656 18090   450  1140   590
	22652 18091   465  1130   590
	22645 18091   476  1130   590
	22639 18092   487  1130   590
	22632 18101   490  1130   590
	22620 18101   494  1130   590
	22612 18101   504  1130   590
	22601 18101   507  1130   590
	22594 18102   513  1130   590
	22584 18092   531  1130   590
	22572 18101   539  1130   590
	22560 18101   555  1130   590
	22546 18091   557  1130   590
	22528 18086   562  1130   590
	22505 18072   560  1130   590
	22482 18058   560  1130   590
	22457 18044   560  1130   590
	22437 18027   567  1130   590
	22417 18009   565  1130   590
	22395 17991   570  1130   590
	22378 17973   570  1130   590
	22365 17942   570  1130   590
	22350 17916   572  1130   590
	22343 17894   570  1130   590
	22335 17866   572  1130   600
	22334 17851   572  1130   600
	22329 17845   572  1130   600
	22332 17833   570  1130   600
	22337 17829   565  1130   600
	22341 17816   565  1130   600
	22348 17802   565  1130   600
	22362 17788   565  1120   600
	22376 17781   567  1120   600
	22386 17767   565  1120   600
	22396 17756   565  1120   600
	22414 17752   567  1120   600
	22431 17750   570  1120   600
	22447 17749   570  1120   600
	22466 17751   572  1120   600
	22482 17752   574  1100   600
	22501 17755   574  1090   600
	22520 17766   574  1090   600
	22534 17771   577  1090   600
	22550 17799   579  1090   600
	22573 17818   579  1090   600
	22594 17846   579  1090   600
	22612 17877   570  1090   600
	22629 17900   565  1090   600
	22646 17931   555  1090   600
	22657 17957   555  1090   600
	22669 17977   555  1090   600
	22678 18005   552  1090   600
	22688 18027   552  1090   600
	22695 18044   555  1100   580
	22697 18069   552  1110   590
	22697 18076   550  1110   590
	22699 18090   555  1110   590
	22698 18103   555  1110   590
	22700 18104   562  1110   590
	22696 18105   570  1110   590
	22695 18105   574  1110   590
	22695 18105   581  1110   590
	22695 18105   581  1110   590
	22693 18102   584  1100   580
	22695 18092   586  1100   580
	22692 18091   588  1100   580
	22689 18087   588  1100   580
	22688 18073   590  1100   580
	22685 18059   592  1100   580
	22685 18053   597  1100   580
	22688 18027   601  1100   580
	22689 18021   603  1100   580
	22688 17993   605  1100   580
	22687 17961   609  1100   580
	22685 17931   611  1100   580
	22683 17912   615  1100   580
	22686 17893   619  1100   580
	22686 17865   619  1100   580
	22687 17848   619  1100   580
	22688 17833   619  1100   580
	22692 17816   617  1100   580
	22692 17797   615  1100   580
	22696 17781   611  1100   580
	22696 17754   605  1100   580
	22700 17736   592  1090   590
	22708 17719   565  1090   590
	22712 17691   497  1090   590
	22714 17672   437  1090   590
	22720 17656   352  1090   590
	22725 17640     0  1090   590
	22729 17639    -1  1070   590
	22737 17639    -1  1070   590
	22743 17641    -1  1070   590
	22751 17653    -1  1070   590
	22766 17658    -1  1070   590
	22780 17672    -1  1070   590
	22792 17686    -1  1050   590
	22801 17692    -1  1050   590
	22810 17704    -1  1050   590
	22817 17706    -1  1050   580
	22822 17717    -1  1050   580
	22826 17719    -1  1050   580
	22828 17719    -1  1050   580
	22831 17719    -1  1050   580
	22834 17717    -1  1050   580
	22835 17707    -1  1050   580
	22835 17707    -1  1050   580
	22832 17708   249  1050   580
	22833 17707   360  1050   580
	22835 17707   350  1050   590
	22832 17708   410  1050   590
	22837 17718   442  1050   590
	22841 17717   465  1050   590
	22841 17718   484  1050   590
	22844 17718   490  1050   590
	22845 17718   494  1060   600
	22844 17719   494  1060   600
	22846 17718   497  1060   600
	22848 17718   490  1060   600
	22847 17719   484  1060   600
	22847 17719   465  1060   600
	22848 17720   437  1060   600
	22847 17719   331  1060   600
	22847 17721   286  1060   600
	22843 17723     0  1080   600
	22840 17735    -1  1080   600
	22842 17736    -1  1080   600
	22840 17739    -1  1080   600
	22836 17751    -1  1080   600
	22839 17754    -1  1080   600
	22840 17769    -1  1080   600
	22847 17782    -1  1070   590
	22855 17799    -1  1070   590
	22870 17799    -1  1070   590
	22889 17832    -1  1070   590
	22968 17848    -1  1060   580
	22947 17864    -1  1080   580
	22983 17880    -1  1080   580
	23020 17897    -1  1080   580
	23066 17897    -1  1090   570
	23116 17930    -1  1090   570
	23168 17946    -1  1110   570
	23216 17963    -1  1120   580
	23268 17980    -1  1130   580
	23320 17994    -1  1130   580
	23394 18009    -1  1160   580
	23427 18022    -1  1160   580
	23477 18028    -1  1160   570
	23527 18040    -1  1160   570
	23570 18054    -1  1170   560
	23610 18058    -1  1170   560
	23643 18073    -1  1180   560
	23672 18076    -1  1170   550
	23700 18091    -1  1170   550
	23728 18102    -1  1180   540
	23753 18107    -1  1180   540
	23768 18120    -1  1170   530
	23779 18121    -1  1180   530
	23782 18124    -1  1170   520
	23783 18123    -1  1170   510
	23776 18122    -1  1170   510
	23762 18121    -1  1160   500
	23747 18117    -1  1160   490
	23722 18106    -1  1160   490
	23698 18104    -1  1170   500
	23668 18103    -1  1170   500
	23633 18101    -1  1160   490
	23598 18102    -1  1160   490
	23558 18101    -1  1170   480
	23509 18103    -1  1170   480
	23459 18103    -1  1170   480
	23412 18102    -1  1170   490
	23363 18103    -1  1170   490
	23319 18103    -1  1180   490
	23277 18103    -1  1190   500
	23248 18102    -1  1190   500
	23213 18089    -1  1200   510
	23187 18088    -1  1200   510
	23162 18085    -1  1210   520
	23137 18075    -1  1210   520
	23110 18072    -1  1210   530
	23089 18070    -1  1220   540
	23068 18069    -1  1230   550
	23049 18060    -1  1220   560
	23033 18069    -1  1230   560
	23023 18071    -1  1240   570
	23014 18074    -1  1240   570
	23014 18087    -1  1220   570
	23016 18101    -1  1220   570
	23021 18107    -1  1220   570
	23033 18123    -1  1220   570
	23047 18139    -1  1220   570
	23069 18155    -1  1220   570
	23093 18170    -1  1220   570
	23115 18184    -1  1220   570
	23140 18188    -1  1220   570
	23167 18203    -1  1220   570
	23195 18215    -1  1220   570
	23253 18229    -1  1230   560
	23248 18235    -1  1230   560
	23275 18261    -1  1230   560
	23303 18268    -1  1230   560
	23329 18293    -1  1240   570
	23352 18300    -1  1240   570
	23368 18312    -1  1230   580
	23382 18316    -1  1230   580
	23392 18326    -1  1230   580
	23400 18329    -1  1240   580
	23405 18330    -1  1230   590
	23407 18329    -1  1230   590
	23403 18328    -1  1230   590
	23402 18326    -1  1230   590
	23397 18315    -1  1230   590
	23394 18314    -1  1230   590
	23386 18313    -1  1230   590
	23377 18310    -1  1230   590
	23366 18300    -1  1230   590
	23356 18297    -1  1210   590
	23345 18296    -1  1210   590
	23336 18294    -1  1210   590
	23323 18293    -1  1210   590
	23311 18282    -1  1210   590
	23302 18280    -1  1210   590
	23288 18268    -1  1210   590
	23278 18265    -1  1210   590
	23265 18261    -1  1210   590
	23255 18250    -1  1210   590
	23245 18246    -1  1210   590
	23236 18236    -1  1210   590
	23232 18233    -1  1200   580
	23227 18230    -1  1200   580
	23217 18220    -1  1200   580
	23215 18217    -1  1200   580
	23209 18214    -1  1200   580
	23206 18204    -1  1200   580
	23205 18203    -1  1200   580
	23239 18202    -1  1200   580
	23205 18203    -1  1200   580
	23207 18202    -1  1200   580
	23206 18202    -1  1200   580
	23206 18202    -1  1200   580
	23206 18201    -1  1200   580
	23206 18202    -1  1200   580
	23209 18202    -1  1200   580
	23212 18201    -1  1200   580
	23213 18202    -1  1170   580
	23212 18201    -1  1170   580
	23214 18201    -1  1170   580
	23215 18200    -1  1170   580
	23217 18200    -1  1170   580
	23215 18199    -1  1170   580
	23218 18198    -1  1170   580
	23223 18187    -1  1170   580
	23224 18198    -1  1180   590
	23228 18198    -1  1180   590
	23232 18199    -1  1180   590
	23230 18199    -1  1180   590
	23232 18199     0  1170   590
	23236 18199    35  1170   590
	23237 18201   108  1170   590
	23239 18202   136  1170   590
	23243 18204   182  1170   590
	23245 18204   218  1170   590
	23250 18214   234  1170   590
	23255 18217   262  1170   590
	23261 18218   286  1170   590
	23270 18219   297  1170   590
	23278 18230   308  1170   590
	23290 18234   317  1170   590
	23302 18245   336  1170   590
	23318 18250   336  1170   590
	23339 18262   352  1170   590
	23357 18265   360  1170   590
	23374 18280   269  1170   590
	23395 18293   278  1170   590
	23414 18310   294  1180   590
	23426 18325   302  1180   590
	23444 18342   310  1180   590
	23460 18361   310  1180   590
	23474 18375   324  1200   580
	23483 18391   331  1200   580
	23494 18405   338  1200   580
	23501 18421   344  1200   580
	23503 18428   350  1210   580
	23504 18440   368  1210   580
	23503 18453   385  1210   580
	23500 18456   401  1210   580
	23497 18460   410  1230   580
	23497 18471   420  1230   580
	23488 18472   424  1230   580
	23482 18475   429  1240   570
	23474 18485   429  1240   570
	23463 18487   433  1240   570
	23456 18487   433  1240   570
	23443 18487   433  1240   570
	23430 18486   433  1240   570
	23416 18486   429  1240   570
	23402 18485   429  1240   570
	23390 18485   433  1240   570
	23379 18476   433  1240   570
	23362 18473   433  1240   570
	23346 18460   433  1240   570
	23329 18457   437  1240   570
	23316 18443   442  1240   570
	23297 18428   446  1240   570
	23285 18421   450  1230   560
	23266 18405   450  1230   560
	23250 18380   458  1230   560
	23230 18360   462  1230   560
	23214 18343   469  1230   560
	23198 18328   473  1230   560
	23188 18309   473  1230   560
	23174 18283   473  1220   570
	23163 18266   473  1220   570
	23154 18249   473  1220   570
	23137 18229   473  1200   570
	23125 18201   473  1200   570
	23113 18172   473  1200   570
	23105 18149   476  1190   580
	23091 18133   476  1190   580
	23086 18104   476  1190   580
	23083 18058   476  1170   580
	23073 18044   476  1170   580
	23067 18024   476  1170   580
	23061 17993   476  1170   580
	23051 17973   476  1160   580
	23045 17947   476  1160   580
	23045 17925   476  1140   590
	23041 17897   476  1140   590
	23037 17882   476  1140   590
	23035 17864   476  1140   590
	23038 17849   476  1140   590
	23039 17845   476  1140   590
	23041 17832   476  1140   590
	23046 17816   484  1140   590
	23047 17800   487  1140   590
	23049 17788   487  1140   590
	23057 17783   487  1140   590
	23059 17771   490  1140   590
	23067 17768   490  1140   590
	23073 17756   494  1130   590
	23083 17752   497  1130   590
	23091 17750   500  1130   590
	23101 17749   500  1130   590
	23118 17737   504  1130   590
	23134 17736   507  1130   590
	23157 17738   510  1130   590
	23178 17739   513  1130   590
	23205 17740   513  1130   590
	23230 17751   513  1130   590
	23257 17755   513  1130   600
	23288 17766   519  1130   600
	23321 17770   531  1130   600
	23357 17785   536  1130   600
	23387 17785   539  1130   600
	23415 17801   544  1130   600
	23448 17813   544  1130   600
	23472 17817   550  1130   600
	23494 17820   552  1130   600
	23510 17820   555  1130   600
	23526 17831   557  1130   600
	23542 17833   557  1130   600
	23551 17835   560  1130   600
	23554 17835   562  1130   600
	23557 17834   562  1130   600
	23555 17835   565  1130   590
	23557 17833   567  1130   590
	23557 17834   572  1130   590
	23557 17835   572  1140   590
	23555 17833   572  1140   590
	23553 17834   565  1140   590
	23555 17834   552  1140   590
	23554 17833   513  1140   590
	23554 17833   500  1140   590
	23553 17834   480  1130   580
	23550 17833   442  1130   580
	23549 17831   302  1130   580
	23546 17831   201  1130   580
	23542 17831    -1  1130   580
	23537 17835    -1  1130   580
	23530 17835    -1  1130   580
	23533 17849    -1  1130   580
	23537 17852    -1  1130   570
	23548 17864    -1  1130   570
	23566 17868    -1  1130   570
	23584 17882    -1  1120   560
	23600 17893    -1  1120   560
	23622 17897    -1  1110   550
	23645 17899    -1  1120   550
	23667 17909    -1  1120   540
	23684 17912    -1  1120   540
	23703 17910    -1  1120   540
	23721 17909    -1  1110   530
	23733 17899    -1  1120   530
	23744 17897    -1  1120   530
	23750 17897    -1  1120   530
	23756 17894    -1  1120   520
	23759 17894    -1  1120   520
	23759 17895    -1  1120   520
	23756 17895    -1  1120   520
	23755 17896    -1  1120   530
	23753 17898    -1  1140   530
	23752 17898    -1  1140   530
	23750 17911    -1  1140   530
	23746 17910    -1  1140   530
	23741 17911    -1  1120   530
	23738 17912    -1  1120   530
	23734 17912    -1  1130   540
	23730 17912    -1  1130   540
	23726 17912    -1  1130   540
	23718 17913    -1  1130   540
	23714 17913    -1  1130   540
	23707 17914    -1  1130   540
	23701 17915    -1  1140   550
	23693 17925    -1  1140   550
	23691 17926    -1  1140   550
	23687 17926    -1  1140   550
	23684 17929    -1  1140   550
	23681 17931    -1  1130   560
	23682 17941    -1  1130   560
	23681 17943    -1  1130   560
	23682 17946    -1  1130   560
	23682 17957    -1  1130   560
	23685 17959    -1  1130   560
	23682 17961    -1  1130   560
	23684 17962    -1  1130   560
	23685 17964    -1  1130   560
	23686 17974    -1  1140   570
	23688 17976    -1  1140   570
	23692 17977    -1  1140   570
	23695 17978    -1  1140   570
	23699 17980    -1  1140   570
	23703 17990    -1  1140   570
	23709 17992    -1  1140   570
	23715 17994    -1  1140   570
	23721 18005    -1  1140   570
	23727 18007    -1  1140   570
	23738 18009    -1  1140   570
	23743 18012    -1  1140   570
	23752 18012    -1  1140   570
	23760 18024    -1  1140   570
	23766 18025    -1  1140   570
	23773 18027    -1  1150   580
	23777 18028    -1  1150   580
	23783 18037    -1  1150   580
	23786 18037    -1  1150   580
	23789 18040    -1  1150   580
	23789 18040    -1  1150   580
	23790 18042    -1  1150   580
	23790 18044     0  1150   580
	23789 18054    35  1150   580
	23790 18056   136  1150   580
	23788 18058   201  1150   580
	23788 18059   249  1150   580
	23783 18070   286  1150   580
	23781 18071   327  1160   580
	23775 18072   352  1160   580
	23768 18074   367  1160   580
	23761 18074   294  1160   580
	23753 18074   317  1160   580
	23741 18075   324  1160   580
	23732 18075   344  1160   580
	23718 18075   350  1160   580
	23701 18074   363  1160   580
	23688 18074   374  1160   580
	23674 18072   390  1160   580
	23656 18069   395  1160   580
	23639 18058   395  1140   590
	23621 18043   395  1140   590
	23599 18037   395  1140   590
	23576 18024   395  1140   590
	23554 18008   395  1130   580
	23524 17990   401  1130   580
	23497 17964   405  1130   580
	23473 17944   415  1140   590
	23451 17925   415  1140   590
	23437 17900   420  1140   590
	23425 17882   420  1140   590
	23420 17852   424  1140   590
	23417 17835   424  1140   590
	23412 17829   424  1140   590
	23417 17813   424  1140   590
	23422 17802   424  1140   590
	23429 17799   424  1140   590
	23439 17797   424  1140   590
	23452 17787   429  1140   590
	23464 17783   437  1140   590
	23480 17782   442  1150   600
	23497 17772   446  1130   600
	23516 17769   450  1130   600
	23533 17766   454  1130   590
	23560 17766   462  1130   590
	23581 17767   465  1130   590
	23602 17769   469  1130   590
	23624 17782   469  1130   590
	23643 17797   469  1130   590
	23662 17802   469  1130   590
	23680 17830   469  1130   590
	23702 17847   469  1130   590
	23718 17866   469  1130   590
	23734 17893   465  1130   590
	23751 17913   465  1130   590
	23763 17930   462  1130   590
	23770 17948   458  1120   580
	23774 17963   454  1120   580
	23776 17975   454  1120   580
	23775 17977   450  1120   580
	23773 17989   437  1120   580
	23771 17990   424  1130   580
	23767 17993   390  1130   580
	23762 17995   302  1130   580
	23756 17996   317  1130   580
	23749 18007    75  1130   580
	23743 18009    -1  1130   580
	23735 18012    -1  1130   580
	23727 18025    -1  1130   580
	23721 18028    -1  1130   580
	23718 18038    -1  1130   580
	23717 18041    -1  1130   580
	23721 18043    -1  1130   580
	23726 18053    -1  1130   570
	23732 18043    -1  1140   570
	23737 18043    -1  1140   570
	23741 18043    -1  1130   560
	23747 18043    -1  1130   560
	23753 18043    -1  1130   560
	23760 18053    -1  1130   560
	23767 18044    -1  1120   550
	23772 18053    -1  1140   550
	23774 18055    -1  1140   550
	23777 18056    -1  1140   550
	23777 18057    -1  1140   550
	23777 18057    -1  1140   550
	23778 18056    -1  1140   550
	23777 18056    -1  1140   550
	23775 18056    -1  1140   550
	23776 18054    -1  1140   550
	23774 18055    -1  1140   550
	23771 18055    -1  1150   550
	23770 18054    -1  1150   550
	23769 18054    -1  1150   550
	23768 18054    -1  1150   550
	23765 18056    -1  1150   550
	23762 18055    -1  1150   550
	23760 18054    -1  1150   550
	23753 18055    -1  1130   560
	23748 18055    -1  1130   560
	23743 18053    -1  1130   560
	23733 18044    -1  1130   560
	23726 18053    -1  1130   560
	23718 18053    -1  1130   560
	23709 18054    -1  1140   570
	23700 18054    -1  1140   570
	23692 18055    -1  1140   570
	23684 18055    -1  1140   570
	23676 18056    -1  1140   570
	23668 18057    -1  1140   570
	23658 18058    -1  1140   570
	23653 18059    -1  1140   570
	23647 18069    -1  1140   570
	23637 18072    -1  1140   570
	23627 18085    -1  1140   570
	23620 18087    -1  1140   570
	23613 18091    35  1130   570
	23605 18102   160  1130   570
	23601 18103   234  1130   580
	23596 18104   275  1130   580
	23590 18105   308  1130   580
	23585 18107   336  1130   580
	23583 18106   360  1130   580
	23579 18106   324  1130   580
	23576 18107   374  1130   580
	23576 18107   405  1130   580
	23576 18106   424  1130   580
	23578 18105   433  1130   580
	23579 18105   437  1130   580
	23582 18103   442  1130   580
	23589 18101   446  1130   580
	23595 18092   446  1130   580
	23601 18089   446  1130   580
	23612 18086   446  1130   580
	23622 18076   450  1130   580
	23635 18075   454  1130   580
	23651 18074   458  1130   580
	23662 18073   462  1130   580
	23675 18073   462  1130   580
	23688 18073   465  1130   580
	23699 18075   465  1130   580
	23711 18076   465  1130   580
	23721 18076   465  1130   580
	23731 18085   469  1130   580
	23741 18087   469  1130   580
	23752 18088   469  1130   580
	23763 18089   469  1130   580
	23776 18091   473  1130   580
	23783 18101   473  1130   580
	23794 18105   473  1130   580
	23803 18107   473  1130   580
	23814 18119   473  1130   580
	23821 18123   473  1130   580
	23825 18136   473  1130   580
	23831 18138   473  1130   580
	23831 18140   473  1130   580
	23836 18149   473  1130   580
	23836 18151   476  1130   580
	23836 18152   480  1130   580
	23834 18152   490  1130   580
	23834 18154   500  1130   580
	23833 18154   519  1130   580
	23833 18155   565  1130   580
	23831 18155   586  1130   580
	23830 18155   597  1130   580
	23829 18165   607  1130   580
	23827 18165   617  1130   580
	23827 18165   623  1150   580
	23826 18165   630  1150   580
	23826 18165   643  1150   580
	23826 18165   655  1150   580
	23825 18165   666  1150   580
	23827 18165   677  1150   580
	23823 18156   686  1150   580
	23824 18156   696  1150   580
	23825 18154   698  1150   580
	23824 18155   702  1150   580
	23827 18154   706  1150   580
	23825 18154   738  1150   580
	23826 18154   741  1150   580
	23829 18154   742  1150   580
	23828 18154   744  1150   580
	23825 18154   746  1150   580
	23828 18154   749  1150   580
	23827 18154   750  1150   580
	23828 18154   752  1150   580
	23826 18154   753  1150   580
	23829 18153   754  1150   580
	23828 18154   754  1150   580
	23828 18154   756  1150   580
	23826 18154   759  1150   580
	23826 18153   760  1150   580
	23826 18154   762  1150   580
	23825 18153   763  1150   580
	23827 18153   766  1150   580
	23827 18153   770  1150   580
	23825 18154   770  1150   580
	23827 18154   774  1150   580
	23825 18153   772  1150   580
	23827 18153   774  1150   580
	23825 18154   770  1150   580
	23827 18153   770  1150   580
	23828 18153   770  1150   580
	23828 18153   770  1150   580
	23827 18153   770  1150   580
	23828 18152   768  1150   580
	23828 18153   768  1150   580
	23827 18153   768  1150   580
	23826 18153   766  1150   580
	23826 18153   763  1150   580
	23826 18152   762  1150   580
	23827 18152   761  1150   580
	23825 18153   761  1150   580
	23826 18152   760  1150   580
	23825 18152   759  1150   580
	23826 18152   759  1150   580
	23824 18152   756  1150   580
	23826 18152   754  1150   580
	23825 18151   752  1150   580
	23828 18151   751  1150   580
	23827 18150   750  1150   580
	23825 18151   749  1150   580
	23828 18152   747  1150   580
	23826 18150   744  1150   580
	23828 18151   743  1150   580
	23827 18151   741  1160   570
	23829 18150   741  1160   570
	23828 18152   741  1160   570
	23829 18151   740  1160   570
	23828 18151   738  1160   570
	23828 18151   706  1160   570
	23828 18151   706  1160   570
	23828 18152   706  1160   570
	23828 18151   706  1160   570
	23828 18152   705  1160   570
	23827 18151   705  1160   570
	23829 18151   704  1160   570
	23829 18151   702  1160   570
	23828 18151   702  1160   570
	23829 18151   702  1160   570
	23829 18151   702  1160   570
	23829 18151   701  1160   570
	23828 18151   700  1160   570
	23828 18152   697  1160   570
	23829 18151   696  1160   570
	23829 18150   694  1160   570
	23829 18151   694  1160   570
	23829 18152   693  1160   570
	23829 18151   691  1160   570
	23829 18152   690  1160   570
	23829 18151   690  1160   570
	23830 18151   690  1160   570
	23830 18151   690  1160   570
	23827 18151   689  1160   570
	23830 18151   690  1160   570
	23829 18151   689  1160   570
	23829 18151   689  1160   570
	23829 18151   689  1160   570
	23828 18151   689  1160   570
	23829 18151   689  1160   570
	23828 18151   689  1160   570
	23826 18151   689  1160   570
	23827 18151   689  1160   570
	23828 18151   689  1160   570
	23829 18151   689  1160   570
	23829 18152   689  1160   570
	23828 18151   690  1160   570
	23827 18151   689  1160   570
	23827 18152   689  1160   570
	23829 18151   687  1160   570
	23829 18151   687  1160   570
	23828 18151   687  1160   570
	23827 18151   687  1160   570
	23828 18151   687  1160   570
	23827 18152   687  1160   570
	23828 18151   684  1160   570
	23827 18151   684  1160   570
	23828 18151   683  1160   570
	23826 18152   683  1160   570
	23827 18152   683  1160   570
	23827 18152   683  1160   570
	23826 18150   683  1160   570
	23828 18151   683  1160   570
	23828 18151   683  1160   570
	23827 18152   683  1160   570
	23828 18151   681  1160   570
	23828 18151   681  1160   570
	23829 18152   681  1160   570
	23828 18151   680  1160   570
	23828 18151   677  1160   570
	23829 18151   675  1160   570
	23830 18150   672  1160   570
	23830 18150   666  1160   570
	23832 18149   660  1160   570
	23836 18139   658  1160   570
	23845 18137   656  1160   570
	23854 18124   658  1160   570
	23863 18119   658  1160   570
	23869 18117   658  1150   580
	23875 18105   658  1150   580
	23880 18107   658  1160   580
	23881 18105   658  1160   580
	23885 18105   658  1160   580
	23886 18105   658  1160   580
	23887 18106   658  1160   580
	23889 18106   656  1160   580
	23894 18106   658  1160   580
	23895 18106   656  1160   580
	23899 18107   655  1160   580
	23902 18107   655  1160   580
	23907 18105   655  1160   580
	23910 18105   655  1160   580
	23914 18105   655  1160   580
	23919 18104   655  1160   580
	23921 18104   655  1160   580
	23924 18103   655  1160   580
	23924 18102   655  1160   580
	23928 18102   655  1160   580
	23928 18102   655  1160   580
	23928 18102   655  1160   580
	23928 18102   655  1160   580
	23928 18101   655  1160   580
	23929 18102   656  1160   580
	23927 18102   656  1160   580
	23927 18101   658  1160   580
	23929 18101   658  1160   580
	23928 18101   658  1160   580
	23927 18102   656  1160   580
	23927 18102   656  1150   580
	23927 18101   656  1150   580
	23925 18092   656  1150   580
	23925 18092   658  1150   580
	23924 18092   658  1150   580
	23924 18101   658  1150   580
	23921 18101   658  1150   580
	23921 18101   658  1150   580
	23920 18091   658  1150   580
	23919 18090   658  1160   580
	23916 18091   658  1160   580
	23916 18089   658  1160   580
	23915 18088   658  1160   580
	23911 18085   658  1160   580
	23904 18073   658  1160   580
	23900 18059   656  1160   580
	23893 18044   656  1160   580
	23886 18039   656  1160   580
	23881 18025   656  1160   580
	23875 18010   655  1160   580
	23871 18007   656  1160   580
	23867 17995   655  1160   580
	23860 17989   656  1160   580
	23854 17973   655  1160   580
	23845 17962   655  1160   580
	23840 17945   655  1160   580
	23832 17931   655  1160   580
	23823 17916   655  1160   580
	23816 17900   655  1160   580
	23808 17894   655  1160   580
	23804 17881   653  1160   580
	23796 17865   651  1160   580
	23791 17850   650  1150   580
	23789 17846   648  1150   580
	23786 17835   646  1150   580
	23784 17831   641  1150   580
	23783 17829   641  1130   580
	23781 17815   638  1130   580
	23781 17803   634  1130   580
	23781 17801   630  1130   580
	23776 17799   630  1130   580
	23778 17788   629  1130   580
	23778 17784   629  1130   580
	23778 17781   629  1130   580
	23777 17772   627  1130   580
	23780 17771   625  1130   580
	23781 17768   623  1130   580
	23782 17768   621  1130   580
	23782 17768   619  1130   580
	23786 17767   617  1130   580
	23785 17767   617  1130   580
	23788 17767   617  1130   580
	23790 17766   617  1130   580
	23797 17767   617  1140   590
	23804 17767   617  1130   580
	23813 17767   619  1130   580
	23820 17767   617  1130   580
	23832 17770   619  1130   580
	23844 17781   619  1130   580
	23858 17783   619  1130   580
	23871 17797   619  1130   580
	23882 17801   619  1130   580
	23895 17813   619  1140   590
	23906 17819   619  1140   590
	23924 17834   619  1140   590
	23935 17851   619  1140   590
	23949 17867   619  1140   590
	23963 17880   619  1140   590
	23976 17893   619  1140   590
	23992 17900   619  1140   590
	24010 17925   619  1140   590
	24033 17944   619  1140   590
	24057 17964   619  1140   590
	24081 17993   619  1140   590
	24106 18022   619  1140   590
	24130 18053   617  1140   590
	24157 18076   617  1140   590
	24178 18107   617  1140   590
	24201 18139   615  1140   590
	24223 18170   613  1140   590
	24243 18203   613  1150   600
	24260 18235   611  1150   600
	24274 18263   611  1150   600
	24283 18284   609  1150   600
	24291 18314   605  1170   590
	24299 18342   603  1170   590
	24306 18362   601  1170   590
	24308 18390   595  1180   590
	24315 18410   586  1180   590
	24314 18428   579  1180   590
	24315 18455   557  1200   580
	24315 18470   542  1200   580
	24311 18486   519  1200   580
	24314 18490   519  1200   580
	24311 18492   519  1210   580
	24308 18492   519  1210   580
	24308 18501   525  1210   580
	24305 18501   528  1210   580
	24303 18492   531  1230   580
	24301 18501   531  1220   570
	24296 18492   539  1220   570
	24291 18501   539  1220   570
	24288 18492   542  1230   580
	24286 18492   544  1230   580
	24283 18490   544  1230   580
	24279 18490   547  1230   580
	24274 18489   544  1230   580
	24266 18488   544  1230   580
	24262 18487   547  1230   580
	24255 18486   547  1230   580
	24252 18476   550  1230   580
	24247 18475   550  1230   580
	24240 18473   552  1230   580
	24233 18471   550  1230   580
	24228 18457   552  1230   580
	24219 18444   552  1230   580
	24213 18439   552  1230   580
	24207 18425   552  1230   580
	24200 18410   552  1230   580
	24196 18393   555  1230   580
	24187 18376   555  1230   580
	24183 18359   555  1230   580
	24177 18343   557  1230   580
	24170 18326   560  1230   580
	24161 18298   560  1230   580
	24152 18280   560  1230   580
	24147 18264   565  1210   580
	24139 18246   565  1210   580
	24135 18220   570  1210   580
	24129 18213   570  1200   580
	24129 18200   572  1200   580
	24125 18187   574  1200   580
	24122 18182   574  1200   580
	24122 18167   579  1200   580
	24121 18151   581  1180   590
	24120 18139   581  1180   590
	24119 18123   581  1180   590
	24115 18107   581  1180   590
	24115 18091   581  1170   590
	24112 18073   584  1170   590
	24110 18059   584  1170   590
	24115 18043   584  1160   580
	24112 18025   586  1160   580
	24105 18008   586  1170   590
	24103 17992   586  1170   590
	24100 17978   586  1170   590
	24100 17963   586  1150   600
	24098 17958   586  1150   600
	24099 17944   586  1150   600
	24096 17928   586  1150   600
	24093 17913   586  1150   600
	24092 17900   586  1150   600
	24093 17894   588  1150   600
	24093 17882   590  1150   600
	24092 17877   590  1150   600
	24094 17866   590  1150   600
	24098 17861   590  1150   600
	24099 17846   592  1150   600
	24101 17832   592  1150   600
	24103 17829   595  1150   600
	24105 17817   595  1150   600
	24105 17818   597  1150   600
	24104 17816   595  1150   600
	24105 17817   597  1150   600
	24109 17815   597  1130   600
	24106 17815   597  1130   600
	24109 17814   597  1130   600
	24108 17813   597  1130   600
	24109 17804   597  1130   600
	24109 17803   599  1130   600
	24111 17802   599  1130   600
	24111 17800   599  1130   600
	24111 17800   599  1130   600
	24112 17799   599  1130   600
	24113 17798   599  1130   600
	24112 17798   601  1130   600
	24113 17798   601  1130   600
	24114 17788   601  1130   600
	24112 17788   603  1130   600
	24112 17798   603  1130   600
	24112 17797   605  1130   600
	24112 17797   607  1130   600
	24112 17798   609  1130   600
	24114 17799   609  1130   600
	24113 17798   613  1130   600
	24111 17799   613  1130   600
	24113 17799   615  1130   600
	24112 17799   615  1130   600
	24112 17799   615  1130   600
	24114 17800   615  1130   600
	24113 17799   615  1130   600
	24115 17799   615  1130   600
	24114 17801   615  1130   600
	24114 17800   615  1130   600
	24113 17801   615  1130   600
	24114 17803   615  1130   600
	24115 17801   615  1130   600
	24114 17802   615  1130   600
	24114 17802   615  1130   600
	24115 17802   615  1130   600
	24114 17803   615  1130   600
	24113 17802   617  1130   600
	24114 17803   617  1130   600
	24114 17803   617  1130   600
	24113 17803   617  1130   600
	24114 17803   617  1130   600
	24113 17803   617  1130   600
	24113 17804   617  1130   600
	24113 17803   617  1130   600
	24113 17803   617  1130   600
	24113 17804   619  1130   600
	24113 17803   617  1130   600
	24113 17804   619  1130   600
	24112 17803   619  1130   600
	24112 17803   619  1130   600
	24114 17803   619  1130   600
	24113 17804   619  1130   600
	24114 17803   619  1130   600
	24113 17804   619  1130   600
	24113 17804   619  1130   600
	24113 17804   621  1130   600
	24111 17803   621  1130   600
	24114 17804   621  1130   600
	24114 17804   621  1130   600
	24112 17803   621  1130   600
	24113 17803   621  1130   600
	24115 17803   621  1130   600
	24112 17803   621  1130   600
	24112 17804   621  1130   600
	24112 17803   621  1130   600
	24113 17803   621  1130   600
	24114 17803   621  1130   600
	24114 17803   621  1130   600
	24112 17803   621  1130   600
	24112 17802   621  1130   600
	24113 17803   621  1130   600
	24115 17801   619  1130   600
	24112 17802   619  1130   600
	24115 17803   619  1130   600
	24113 17802   619  1130   600
	24115 17801   619  1130   600
	24118 17800   619  1130   600
	24114 17800   619  1130   600
	24116 17801   619  1130   600
	24116 17801   619  1130   600
	24115 17801   619  1130   600
	24118 17801   619  1130   600
	24118 17800   619  1130   600
	24116 17800   617  1130   600
	24116 17800   617  1130   600
	24119 17800   617  1130   600
	24119 17800   619  1130   600
	24119 17800   617  1130   600
	24120 17799   619  1130   600
	24122 17799   617  1130   600
	24124 17799   617  1130   600
	24123 17799   619  1130   600
	24128 17797   617  1130   600
	24128 17799   617  1130   600
	24129 17798   617  1130   600
	24131 17788   617  1130   600
	24133 17797   617  1130   600
	24133 17788   617  1130   600
	24133 17788   617  1130   600
	24134 17788   617  1130   600
	24136 17788   617  1130   600
	24139 17788   615  1130   600
	24139 17788   615  1130   600
	24139 17788   617  1130   600
	24139 17788   615  1130   600
	24141 17788   615  1130   600
	24142 17788   615  1130   600
	24142 17787   613  1130   600
	24147 17788   613  1130   600
	24150 17788   613  1130   600
	24154 17798   611  1130   600
	24161 17798   613  1140   610
	24170 17797   611  1140   610
	24179 17799   613  1140   610
	24191 17799   611  1140   610
	24199 17800   611  1140   610
	24203 17803   611  1140   610
	24208 17803   611  1140   610
	24210 17803   611  1140   610
	24215 17803   611  1140   610
	24217 17813   609  1140   610
	24223 17813   609  1140   610
	24226 17813   609  1140   610
	24227 17814   609  1160   600
	24229 17814   607  1150   600
	24233 17817   607  1150   600
	24232 17818   607  1150   600
	24238 17819   607  1150   600
	24242 17819   607  1150   600
	24247 17820   607  1150   600
	24253 17830   607  1150   600
	24256 17832   607  1150   600
	24264 17832   605  1150   600
	24268 17832   607  1150   600
	24274 17833   605  1150   600
	24283 17835   607  1150   600
	24287 17836   607  1150   600
	24294 17846   607  1150   600
	24303 17848   605  1150   600
	24307 17850   607  1150   600
	24317 17861   607  1160   600
	24329 17864   605  1160   600
	24337 17868   607  1160   600
	24344 17878   605  1160   600
	24350 17883   605  1160   600
	24360 17897   605  1160   600
	24369 17910   605  1160   600
	24376 17915   605  1160   600
	24383 17926   605  1160   600
	24389 17929   605  1160   600
	24392 17930   605  1160   600
	24395 17932   605  1160   600
	24402 17942   605  1160   600
	24406 17942   605  1160   600
	24412 17944   605  1160   600
	24415 17948   605  1160   600
	24423 17958   605  1160   600
	24432 17960   605  1160   600
	24439 17973   605  1160   600
	24447 17975   603  1160   600
	24453 17979   603  1160   600
	24464 17993   603  1160   600
	24475 18009   603  1160   600
	24483 18025   601  1160   600
	24492 18038   601  1160   600
	24499 18054   601  1160   600
	24502 18058   601  1160   600
	24506 18071   601  1160   600
	24509 18085   601  1160   600
	24510 18091   601  1160   600
	24510 18101   601  1160   600
	24508 18103   599  1160   600
	24504 18107   599  1160   600
	24503 18118   599  1160   600
	24501 18120   599  1160   600
	24498 18122   599  1160   600
	24493 18134   597  1160   600
	24489 18134   597  1160   600
	24487 18136   597  1160   600
	24482 18136   597  1160   600
	24480 18136   597  1160   600
	24477 18136   597  1160   600
	24475 18136   597  1160   600
	24474 18136   597  1160   600
	24469 18136   597  1160   600
	24468 18136   597  1160   600
	24461 18135   597  1160   600
	24457 18133   597  1160   600
	24447 18123   595  1160   600
	24436 18120   597  1160   600
	24426 18117   595  1160   600
	24419 18106   595  1160   600
	24408 18101   592  1160   600
	24396 18088   588  1160   600
	24389 18076   588  1160   600
	24375 18071   588  1160   600
	24364 18058   586  1160   600
	24357 18054   586  1160   600
	24350 18042   588  1160   600
	24342 18037   586  1160   600
	24338 18026   586  1160   600
	24333 18024   588  1160   600
	24330 18011   588  1160   600
	24330 18006   588  1160   600
	24330 17995   588  1160   600
	24330 17990   588  1160   600
	24330 17977   588  1160   600
	24332 17963   588  1160   600
	24337 17959   588  1160   600
	24340 17946   590  1160   600
	24344 17941   590  1160   600
	24353 17929   590  1160   600
	24360 17915   592  1160   600
	24369 17911   592  1160   600
	24372 17899   592  1160   600
	24380 17896   595  1160   600
	24387 17893   595  1160   600
	24394 17883   595  1160   600
	24405 17878   597  1160   600
	24411 17867   597  1160   600
	24421 17865   599  1160   600
	24429 17862   599  1160   600
	24434 17861   599  1160   600
	24444 17850   599  1160   600
	24450 17845   599  1160   600
	24460 17833   601  1160   600
	24467 17829   601  1160   600
	24471 17817   601  1160   600
	24472 17814   601  1160   600
	24478 17801   601  1160   600
	24479 17788   603  1140   610
	24479 17783   605  1140   610
	24483 17769   605  1140   610
	24485 17755   609  1140   610
	24485 17740   609  1140   610
	24486 17735   609  1140   610
	24487 17720   609  1140   610
	24490 17706   611  1140   610
	24483 17690   611  1140   610
	24475 17674   609  1140   610
	24468 17658   611  1140   610
	24460 17641   611  1150   620
	24454 17637   611  1140   620
	24449 17625   613  1140   620
	24438 17610   613  1140   620
	24428 17596   613  1140   620
	24413 17592   613  1140   620
	24404 17578   613  1140   620
	24387 17564   613  1130   610
	24373 17560   615  1130   610
	24357 17557   615  1130   610
	24341 17543   615  1130   610
	24325 17532   617  1130   610
	24311 17530   617  1130   610
	24301 17525   617  1130   610
	24293 17525   619  1130   610
	24286 17514   619  1130   610
	24278 17515   619  1130   610
	24269 17514   619  1130   610
	24264 17515   619  1130   610
	24256 17525   621  1130   610
	24252 17525   621  1130   610
	24246 17526   623  1130   610
	24243 17527   623  1130   610
	24240 17528   623  1130   610
	24237 17530   623  1130   610
	24237 17531   625  1130   610
	24233 17532   627  1130   610
	24231 17542   627  1130   610
	24231 17544   627  1130   610
	24232 17547   629  1130   610
	24230 17562   629  1100   600
	24234 17576   629  1100   600
	24238 17594   630  1100   600
	24247 17622   629  1100   600
	24254 17653   629  1100   600
	24273 17686   630  1100   600
	24285 17720   629  1100   600
	24301 17751   629  1100   600
	24319 17786   627  1100   600
	24342 17830   625  1120   600
	24366 17867   623  1120   600
	24397 17911   623  1120   600
	24421 17943   621  1120   600
	24449 17974   619  1120   600
	24479 17996   615  1130   610
	24511 18027   609  1130   610
	24545 18056   607  1120   600
	24570 18075   599  1120   600
	24597 18101   584  1130   600
	24620 18118   516  1130   600
	24636 18137   473  1130   600
	24650 18156   324  1130   600
	24665 18183   136  1130   600
	24676 18202    -1  1130   600
	24674 18231    -1  1140   590
	24667 18252    -1  1140   590
	24657 18281    -1  1140   590
	24643 18314    -1  1160   580
	24632 18357    -1  1150   580
	24614 18391    -1  1140   570
	24600 18426    -1  1140   570
	24590 18456    -1  1120   550
	24579 18489    -1  1120   550
	24579 18538    -1  1110   530
	24577 18567    -1  1110   530
	24588 18584    -1  1100   510
	24591 18599    -1  1080   500
	24605 18585    -1  1080   490
	24612 18613    -1  1070   480
	24615 18603    -1  1070   470
	24622 18600    -1  1060   460
	24631 18597    -1  1040   450
	24636 18586    -1  1040   440
	24643 18572    -1  1040   430
	24651 18570    -1  1030   420
	24658 18565    -1  1030   420
	24662 18552    -1  1030   420
	24662 18538    -1  1040   420
	24667 18523    -1  1040   420
	24668 18517    -1  1040   420
	24669 18501    -1  1050   430
	24672 18486    -1  1050   430
	24677 18473    -1  1050   440
	24681 18458    -1  1060   450
	24681 18454    -1  1060   460
	24684 18443    -1  1060   460
	24680 18438    -1  1050   470
	24678 18427    -1  1050   470
	24690 18421    -1  1070   490
	24670 18408    -1  1070   490
	24664 18396    -1  1070   500
	24657 18391    -1  1070   500
	24648 18378    -1  1080   510
	24639 18376    -1  1080   510
	24630 18364    -1  1080   520
	24618 18361    -1  1080   520
	24608 18359    -1  1080   520
	24598 18348    -1  1090   520
	24586 18357    -1  1090   520
	24575 18346    -1  1090   520
	24563 18345    -1  1100   530
	24548 18343    -1  1100   530
	24543 18341    -1  1100   530
	24524 18341    -1  1120   540
	24511 18331    -1  1120   550
	24498 18332    -1  1120   550
	24483 18330    -1  1120   550
	24482 18327    -1  1140   570
	24454 18325    -1  1160   560
	24443 18316    -1  1160   570
	24435 18312    -1  1160   570
	24424 18310    -1  1170   580
	24415 18299    -1  1170   580
	24406 18298    -1  1200   580
	24400 18297    -1  1200   580
	24397 18297    -1  1200   580
	24394 18298    -1  1210   590
	24394 18298    -1  1210   590
	24396 18298    -1  1220   600
	24397 18298    -1  1210   590
	24399 18297    -1  1210   590
	24404 18297    -1  1210   590
	24405 18297    -1  1210   590
	24411 18298    -1  1210   590
	24410 18299    -1  1210   590
	24413 18296    -1  1210   590
	24414 18296    -1  1210   590
	24412 18284    -1  1210   590
	24413 18281    -1  1210   590
	24410 18277    -1  1210   590
	24403 18267    -1  1210   590
	24397 18265    -1  1210   590
	24394 18262    -1  1210   590
	24390 18261    -1  1210   590
	24383 18251    -1  1210   590
	24379 18249    -1  1210   590
	24374 18248    -1  1210   590
	24373 18246    -1  1210   590
	24370 18236    -1  1210   590
	24368 18233    -1  1210   590
	24366 18231    -1  1210   590
	24366 18229    -1  1210   590
	24366 18219    -1  1210   590
	24366 18216    -1  1210   590
	24366 18215    -1  1210   590
	24366 18204    -1  1210   590
	24368 18203    -1  1210   590
	24366 18201    -1  1210   590
	24368 18200    -1  1210   590
	24368 18200    -1  1210   590
	24368 18199    -1  1200   580
	24368 18199    -1  1200   580
	24367 18199    -1  1200   580
	24368 18199    -1  1200   580
	24366 18201    -1  1200   580
	24366 18202    -1  1200   580
	24369 18203    -1  1200   580
	24367 18213    -1  1200   580
	24367 18214    -1  1200   580
	24367 18214    -1  1200   580
	24367 18217    -1  1200   580
	24367 18218    -1  1200   580
	24368 18220    -1  1200   580
	24372 18229    -1  1210   590
	24377 18230    -1  1210   590
	24382 18234    -1  1210   590
	24389 18246    -1  1210   590
	24397 18249    -1  1210   590
	24404 18262    -1  1230   590
	24412 18267    -1  1230   590
	24421 18280    -1  1230   590
	24429 18294    -1  1230   590
	24435 18300    -1  1230   590
	24442 18313    -1  1230   590
	24444 18328    -1  1230   590
	24445 18342    -1  1230   590
	24446 18346    -1  1230   590
	24442 18359    -1  1230   590
	24439 18364    -1  1230   590
	24436 18378    -1  1210   590
	24429 18391    -1  1210   590
	24425 18395    -1  1210   590
	24418 18409    -1  1210   590
	24410 18422    -1  1210   590
	24401 18425    -1  1210   590
	24392 18428    -1  1210   590
	24381 18438    -1  1210   590
	24365 18442    -1  1210   590
	24352 18442    -1  1210   590
	24338 18443    -1  1210   590
	24323 18443    -1  1210   590
	24307 18442    -1  1210   590
	24290 18441    -1  1210   590
	24268 18439    -1  1210   590
	24248 18437    -1  1210   590
	24233 18427    -1  1210   590
	24212 18425    -1  1230   590
	24196 18423    -1  1210   580
	24179 18421    -1  1210   580
	24161 18409    -1  1210   580
	24151 18405    -1  1210   580
	24134 18392    -1  1210   580
	24121 18378    -1  1210   580
	24105 18363    -1  1210   580
	24090 18358    -1  1210   580
	24078 18342    -1  1210   580
	24064 18328    -1  1200   580
	24052 18313    -1  1200   580
	24044 18298    -1  1200   580
	24044 18284    -1  1210   580
	24038 18277    -1  1210   580
	24039 18263    -1  1210   580
	24041 18249    -1  1210   580
	24043 18236    -1  1210   580
	24051 18234    -1  1210   580
	24059 18232    -1  1210   580
	24122 18231    -1  1210   580
	24083 18233    -1  1210   580
	24099 18233    -1  1210   580
	24111 18245    -1  1210   580
	24132 18247    -1  1210   580
	24152 18251    -1  1210   580
	24170 18264    -1  1210   580
	24186 18277    -1  1210   580
	24203 18283    -1  1210   580
	24215 18295    -1  1210   580
	24229 18299    -1  1210   580
	24239 18309    -1  1210   580
	24248 18314    -1  1210   580
	24255 18325    -1  1210   580
	24262 18325    -1  1210   580
	24263 18325    -1  1210   580
	24264 18326    -1  1210   580
	24262 18316    -1  1210   580
	24257 18315    -1  1210   580
	24253 18313    -1  1210   580
	24245 18309    -1  1210   580
	24236 18299    -1  1230   590
	24225 18297    -1  1230   590
	24215 18294    -1  1230   590
	24199 18281    -1  1230   590
	24181 18268    -1  1230   590
	24164 18262    -1  1230   590
	24144 18248    -1  1230   590
	24125 18245    -1  1230   590
	24106 18232    -1  1230   590
	24085 18218    -1  1230   590
	24061 18213    -1  1230   590
	24036 18200    -1  1210   580
	24009 18187    -1  1210   580
	23976 18181    -1  1210   580
	23945 18165    -1  1210   580
	23911 18151    -1  1210   580
	23880 18135    -1  1210   580
	23846 18119    -1  1210   580
	23813 18087    -1  1200   570
	23784 18076    -1  1200   570
	23760 18059    -1  1200   570
	23738 18037    -1  1200   570
	23725 18040   218  1200   570
	23718 18041   308  1190   580
	23712 18043   336  1190   580
	23713 18040   336  1190   580
	23715 18043   344  1190   580
	23721 18053   344  1190   580
	23734 18054   352  1190   580
	23753 18056   360  1190   580
	23772 18069   367  1190   580
	23794 18074   310  1190   580
	23823 18089   357  1190   580
	23857 18105   390  1190   580
	23895 18121   424  1200   580
	23948 18149   437  1200   580
	24004 18168   442  1200   580
	24063 18202   446  1200   580
	24129 18234   454  1200   580
	24187 18266   458  1200   580
	24247 18309   458  1200   580
	24305 18345   458  1210   590
	24361 18379   458  1210   590
	24417 18421   458  1230   590
	24474 18454   458  1230   590
	24527 18485   458  1230   590
	24580 18508   458  1230   590
	24618 18534   458  1240   580
	24651 18550   458  1240   580
	24679 18566   458  1240   580
	24701 18581   458  1240   580
	24720 18586   458  1240   580
	24731 18588   458  1260   580
	24738 18598   454  1260   580
	24739 18600   450  1260   580
	24742 18599   446  1260   580
	24739 18600   442  1260   580
	24739 18600   429  1260   580
	24734 18597   401  1260   580
	24734 18597   344  1260   580
	24732 18588   360  1260   580
	24729 18586   308  1260   580
	24722 18584   201  1260   580
	24719 18581     0  1260   580
	24711 18569    -1  1260   580
	24710 18567    -1  1260   580
	24704 18565    -1  1260   580
	24699 18555    -1  1260   580
	24696 18550    -1  1260   580
	24693 18538    -1  1260   580
	24686 18533    -1  1260   580
	24678 18520    -1  1240   570
	24670 18506    -1  1240   570
	24661 18492    -1  1240   570
	24654 18485    -1  1240   570
	24645 18473    -1  1230   580
	24634 18458    -1  1220   570
	24623 18442    -1  1220   570
	24613 18427    -1  1220   570
	24607 18411    -1  1220   570
	24596 18394    -1  1220   570
	24592 18379    -1  1210   560
	24582 18362    -1  1210   560
	24578 18347    -1  1190   560
	24569 18329    -1  1190   560
	24568 18315    -1  1190   560
	24563 18309    -1  1190   560
	24560 18293    -1  1180   560
	24554 18278    -1  1180   560
	24553 18263    -1  1200   550
	24547 18248    -1  1200   550
	24546 18233    -1  1200   550
	24536 18217    -1  1200   550
	24532 18203    -1  1200   550
	24526 18198    -1  1210   560
	24521 18185    -1  1190   560
	24517 18171    -1  1190   560
	24511 18165    -1  1200   570
	24508 18154    -1  1200   570
	24502 18153    -1  1200   570
	24498 18149    -1  1210   580
	24497 18140    -1  1210   580
	24495 18139    -1  1230   590
	24492 18138   201  1210   590
	24485 18136   286  1210   590
	24480 18134   317  1220   600
	24478 18134   344  1220   600
	24476 18133   360  1220   610
	24474 18133   310  1220   610
	24472 18124   363  1200   600
	24472 18124   390  1200   600
	24471 18123   410  1200   600
	24472 18133   424  1200   600
	24474 18124   433  1200   600
	24479 18133   442  1200   600
	24482 18135   450  1200   600
	24485 18136   458  1200   600
	24493 18140   462  1200   600
	24503 18153   462  1190   610
	24517 18169   465  1190   610
	24534 18187   465  1190   610
	24559 18216   462  1190   610
	24584 18233   462  1190   610
	24604 18261   462  1190   610
	24624 18284   458  1190   610
	24647 18312   454  1200   600
	24663 18332   450  1190   600
	24676 18357   442  1190   600
	24689 18374   437  1190   600
	24698 18380   429  1190   600
	24704 18393   424  1210   590
	24714 18406   420  1210   590
	24720 18411   420  1210   590
	24730 18423   420  1210   590
	24739 18427   420  1230   590
	24751 18437   420  1210   580
	24764 18439   420  1210   580
	24774 18439   420  1210   580
	24786 18439   420  1210   580
	24798 18439   415  1240   580
	24820 18441   401  1240   580
	24842 18443   357  1240   580
	24866 18444   336  1240   580
	24890 18456    75  1240   580
