221
3338 5486 107 1290 560
3304 5473 235 1290 560
3312 5510 267 1270 560
3312 5524 324 1270 560
3321 5536 394 1280 570
3321 5542 420 1280 570
3327 5542 418 1280 570
3327 5542 418 1280 570
3327 5542 423 1280 570
3327 5547 427 1280 570
3327 5547 423 1280 570
3327 5547 425 1280 570
3327 5547 427 1270 570
3297 5506 450 1270 570
3256 5444 530 1270 570
3184 5276 584 1280 580
3106 4991 614 1280 580
3024 4628 641 1280 580
2986 4336 691 1270 590
3002 4117 707 1270 590
3053 3947 719 1270 590
3139 3824 719 1250 590
3247 3743 717 1240 580
3369 3689 700 1230 590
3483 3674 637 1210 590
3610 3674 367 1190 600
4133 5019 540 1120 560
4132 5062 472 1130 560
4086 5078 279 1150 550
4044 5026 217 1140 550
3982 4930 206 1150 540
3894 4746 216 1150 540
3789 4522 219 1170 540
3653 4272 223 1170 550
3497 4018 239 1190 540
3328 3786 297 1170 550
3135 3569 394 1180 560
2944 3407 465 1180 570
2755 3272 473 1160 570
2562 3154 488 1160 580
2389 3074 512 1160 580
2230 3034 522 1150 600
2079 3021 536 1150 600
1959 3041 559 1160 600
1860 3092 578 1140 610
1808 3164 584 1140 610
1813 3310 581 1130 610
1855 3471 572 1140 620
1977 3641 564 1140 620
2181 3856 565 1140 620
2439 4082 562 1140 620
2769 4315 562 1140 620
3100 4547 557 1140 620
3457 4764 546 1150 620
3830 4971 537 1150 620
4134 5124 535 1170 610
4384 5229 533 1170 610
4598 5301 530 1170 610
4747 5317 494 1190 610
4830 5284 396 1190 610
4870 5219 348 1200 600
4858 5133 373 1190 600
4800 5042 415 1190 600
4710 4919 494 1210 590
4577 4776 572 1210 590
4444 4605 622 1210 590
4311 4428 652 1230 590
4209 4241 658 1230 590
4159 4084 656 1230 590
4143 3949 656 1230 590
4185 3831 650 1210 590
4268 3723 647 1210 590
4378 3621 628 1210 590
4512 3518 561 1190 600
4648 3389 417 1190 600
4786 3242 329 1180 600
4873 3086 322 1180 600
4927 2934 389 1170 590
4927 2790 540 1150 600
4888 2651 640 1150 600
4815 2557 691 1150 600
4706 2486 728 1130 600
4575 2430 736 1130 600
4430 2400 760 1130 600
4289 2410 754 1120 600
4180 2447 752 1120 600
4093 2541 748 1120 600
4081 2710 751 1120 600
4169 2929 751 1120 600
4323 3180 751 1120 600
4556 3426 739 1120 600
4827 3668 664 1110 590
5122 3868 386 1110 590
5764 5390 119 1180 530
5792 5463 185 1180 530
5806 5475 253 1180 540
5820 5485 315 1190 540
5829 5490 397 1190 540
5835 5490 445 1180 560
5848 5498 473 1190 560
5864 5505 494 1190 560
5888 5513 515 1190 580
5915 5521 524 1190 580
5942 5528 539 1200 580
5972 5528 589 1210 590
6002 5517 613 1210 590
6033 5492 641 1220 600
6066 5429 664 1220 600
6093 5309 673 1230 610
6116 5150 676 1230 610
6127 4974 679 1230 610
6136 4795 681 1220 610
6144 4645 687 1220 610
6153 4514 693 1220 610
6153 4391 693 1200 600
6158 4274 696 1190 610
6151 4162 699 1190 610
6138 4075 702 1190 610
6122 4006 690 1190 610
6101 3948 703 1190 610
6084 3915 730 1170 610
6073 3904 740 1170 610
6073 3909 743 1170 610
6073 3934 745 1170 610
6078 3993 743 1170 610
6097 4076 725 1160 600
6133 4174 702 1140 610
6180 4293 690 1140 610
6240 4426 679 1140 610
6305 4546 678 1150 620
6380 4666 676 1150 620
6463 4783 675 1170 610
6553 4898 675 1170 610
6647 4986 675 1170 610
6745 5046 676 1170 610
6844 5088 675 1170 610
6923 5105 673 1190 610
6989 5089 669 1190 610
7047 5051 667 1200 620
7090 4972 666 1200 620
7123 4866 667 1220 610
7143 4741 670 1220 610
7150 4638 670 1220 610
7150 4535 672 1220 610
7127 4443 672 1220 610
7100 4358 676 1220 610
7067 4292 678 1230 620
7030 4246 679 1210 630
6989 4214 684 1210 630
6944 4201 685 1220 630
6897 4208 693 1200 640
6853 4228 691 1200 640
6817 4280 687 1200 640
6806 4365 676 1200 640
6811 4471 664 1170 630
6841 4593 638 1170 630
6888 4733 636 1170 630
6947 4884 633 1170 630
7018 5025 636 1170 630
7106 5163 636 1170 630
7205 5292 638 1190 630
7327 5419 639 1190 630
7452 5525 636 1190 630
7580 5617 636 1190 630
7709 5692 631 1190 630
7838 5743 630 1190 630
7946 5778 630 1190 630
8040 5787 631 1210 630
8117 5780 631 1210 630
8178 5762 631 1210 630
8227 5732 633 1210 630
8263 5684 638 1210 630
8279 5625 641 1210 630
8279 5537 639 1210 630
8267 5417 638 1210 630
8237 5275 634 1210 630
8195 5132 636 1210 630
8156 4999 639 1210 630
8136 4872 637 1220 630
8128 4754 661 1220 630
8136 4657 669 1220 630
8161 4574 685 1220 630
8197 4493 696 1220 630
8256 4410 699 1220 630
8333 4327 700 1220 630
8422 4233 694 1220 630
8512 4140 675 1200 640
8590 4048 670 1190 630
8660 3951 640 1190 630
8707 3852 645 1190 630
8716 3748 645 1190 630
8700 3660 638 1170 630
8648 3581 649 1170 630
8562 3514 667 1170 630
8452 3460 672 1160 640
8309 3414 699 1160 640
8163 3380 694 1160 640
8014 3372 693 1160 640
7877 3382 697 1160 640
7743 3426 710 1140 640
7649 3491 716 1140 640
7579 3569 713 1140 640
7539 3663 707 1140 640
7529 3772 700 1130 630
7539 3891 696 1130 630
7574 3992 691 1130 630
7629 4092 691 1130 630
7698 4189 691 1130 630
7789 4286 702 1130 630
7894 4379 696 1130 630
8007 4450 697 1130 630
8111 4506 697 1150 630
8212 4546 700 1150 630
8311 4584 700 1150 630
8391 4604 700 1150 630
8440 4614 696 1150 630
8469 4614 690 1150 630
8476 4614 690 1150 630
8476 4614 666 1150 630
8470 4614 616 1160 640
8463 4598 371 1160 640