179
4397 5509 536 1210 550
4452 5554 595 1210 550
4402 5584 605 1230 550
4387 5593 617 1240 550
4394 5587 630 1240 550
4362 5560 666 1260 560
4293 5426 705 1260 560
4200 5221 730 1260 560
4078 4895 755 1260 570
3957 4504 761 1260 570
3840 4071 788 1260 570
3761 3686 849 1240 570
3707 3388 885 1260 580
3716 3148 914 1240 580
3782 2947 951 1240 580
3887 2796 947 1230 590
4016 2679 946 1230 590
4189 2631 920 1210 590
4390 2640 763 1210 590
4587 2687 18 1190 600
5454 4846 714 1160 580
5504 5039 737 1170 580
5474 5083 673 1170 580
5464 5083 641 1190 580
5390 4967 638 1190 580
5274 4770 638 1200 570
5117 4514 638 1200 570
4936 4219 639 1200 570
4740 3897 637 1210 580
4505 3598 672 1210 580
4235 3324 710 1210 580
3942 3068 721 1210 580
3630 2819 737 1210 580
3317 2616 748 1210 590
3003 2443 756 1190 600
2747 2334 784 1190 600
2557 2300 790 1180 600
2412 2316 791 1180 600
2363 2407 785 1160 600
2415 2586 793 1160 600
2535 2824 785 1140 610
2781 3125 773 1140 610
3104 3469 773 1140 610
3477 3843 770 1140 610
3942 4229 779 1140 610
4412 4579 774 1140 610
4882 4905 793 1140 610
5349 5140 790 1140 610
5752 5283 793 1140 610
6043 5366 785 1150 620
6258 5350 771 1170 610
6367 5254 763 1170 610
6367 5105 750 1170 610
6288 4912 768 1170 610
6153 4699 803 1190 610
6002 4473 845 1190 610
5841 4231 863 1190 610
5672 3999 887 1200 600
5548 3773 896 1220 610
5453 3565 892 1220 610
5408 3383 903 1220 610
5422 3218 902 1220 610
5475 3063 896 1220 610
5591 2931 887 1220 610
5752 2814 869 1220 610
5944 2692 872 1200 620
6094 2587 861 1200 620
6177 2494 855 1200 620
6215 2390 861 1200 620
6143 2281 867 1200 620
5995 2182 873 1200 620
5796 2091 909 1200 620
5548 2051 945 1200 620
5341 2086 937 1180 620
5161 2170 940 1180 620
5064 2335 941 1180 620
5056 2534 937 1180 620
5107 2756 940 1190 610
5238 2982 938 1190 610
5428 3205 935 1190 610
5658 3421 950 1180 620
5907 3574 937 1180 620
6108 3684 947 1180 620
6277 3746 900 1180 620
6403 3770 802 1180 620
6478 3770 533 1180 620
6919 4322 468 1160 560
6939 4370 512 1160 560
6923 4382 529 1160 570
6923 4389 572 1160 570
6923 4389 591 1170 580
6923 4389 616 1170 580
6913 4336 641 1180 590
6899 4256 668 1180 590
6881 4111 676 1190 600
6862 3942 697 1190 600
6843 3756 697 1190 600
6824 3592 722 1190 610
6804 3453 731 1190 610
6783 3330 760 1190 610
6767 3219 771 1170 610
6751 3139 787 1170 610
6736 3080 803 1150 620
6726 3054 817 1150 620
6726 3054 825 1150 620
6726 3061 830 1140 620
6726 3107 827 1140 620
6756 3203 830 1140 620
6811 3333 805 1110 610
6895 3493 784 1110 610
7013 3693 758 1110 610
7154 3919 757 1110 610
7323 4110 760 1110 610
7484 4258 758 1110 610
7639 4377 755 1110 610
7779 4426 755 1110 610
7890 4406 748 1110 610
7981 4339 736 1110 610
8023 4205 722 1110 610
8023 4048 724 1120 620
7995 3876 728 1140 620
7939 3692 756 1140 620
7864 3544 791 1140 620
7775 3420 791 1140 620
7696 3322 809 1140 620
7617 3257 824 1150 620
7552 3215 830 1150 620
7495 3204 832 1140 620
7443 3231 829 1140 620
7407 3283 823 1140 620
7382 3378 815 1140 620
7389 3517 803 1140 620
7431 3685 799 1140 620
7495 3901 805 1140 620
7590 4117 803 1140 620
7717 4334 805 1140 620
7864 4551 806 1140 620
8028 4740 808 1140 620
8195 4925 811 1150 630
8369 5063 809 1150 630
8540 5171 806 1150 630
8678 5239 797 1150 630
8797 5253 752 1150 630
8879 5231 733 1150 630
8927 5168 733 1150 630
8951 5077 730 1170 630
8951 4968 758 1170 630
8941 4825 774 1170 630
8918 4669 794 1190 630
8888 4505 808 1200 640
8862 4328 821 1200 640
8845 4147 823 1200 640
8883 3990 823 1200 640
8957 3850 830 1190 630
9084 3719 821 1190 630
9255 3613 811 1170 630
9454 3523 773 1170 630
9635 3417 688 1170 630
9752 3287 541 1170 630
9825 3142 458 1170 630
9789 3001 517 1170 630
9661 2869 589 1170 630
9471 2742 667 1160 640
9201 2627 756 1160 640
8913 2551 805 1140 640
8612 2501 818 1140 640
8357 2501 818 1140 640
8167 2555 821 1140 640
8019 2644 827 1140 640
7961 2759 836 1140 640
7983 2883 840 1140 640
8059 3014 848 1140 640
8203 3128 867 1140 640
8382 3206 869 1140 640
8583 3260 864 1140 640
8730 3244 852 1120 640
8824 3184 812 1120 640
8882 3095 742 1120 640
8877 3009 600 1120 640