169
3433 6017 81 1370 700
3455 6128 91 1370 670
3455 6215 94 1350 640
3446 6278 106 1380 610
3454 6308 105 1380 590
3454 6315 141 1380 570
3448 6292 180 1390 550
3436 6214 221 1370 530
3406 6099 247 1370 510
3364 5907 251 1370 500
3304 5683 242 1380 480
3234 5439 249 1370 470
3157 5172 274 1370 460
3081 4905 302 1380 470
3033 4673 335 1370 470
3003 4466 356 1370 470
3010 4280 362 1370 470
3056 4142 382 1360 480
3129 4035 388 1360 480
3231 3947 420 1360 480
3360 3869 425 1360 480
3507 3799 444 1350 490
3680 3746 448 1350 490
3842 3705 444 1340 490
3996 3672 441 1330 500
4132 3663 440 1330 500
4230 3671 423 1320 500
4302 3691 386 1320 500
4339 3750 282 1300 510
4360 3870 212 1300 510
4369 4032 141 1300 510
4379 4218 86 1300 510
4388 4428 17 1300 510
4397 4654 46 1300 510
4404 4867 119 1300 510
4410 5002 237 1300 510
4401 5086 292 1320 510
4383 5098 314 1320 510
4338 5074 325 1320 510
4265 5025 334 1330 520
4173 4935 340 1330 520
4051 4825 340 1340 510
3924 4702 342 1340 510
3794 4598 342 1350 520
3616 4495 342 1360 510
3427 4392 345 1360 510
3230 4313 338 1350 520
3019 4249 391 1360 520
2869 4249 468 1360 520
2760 4328 490 1350 530
2726 4452 489 1350 530
2776 4629 492 1350 530
2882 4862 491 1350 530
3048 5133 494 1340 540
3263 5398 501 1340 540
3510 5652 514 1340 540
3792 5867 522 1340 540
4067 6059 540 1340 540
4337 6185 539 1340 520
4572 6236 543 1340 520
4734 6236 551 1350 520
4846 6164 568 1350 520
4881 6023 569 1360 510
4858 5835 581 1360 510
4796 5637 591 1370 520
4700 5436 613 1380 510
4637 5268 627 1380 510
4596 5122 636 1380 510
4607 5037 652 1380 500
4677 4974 663 1380 500
4785 4927 687 1380 500
4922 4888 697 1380 500
5086 4846 700 1370 510
5269 4776 693 1370 510
5420 4690 691 1370 520
5516 4576 696 1370 520
5576 4439 697 1360 520
5570 4287 705 1350 530
5507 4128 707 1330 530
5405 3973 713 1330 530
5266 3832 733 1330 530
5110 3701 761 1310 540
4942 3626 796 1310 540
4816 3607 833 1310 540
4732 3626 857 1300 540
4675 3703 857 1300 540
4703 3884 860 1290 550
4822 4134 863 1290 550
5001 4415 849 1270 550
5271 4696 771 1270 550
5591 4980 466 1270 550
7616 6588 376 1450 480
7710 6653 396 1460 480
7698 6704 391 1470 470
7669 6722 392 1490 460
7628 6684 392 1490 460
7556 6619 391 1490 460
7437 6499 399 1490 460
7286 6354 399 1490 460
7118 6192 391 1500 460
6969 6053 394 1490 470
6832 5948 404 1480 470
6733 5866 410 1480 470
6691 5812 415 1470 480
6686 5746 415 1460 490
6709 5672 438 1450 500
6733 5512 452 1430 500
6755 5284 469 1420 500
6755 5010 480 1420 500
6743 4720 488 1410 510
6724 4482 512 1400 520
6702 4278 527 1370 520
6677 4106 536 1370 520
6666 4006 540 1360 520
6666 3953 556 1340 520
6683 3948 569 1340 520
6707 3994 572 1330 530
6757 4075 578 1300 530
6823 4245 581 1300 530
6912 4460 584 1300 540
7006 4706 589 1300 540
7111 4947 595 1290 550
7223 5105 594 1290 550
7303 5208 594 1290 550
7361 5224 594 1290 550
7387 5184 597 1300 550
7387 5107 605 1300 550
7368 4955 614 1310 550
7318 4783 627 1310 550
7249 4599 637 1310 550
7166 4438 647 1320 550
7101 4302 656 1320 550
7061 4182 661 1320 550
7037 4119 656 1320 550
7043 4101 655 1320 550
7078 4113 655 1320 550
7133 4173 664 1320 550
7236 4326 664 1320 550
7390 4541 661 1310 560
7577 4813 664 1310 560
7797 5133 667 1300 550
8021 5485 670 1300 550
8248 5733 681 1300 550
8449 5900 685 1300 550
8589 6013 687 1300 550
8688 6037 690 1300 550
8757 5993 697 1300 550
8808 5905 693 1310 550
8846 5759 708 1310 550
8876 5618 719 1310 550
8900 5480 725 1340 550
8921 5326 757 1340 550
8948 5169 779 1340 550
8978 5005 790 1350 550
9011 4827 809 1350 550
9048 4642 821 1350 550
9088 4489 827 1350 570
9112 4334 829 1350 570
9124 4174 826 1360 570
9099 4040 824 1350 580
9033 3922 820 1350 580
8940 3804 812 1350 590
8788 3718 821 1340 600
8640 3654 817 1340 600
8495 3675 869 1320 600
8427 3802 882 1320 610
8484 3999 882 1300 620
8624 4314 855 1300 620
8938 4660 521 1290 630