216
2472 4939 1460 500 244
2516 4943 1450 510 287
2476 5031 1430 510 339
2465 5067 1420 520 344
2458 5067 1410 510 336
2458 5067 1400 520 356
2458 5039 1400 520 415
2458 4996 1400 520 467
2445 4923 1370 520 515
2436 4804 1370 520 554
2423 4655 1370 520 592
2407 4462 1360 510 622
2395 4189 1360 510 634
2385 3862 1350 520 641
2414 3509 1350 520 655
2468 3189 1350 520 668
2570 2890 1340 520 667
2695 2602 1340 520 684
2836 2445 1330 530 700
2954 2375 1330 530 693
3063 2295 1310 540 694
3167 2235 1310 540 700
3224 2189 1300 540 653
3248 2174 1290 550 588
3248 2174 1290 550 336
3089 3942 1330 510 324
3089 3942 1330 510 369
3085 3981 1340 510 376
3075 3981 1340 510 379
3065 3948 1340 510 394
3054 3874 1350 520 466
3038 3765 1340 520 520
3019 3634 1340 520 546
3002 3480 1330 530 575
2984 3275 1340 540 591
2962 3037 1340 540 619
2936 2810 1340 540 625
2907 2625 1340 540 644
2866 2467 1340 540 665
2818 2350 1340 550 666
2762 2260 1340 550 669
2694 2189 1340 550 670
2619 2150 1320 550 666
2537 2150 1320 550 652
2456 2173 1320 550 633
2375 2252 1310 560 617
2305 2376 1310 560 613
2263 2530 1310 560 617
2240 2694 1310 560 614
2248 2873 1310 560 617
2283 3062 1310 560 614
2335 3261 1310 560 613
2439 3483 1310 560 616
2592 3720 1310 560 611
2778 3970 1310 560 620
2968 4191 1310 560 613
3177 4392 1300 550 611
3399 4550 1310 550 611
3593 4654 1310 550 620
3759 4723 1310 550 611
3906 4754 1310 550 611
4011 4754 1330 540 613
4085 4732 1330 540 613
4139 4685 1330 540 624
4159 4610 1340 540 638
4143 4517 1340 540 636
4104 4363 1340 540 637
4037 4180 1360 540 643
3974 3978 1360 540 647
3913 3796 1360 540 647
3894 3662 1360 540 665
3913 3559 1360 540 666
3956 3490 1360 540 676
4028 3419 1360 540 685
4138 3345 1360 540 694
4274 3257 1360 550 696
4405 3162 1360 550 693
4520 3067 1360 550 693
4623 2947 1360 550 693
4701 2810 1380 550 694
4748 2663 1380 550 699
4775 2536 1360 560 691
4756 2422 1360 560 702
4700 2311 1360 560 717
4618 2208 1350 570 727
4497 2110 1350 570 731
4346 2040 1360 570 720
4175 2004 1360 570 724
4010 1992 1380 570 730
3893 2028 1380 570 731
3809 2096 1380 570 728
3788 2186 1380 570 733
3807 2319 1380 570 733
3853 2479 1380 570 736
3971 2658 1380 570 739
4142 2849 1380 570 740
4348 3037 1380 570 743
4551 3201 1380 570 743
4732 3350 1380 570 739
4898 3458 1380 570 742
4990 3524 1380 570 740
5041 3561 1380 570 727
5064 3570 1380 570 672
5064 3570 1360 570 554
5032 3570 1360 570 119
5870 4730 1430 460 124
5913 4713 1430 460 196
5913 4723 1430 460 213
5895 4746 1430 480 200
5895 4746 1430 480 203
5890 4733 1430 490 215
5890 4723 1430 490 244
5898 4712 1440 490 306
5919 4699 1430 500 344
5951 4682 1440 500 381
6009 4650 1440 500 417
6054 4607 1440 510 465
6091 4550 1440 510 512
6147 4453 1460 520 539
6199 4329 1460 520 565
6247 4171 1450 530 574
6292 3994 1450 530 592
6328 3805 1450 530 600
6357 3621 1460 530 624
6372 3453 1450 540 641
6372 3297 1450 540 653
6372 3128 1450 540 671
6352 2974 1450 540 676
6327 2831 1440 540 688
6299 2696 1440 540 697
6276 2613 1440 540 690
6255 2566 1430 550 700
6243 2549 1430 550 721
6243 2549 1430 550 731
6243 2549 1410 560 728
6243 2556 1410 560 728
6237 2603 1410 560 730
6243 2678 1400 560 724
6263 2782 1400 560 728
6292 2881 1400 560 728
6346 2985 1400 560 730
6405 3095 1400 560 731
6473 3211 1400 560 731
6542 3346 1400 560 728
6613 3494 1400 560 727
6680 3632 1400 560 724
6748 3769 1400 560 722
6817 3894 1400 560 722
6884 3966 1420 570 722
6941 4008 1430 560 722
6991 4027 1430 560 722
7052 4018 1450 560 722
7112 3990 1450 560 731
7168 3911 1450 560 733
7226 3797 1460 550 733
7278 3660 1480 560 722
7326 3525 1480 560 725
7366 3386 1480 560 727
7379 3270 1480 560 728
7379 3171 1490 560 733
7349 3090 1490 560 736
7307 3022 1490 560 736
7255 2964 1490 560 737
7206 2936 1490 560 737
7149 2936 1480 570 733
7086 2945 1480 570 727
7026 2990 1480 570 721
6969 3057 1500 570 720
6938 3139 1500 570 720
6923 3230 1490 580 727
6939 3337 1490 580 724
6994 3455 1470 580 719
7074 3593 1490 580 711
7201 3776 1490 580 700
7358 3989 1490 580 700
7536 4203 1500 570 699
7687 4418 1500 570 693
7817 4633 1480 570 697
7933 4787 1480 570 702
7995 4890 1480 570 697
8023 4960 1480 570 705
8028 4976 1490 560 700
8028 4976 1490 560 699
8010 4965 1490 560 699
7985 4918 1490 560 700
7933 4817 1500 550 710
7884 4681 1500 550 731
7838 4529 1500 550 721
7822 4359 1500 550 730
7847 4178 1510 540 740
7900 4046 1530 550 749
7974 3934 1530 550 758
8061 3835 1530 550 756
8157 3716 1530 560 768
8248 3603 1530 560 770
8325 3493 1530 560 774
8392 3362 1520 570 777
8426 3230 1520 570 780
8431 3095 1520 570 782
8416 2976 1510 580 787
8374 2866 1510 580 788
8301 2769 1510 580 790
8208 2692 1530 580 794
8101 2629 1520 590 794
7992 2602 1520 590 797
7882 2610 1520 590 796
7802 2641 1520 590 783
7761 2702 1520 590 797
7747 2798 1520 590 783
7788 2917 1520 590 783
7871 3035 1520 590 797
7983 3157 1520 590 784
8099 3282 1520 590 784
8197 3382 1520 590 767
8282 3428 1530 580 699
8327 3439 1540 580 561