235
2566 7499 93 1370 510
2639 7597 113 1360 500
2656 7609 139 1360 500
2689 7603 222 1350 500
2710 7586 297 1350 500
2723 7545 373 1360 490
2723 7467 417 1360 490
2713 7364 458 1360 490
2695 7238 478 1360 490
2679 7081 510 1360 490
2665 6903 533 1360 490
2658 6699 539 1360 490
2658 6493 550 1360 490
2658 6231 560 1360 490
2658 5932 594 1350 500
2675 5653 633 1350 500
2715 5382 644 1340 500
2770 5116 675 1340 500
2848 4882 700 1330 510
2947 4687 724 1320 510
3060 4519 730 1300 520
3183 4372 739 1290 520
3291 4241 751 1280 530
3388 4121 757 1270 530
3491 4059 760 1250 540
3591 4042 763 1240 540
3684 4054 758 1230 550
3772 4095 751 1230 550
3831 4163 710 1210 550
3870 4250 600 1200 550
3896 4372 359 1200 550
3533 5538 184 1190 530
3487 5742 228 1210 530
3468 5797 249 1210 530
3468 5821 262 1220 530
3478 5821 312 1220 530
3492 5821 388 1230 520
3510 5795 468 1220 510
3529 5748 505 1230 510
3546 5662 538 1230 510
3552 5542 560 1230 510
3539 5400 592 1250 510
3512 5233 634 1260 510
3459 5073 671 1260 510
3386 4917 693 1260 510
3299 4749 697 1240 520
3186 4606 708 1240 520
3056 4481 722 1240 520
2914 4359 731 1230 520
2778 4258 720 1230 520
2625 4171 728 1220 530
2460 4122 731 1220 530
2314 4122 734 1210 530
2174 4150 731 1210 530
2042 4231 737 1190 530
1946 4340 736 1200 540
1874 4467 733 1190 540
1833 4600 730 1190 540
1833 4754 727 1170 550
1851 4923 731 1170 550
1902 5077 733 1170 550
1995 5229 737 1170 550
2116 5403 736 1170 550
2280 5593 736 1190 540
2496 5777 730 1190 540
2746 5974 742 1190 540
3003 6179 743 1200 540
3288 6359 742 1220 540
3591 6535 740 1230 530
3864 6654 749 1240 530
4100 6736 754 1240 530
4310 6773 757 1250 530
4485 6773 758 1270 520
4630 6737 758 1280 520
4756 6667 760 1280 520
4828 6561 760 1290 510
4860 6430 761 1290 500
4865 6270 760 1290 500
4842 6108 761 1290 500
4813 5945 754 1300 500
4780 5782 757 1300 500
4780 5667 762 1300 500
4809 5581 768 1320 500
4862 5500 774 1300 510
4936 5424 777 1300 510
5029 5351 784 1300 510
5134 5282 790 1300 510
5242 5219 791 1290 510
5328 5161 793 1300 520
5399 5088 793 1300 520
5440 5010 794 1290 520
5445 4924 783 1290 520
5427 4833 790 1280 520
5369 4740 796 1270 520
5265 4649 797 1270 520
5131 4564 799 1250 530
4990 4502 802 1250 530
4856 4457 805 1240 530
4750 4464 817 1240 530
4660 4505 821 1240 530
4620 4569 821 1240 530
4633 4648 820 1240 530
4681 4758 818 1230 520
4793 4890 829 1230 520
4931 5032 826 1230 520
5086 5172 827 1230 520
5295 5312 821 1230 520
5509 5452 806 1230 520
5739 5591 754 1230 520
5978 5715 649 1220 510
6190 5837 191 1230 520
7411 6838 73 1350 510
7406 6993 146 1350 510
7377 7052 206 1360 500
7336 7083 275 1380 500
7288 7108 358 1400 500
7247 7121 399 1400 500
7211 7129 420 1410 500
7195 7129 443 1420 490
7195 7129 442 1420 490
7195 7129 450 1430 500
7195 7134 460 1440 490
7195 7134 468 1440 490
7200 7134 496 1440 490
7211 7134 520 1440 490
7230 7127 540 1440 490
7262 7119 551 1440 490
7302 7108 567 1440 490
7349 7092 566 1450 480
7395 7068 581 1450 480
7439 7026 594 1450 480
7494 6974 613 1450 480
7549 6902 627 1450 480
7606 6818 655 1450 480
7651 6726 679 1440 490
7690 6613 711 1440 490
7716 6449 736 1440 490
7716 6251 761 1440 490
7706 6047 777 1430 500
7689 5841 806 1430 500
7663 5634 827 1420 500
7631 5440 855 1420 500
7611 5246 866 1410 510
7596 5058 875 1400 520
7589 4893 881 1400 520
7589 4741 887 1370 520
7603 4651 890 1360 520
7617 4593 893 1350 530
7629 4557 888 1340 540
7640 4552 891 1330 540
7649 4576 887 1300 540
7657 4620 881 1300 540
7683 4720 873 1290 550
7723 4864 875 1290 550
7772 5037 861 1290 550
7838 5189 853 1270 550
7907 5342 866 1270 550
7964 5494 867 1290 550
8011 5599 869 1290 550
8059 5671 869 1290 560
8107 5725 867 1290 560
8156 5755 867 1290 560
8205 5768 869 1290 560
8257 5759 869 1310 560
8311 5724 853 1310 560
8356 5672 853 1310 560
8395 5592 855 1320 550
8411 5493 855 1340 560
8411 5381 855 1340 560
8392 5278 855 1350 550
8359 5188 855 1350 550
8307 5108 855 1350 550
8242 5038 854 1350 550
8178 4983 855 1350 550
8116 4938 855 1340 550
8058 4907 855 1340 550
8024 4898 860 1340 550
8004 4903 860 1340 550
8004 4931 861 1350 540
8021 4984 861 1350 540
8057 5053 863 1350 540
8129 5143 863 1350 540
8229 5251 864 1340 540
8348 5371 861 1340 540
8497 5518 854 1340 540
8651 5671 867 1340 540
8814 5827 860 1340 540
8984 6005 867 1340 540
9127 6179 855 1350 540
9252 6346 849 1360 540
9380 6510 848 1360 540
9488 6672 845 1370 530
9583 6783 846 1370 530
9644 6858 846 1390 520
9677 6910 845 1390 520
9690 6917 845 1400 520
9690 6917 843 1400 520
9690 6886 846 1420 520
9678 6834 848 1420 520
9656 6759 851 1430 510
9636 6664 851 1430 510
9615 6557 855 1440 500
9591 6416 857 1440 500
9591 6293 857 1440 500
9591 6181 855 1450 500
9628 6091 855 1450 500
9678 6011 857 1450 500
9738 5939 855 1460 500
9818 5868 855 1450 510
9910 5795 858 1450 510
10010 5730 861 1450 510
10094 5670 864 1440 510
10173 5603 866 1430 520
10248 5519 866 1450 530
10303 5425 867 1430 530
10338 5317 869 1430 530
10360 5202 853 1420 540
10346 5073 869 1420 540
10308 4933 867 1420 540
10253 4783 853 1410 550
10173 4663 855 1410 550
10068 4562 857 1400 550
9946 4480 857 1410 560
9796 4417 863 1400 560
9636 4367 864 1400 560
9470 4352 864 1390 570
9307 4390 866 1380 570
9199 4464 872 1380 570
9127 4553 884 1380 570
9117 4651 884 1380 570
9174 4756 882 1380 570
9276 4900 882 1380 570
9425 5042 876 1360 560
9596 5181 829 1360 560
9781 5312 274 1360 560