172
2494 5887 1430 700 30
2453 5690 1450 680 80
2426 5562 1460 660 151
2396 5416 1460 640 217
2365 5223 1460 630 225
2327 4995 1470 610 246
2285 4744 1470 590 257
2249 4487 1480 570 287
2230 4238 1490 550 299
2223 3994 1480 540 309
2249 3810 1480 530 327
2312 3675 1470 520 336
2399 3572 1460 520 349
2517 3487 1450 530 356
2665 3411 1430 530 359
2834 3340 1430 530 358
2979 3293 1420 540 339
3124 3273 1410 550 274
3269 3273 1410 550 132
3683 4411 1380 580 141
3659 4830 1380 580 222
3636 4978 1390 570 311
3621 5091 1390 570 342
3606 5106 1400 560 339
3569 5060 1400 560 337
3517 4974 1410 560 340
3423 4781 1410 560 342
3291 4584 1430 560 342
3133 4371 1440 560 345
2957 4149 1440 560 333
2782 3961 1440 560 334
2593 3801 1450 550 339
2394 3659 1450 550 374
2257 3605 1450 550 440
2183 3618 1450 550 452
2150 3677 1450 550 453
2182 3838 1450 550 461
2308 4087 1440 560 474
2496 4394 1440 560 473
2785 4670 1440 560 483
3077 4916 1440 560 491
3377 5142 1440 560 493
3682 5302 1440 560 491
3935 5412 1440 560 495
4129 5488 1440 560 486
4283 5488 1440 560 486
4379 5418 1430 550 490
4424 5303 1430 550 488
4434 5133 1430 550 501
4409 4919 1430 550 522
4366 4675 1430 550 541
4312 4490 1430 550 556
4290 4336 1420 540 561
4313 4204 1440 540 575
4367 4117 1440 540 581
4465 4042 1440 540 584
4574 3976 1440 540 584
4689 3905 1440 540 586
4751 3812 1430 550 583
4757 3704 1430 550 580
4725 3591 1430 550 589
4637 3476 1410 560 588
4528 3375 1410 560 594
4405 3284 1400 560 591
4266 3231 1390 560 614
4150 3231 1390 560 649
4050 3277 1380 570 667
3988 3374 1380 570 688
3975 3499 1380 570 696
3995 3643 1360 570 699
4075 3825 1360 570 690
4212 4028 1350 570 702
4386 4244 1350 570 694
4595 4488 1350 570 666
4826 4730 1340 570 631
5071 4970 1340 570 540
5321 5205 1320 570 341
6072 5971 1440 540 291
6106 5903 1440 540 285
6106 5896 1450 540 269
6106 5906 1460 540 272
6113 5882 1470 530 282
6121 5820 1480 540 312
6133 5732 1480 540 369
6144 5596 1490 530 394
6158 5397 1490 530 420
6167 5155 1490 530 427
6173 4897 1490 530 436
6173 4659 1490 530 443
6173 4434 1490 530 450
6164 4225 1500 540 481
6151 4061 1500 540 512
6134 3926 1490 550 527
6114 3825 1490 550 535
6106 3775 1480 560 537
6106 3759 1480 560 562
6106 3766 1470 560 556
6106 3833 1470 560 551
6117 3941 1460 570 548
6145 4116 1460 570 548
6194 4328 1440 570 548
6274 4565 1440 570 548
6375 4773 1430 570 543
6486 4944 1430 570 550
6594 5091 1430 570 546
6688 5160 1430 570 545
6773 5175 1440 570 542
6857 5155 1440 570 546
6925 5091 1440 570 545
6982 4982 1440 570 548
7018 4844 1460 570 553
7023 4680 1470 560 557
7008 4518 1470 560 562
6959 4357 1470 560 570
6882 4184 1480 570 570
6786 4041 1480 570 561
6688 3917 1480 570 566
6593 3841 1480 570 570
6505 3817 1480 570 572
6437 3827 1480 570 572
6382 3895 1480 570 569
6357 4011 1470 580 569
6381 4159 1470 580 569
6437 4315 1470 580 564
6518 4425 1470 580 570
6600 4505 1440 580 562
6674 4518 1440 580 554
6741 4489 1440 580 553
6784 4431 1430 570 554
6802 4368 1440 570 557
6802 4308 1430 570 561
6788 4275 1420 570 581
6779 4258 1420 570 588
6779 4274 1420 570 588
6817 4368 1400 560 588
6872 4515 1400 560 588
6972 4697 1420 570 595
7106 4914 1420 570 585
7262 5155 1420 570 585
7470 5395 1420 570 585
7680 5581 1420 570 586
7891 5731 1430 570 595
8103 5829 1430 570 599
8269 5867 1430 570 599
8400 5867 1440 580 599
8508 5792 1440 580 600
8553 5673 1460 580 613
8546 5524 1470 580 625
8503 5310 1490 580 646
8425 5081 1490 580 690
8359 4843 1490 580 710
8300 4625 1510 580 728
8320 4446 1510 580 721
8400 4294 1530 580 727
8521 4177 1520 590 731
8668 4094 1520 590 730
8797 4033 1520 590 727
8914 3967 1520 590 728
8952 3896 1520 590 707
8919 3816 1520 600 699
8838 3726 1520 600 690
8693 3631 1510 610 688
8512 3562 1510 610 688
8307 3529 1500 620 699
8107 3519 1490 630 707
7957 3573 1510 630 724
7841 3674 1500 640 754
7800 3807 1500 640 751
7832 3972 1500 640 761
7912 4149 1480 650 736
8049 4335 1480 650 638
8254 4536 1480 650 362