ABCDE-012_345_678 2503
	13227 18055    64  1210   530
	13229 18056     0  1210   530
	13229 18058     0  1210   530
	13229 18059    35  1210   530
	13232 18060   108  1210   530
	13233 18069   136  1210   530
	13234 18072   160  1210   530
	13234 18074   182  1210   530
	13235 18074   218  1220   530
	13236 18075   234  1220   530
	13235 18076   262  1220   530
	13236 18085   275  1220   530
	13239 18086   286  1220   530
	13237 18087   297  1220   530
	13240 18087   317  1220   530
	13238 18087   327  1220   530
	13239 18088   336  1220   530
	13239 18088   344  1220   530
	13241 18089   360  1220   530
	13240 18090   367  1220   530
	13242 18090   294  1220   530
	13238 18091   317  1220   530
	13239 18091   357  1220   530
	13239 18092   380  1230   520
	13238 18090   401  1230   520
	13236 18091   410  1230   520
	13239 18090   420  1230   520
	13236 18090   424  1230   520
	13238 18090   433  1230   520
	13238 18091   433  1230   520
	13239 18090   437  1230   520
	13236 18090   437  1230   520
	13238 18090   442  1230   520
	13238 18089   442  1230   520
	13239 18090   442  1230   520
	13239 18088   446  1230   520
	13238 18088   450  1230   520
	13239 18088   454  1230   520
	13241 18086   454  1230   520
	13239 18086   458  1230   520
	13238 18085   462  1230   520
	13240 18075   462  1230   520
	13241 18074   462  1230   520
	13241 18071   462  1230   520
	13241 18069   462  1230   520
	13240 18058   462  1220   530
	13246 18055   465  1220   530
	13243 18043   465  1220   530
	13246 18039   462  1220   530
	13248 18037   462  1220   530
	13246 18025   462  1220   530
	13246 18010   462  1220   530
	13248 17996   465  1220   530
	13246 17990   465  1220   530
	13247 17976   465  1220   530
	13245 17959   465  1220   530
	13246 17943   465  1210   530
	13244 17927   465  1210   530
	13245 17909   465  1210   530
	13241 17894   465  1210   530
	13243 17877   465  1210   530
	13241 17847   465  1210   530
	13241 17830   465  1210   530
	13237 17802   465  1210   530
	13239 17772   465  1210   530
	13238 17751   465  1210   530
	13242 17720   469  1210   530
	13243 17689   469  1190   530
	13245 17656   469  1190   530
	13246 17622   473  1190   530
	13248 17589   473  1190   530
	13245 17546   473  1190   530
	13245 17513   473  1190   530
	13244 17478   476  1190   530
	13244 17445   476  1180   540
	13243 17403   476  1180   540
	13243 17369   476  1180   540
	13246 17335   476  1180   540
	13246 17304   480  1180   540
	13246 17271   480  1180   540
	13247 17240   480  1180   540
	13245 17221   480  1170   540
	13246 17205   480  1170   540
	13245 17189   484  1170   540
	13247 17175   484  1170   540
	13247 17173   484  1170   540
	13248 17163   487  1170   540
	13247 17163   487  1150   540
	13249 17164   490  1150   540
	13247 17164   497  1150   540
	13249 17173   504  1150   540
	13250 17176   507  1150   540
	13251 17179   507  1150   540
	13251 17195   510  1150   540
	13256 17212   510  1150   540
	13257 17239   510  1150   540
	13261 17270   510  1150   540
	13267 17291   510  1150   540
	13274 17323   510  1150   540
	13284 17355   510  1150   540
	13291 17384   510  1150   540
	13301 17413   510  1150   540
	13314 17435   510  1150   540
	13328 17464   510  1150   540
	13338 17483   510  1170   540
	13350 17499   510  1170   540
	13361 17515   510  1170   540
	13370 17531   507  1170   540
	13414 17544   507  1170   540
	13391 17558   507  1180   540
	13396 17559   507  1180   540
	13401 17564   507  1180   540
	13409 17574   507  1180   540
	13414 17574   504  1180   540
	13416 17574   500  1180   540
	13418 17573   500  1190   540
	13422 17564   500  1190   540
	13426 17563   500  1190   540
	13431 17561   497  1190   540
	13438 17557   500  1190   540
	13439 17544   500  1190   540
	13446 17532   500  1190   540
	13450 17527   500  1190   540
	13454 17513   504  1190   540
	13458 17497   504  1190   540
	13461 17479   504  1190   540
	13462 17462   504  1190   540
	13467 17436   507  1190   540
	13469 17419   507  1190   540
	13466 17400   507  1190   540
	13469 17381   507  1190   540
	13470 17355   507  1190   540
	13475 17334   507  1170   550
	13480 17308   507  1170   550
	13481 17291   507  1170   550
	13485 17288   507  1170   550
	13489 17273   507  1170   550
	13498 17259   507  1170   550
	13507 17253   507  1170   550
	13517 17241   510  1170   550
	13523 17239   507  1170   550
	13533 17237   507  1170   550
	13544 17238   510  1170   550
	13554 17241   510  1170   550
	13567 17242   510  1170   550
	13579 17255   510  1170   550
	13590 17258   510  1170   560
	13606 17272   513  1170   560
	13620 17285   513  1180   560
	13633 17304   513  1170   560
	13648 17322   513  1170   560
	13663 17340   513  1170   560
	13682 17366   513  1170   560
	13696 17386   513  1170   560
	13711 17413   513  1170   560
	13725 17433   513  1180   560
	13738 17452   510  1180   560
	13751 17477   513  1180   560
	13761 17493   513  1180   560
	13770 17499   513  1190   560
	13777 17514   513  1190   560
	13786 17525   513  1190   560
	13790 17528   513  1190   560
	13792 17530   513  1190   560
	13792 17530   513  1190   560
	13793 17532   513  1190   560
	13793 17541   519  1190   560
	13794 17531   519  1190   560
	13793 17532   522  1190   560
	13793 17532   525  1190   560
	13794 17532   525  1210   560
	13793 17541   528  1210   560
	13794 17531   525  1200   550
	13794 17541   531  1200   550
	13792 17532   531  1200   550
	13793 17531   531  1200   550
	13794 17531   539  1200   550
	13790 17531   542  1200   550
	13792 17529   552  1200   550
	13790 17530   557  1200   550
	13792 17529   562  1200   550
	13789 17528   565  1200   550
	13790 17527   572  1200   550
	13791 17527   574  1200   550
	13789 17527   577  1200   550
	13789 17526   579  1200   550
	13785 17525   581  1200   550
	13790 17526   579  1200   550
	13788 17525   581  1200   550
	13788 17516   581  1200   550
	13788 17516   581  1200   550
	13788 17525   581  1200   550
	13788 17516   581  1200   550
	13788 17516   581  1200   550
	13790 17525   581  1200   550
	13786 17516   584  1200   550
	13788 17516   584  1200   550
	13788 17516   581  1200   550
	13789 17516   581  1200   550
	13790 17516   584  1200   550
	13786 17525   584  1200   550
	13788 17516   581  1200   550
	13788 17516   584  1200   550
	13788 17516   584  1200   550
	13789 17525   584  1200   550
	13788 17516   581  1200   550
	13790 17525   581  1200   550
	13790 17516   581  1200   550
	13790 17516   581  1200   550
	13791 17516   581  1200   550
	13789 17516   581  1200   550
	13789 17525   581  1200   550
	13790 17516   581  1200   550
	13791 17516   581  1200   550
	13788 17516   584  1200   550
	13788 17525   584  1200   550
	13790 17525   584  1210   560
	13788 17516   584  1210   560
	13789 17516   584  1210   560
	13789 17516   584  1210   560
	13789 17525   584  1210   560
	13788 17516   584  1210   560
	13790 17516   584  1210   560
	13790 17516   584  1210   560
	13788 17525   584  1210   560
	13791 17516   584  1210   560
	13791 17515   584  1210   560
	13789 17525   584  1210   560
	13791 17516   584  1210   560
	13789 17516   584  1210   560
	13788 17525   584  1210   560
	13790 17515   584  1210   560
	13790 17516   586  1210   560
	13788 17525   584  1210   560
	13789 17516   584  1210   560
	13789 17525   584  1210   560
	13787 17516   586  1210   560
	13791 17516   586  1210   560
	13789 17516   586  1210   560
	13788 17515   584  1210   560
	13789 17516   584  1210   560
	13791 17516   586  1210   560
	13789 17525   586  1210   560
	13790 17515   584  1210   560
	13791 17525   584  1210   560
	13790 17525   584  1210   560
	13791 17525   584  1210   560
	13790 17525   586  1210   560
	13790 17516   586  1210   560
	13791 17516   586  1210   560
	13792 17516   584  1210   560
	13789 17516   584  1210   560
	13790 17516   586  1210   560
	13789 17516   586  1210   560
	13790 17516   586  1210   560
	13789 17516   586  1210   560
	13789 17516   586  1210   560
	13790 17525   586  1210   560
	13789 17516   584  1210   560
	13790 17516   586  1210   560
	13791 17525   586  1210   560
	13790 17525   586  1210   560
	13791 17525   586  1210   560
	13790 17516   584  1210   560
	13788 17516   584  1210   560
	13789 17516   586  1210   560
	13790 17516   586  1210   560
	13789 17525   586  1210   560
	13789 17525   586  1210   560
	13788 17516   586  1210   560
	13789 17525   586  1210   560
	13789 17515   586  1210   560
	13789 17526   586  1210   560
	13788 17516   586  1210   560
	13788 17525   586  1210   560
	13789 17525   586  1210   560
	13790 17516   586  1210   560
	13789 17516   586  1210   560
	13789 17525   586  1210   560
	13790 17525   586  1210   560
	13791 17525   586  1210   560
	13790 17525   586  1210   560
	13791 17525   586  1210   560
	13791 17525   586  1210   560
	13789 17525   586  1210   560
	13789 17525   588  1210   560
	13789 17525   588  1210   560
	13788 17525   588  1210   560
	13787 17516   586  1210   560
	13787 17515   588  1210   560
	13784 17516   586  1210   560
	13789 17514   586  1210   560
	13788 17514   584  1210   560
	13787 17514   584  1210   560
	13786 17512   584  1210   560
	13784 17509   584  1210   560
	13781 17497   581  1210   560
	13777 17481   581  1210   560
	13773 17468   581  1210   560
	13770 17450   581  1210   560
	13767 17435   581  1210   560
	13760 17417   581  1210   560
	13759 17400   581  1210   560
	13752 17372   581  1210   560
	13750 17356   581  1210   560
	13747 17339   581  1210   560
	13742 17317   581  1210   560
	13739 17301   581  1210   560
	13743 17285   581  1210   560
	13743 17259   581  1210   560
	13743 17241   581  1210   560
	13741 17225   581  1210   560
	13743 17209   581  1190   560
	13751 17195   581  1190   560
	13758 17180   581  1190   560
	13765 17175   581  1190   560
	13773 17173   581  1190   560
	13780 17164   581  1190   560
	13787 17164   581  1190   560
	13800 17164   579  1190   560
	13813 17173   579  1190   560
	13828 17174   579  1190   560
	13848 17178   581  1190   560
	13869 17192   581  1190   560
	13890 17208   581  1190   560
	13913 17226   581  1180   570
	13938 17258   579  1180   570
	13966 17291   579  1190   580
	13994 17336   579  1190   580
	14027 17372   577  1190   580
	14059 17417   577  1190   580
	14090 17464   574  1190   580
	14125 17513   570  1190   580
	14156 17562   574  1190   580
	14188 17609   574  1200   570
	14216 17655   574  1200   570
	14236 17692   572  1200   570
	14256 17738   572  1200   570
	14272 17772   572  1200   570
	14286 17804   570  1200   570
	14295 17845   572  1200   570
	14303 17866   574  1200   570
	14309 17883   574  1190   560
	14312 17899   577  1210   560
	14312 17913   579  1210   560
	14311 17928   579  1210   560
	14311 17929   581  1210   560
	14311 17930   584  1200   550
	14307 17930   584  1200   550
	14304 17931   584  1200   550
	14299 17930   581  1210   550
	14292 17929   581  1210   550
	14288 17927   581  1210   550
	14279 17925   579  1210   550
	14268 17899   572  1210   550
	14257 17881   572  1210   550
	14243 17864   570  1210   550
	14231 17835   570  1210   550
	14218 17813   565  1210   550
	14202 17781   562  1210   550
	14189 17739   562  1210   550
	14173 17703   560  1210   550
	14161 17658   555  1210   550
	14149 17621   555  1210   550
	14141 17577   555  1210   550
	14134 17542   555  1210   550
	14128 17500   552  1210   550
	14126 17480   552  1210   550
	14122 17449   550  1210   550
	14123 17420   550  1200   550
	14129 17397   555  1200   550
	14130 17365   552  1200   550
	14137 17340   544  1200   550
	14143 17333   544  1190   540
	14158 17320   542  1170   550
	14174 17305   552  1170   550
	14193 17302   555  1180   560
	14207 17290   550  1180   560
	14225 17291   555  1180   560
	14243 17301   555  1180   560
	14268 17305   552  1170   560
	14295 17333   552  1170   560
	14327 17352   552  1170   560
	14357 17382   544  1170   560
	14391 17416   542  1170   560
	14427 17449   539  1170   560
	14462 17495   536  1170   560
	14498 17542   528  1180   570
	14536 17590   522  1180   570
	14572 17639   522  1180   570
	14606 17688   513  1180   570
	14635 17739   510  1190   560
	14660 17797   510  1190   560
	14682 17848   510  1200   570
	14701 17896   510  1200   570
	14716 17932   510  1200   570
	14726 17964   507  1220   570
	14731 17992   510  1220   570
	14735 18009   510  1220   570
	14736 18025   510  1220   570
	14735 18039   513  1230   560
	14731 18044   519  1230   560
	14730 18055   525  1230   560
	14724 18057   531  1230   560
	14719 18056   531  1250   560
	14714 18056   531  1250   560
	14706 18056   528  1250   560
	14698 18044   522  1250   560
	14688 18038   519  1250   560
	14683 18024   519  1250   560
	14673 18007   513  1250   560
	14662 17978   513  1250   560
	14648 17959   513  1250   560
	14639 17926   513  1250   560
	14630 17884   510  1250   560
	14617 17846   510  1250   560
	14609 17800   510  1250   560
	14598 17752   510  1250   560
	14588 17704   510  1250   560
	14578 17654   513  1250   560
	14567 17606   510  1230   560
	14553 17558   510  1230   560
	14544 17509   510  1230   560
	14538 17461   513  1230   560
	14529 17403   510  1230   560
	14523 17352   513  1220   570
	14519 17291   513  1220   570
	14511 17237   513  1220   570
	14503 17191   519  1200   570
	14488 17142   519  1200   570
	14479 17095   522  1200   570
	14465 17051   522  1190   560
	14453 17013   522  1190   560
	14439 16968   525  1180   570
	14423 16933   528  1180   570
	14407 16901   531  1180   570
	14392 16869   531  1160   570
	14377 16838   528  1160   570
	14366 16811   528  1160   570
	14356 16796   531  1160   570
	14348 16791   536  1160   570
	14344 16780   531  1150   580
	14338 16780   531  1150   580
	14335 16779   531  1150   580
	14332 16793   531  1150   580
	14331 16806   525  1150   580
	14330 16825   528  1150   580
	14334 16844   531  1130   580
	14341 16885   531  1130   580
	14354 16919   528  1130   580
	14377 16967   525  1130   580
	14396 17013   528  1150   580
	14421 17051   522  1150   580
	14446 17098   519  1150   580
	14474 17146   519  1150   580
	14505 17194   510  1150   580
	14537 17242   507  1150   580
	14571 17289   507  1160   570
	14602 17333   507  1160   570
	14637 17369   507  1160   570
	14668 17402   507  1160   570
	14698 17435   507  1180   570
	14729 17467   507  1180   570
	14752 17497   507  1190   580
	14770 17516   507  1190   580
	14787 17542   510  1200   570
	14799 17558   510  1200   570
	14808 17573   519  1200   570
	14815 17580   525  1200   570
	14823 17593   531  1200   570
	14827 17596   542  1200   570
	14830 17608   555  1200   570
	14831 17609   565  1200   570
	14834 17610   574  1200   570
	14834 17610   581  1210   580
	14831 17610   584  1210   580
	14834 17609   588  1210   580
	14833 17610   588  1210   580
	14832 17608   590  1210   580
	14832 17608   592  1210   580
	14830 17607   592  1200   570
	14828 17596   592  1200   570
	14824 17596   592  1200   570
	14820 17590   592  1220   570
	14817 17578   592  1220   570
	14813 17563   592  1220   570
	14805 17546   595  1220   570
	14801 17530   592  1200   570
	14796 17510   595  1210   580
	14790 17482   595  1210   580
	14791 17450   595  1210   580
	14784 17431   595  1210   580
	14781 17399   595  1210   580
	14777 17370   597  1210   580
	14773 17350   597  1210   580
	14777 17321   597  1210   580
	14781 17304   597  1210   580
	14781 17286   597  1210   580
	14785 17272   597  1210   580
	14792 17269   595  1200   580
	14797 17258   592  1200   580
	14805 17255   592  1200   580
	14820 17255   590  1200   580
	14833 17256   588  1210   580
	14853 17259   588  1210   580
	14875 17274   586  1200   580
	14894 17292   586  1200   580
	14913 17318   586  1200   580
	14934 17339   586  1200   580
	14955 17369   586  1200   580
	14974 17400   586  1200   580
	14989 17418   586  1200   580
	15003 17436   586  1200   580
	15013 17461   586  1210   580
	15022 17480   586  1230   590
	15034 17496   586  1230   590
	15042 17512   588  1230   590
	15052 17526   586  1230   590
	15058 17541   586  1230   590
	15066 17546   586  1230   590
	15073 17557   588  1230   590
	15076 17560   588  1230   590
	15077 17560   588  1230   590
	15078 17562   590  1230   590
	15078 17561   592  1230   590
	15077 17561   595  1230   590
	15076 17561   597  1240   600
	15075 17560   599  1240   600
	15074 17558   599  1240   600
	15073 17557   599  1240   600
	15071 17548   599  1240   600
	15072 17546   599  1250   590
	15066 17542   599  1240   580
	15066 17531   599  1240   580
	15061 17527   599  1230   590
	15057 17513   599  1230   590
	15052 17498   599  1230   590
	15051 17482   599  1240   600
	15047 17477   599  1240   600
	15042 17452   601  1240   600
	15042 17436   601  1240   600
	15041 17430   603  1240   600
	15044 17415   603  1240   600
	15046 17398   603  1240   600
	15048 17385   603  1240   600
	15055 17382   601  1240   600
	15061 17372   601  1240   600
	15069 17370   599  1240   600
	15082 17369   597  1240   600
	15092 17369   595  1220   600
	15103 17369   595  1220   600
	15122 17371   597  1220   600
	15137 17384   597  1220   600
	15155 17388   597  1220   600
	15170 17403   597  1220   600
	15183 17416   595  1220   600
	15195 17432   597  1220   600
	15205 17448   597  1210   590
	15217 17464   597  1210   590
	15226 17482   597  1210   590
	15242 17500   597  1210   590
	15250 17526   595  1210   590
	15258 17542   595  1200   580
	15266 17560   595  1200   580
	15274 17575   597  1200   580
	15281 17579   595  1200   580
	15288 17594   595  1200   580
	15290 17605   595  1190   580
	15293 17607   597  1190   580
	15293 17607   599  1190   580
	15293 17606   603  1180   570
	15292 17606   605  1180   570
	15291 17607   609  1180   570
	15290 17605   611  1180   570
	15291 17606   613  1190   580
	15287 17605   615  1200   570
	15290 17605   615  1200   570
	15290 17605   617  1200   570
	15288 17605   617  1200   570
	15289 17605   617  1200   570
	15288 17605   615  1200   570
	15290 17596   615  1200   570
	15290 17605   617  1200   570
	15288 17605   617  1200   570
	15288 17596   617  1200   570
	15288 17596   619  1200   570
	15289 17596   621  1200   570
	15288 17605   623  1200   570
	15288 17596   625  1200   570
	15288 17596   627  1200   570
	15288 17596   627  1200   570
	15284 17596   627  1200   570
	15288 17596   627  1200   570
	15286 17595   629  1200   570
	15286 17596   629  1200   570
	15286 17596   629  1200   570
	15288 17596   629  1200   570
	15288 17596   629  1200   570
	15288 17605   629  1200   570
	15287 17595   629  1200   570
	15286 17596   629  1200   570
	15288 17596   629  1200   570
	15288 17596   629  1200   570
	15288 17596   629  1200   570
	15288 17595   629  1200   570
	15288 17596   630  1200   570
	15287 17596   632  1200   570
	15287 17595   632  1200   570
	15286 17596   634  1200   570
	15284 17595   638  1200   570
	15288 17596   638  1200   570
	15285 17595   638  1200   570
	15284 17596   638  1200   570
	15288 17595   638  1200   570
	15288 17595   639  1200   570
	15288 17595   641  1200   570
	15288 17595   645  1200   570
	15287 17594   643  1200   570
	15288 17595   646  1200   570
	15288 17595   648  1200   570
	15288 17595   650  1200   570
	15287 17595   655  1200   570
	15288 17595   655  1200   570
	15290 17595   660  1200   570
	15290 17595   663  1200   570
	15288 17596   666  1200   570
	15288 17595   666  1200   570
	15288 17595   672  1200   570
	15288 17595   677  1200   570
	15289 17595   681  1200   570
	15293 17595   686  1200   570
	15289 17595   689  1200   570
	15290 17594   694  1200   570
	15292 17596   702  1200   570
	15292 17595   708  1200   570
	15290 17595   743  1200   570
	15290 17595   749  1200   570
	15294 17596   754  1210   580
	15293 17595   760  1210   580
	15290 17595   768  1210   580
	15290 17596   784  1210   580
	15293 17596   791  1210   580
	15293 17605   792  1210   580
	15293 17596   794  1210   580
	15292 17596   796  1210   580
	15294 17596   797  1210   580
	15294 17596   799  1230   580
	15294 17605   800  1230   580
	15294 17606   801  1230   580
	15294 17606   801  1230   580
	15294 17596   802  1230   580
	15294 17605   803  1230   580
	15292 17596   804  1230   580
	15294 17596   805  1230   580
	15293 17595   806  1230   580
	15291 17595   806  1230   580
	15291 17595   807  1230   580
	15291 17594   807  1230   580
	15290 17595   808  1230   580
	15290 17595   807  1230   580
	15290 17595   809  1240   580
	15290 17593   809  1240   580
	15290 17594   809  1240   580
	15290 17594   809  1240   580
	15288 17593   809  1240   580
	15290 17594   809  1240   580
	15286 17593   809  1240   580
	15288 17593   809  1260   580
	15287 17593   809  1260   580
	15290 17593   809  1260   580
	15291 17593   809  1260   580
	15288 17593   809  1260   580
	15287 17593   809  1260   580
	15288 17593   809  1260   580
	15290 17593   809  1260   580
	15285 17593   809  1260   580
	15288 17592   809  1270   570
	15285 17592   809  1270   570
	15288 17592   809  1270   570
	15286 17593   809  1280   580
	15287 17593   809  1280   580
	15285 17592   809  1280   580
	15288 17592   808  1280   580
	15286 17593   808  1300   580
	15285 17593   807  1300   580
	15285 17592   807  1300   580
	15285 17594   807  1300   580
	15284 17594   806  1300   580
	15285 17594   806  1300   580
	15287 17594   806  1310   570
	15287 17593   806  1310   570
	15285 17594   806  1310   570
	15285 17594   806  1310   570
	15287 17593   806  1310   570
	15287 17594   806  1310   570
	15287 17594   806  1310   570
	15287 17593   806  1310   570
	15285 17594   806  1310   570
	15285 17593   806  1310   570
	15285 17593   805  1310   570
	15284 17594   805  1310   570
	15285 17593   804  1320   570
	15285 17593   803  1320   570
	15285 17594   801  1320   570
	15284 17594   801  1320   570
	15284 17594   801  1320   570
	15284 17594   801  1320   570
	15284 17593   801  1320   570
	15283 17594   801  1320   570
	15283 17593   801  1320   570
	15285 17593   800  1320   570
	15284 17593   800  1320   570
	15284 17593   800  1320   570
	15284 17593   799  1320   570
	15283 17593   800  1320   570
	15284 17594   800  1320   570
	15285 17594   799  1320   570
	15283 17594   799  1320   570
	15286 17594   799  1320   570
	15285 17593   799  1320   570
	15284 17594   799  1320   570
	15284 17593   799  1320   570
	15282 17593   797  1320   570
	15282 17593   797  1320   570
	15282 17593   796  1320   570
	15281 17592   796  1320   570
	15282 17592   795  1320   570
	15282 17593   794  1320   570
	15282 17593   794  1320   570
	15279 17592   794  1320   570
	15282 17593   793  1320   570
	15284 17593   792  1320   570
	15282 17593   792  1320   570
	15282 17592   793  1340   560
	15284 17593   792  1340   560
	15282 17593   792  1340   560
	15281 17594   792  1340   560
	15281 17593   792  1340   560
	15282 17592   792  1340   560
	15282 17592   792  1340   560
	15282 17593   792  1340   560
	15282 17593   792  1340   560
	15284 17593   792  1340   560
	15281 17593   792  1340   560
	15282 17593   792  1340   560
	15281 17592   792  1340   560
	15282 17593   792  1340   560
	15281 17593   791  1340   560
	15284 17593   791  1340   560
	15284 17593   791  1340   560
	15279 17593   791  1340   560
	15282 17593   791  1340   560
	15281 17593   791  1340   560
	15281 17593   790  1340   560
	15282 17593   790  1340   560
	15284 17592   790  1340   560
	15279 17593   790  1340   560
	15281 17592   790  1340   560
	15284 17594   790  1340   560
	15282 17593   790  1340   560
	15282 17592   788  1340   560
	15281 17593   784  1340   560
	15282 17592   782  1340   560
	15281 17593   780  1340   560
	15281 17593   777  1340   560
	15282 17593   772  1340   560
	15281 17594   768  1340   560
	15281 17592   764  1340   560
	15281 17593   762  1340   560
	15282 17593   762  1340   560
	15282 17592   761  1340   560
	15279 17591   760  1340   560
	15279 17592   760  1340   560
	15281 17593   760  1340   560
	15279 17593   759  1340   560
	15279 17592   757  1340   560
	15279 17592   756  1340   560
	15277 17591   755  1340   560
	15277 17591   753  1340   560
	15276 17592   753  1340   560
	15276 17592   750  1340   560
	15275 17591   749  1340   560
	15276 17590   746  1340   560
	15277 17590   743  1340   560
	15276 17591   742  1340   560
	15276 17589   708  1340   560
	15276 17589   705  1340   560
	15273 17589   702  1340   560
	15273 17580   698  1340   560
	15273 17578   698  1340   560
	15273 17577   694  1340   560
	15270 17564   694  1340   560
	15266 17559   694  1340   560
	15259 17546   694  1340   560
	15253 17532   691  1340   560
	15247 17529   690  1340   560
	15236 17515   687  1340   560
	15226 17500   683  1340   560
	15213 17484   681  1340   560
	15203 17466   680  1340   560
	15194 17450   677  1340   560
	15176 17433   675  1350   570
	15165 17417   674  1340   570
	15147 17399   671  1340   570
	15130 17383   671  1340   570
	15111 17367   666  1340   570
	15088 17351   663  1350   580
	15065 17337   658  1350   580
	15043 17320   658  1350   580
	15018 17304   658  1350   580
	14993 17286   660  1350   580
	14966 17271   660  1350   580
	14935 17253   655  1360   580
	14902 17237   656  1360   580
	14866 17212   655  1360   580
	14828 17196   653  1360   580
	14783 17180   651  1360   580
	14739 17163   650  1360   580
	14692 17145   650  1360   580
	14640 17127   650  1360   580
	14591 17109   653  1360   580
	14544 17095   655  1350   580
	14491 17079   653  1350   580
	14443 17063   651  1350   580
	14391 17048   656  1350   580
	14342 17036   658  1350   580
	14293 17033   655  1350   580
	14243 17029   655  1340   570
	14186 17020   655  1340   570
	14124 17019   655  1340   570
	14058 17018   655  1340   570
	13990 17017   650  1340   570
	13921 17015   655  1340   570
	13851 17015   651  1340   570
	13777 17013   643  1340   570
	13704 17003   646  1340   570
	13626 17002   646  1340   570
	13552 17001   646  1340   570
	13479 16999   643  1340   570
	13410 16999   646  1340   570
	13346 17001   643  1320   570
	13281 17003   643  1320   570
	13218 17015   648  1320   570
	13158 17029   643  1320   570
	13086 17036   641  1320   570
	13022 17051   650  1320   570
	12967 17068   648  1320   570
	12914 17083   648  1320   570
	12869 17112   650  1320   570
	12828 17129   650  1320   570
	12794 17146   653  1310   560
	12766 17174   655  1310   560
	12741 17191   655  1310   560
	12724 17206   668  1310   560
	12712 17221   666  1310   560
	12698 17239   663  1310   560
	12688 17255   666  1310   560
	12681 17270   666  1310   560
	12678 17286   666  1310   560
	12675 17290   669  1310   560
	12674 17292   671  1310   560
	12669 17302   671  1310   560
	12667 17303   674  1320   550
	12666 17302   672  1320   550
	12667 17302   674  1320   550
	12669 17302   674  1320   550
	12666 17302   674  1320   550
	12667 17301   671  1320   550
	12667 17301   671  1320   550
	12669 17292   671  1310   550
	12671 17292   671  1310   550
	12673 17291   671  1310   550
	12673 17291   671  1310   550
	12673 17289   669  1310   550
	12673 17291   671  1310   550
	12676 17291   669  1310   550
	12676 17291   671  1310   550
	12675 17291   668  1310   550
	12680 17291   666  1310   550
	12680 17291   666  1310   550
	12682 17291   666  1310   550
	12688 17291   664  1310   550
	12689 17291   663  1310   550
	12697 17291   663  1310   550
	12707 17292   663  1310   550
	12719 17301   663  1310   550
	12730 17292   663  1300   550
	12743 17292   663  1300   550
	12750 17292   663  1300   550
	12764 17291   663  1300   550
	12782 17292   663  1300   550
	12805 17292   663  1300   550
	12829 17292   661  1300   550
	12858 17302   660  1300   550
	12887 17302   661  1300   550
	12919 17302   661  1310   560
	12954 17303   661  1310   560
	12992 17306   660  1310   560
	13035 17305   660  1310   560
	13077 17305   658  1310   560
	13119 17305   658  1310   560
	13166 17305   658  1310   560
	13202 17302   658  1310   560
	13239 17290   660  1310   560
	13273 17288   658  1310   560
	13308 17287   660  1310   560
	13346 17275   660  1310   560
	13384 17274   661  1310   560
	13428 17273   661  1310   560
	13473 17275   658  1310   560
	13522 17275   661  1310   560
	13566 17276   661  1310   560
	13615 17285   661  1310   560
	13660 17286   660  1310   560
	13703 17287   660  1310   560
	13741 17288   658  1310   560
	13782 17290   661  1310   560
	13823 17290   660  1310   560
	13858 17292   658  1320   570
	13893 17302   658  1320   570
	13923 17303   658  1320   570
	13962 17301   660  1320   570
	13991 17303   658  1340   570
	14023 17305   658  1340   570
	14060 17304   658  1340   570
	14093 17306   658  1340   570
	14130 17307   658  1340   570
	14172 17317   658  1340   570
	14212 17317   660  1340   570
	14247 17319   658  1320   580
	14291 17320   660  1320   580
	14323 17323   661  1320   580
	14353 17324   660  1320   580
	14380 17324   661  1320   580
	14406 17333   660  1320   580
	14430 17333   661  1320   580
	14452 17334   660  1310   570
	14465 17333   663  1310   570
	14483 17333   663  1310   570
	14501 17335   664  1310   570
	14514 17335   664  1310   570
	14524 17333   664  1310   570
	14536 17335   663  1310   570
	14540 17333   663  1310   570
	14547 17333   663  1310   570
	14548 17335   663  1310   570
	14551 17333   663  1310   570
	14550 17334   663  1310   570
	14550 17334   664  1310   570
	14549 17324   666  1310   570
	14550 17324   664  1310   570
	14549 17324   666  1310   570
	14549 17324   666  1310   570
	14550 17333   666  1310   570
	14550 17333   664  1310   570
	14550 17324   664  1310   570
	14551 17334   664  1310   570
	14552 17333   664  1310   570
	14551 17333   666  1310   570
	14551 17333   664  1310   570
	14552 17324   664  1310   570
	14554 17334   666  1310   570
	14558 17334   666  1310   570
	14556 17333   666  1310   570
	14557 17333   666  1310   570
	14554 17333   668  1310   570
	14558 17333   668  1310   570
	14555 17324   668  1310   570
	14557 17324   669  1310   570
	14556 17334   669  1310   570
	14556 17324   668  1310   570
	14556 17333   668  1310   570
	14556 17333   668  1310   570
	14559 17324   666  1310   570
	14558 17324   668  1310   570
	14558 17324   666  1310   570
	14558 17333   668  1310   570
	14557 17324   668  1310   570
	14558 17324   668  1310   570
	14560 17333   668  1310   570
	14560 17333   666  1310   570
	14559 17333   666  1310   570
	14562 17335   666  1310   570
	14560 17334   668  1310   570
	14560 17333   668  1310   570
	14560 17333   669  1310   570
	14559 17334   668  1310   570
	14559 17334   668  1310   570
	14560 17334   668  1310   570
	14560 17335   668  1310   570
	14562 17335   668  1310   570
	14563 17334   668  1310   570
	14560 17324   669  1310   570
	14565 17333   671  1310   570
	14561 17333   668  1310   570
	14564 17335   668  1310   570
	14563 17334   669  1310   570
	14564 17333   668  1310   570
	14567 17334   669  1310   570
	14566 17324   671  1310   570
	14566 17324   668  1310   570
	14567 17324   668  1310   570
	14567 17334   671  1310   570
	14567 17334   671  1310   570
	14567 17334   671  1310   570
	14565 17333   671  1310   570
	14567 17324   671  1310   570
	14565 17333   671  1310   570
	14568 17333   671  1310   570
	14567 17335   671  1310   570
	14567 17334   671  1310   570
	14568 17335   671  1310   570
	14568 17334   671  1310   570
	14569 17333   671  1310   570
	14569 17334   671  1310   570
	14569 17335   671  1310   570
	14569 17335   671  1310   570
	14569 17335   671  1310   570
	14573 17333   671  1310   570
	14571 17334   671  1310   570
	14574 17333   671  1310   570
	14574 17333   671  1310   570
	14576 17334   671  1310   570
	14572 17333   671  1310   570
	14573 17333   671  1310   570
	14575 17333   671  1320   580
	14573 17333   671  1320   580
	14576 17333   671  1320   580
	14576 17333   671  1320   580
	14576 17333   671  1320   580
	14576 17333   671  1320   580
	14577 17333   672  1320   580
	14576 17333   671  1320   580
	14577 17333   672  1320   580
	14577 17333   671  1320   580
	14579 17334   672  1320   580
	14577 17333   672  1320   580
	14579 17333   671  1320   580
	14577 17333   672  1320   580
	14579 17334   671  1320   580
	14579 17334   672  1320   580
	14579 17333   672  1310   570
	14580 17333   672  1310   570
	14578 17334   672  1310   570
	14578 17334   672  1310   570
	14578 17334   671  1310   570
	14578 17333   671  1310   570
	14578 17335   671  1310   570
	14581 17333   672  1310   570
	14580 17324   671  1310   570
	14579 17335   672  1310   570
	14580 17324   674  1310   570
	14578 17334   671  1310   570
	14580 17335   671  1310   570
	14579 17335   672  1310   570
	14578 17333   672  1310   570
	14580 17334   671  1310   570
	14578 17324   672  1310   570
	14581 17335   672  1310   570
	14578 17335   671  1310   570
	14579 17333   672  1310   570
	14580 17334   672  1310   570
	14579 17333   671  1310   570
	14578 17324   672  1310   570
	14578 17334   672  1310   570
	14580 17324   672  1310   570
	14578 17334   674  1310   570
	14580 17333   674  1310   570
	14578 17333   674  1310   570
	14579 17333   674  1310   570
	14580 17333   672  1310   570
	14578 17333   674  1310   570
	14578 17333   672  1310   570
	14579 17333   671  1310   570
	14582 17333   671  1310   570
	14579 17333   671  1310   570
	14578 17334   672  1310   570
	14581 17334   672  1310   570
	14582 17333   671  1310   570
	14582 17324   672  1310   570
	14579 17333   674  1310   570
	14579 17334   674  1310   570
	14579 17333   672  1310   570
	14581 17333   672  1310   570
	14581 17334   674  1310   570
	14580 17324   674  1310   570
	14583 17333   674  1310   570
	14582 17333   671  1310   570
	14582 17333   671  1310   570
	14579 17324   671  1310   570
	14581 17333   672  1310   570
	14582 17333   672  1310   570
	14582 17333   671  1310   570
	14581 17333   672  1310   570
	14581 17333   671  1310   570
	14580 17333   671  1310   570
	14580 17334   671  1310   570
	14582 17324   671  1310   570
	14581 17333   671  1310   570
	14582 17333   672  1310   570
	14584 17333   671  1310   570
	14581 17324   672  1310   570
	14581 17333   671  1310   570
	14581 17333   671  1310   570
	14581 17334   672  1310   570
	14581 17334   672  1310   570
	14584 17333   672  1310   570
	14586 17334   672  1310   570
	14583 17333   671  1310   570
	14582 17324   671  1310   570
	14584 17334   672  1310   570
	14582 17333   672  1310   570
	14582 17333   671  1310   570
	14583 17334   672  1310   570
	14583 17324   672  1310   570
	14584 17333   671  1310   570
	14582 17334   672  1310   570
	14580 17333   671  1310   570
	14582 17333   671  1310   570
	14581 17324   671  1310   570
	14580 17333   671  1310   570
	14581 17333   672  1310   570
	14584 17324   671  1310   570
	14582 17333   672  1310   570
	14582 17333   672  1310   570
	14584 17324   671  1310   570
	14582 17324   672  1310   570
	14585 17333   671  1310   570
	14582 17333   671  1310   570
	14582 17333   672  1310   570
	14584 17333   671  1310   570
	14581 17333   671  1310   570
	14584 17333   671  1310   570
	14584 17333   672  1310   570
	14582 17324   671  1310   570
	14582 17324   672  1310   570
	14580 17333   671  1310   570
	14583 17324   672  1310   570
	14584 17333   672  1310   570
	14582 17333   672  1310   570
	14583 17333   671  1310   570
	14584 17333   671  1310   570
	14581 17324   672  1310   570
	14584 17324   672  1310   570
	14582 17333   671  1310   570
	14583 17333   671  1310   570
	14584 17334   672  1310   570
	14583 17324   672  1310   570
	14586 17333   672  1310   570
	14583 17333   672  1310   570
	14585 17333   672  1310   570
	14583 17324   671  1310   570
	14585 17333   671  1310   570
	14584 17333   671  1310   570
	14584 17333   671  1310   570
	14581 17333   672  1310   570
	14584 17333   672  1310   570
	14584 17334   672  1310   570
	14584 17334   671  1310   570
	14584 17333   671  1310   570
	14586 17324   671  1310   570
	14587 17324   671  1310   570
	14588 17333   671  1310   570
	14588 17333   671  1310   570
	14590 17333   671  1310   570
	14591 17333   669  1310   570
	14594 17334   671  1310   570
	14599 17333   668  1310   570
	14604 17336   669  1310   570
	14607 17337   668  1310   570
	14617 17338   671  1310   570
	14624 17349   668  1320   580
	14636 17353   668  1320   580
	14652 17356   668  1320   580
	14666 17366   668  1320   580
	14681 17368   669  1320   580
	14702 17371   671  1320   580
	14720 17383   671  1320   580
	14741 17386   671  1320   580
	14763 17398   669  1320   580
	14779 17402   668  1320   580
	14799 17415   668  1320   580
	14818 17420   668  1320   580
	14846 17435   666  1320   580
	14870 17450   668  1320   580
	14896 17463   666  1340   580
	14919 17478   666  1340   580
	14947 17494   666  1340   580
	14970 17510   669  1350   580
	14995 17526   671  1350   580
	15023 17544   671  1350   580
	15056 17563   675  1350   580
	15084 17589   675  1350   580
	15123 17610   674  1350   580
	15154 17640   674  1350   580
	15190 17659   675  1350   580
	15222 17688   675  1350   580
	15261 17722   675  1350   580
	15293 17756   675  1350   580
	15324 17788   677  1350   580
	15349 17818   677  1350   580
	15379 17852   677  1350   580
	15405 17894   677  1350   580
	15429 17925   677  1350   580
	15452 17948   678  1350   580
	15474 17990   677  1350   580
	15496 18022   674  1350   580
	15516 18055   674  1350   580
	15532 18087   672  1360   570
	15546 18117   674  1360   570
	15558 18139   671  1350   570
	15564 18167   672  1360   570
	15567 18197   671  1360   570
	15574 18219   672  1360   570
	15575 18248   672  1380   570
	15572 18280   666  1380   570
	15571 18313   664  1380   570
	15565 18341   664  1380   570
	15558 18363   663  1390   560
	15549 18391   663  1390   560
	15544 18410   660  1390   560
	15534 18426   660  1400   550
	15526 18444   658  1400   550
	15518 18460   658  1400   550
	15508 18485   658  1410   550
	15499 18491   658  1410   550
	15486 18505   658  1410   550
	15467 18519   661  1410   550
	15452 18533   661  1410   550
	15432 18538   661  1420   540
	15410 18551   661  1420   540
	15388 18556   660  1420   540
	15366 18570   656  1420   540
	15335 18572   656  1420   540
	15309 18582   656  1410   530
	15282 18583   655  1410   530
	15255 18585   653  1410   530
	15226 18582   655  1410   530
	15199 18582   646  1410   530
	15167 18572   646  1410   530
	15135 18570   646  1410   530
	15103 18568   645  1410   530
	15075 18556   646  1410   530
	15048 18550   646  1410   530
	15019 18538   650  1410   530
	14991 18523   648  1420   530
	14960 18508   648  1420   530
	14932 18503   650  1420   530
	14905 18488   648  1420   530
	14877 18473   650  1410   530
	14855 18458   650  1410   530
	14827 18443   650  1410   530
	14802 18426   650  1420   540
	14774 18409   650  1420   540
	14758 18395   650  1420   540
	14737 18379   650  1410   530
	14718 18362   650  1410   530
	14692 18344   650  1410   530
	14670 18329   655  1410   530
	14651 18312   656  1410   530
	14623 18284   658  1410   530
	14601 18264   660  1390   540
	14580 18248   660  1390   540
	14558 18233   660  1390   540
	14541 18217   660  1390   540
	14526 18201   661  1370   540
	14508 18184   663  1370   540
	14494 18165   663  1370   540
	14478 18139   663  1360   540
	14464 18123   663  1360   540
	14452 18108   663  1350   540
	14439 18090   663  1350   540
	14428 18074   663  1350   540
	14418 18059   663  1340   550
	14412 18042   664  1340   550
	14402 18024   664  1340   550
	14392 18008   663  1340   550
	14386 17991   664  1340   550
	14378 17976   664  1330   540
	14368 17958   666  1330   540
	14361 17942   664  1330   540
	14350 17925   666  1330   540
	14346 17899   666  1310   550
	14336 17882   666  1310   550
	14328 17867   666  1310   550
	14324 17861   666  1310   550
	14319 17848   666  1310   550
	14310 17831   666  1310   550
	14302 17816   666  1310   550
	14292 17801   668  1310   550
	14291 17787   666  1310   550
	14283 17782   666  1310   550
	14277 17768   668  1300   550
	14270 17752   668  1300   550
	14267 17736   668  1290   550
	14260 17724   668  1290   550
	14256 17717   668  1290   550
	14248 17707   666  1290   550
	14247 17702   666  1290   550
	14244 17701   666  1290   550
	14242 17689   666  1290   550
	14240 17676   666  1290   550
	14236 17669   666  1290   550
	14231 17655   666  1290   550
	14232 17644   666  1290   550
	14231 17643   666  1290   550
	14229 17642   666  1290   550
	14231 17641   666  1290   550
	14227 17639   666  1290   550
	14226 17628   666  1290   550
	14224 17624   666  1290   550
	14224 17621   668  1290   550
	14222 17612   668  1290   550
	14220 17609   666  1290   550
	14222 17607   666  1290   550
	14220 17605   666  1290   550
	14219 17595   666  1290   550
	14217 17594   666  1290   550
	14219 17592   668  1290   550
	14216 17589   668  1290   550
	14213 17579   666  1290   550
	14213 17575   666  1290   550
	14213 17573   666  1290   550
	14210 17573   666  1290   550
	14208 17563   668  1290   550
	14210 17561   666  1290   550
	14207 17560   666  1290   550
	14207 17557   666  1290   550
	14207 17546   666  1290   550
	14200 17545   666  1290   550
	14204 17541   666  1290   550
	14195 17532   664  1290   550
	14193 17531   664  1290   550
	14189 17528   664  1290   550
	14189 17527   664  1290   550
	14189 17525   664  1290   550
	14186 17516   664  1290   550
	14186 17514   664  1290   550
	14188 17516   664  1290   550
	14184 17514   666  1290   550
	14183 17514   664  1290   550
	14183 17514   666  1290   550
	14184 17514   666  1290   550
	14183 17513   664  1290   550
	14183 17514   663  1280   540
	14184 17513   664  1280   540
	14184 17512   664  1280   540
	14184 17513   663  1280   540
	14184 17512   663  1280   540
	14184 17512   663  1280   540
	14186 17512   663  1280   540
	14184 17512   663  1280   540
	14184 17512   664  1260   540
	14184 17513   664  1260   540
	14184 17511   664  1260   540
	14184 17512   663  1260   540
	14183 17512   664  1260   540
	14184 17512   666  1260   540
	14188 17511   666  1260   540
	14184 17512   666  1260   540
	14183 17511   664  1260   540
	14184 17512   666  1260   540
	14183 17511   664  1260   540
	14184 17511   666  1260   540
	14184 17512   664  1260   540
	14184 17512   666  1260   540
	14184 17512   664  1260   540
	14184 17512   666  1260   540
	14183 17511   666  1260   540
	14184 17512   666  1260   540
	14184 17512   668  1260   540
	14184 17512   668  1260   540
	14184 17512   668  1260   540
	14184 17512   668  1260   540
	14184 17512   668  1260   540
	14184 17512   666  1260   540
	14184 17512   666  1260   540
	14184 17512   668  1260   540
	14184 17512   668  1260   540
	14184 17512   668  1260   540
	14186 17513   668  1260   540
	14184 17511   666  1260   540
	14184 17513   668  1260   540
	14184 17513   666  1260   540
	14183 17512   668  1260   540
	14184 17512   666  1260   540
	14184 17513   666  1260   540
	14185 17512   668  1260   540
	14184 17513   669  1260   540
	14184 17512   669  1260   540
	14186 17512   669  1260   540
	14186 17512   669  1260   540
	14184 17512   669  1260   540
	14184 17511   669  1260   540
	14184 17512   669  1260   540
	14184 17512   669  1260   540
	14184 17513   668  1260   540
	14185 17513   668  1270   550
	14185 17512   668  1270   550
	14185 17511   668  1270   550
	14186 17513   668  1270   550
	14184 17511   668  1270   550
	14186 17512   668  1270   550
	14183 17511   668  1270   550
	14184 17512   668  1270   550
	14184 17511   668  1270   550
	14188 17512   668  1270   550
	14184 17511   668  1270   550
	14184 17511   666  1270   550
	14184 17512   666  1270   550
	14184 17512   668  1270   550
	14183 17512   666  1270   550
	14184 17512   668  1270   550
	14184 17512   668  1260   540
	14188 17512   666  1260   540
	14184 17512   668  1260   540
	14184 17512   666  1260   540
	14184 17512   666  1260   540
	14184 17512   666  1260   540
	14185 17513   666  1260   540
	14186 17512   668  1260   540
	14184 17512   668  1260   540
	14188 17512   668  1260   540
	14184 17512   668  1260   540
	14184 17511   668  1260   540
	14183 17512   668  1260   540
	14188 17512   668  1260   540
	14184 17512   668  1260   540
	14188 17512   666  1260   540
	14184 17512   666  1260   540
	14186 17512   666  1260   540
	14186 17512   666  1260   540
	14183 17512   666  1260   540
	14184 17511   666  1260   540
	14185 17512   666  1260   540
	14185 17512   666  1260   540
	14185 17511   668  1260   540
	14184 17512   666  1260   540
	14186 17512   666  1260   540
	14185 17513   668  1260   540
	14184 17512   666  1260   540
	14185 17512   668  1260   540
	14186 17512   668  1260   540
	14184 17511   666  1260   540
	14184 17511   666  1260   540
	14183 17511   666  1260   540
	14184 17512   666  1260   540
	14180 17511   668  1260   540
	14184 17512   668  1260   540
	14184 17512   668  1260   540
	14188 17512   668  1260   540
	14183 17511   668  1260   540
	14184 17511   668  1260   540
	14183 17511   668  1260   540
	14184 17512   668  1260   540
	14183 17512   668  1260   540
	14183 17511   668  1260   540
	14183 17512   666  1260   540
	14186 17511   668  1260   540
	14184 17512   668  1260   540
	14183 17512   668  1260   540
	14184 17511   668  1260   540
	14183 17512   666  1260   540
	14183 17511   668  1260   540
	14183 17511   668  1260   540
	14184 17512   668  1260   540
	14188 17512   666  1260   540
	14184 17511   668  1260   540
	14184 17512   668  1260   540
	14184 17512   668  1260   540
	14186 17512   668  1260   540
	14183 17511   668  1260   540
	14183 17510   668  1260   540
	14184 17512   668  1260   540
	14184 17511   668  1260   540
	14183 17511   666  1260   540
	14184 17511   666  1260   540
	14183 17512   666  1260   540
	14183 17511   666  1260   540
	14184 17511   666  1260   540
	14183 17512   666  1260   540
	14184 17511   666  1260   540
	14184 17512   666  1260   540
	14186 17512   666  1260   540
	14183 17511   666  1260   540
	14183 17512   666  1260   540
	14186 17512   666  1260   540
	14183 17511   666  1260   540
	14183 17512   666  1260   540
	14183 17512   668  1280   540
	14183 17511   666  1280   540
	14184 17512   668  1280   540
	14183 17512   666  1280   540
	14184 17512   666  1280   540
	14184 17511   666  1280   540
	14183 17512   666  1280   540
	14183 17512   666  1280   540
	14184 17512   666  1280   540
	14183 17512   666  1280   540
	14180 17512   666  1280   540
	14184 17512   666  1280   540
	14180 17510   664  1280   540
	14186 17511   666  1280   540
	14183 17511   664  1280   540
	14183 17511   664  1280   540
	14180 17512   666  1280   540
	14183 17512   666  1280   540
	14184 17512   666  1280   540
	14184 17512   666  1280   540
	14183 17512   664  1280   540
	14183 17513   666  1280   540
	14184 17512   664  1280   540
	14183 17512   664  1280   540
	14184 17511   666  1280   540
	14183 17511   666  1280   540
	14184 17512   666  1280   540
	14180 17511   664  1280   540
	14184 17511   663  1280   540
	14183 17511   663  1280   540
	14183 17511   664  1280   540
	14180 17512   663  1280   540
	14183 17510   663  1280   540
	14184 17511   663  1280   540
	14183 17511   663  1280   540
	14183 17511   663  1280   540
	14183 17511   663  1280   540
	14183 17512   660  1280   540
	14183 17512   661  1280   540
	14180 17512   661  1280   540
	14183 17511   660  1280   540
	14183 17512   658  1280   540
	14180 17512   660  1280   540
	14183 17511   658  1280   540
	14180 17511   660  1280   540
	14183 17510   660  1280   540
	14183 17510   660  1280   540
	14180 17511   658  1280   540
	14183 17511   658  1280   540
	14183 17511   660  1280   540
	14183 17511   660  1280   540
	14180 17511   658  1280   540
	14180 17511   658  1280   540
	14183 17511   658  1280   540
	14180 17511   658  1280   540
	14180 17512   658  1280   540
	14183 17511   658  1280   540
	14184 17510   660  1280   540
	14183 17512   660  1280   540
	14183 17511   660  1280   540
	14180 17512   660  1280   540
	14185 17511   660  1280   540
	14180 17511   658  1280   540
	14183 17511   660  1280   540
	14180 17511   658  1280   540
	14183 17512   658  1280   540
	14180 17512   660  1280   540
	14183 17511   660  1280   540
	14183 17512   660  1280   540
	14180 17511   661  1280   540
	14180 17511   661  1280   540
	14183 17512   658  1280   540
	14180 17511   658  1280   540
	14183 17510   658  1280   540
	14180 17512   660  1280   540
	14183 17512   660  1280   540
	14180 17510   660  1280   540
	14183 17512   658  1280   540
	14183 17512   658  1280   540
	14180 17510   658  1280   540
	14183 17511   658  1280   540
	14180 17510   661  1280   540
	14180 17511   661  1280   540
	14180 17511   660  1280   540
	14180 17511   661  1280   540
	14183 17510   660  1280   540
	14180 17511   660  1280   540
	14180 17511   660  1280   540
	14183 17510   660  1280   540
	14184 17511   660  1280   540
	14180 17511   658  1280   540
	14183 17511   658  1280   540
	14183 17510   658  1280   540
	14184 17512   660  1280   540
	14180 17511   658  1280   540
	14180 17511   658  1280   540
	14180 17512   660  1280   540
	14180 17512   658  1280   540
	14180 17512   658  1280   540
	14180 17510   661  1280   540
	14180 17512   660  1280   540
	14180 17510   661  1280   540
	14180 17511   661  1280   540
	14180 17510   661  1280   540
	14180 17511   660  1280   540
	14183 17510   661  1280   540
	14183 17510   660  1280   540
	14180 17510   658  1280   540
	14180 17512   658  1280   540
	14183 17512   660  1280   540
	14179 17510   658  1280   540
	14180 17511   660  1280   540
	14183 17511   660  1280   540
	14183 17510   660  1280   540
	14180 17511   658  1280   540
	14183 17511   660  1280   540
	14180 17510   660  1280   540
	14180 17510   660  1280   540
	14179 17510   658  1280   540
	14180 17510   660  1280   540
	14180 17510   660  1280   540
	14180 17510   658  1280   540
	14180 17512   660  1280   540
	14180 17510   660  1280   540
	14177 17511   658  1280   540
	14179 17511   658  1280   540
	14179 17510   660  1280   540
	14180 17509   660  1280   540
	14180 17511   658  1280   540
	14183 17511   660  1280   540
	14180 17510   660  1280   540
	14179 17510   661  1280   540
	14177 17510   660  1280   540
	14183 17510   660  1280   540
	14180 17511   661  1280   540
	14183 17511   661  1280   540
	14179 17510   660  1280   540
	14179 17510   661  1280   540
	14179 17511   661  1280   540
	14177 17511   661  1280   540
	14183 17510   660  1280   540
	14180 17510   660  1280   540
	14179 17510   661  1280   540
	14177 17510   660  1280   540
	14180 17511   660  1280   540
	14183 17509   660  1280   540
	14180 17510   660  1280   540
	14177 17510   660  1280   540
	14179 17510   660  1280   540
	14179 17509   661  1280   540
	14179 17510   660  1280   540
	14179 17509   660  1280   540
	14176 17510   660  1280   540
	14179 17510   660  1280   540
	14179 17509   660  1280   540
	14179 17510   660  1280   540
	14180 17510   660  1280   540
	14177 17509   660  1280   540
	14177 17510   661  1280   540
	14177 17509   660  1280   540
	14179 17510   663  1280   540
	14180 17510   661  1280   540
	14180 17500   661  1280   540
	14177 17511   661  1280   540
	14180 17510   660  1280   540
	14180 17509   661  1280   540
	14179 17510   661  1280   540
	14179 17510   661  1280   540
	14180 17500   661  1280   540
	14180 17510   660  1280   540
	14179 17509   660  1280   540
	14180 17511   661  1280   540
	14177 17509   661  1280   540
	14179 17509   660  1280   540
	14176 17511   661  1280   540
	14179 17509   660  1280   540
	14179 17511   661  1280   540
	14180 17509   661  1280   540
	14177 17509   660  1280   540
	14180 17510   660  1280   540
	14179 17510   661  1280   540
	14180 17511   660  1280   540
	14179 17510   661  1280   540
	14176 17510   661  1280   540
	14179 17509   661  1280   540
	14180 17509   660  1280   540
	14179 17510   660  1280   540
	14179 17511   661  1280   540
	14180 17509   661  1280   540
	14179 17509   661  1280   540
	14177 17500   661  1280   540
	14179 17509   660  1280   540
	14177 17510   660  1280   540
	14177 17510   658  1280   540
	14179 17509   658  1280   540
	14180 17509   660  1280   540
	14179 17510   660  1280   540
	14180 17509   660  1280   540
	14179 17509   660  1280   540
	14180 17510   658  1280   540
	14180 17509   660  1280   540
	14180 17509   660  1280   540
	14177 17511   660  1280   540
	14177 17509   658  1280   540
	14177 17510   660  1280   540
	14180 17509   660  1280   540
	14177 17509   660  1280   540
	14179 17509   660  1280   540
	14179 17509   660  1280   540
	14177 17500   660  1280   540
	14179 17500   660  1280   540
	14179 17500   660  1280   540
	14179 17509   660  1280   540
	14179 17500   660  1280   540
	14180 17510   658  1280   540
	14177 17509   660  1280   540
	14179 17509   658  1280   540
	14179 17500   658  1280   540
	14177 17510   658  1280   540
	14177 17509   660  1280   540
	14179 17500   661  1280   540
	14179 17510   661  1280   540
	14177 17500   661  1280   540
	14176 17510   661  1280   540
	14177 17510   661  1280   540
	14179 17509   661  1280   540
	14179 17509   660  1280   540
	14179 17500   661  1280   540
	14177 17509   661  1280   540
	14179 17509   661  1280   540
	14177 17510   660  1280   540
	14176 17509   661  1280   540
	14179 17509   660  1280   540
	14179 17509   660  1280   540
	14177 17509   661  1280   540
	14180 17509   660  1280   540
	14179 17509   660  1280   540
	14179 17510   660  1280   540
	14177 17509   661  1280   540
	14179 17509   660  1280   540
	14179 17509   661  1280   540
	14179 17509   661  1280   540
	14179 17509   660  1280   540
	14179 17509   661  1280   540
	14179 17510   660  1290   550
	14179 17509   660  1290   550
	14179 17509   660  1290   550
	14177 17509   660  1290   550
	14179 17509   660  1290   550
	14177 17500   660  1290   550
	14177 17509   663  1290   550
	14179 17509   663  1290   550
	14177 17510   663  1290   550
	14179 17510   663  1290   550
	14179 17500   663  1290   550
	14180 17500   663  1290   550
	14177 17509   663  1290   550
	14177 17509   663  1290   550
	14179 17509   663  1290   550
	14179 17509   663  1290   550
	14177 17509   663  1280   540
	14180 17509   663  1280   540
	14179 17509   661  1280   540
	14179 17500   663  1280   540
	14177 17509   663  1280   540
	14179 17509   663  1280   540
	14179 17509   663  1280   540
	14179 17509   663  1280   540
	14179 17509   663  1280   540
	14179 17509   663  1280   540
	14177 17510   663  1280   540
	14177 17509   663  1280   540
	14179 17509   663  1280   540
	14179 17500   663  1280   540
	14177 17500   663  1280   540
	14179 17509   663  1280   540
	14177 17509   663  1280   540
	14177 17509   663  1280   540
	14179 17509   663  1280   540
	14179 17500   663  1280   540
	14176 17509   663  1280   540
	14179 17509   663  1280   540
	14179 17509   663  1280   540
	14180 17510   663  1280   540
	14179 17509   663  1280   540
	14183 17510   663  1280   540
	14179 17510   663  1280   540
	14180 17509   663  1280   540
	14177 17500   663  1280   540
	14179 17510   663  1280   540
	14179 17510   663  1280   540
	14177 17510   663  1280   540
	14179 17509   663  1280   540
	14179 17500   663  1280   540
	14177 17509   663  1280   540
	14179 17500   663  1280   540
	14177 17510   663  1280   540
	14179 17500   663  1280   540
	14177 17509   663  1280   540
	14179 17500   663  1280   540
	14179 17509   663  1280   540
	14179 17509   663  1280   540
	14177 17509   663  1280   540
	14176 17500   663  1280   540
	14177 17509   663  1280   540
	14179 17509   661  1280   540
	14177 17500   661  1280   540
	14176 17500   660  1280   540
	14176 17498   660  1280   540
	14173 17498   658  1280   540
	14169 17497   658  1280   540
	14166 17482   658  1280   540
	14153 17464   658  1280   540
	14141 17450   658  1280   540
	14135 17433   658  1290   550
	14122 17417   658  1290   550
	14109 17397   660  1290   550
	14095 17356   658  1290   550
	14078 17335   660  1290   550
	14062 17305   658  1300   550
	14048 17286   658  1300   550
	14039 17258   658  1300   550
	14022 17224   658  1300   550
	14012 17193   660  1290   560
	13997 17164   658  1300   560
	13982 17142   658  1300   560
	13969 17100   658  1300   560
	13955 17066   658  1300   560
	13940 17033   658  1300   560
	13928 16999   658  1300   560
	13910 16966   656  1300   560
	13887 16918   656  1280   570
	13867 16874   658  1280   570
	13844 16826   655  1280   570
	13822 16775   655  1280   570
	13798 16725   655  1280   570
	13777 16667   655  1270   570
	13755 16617   655  1270   570
	13728 16570   655  1270   570
	13699 16524   655  1260   570
	13670 16486   655  1240   570
	13637 16439   655  1240   570
	13605 16389   655  1240   570
	13573 16345   655  1230   580
	13537 16298   650  1230   580
	13505 16261   655  1230   580
	13474 16220   653  1230   580
	13442 16186   655  1230   580
	13416 16156   655  1230   580
	13390 16136   655  1210   580
	13363 16119   655  1200   570
	13341 16102   655  1200   570
	13319 16090   656  1200   570
	13299 16087   656  1200   570
	13281 16075   660  1200   570
	13272 16087   663  1200   570
	13261 16089   663  1200   570
	13248 16104   661  1190   560
	13234 16119   663  1190   560
	13227 16138   663  1190   560
	13216 16156   664  1190   560
	13212 16184   663  1190   560
	13209 16218   660  1190   560
	13204 16252   658  1190   560
	13195 16283   658  1190   560
	13194 16316   658  1190   560
	13191 16359   658  1190   560
	13189 16394   655  1210   560
	13189 16439   656  1200   550
	13191 16471   655  1200   550
	13193 16508   653  1200   550
	13200 16556   655  1200   550
	13205 16602   650  1210   550
	13218 16647   651  1210   550
	13229 16693   650  1210   550
	13238 16729   650  1210   550
	13252 16763   651  1210   550
	13266 16805   650  1210   550
	13282 16838   650  1210   550
	13298 16872   648  1240   550
	13316 16892   646  1240   550
	13333 16923   648  1240   550
	13355 16950   646  1240   550
	13375 16970   646  1240   550
	13398 16998   645  1240   550
	13425 17018   641  1250   550
	13450 17046   638  1250   550
	13470 17066   638  1250   550
	13498 17081   638  1250   550
	13525 17096   636  1250   550
	13551 17113   638  1250   550
	13580 17126   634  1250   550
	13613 17132   632  1260   560
	13641 17145   632  1270   550
	13674 17148   634  1270   550
	13703 17158   634  1270   550
	13733 17161   632  1270   550
	13761 17164   632  1270   550
	13789 17173   634  1270   550
	13815 17163   638  1270   550
	13841 17174   636  1290   560
	13866 17164   632  1290   560
	13890 17164   632  1290   560
	13914 17161   634  1290   560
	13939 17158   634  1290   560
	13962 17148   636  1290   560
	13990 17144   636  1290   560
	14019 17142   638  1300   560
	14051 17130   636  1300   560
	14081 17128   638  1300   560
	14111 17116   638  1300   560
	14140 17112   638  1300   560
	14167 17099   638  1300   560
	14200 17084   639  1300   560
	14219 17079   639  1300   560
	14239 17066   641  1300   560
	14257 17061   641  1300   560
	14275 17047   641  1300   560
	14292 17035   641  1300   560
	14310 17030   646  1300   560
	14332 17015   646  1300   560
	14352 17001   646  1280   570
	14372 16985   646  1280   570
	14392 16981   646  1270   560
	14416 16968   646  1270   560
	14437 16955   646  1270   560
	14462 16952   646  1270   560
	14482 16950   648  1270   560
	14508 16937   646  1270   560
	14528 16934   650  1270   560
	14548 16922   650  1280   570
	14568 16919   650  1280   570
	14591 16907   648  1270   570
	14608 16903   650  1270   570
	14634 16892   650  1270   570
	14662 16891   650  1270   570
	14690 16891   650  1270   570
	14721 16892   650  1280   580
	14750 16903   648  1280   580
	14784 16904   648  1280   580
	14815 16903   650  1280   580
	14850 16906   650  1280   580
	14879 16907   648  1280   580
	14907 16917   650  1290   590
	14939 16918   650  1290   590
	14968 16918   650  1290   590
	14994 16920   650  1290   590
	15021 16922   650  1290   590
	15051 16924   651  1310   600
	15080 16934   651  1310   600
	15107 16937   651  1310   600
	15131 16949   651  1310   600
	15164 16954   653  1310   600
	15198 16969   655  1310   600
	15227 16983   655  1310   600
	15257 16988   656  1310   600
	15281 17001   658  1310   600
	15303 17018   661  1310   600
	15323 17034   660  1310   600
	15343 17048   666  1310   600
	15351 17052   668  1310   600
	15361 17065   671  1310   600
	15368 17079   674  1290   590
	15372 17083   674  1290   590
	15374 17095   677  1290   590
	15376 17097   681  1310   580
	15375 17099   684  1310   580
	15378 17110   684  1310   580
	15378 17115   687  1300   580
	15381 17126   687  1300   580
	15380 17126   687  1300   580
	15380 17126   687  1300   580
	15378 17127   687  1300   580
	15380 17127   687  1300   580
	15381 17128   687  1300   580
	15379 17127   690  1300   580
	15378 17128   689  1300   580
	15378 17128   687  1310   570
	15378 17127   687  1310   570
	15376 17127   689  1310   570
	15379 17128   687  1310   570
	15378 17129   687  1310   570
	15377 17128   687  1310   570
	15378 17128   687  1310   570
	15378 17128   687  1310   570
	15378 17128   689  1310   570
	15377 17128   690  1310   570
	15378 17128   690  1310   570
	15378 17128   693  1310   570
	15379 17129   694  1310   570
	15377 17129   696  1310   570
	15376 17129   696  1310   570
	15375 17129   697  1310   570
	15375 17129   696  1310   570
	15377 17129   696  1310   570
	15377 17129   696  1310   570
	15378 17131   696  1310   570
	15377 17130   696  1310   570
	15377 17129   696  1310   570
	15377 17129   696  1310   570
	15379 17129   696  1310   570
	15379 17129   696  1310   570
	15375 17129   697  1310   570
	15376 17129   698  1310   570
	15377 17128   698  1310   570
	15375 17129   698  1310   570
	15376 17128   698  1310   570
	15377 17129   700  1310   570
	15375 17129   698  1310   570
	15375 17130   700  1310   570
	15376 17128   700  1310   570
	15375 17129   700  1310   570
	15376 17128   698  1310   570
	15379 17130   700  1310   570
	15375 17129   698  1310   570
	15377 17129   700  1310   570
	15377 17130   700  1310   570
	15377 17129   698  1310   570
	15376 17130   700  1310   570
	15375 17130   700  1310   570
	15375 17129   700  1310   570
	15377 17129   700  1310   570
	15375 17129   701  1310   570
	15374 17129   700  1310   570
	15376 17128   700  1310   570
	15379 17129   700  1310   570
	15375 17129   700  1310   570
	15375 17129   698  1310   570
	15374 17129   698  1310   570
	15375 17129   700  1310   570
	15376 17129   698  1310   570
	15375 17129   698  1310   570
	15376 17129   698  1310   570
	15377 17129   698  1310   570
	15376 17129   698  1310   570
	15375 17129   700  1310   570
	15376 17129   700  1310   570
	15376 17129   700  1310   570
	15373 17129   700  1310   570
	15376 17129   700  1310   570
	15375 17129   700  1310   570
	15376 17129   698  1310   570
	15375 17128   698  1310   570
	15374 17128   698  1310   570
	15375 17129   698  1310   570
	15376 17129   698  1310   570
	15373 17129   697  1310   570
	15376 17129   697  1310   570
	15375 17129   697  1310   570
	15376 17129   697  1310   570
	15375 17129   698  1310   570
	15376 17129   698  1310   570
	15374 17129   697  1310   570
	15378 17129   698  1310   570
	15377 17129   697  1310   570
	15374 17129   698  1310   570
	15376 17129   698  1310   570
	15377 17130   698  1310   570
	15376 17129   698  1310   570
	15375 17129   698  1310   570
	15374 17129   698  1310   570
	15374 17129   698  1310   570
	15376 17129   698  1310   570
	15375 17129   697  1310   570
	15375 17129   698  1310   570
	15376 17129   697  1310   570
	15375 17129   698  1310   570
	15375 17129   698  1310   570
	15375 17129   698  1310   570
	15376 17129   697  1310   570
	15375 17128   697  1310   570
	15374 17129   698  1310   570
	15375 17130   698  1310   570
	15374 17129   697  1310   570
	15375 17129   696  1310   570
	15374 17129   696  1310   570
	15378 17129   694  1310   570
	15375 17128   697  1310   570
	15374 17129   694  1310   570
	15375 17129   694  1310   570
	15374 17129   694  1310   570
	15375 17129   696  1310   570
	15374 17128   694  1310   570
	15375 17128   694  1310   570
	15375 17129   697  1310   570
	15377 17129   697  1310   570
	15373 17128   697  1310   570
	15375 17129   698  1310   570
	15374 17129   698  1310   570
	15376 17129   697  1310   570
	15375 17129   697  1310   570
	15373 17129   698  1310   570
	15373 17129   698  1310   570
	15376 17129   698  1310   570
	15374 17128   698  1310   570
	15372 17127   698  1310   570
	15374 17128   698  1310   570
	15373 17128   698  1310   570
	15375 17128   697  1310   570
	15376 17128   697  1310   570
	15375 17129   697  1310   570
	15375 17129   697  1310   570
	15372 17127   698  1310   570
	15374 17128   697  1310   570
	15374 17129   698  1310   570
	15375 17129   697  1310   570
	15374 17129   697  1310   570
	15373 17129   698  1310   570
	15374 17128   698  1310   570
	15375 17128   698  1310   570
	15374 17129   698  1310   570
	15375 17129   698  1310   570
	15375 17128   697  1310   570
	15377 17128   698  1310   570
	15372 17129   698  1310   570
	15374 17129   698  1310   570
	15376 17129   697  1310   570
	15375 17129   698  1310   570
	15376 17129   698  1310   570
	15376 17130   698  1310   570
	15374 17128   698  1310   570
	15375 17127   698  1310   570
	15375 17129   700  1310   570
	15375 17127   698  1310   570
	15373 17128   698  1310   570
	15375 17128   698  1310   570
	15372 17128   700  1310   570
	15375 17128   700  1310   570
	15375 17129   700  1310   570
	15377 17129   700  1310   570
	15375 17128   700  1310   570
	15374 17129   698  1310   570
	15375 17129   700  1310   570
	15375 17129   700  1310   570
	15375 17129   700  1310   570
	15375 17129   698  1310   570
	15375 17129   700  1310   570
	15375 17129   698  1310   570
	15375 17129   700  1310   570
	15375 17129   700  1310   570
	15373 17129   701  1310   570
	15375 17129   701  1310   570
	15374 17129   700  1310   570
	15375 17129   701  1310   570
	15375 17129   700  1310   570
	15375 17129   700  1310   570
	15375 17129   698  1310   570
	15374 17129   700  1310   570
	15376 17129   700  1310   570
	15376 17128   700  1310   570
	15375 17129   700  1310   570
	15373 17128   700  1310   570
	15374 17128   700  1310   570
	15375 17129   700  1310   570
	15376 17129   700  1310   570
	15375 17129   700  1310   570
	15374 17128   701  1310   570
	15375 17129   701  1310   570
	15375 17129   701  1310   570
	15374 17129   701  1310   570
	15375 17129   700  1310   570
	15375 17128   701  1310   570
	15373 17129   700  1310   570
	15374 17129   701  1310   570
	15373 17129   701  1310   570
	15375 17129   700  1310   570
	15375 17129   700  1310   570
	15371 17128   698  1310   570
	15375 17129   698  1310   570
	15376 17128   698  1310   570
	15373 17129   698  1310   570
	15374 17129   698  1310   570
	15374 17128   700  1310   570
	15374 17127   700  1310   570
	15373 17129   700  1310   570
	15375 17129   700  1310   570
	15374 17129   700  1310   570
	15375 17129   701  1310   570
	15375 17129   702  1310   570
	15374 17129   702  1310   570
	15371 17128   702  1310   570
	15375 17129   702  1310   570
	15373 17128   702  1310   570
	15374 17128   702  1310   570
	15375 17129   702  1310   570
	15374 17128   702  1310   570
	15373 17128   702  1310   570
	15373 17129   702  1310   570
	15373 17129   702  1310   570
	15373 17129   702  1310   570
	15371 17127   702  1310   570
	15371 17128   702  1310   570
	15371 17128   702  1310   570
	15373 17129   702  1310   570
	15371 17128   702  1310   570
	15370 17128   702  1310   570
	15371 17127   702  1310   570
	15374 17129   702  1310   570
	15371 17128   702  1310   570
	15371 17128   702  1310   570
	15370 17129   702  1310   570
	15370 17128   702  1310   570
	15374 17129   702  1310   570
	15370 17127   702  1310   570
	15371 17128   702  1310   570
	15369 17128   702  1310   570
	15370 17128   702  1310   570
	15371 17128   702  1310   570
	15369 17128   702  1310   570
	15368 17128   702  1310   570
	15368 17127   702  1310   570
	15367 17128   702  1310   570
	15367 17128   702  1310   570
	15364 17127   700  1310   570
	15360 17126   700  1310   570
	15358 17128   701  1310   570
	15357 17127   698  1310   570
	15354 17126   700  1310   570
	15350 17125   698  1310   570
	15347 17126   698  1310   570
	15340 17116   696  1310   570
	15336 17125   697  1310   570
	15330 17116   696  1310   570
	15327 17116   694  1310   570
	15317 17116   691  1310   570
	15310 17115   691  1310   570
	15296 17113   690  1310   570
	15285 17112   689  1310   570
	15276 17111   690  1310   570
	15266 17111   689  1310   570
	15255 17109   687  1310   570
	15247 17100   689  1310   570
	15233 17098   687  1310   570
	15222 17097   687  1310   570
	15203 17094   686  1310   570
	15188 17084   686  1310   570
	15169 17082   683  1310   570
	15152 17080   683  1300   580
	15137 17077   683  1310   580
	15114 17064   680  1310   580
	15090 17061   675  1310   580
	15063 17049   675  1310   580
	15036 17045   674  1310   580
	15015 17033   674  1310   580
	14992 17019   674  1310   580
	14968 17016   671  1320   590
	14947 17004   672  1320   590
	14929 17001   671  1320   590
	14911 16998   671  1320   590
	14893 16987   671  1320   590
	14873 16985   671  1320   590
	14853 16981   671  1340   600
	14831 16969   671  1320   590
	14809 16965   671  1340   580
	14783 16951   672  1340   580
	14757 16938   671  1340   580
	14728 16934   672  1320   590
	14700 16919   674  1320   590
	14668 16905   672  1320   590
	14634 16890   671  1320   590
	14597 16885   671  1320   590
	14560 16871   671  1320   590
	14526 16856   671  1320   590
	14495 16841   671  1310   580
	14466 16827   671  1310   580
	14433 16811   671  1310   580
	14403 16794   671  1310   580
	14371 16779   671  1310   580
	14341 16773   671  1310   580
	14309 16759   671  1310   580
	14277 16744   672  1310   580
	14244 16727   672  1300   580
	14210 16715   674  1280   580
	14174 16709   671  1280   580
	14131 16693   672  1280   580
	14095 16681   675  1280   580
	14060 16667   675  1280   580
	14019 16661   672  1280   580
	13977 16647   674  1280   580
	13934 16633   674  1280   580
	13888 16618   671  1280   580
	13840 16603   668  1280   580
	13796 16587   671  1280   580
	13756 16581   671  1280   580
	13715 16567   671  1280   580
	13675 16552   674  1280   580
	13633 16538   674  1280   580
	13582 16523   672  1280   580
	13538 16517   674  1290   590
	13493 16504   675  1290   590
	13448 16492   675  1280   580
	13406 16489   674  1280   580
	13365 16486   677  1280   580
	13324 16475   674  1280   580
	13283 16472   674  1280   580
	13244 16471   675  1270   570
	13202 16471   674  1270   570
	13160 16460   672  1270   570
	13117 16459   671  1270   570
	13078 16460   671  1270   570
	13036 16469   668  1270   570
	13003 16470   668  1270   570
	12974 16470   668  1270   570
	12945 16473   664  1270   570
	12921 16475   663  1260   570
	12900 16487   663  1260   570
	12882 16491   663  1260   570
	12869 16504   663  1260   570
	12863 16508   664  1260   570
	12856 16521   664  1260   570
	12854 16533   664  1260   570
	12854 16537   664  1270   560
	12855 16549   663  1260   570
	12858 16553   663  1270   560
	12863 16556   663  1270   560
	12871 16570   663  1270   560
	12881 16583   658  1270   560
	12896 16598   656  1270   560
	12917 16614   655  1270   560
	12939 16629   655  1270   560
	12968 16635   653  1270   560
	13002 16651   648  1270   560
	13040 16667   648  1270   560
	13084 16682   646  1270   560
	13137 16699   643  1270   560
	13186 16714   641  1270   560
	13239 16729   641  1270   560
	13290 16746   638  1270   560
	13343 16761   638  1270   560
	13399 16779   638  1280   570
	13459 16805   638  1280   570
	13518 16822   636  1280   570
	13582 16839   632  1280   570
	13649 16856   632  1280   570
	13709 16874   632  1280   570
	13777 16902   632  1280   570
	13837 16921   632  1280   570
	13904 16951   638  1280   570
	13965 16972   638  1280   570
	14035 17002   638  1300   580
	14107 17032   641  1300   580
	14184 17061   639  1300   580
	14249 17084   648  1300   580
	14316 17115   646  1310   570
	14378 17157   650  1310   570
	14447 17180   650  1310   570
	14516 17223   650  1320   580
	14587 17257   650  1320   580
	14666 17291   650  1320   580
	14736 17336   646  1320   580
	14805 17370   645  1340   570
	14870 17403   641  1340   570
	14934 17436   634  1340   570
	14992 17478   632  1350   580
	15055 17511   632  1350   580
	15112 17544   630  1350   580
	15176 17575   629  1350   580
	15236 17608   629  1350   580
	15283 17639   629  1350   580
	15333 17671   627  1350   580
	15376 17703   627  1360   580
	15414 17734   627  1360   580
	15448 17752   627  1360   580
	15476 17769   627  1360   580
	15498 17783   627  1360   580
	15514 17797   627  1380   580
	15522 17802   627  1380   580
	15529 17815   629  1380   580
	15530 17817   630  1380   580
	15531 17819   632  1380   580
	15529 17818   638  1380   580
	15527 17818   643  1360   570
	15525 17820   646  1360   570
	15521 17820   648  1360   570
	15520 17818   648  1360   570
	15517 17820   648  1360   570
	15518 17820   648  1380   580
	15516 17820   648  1380   580
	15519 17819   648  1380   580
	15517 17819   648  1380   580
	15518 17818   648  1380   580
	15516 17816   648  1380   580
	15512 17814   648  1380   580
	15507 17804   650  1380   580
	15503 17803   650  1380   580
	15501 17802   650  1380   580
	15498 17802   648  1380   580
	15494 17801   650  1380   580
	15490 17801   650  1380   580
	15485 17799   650  1380   580
	15478 17797   650  1380   580
	15474 17787   650  1380   580
	15472 17786   650  1380   580
	15465 17785   650  1380   580
	15456 17781   650  1380   580
	15445 17771   650  1380   580
	15435 17769   650  1360   570
	15418 17765   648  1360   570
	15401 17752   650  1360   570
	15381 17740   650  1360   570
	15368 17737   650  1360   570
	15352 17733   650  1360   570
	15331 17719   650  1360   570
	15307 17705   650  1360   570
	15281 17701   648  1360   570
	15253 17690   648  1360   570
	15213 17685   650  1360   570
	15166 17658   650  1360   570
	15113 17640   653  1360   570
	15055 17626   655  1360   570
	14999 17610   655  1360   570
	14940 17589   655  1360   570
	14876 17564   655  1360   570
	14802 17544   655  1360   570
	14724 17514   655  1360   570
	14644 17495   656  1360   570
	14568 17467   655  1360   570
	14485 17447   658  1360   570
	14407 17419   658  1360   570
	14322 17399   655  1360   570
	14238 17384   655  1360   570
	14140 17366   648  1360   570
	14033 17339   650  1360   570
	13934 17322   646  1360   570
	13831 17305   646  1360   570
	13716 17287   639  1360   570
	13594 17273   629  1360   570
	13471 17258   629  1350   570
	13357 17244   630  1350   570
	13253 17227   629  1360   560
	13155 17211   636  1360   560
	13053 17206   632  1360   560
	12956 17195   630  1350   550
	12870 17192   632  1350   550
	12789 17191   641  1350   550
	12713 17192   641  1350   550
	12648 17194   646  1350   550
	12590 17206   646  1350   550
	12543 17221   648  1350   550
	12500 17226   650  1340   550
	12467 17242   650  1350   540
	12439 17257   655  1350   540
	12419 17273   658  1350   540
	12408 17286   663  1350   540
	12402 17290   663  1350   540
	12397 17303   664  1350   540
	12396 17306   666  1340   540
	12397 17308   666  1340   540
	12400 17318   666  1340   540
	12402 17318   663  1340   540
	12404 17318   660  1340   540
	12418 17319   660  1340   540
	12434 17321   658  1340   540
	12457 17320   658  1340   540
	12486 17323   655  1340   540
	12532 17323   655  1340   540
	12574 17323   650  1340   540
	12622 17334   650  1340   540
	12678 17337   650  1340   540
	12737 17339   648  1340   540
	12797 17352   645  1340   540
	12865 17366   641  1350   540
	12936 17382   641  1350   540
	13013 17399   638  1350   540
	13096 17417   636  1350   540
	13181 17435   634  1350   540
	13250 17461   636  1350   540
	13330 17480   632  1350   540
	13407 17509   632  1360   550
	13487 17531   632  1360   550
	13574 17561   632  1360   550
	13664 17592   638  1360   550
	13752 17623   639  1360   550
	13840 17655   641  1360   550
	13928 17689   641  1380   550
	14020 17723   643  1360   560
	14125 17767   643  1360   560
	14237 17813   645  1360   560
	14335 17861   646  1360   560
	14443 17909   646  1360   560
	14555 17958   650  1360   560
	14679 18007   650  1380   570
	14808 18058   646  1380   570
	14932 18117   646  1380   570
	15055 18169   643  1390   570
	15186 18231   641  1400   560
	15318 18297   636  1400   560
	15429 18361   638  1400   560
	15542 18426   639  1400   560
	15657 18488   643  1430   560
	15769 18540   646  1430   560
	15872 18597   648  1430   560
	15961 18634   650  1440   560
	16038 18668   655  1440   560
	16106 18709   656  1440   560
	16169 18729   658  1460   550
	16224 18747   658  1460   550
	16270 18774   661  1460   550
	16300 18779   666  1470   550
	16317 18791   666  1470   550
	16330 18794   672  1470   550
	16339 18795   675  1470   550
	16337 18805   678  1470   530
	16335 18796   684  1470   530
	16337 18795   686  1470   530
	16337 18795   683  1470   530
	16333 18795   683  1470   530
	16333 18795   681  1470   530
	16330 18794   674  1470   530
	16329 18794   663  1470   530
	16331 18793   639  1470   530
	16333 18792   617  1460   530
	16335 18791   542  1460   530
	16341 18779   405  1460   530
