ABCDE-012_345_678 571
	19768  7445   182  1310   600
	19761  7432   308  1310   600
	19755  7418   360  1310   600
	19754  7414   357  1290   600
	19755  7403   480  1280   590
	19754  7399   567  1280   590
	19757  7399   639  1260   600
	19758  7397   664  1260   600
	19758  7398   690  1260   600
	19762  7400   717  1260   600
	19767  7402   760  1260   600
	19782  7415   774  1260   610
	19797  7433   777  1260   610
	19823  7466   780  1260   610
	19863  7514   780  1260   610
	19905  7577   782  1260   610
	19952  7640   784  1260   610
	19995  7701   786  1260   610
	20039  7754   788  1260   610
	20080  7817   790  1260   610
	20120  7881   794  1270   620
	20164  7947   803  1270   620
	20201  8021   812  1290   610
	20237  8060   807  1300   620
	20263  8101   812  1300   620
	20280  8118   812  1300   620
	20293  8123   813  1320   630
	20297  8123   814  1330   620
	20298  8124   812  1330   620
	20299  8121   807  1350   630
	20300  8119   799  1350   630
	20302  8106   790  1350   630
	20307  8085   789  1350   630
	20312  8043   788  1370   630
	20320  7991   789  1370   630
	20321  7926   788  1380   630
	20322  7848   788  1380   630
	20317  7770   788  1380   630
	20311  7690   788  1400   630
	20300  7621   787  1400   630
	20282  7559   786  1400   630
	20270  7509   782  1400   630
	20252  7463   777  1380   640
	20235  7430   767  1380   640
	20219  7397   694  1380   640
	20201  7372   603  1380   640
	20191  7366   338  1370   650
	20173  7356    35  1370   650
	20157  7366    -1  1370   650
	20144  7381    -1  1350   640
	20135  7388    -1  1350   640
	20126  7417    -1  1330   650
	20119  7434    -1  1330   650
	20115  7463    -1  1330   650
	20111  7483    -1  1320   640
	20109  7513    -1  1320   640
	20104  7542    -1  1330   630
	20099  7560    -1  1330   630
	20094  7573    -1  1320   630
	20080  7575    -1  1320   630
	20067  7577    -1  1330   620
	20055  7575    -1  1330   620
	20035  7578   108  1320   610
	20020  7580   350  1340   610
	20010  7580   522  1340   610
	20007  7580   609  1340   610
	20008  7590   664  1340   610
	20006  7590   691  1340   610
	20012  7591   702  1340   610
	20017  7593   714  1340   610
	20024  7593   723  1340   610
	20041  7596   727  1340   610
	20060  7607   729  1340   610
	20085  7621   727  1340   610
	20116  7637   717  1320   610
	20150  7653   705  1320   610
	20187  7669   681  1320   610
	20219  7674   645  1330   620
	20253  7689   525  1330   620
	20288  7702   336  1330   620
	20319  7708    -1  1330   620
	20346  7719    -1  1330   620
	20369  7719    -1  1350   620
	20398  7718    -1  1350   620
	20418  7708    -1  1350   620
	20444  7706    -1  1350   620
	20473  7704    -1  1350   600
	20498  7691    -1  1350   600
	20522  7689    -1  1350   600
	20546  7686    -1  1360   600
	20559  7675    -1  1350   590
	20562  7674    -1  1350   590
	20564  7659    -1  1350   590
	20560  7654    -1  1360   580
	20554  7642    -1  1350   580
	20549  7638    -1  1350   580
	20539  7626    -1  1340   580
	20526  7624   262  1340   580
	20519  7612   286  1340   580
	20519  7610   350  1340   580
	20520  7610   437  1340   600
	20521  7610   555  1340   600
	20528  7609   599  1350   600
	20538  7611   636  1340   610
	20552  7622   651  1340   610
	20570  7625   660  1350   620
	20592  7641   664  1330   620
	20617  7657   668  1330   620
	20645  7675   668  1350   630
	20677  7702   668  1350   630
	20708  7719   669  1350   630
	20744  7734   668  1370   630
	20780  7752   668  1370   630
	20818  7767   668  1370   630
	20853  7781   668  1370   630
	20884  7787   671  1370   630
	20903  7788   674  1370   630
	20916  7788   677  1370   630
	20922  7799   681  1370   630
	20926  7798   686  1380   640
	20926  7797   693  1400   630
	20926  7798   698  1400   630
	20926  7787   701  1400   630
	20928  7786   704  1400   630
	20926  7783   704  1400   630
	20928  7771   706  1410   640
	20932  7765   708  1410   640
	20940  7750   710  1410   640
	20950  7736   714  1410   640
	20960  7721   713  1410   640
	20969  7707   714  1410   640
	20980  7691   715  1410   640
	20991  7686   714  1410   640
	21009  7675   713  1410   640
	21016  7672   705  1430   640
	21032  7671   693  1430   640
	21051  7671   671  1430   640
	21083  7673   632  1430   640
	21127  7676   544  1430   640
	21178  7690   368  1430   640
	21238  7705   327  1430   640
	21302  7718   108  1450   650
	21365  7723    -1  1450   650
	21433  7735    -1  1450   650
	21504  7735    -1  1450   650
	21552  7739    -1  1450   650
	21592  7750    -1  1450   650
	21619  7750    -1  1450   650
	21632  7751    -1  1450   650
	21628  7753    64  1450   650
	21616  7756   336  1460   640
	21606  7766   350  1460   640
	21599  7766   516  1460   640
	21590  7767   599  1460   640
	21578  7767   656  1460   640
	21569  7767   674  1460   640
	21565  7765   693  1460   640
	21563  7765   702  1460   640
	21562  7756   704  1460   640
	21561  7755   705  1450   640
	21559  7755   702  1460   640
	21560  7754   696  1460   640
	21563  7753   683  1460   640
	21567  7740   666  1460   640
	21576  7740   639  1450   650
	21587  7737   592  1450   650
	21600  7735   552  1450   650
	21614  7734   513  1450   650
	21634  7733   410  1450   650
	21652  7724   395  1450   650
	21671  7723   385  1450   650
	21687  7724   380  1450   650
	21704  7733   374  1450   650
	21723  7723   374  1450   650
	21742  7723   380  1450   650
	21758  7722   390  1450   650
	21771  7722   405  1450   650
	21785  7722   420  1450   650
	21796  7722   513  1450   650
	21804  7720   522  1450   650
	21820  7720   533  1450   650
	21830  7721   544  1450   650
	21841  7721   552  1470   650
	21851  7722   570  1470   650
	21863  7723   590  1470   650
	21877  7733   621  1470   650
	21897  7736   634  1470   650
	21920  7750   638  1470   650
	21947  7755   641  1470   650
	21982  7771   641  1470   650
	22018  7797   636  1470   650
	22061  7818   630  1470   650
	22104  7846   601  1470   650
	22144  7877   562  1500   650
	22186  7912   544  1500   650
	22225  7948   528  1500   650
	22261  7991   507  1500   650
	22286  8022   507  1490   660
	22303  8053   516  1510   660
	22314  8070   531  1510   660
	22314  8087   565  1510   660
	22313  8092   621  1510   660
	22303  8102   648  1510   660
	22291  8103   668  1510   660
	22275  8102   681  1510   660
	22267  8102   689  1510   660
	22251  8091   691  1510   660
	22236  8086   696  1510   660
	22218  8071   696  1510   660
	22200  8054   697  1500   670
	22189  8026   698  1500   670
	22173  7995   702  1500   670
	22160  7962   706  1500   670
	22146  7925   715  1510   660
	22137  7882   725  1510   660
	22132  7835   733  1490   660
	22129  7802   734  1490   660
	22131  7781   734  1490   660
	22138  7753   730  1490   660
	22152  7734   729  1490   660
	22163  7717   723  1490   660
	22180  7703   713  1490   660
	22199  7691   706  1490   660
	22225  7691   696  1490   660
	22247  7701   686  1490   660
	22280  7707   671  1490   660
	22309  7722   658  1500   650
	22338  7739   645  1500   650
	22357  7756   638  1500   650
	22372  7771   636  1500   650
	22382  7786   636  1500   650
	22389  7801   638  1520   650
	22394  7814   641  1520   650
	22393  7818   651  1520   650
	22392  7820   660  1520   650
	22389  7829   669  1520   650
	22387  7830   681  1520   650
	22382  7831   691  1520   650
	22380  7831   700  1520   650
	22378  7829   706  1520   650
	22376  7820   714  1520   650
	22375  7820   717  1520   650
	22373  7818   717  1520   650
	22372  7817   717  1520   650
	22373  7817   715  1520   650
	22373  7816   714  1520   650
	22378  7816   709  1520   650
	22386  7815   702  1520   650
	22392  7813   694  1520   650
	22405  7814   689  1520   650
	22429  7804   681  1520   650
	22463  7814   675  1520   650
	22497  7816   672  1520   650
	22529  7819   671  1520   650
	22558  7829   669  1500   650
	22579  7831   669  1500   650
	22595  7833   669  1480   650
	22603  7834   671  1480   650
	22605  7834   674  1480   650
	22605  7836   686  1480   630
	22602  7835   693  1480   630
	22602  7835   702  1480   630
	22600  7836   708  1460   630
	22600  7845   715  1460   630
	22597  7845   722  1460   630
	22592  7846   723  1440   620
	22591  7835   725  1440   620
	22587  7835   729  1440   610
	22587  7834   729  1440   610
	22583  7831   729  1440   620
	22582  7820   729  1440   620
	22579  7817   730  1440   620
	22582  7813   730  1440   620
	22585  7799   731  1440   620
	22590  7785   734  1440   620
	22602  7782   734  1460   630
	22620  7770   733  1460   630
	22640  7766   734  1460   630
	22678  7766   731  1450   640
	22719  7770   729  1450   640
	22774  7782   727  1450   640
	22837  7800   715  1460   640
	22897  7818   713  1460   640
	22961  7845   702  1460   640
	23014  7865   696  1460   640
	23059  7897   690  1460   640
	23096  7929   689  1460   640
	23125  7962   689  1480   650
	23142  7991   690  1470   650
	23149  8012   696  1470   650
	23149  8028   702  1470   650
	23140  8043   714  1470   650
	23125  8057   727  1470   650
	23105  8060   755  1470   650
	23086  8070   767  1490   660
	23069  8070   768  1480   670
	23052  8060   769  1480   670
	23032  8055   769  1480   670
	23005  8043   770  1480   670
	22983  8024   770  1480   670
	22961  8005   773  1480   670
	22942  7975   776  1460   670
	22919  7942   777  1460   670
	22908  7913   779  1480   670
	22900  7882   781  1480   670
	22891  7861   780  1480   670
	22890  7833   780  1470   650
	22896  7817   777  1470   650
	22903  7802   772  1470   650
	22921  7797   766  1470   650
	22951  7784   715  1470   650
	22988  7783   675  1470   650
	23043  7788   601  1470   650
	23111  7802   350  1470   650
	23187  7819   182  1480   650
	23268  7849    -1  1480   650
	23343  7878    -1  1500   640
	23423  7911    -1  1510   640
	23503  7947    -1  1530   630
	23582  7991    -1  1510   630
	23654  8025    -1  1500   640
	23714  8070    -1  1480   630
	23758  8107    -1  1480   630
	23780  8150    -1  1480   630
	23785  8182    -1  1460   630
	23776  8199    -1  1460   630
	23753  8215    -1  1460   630
	23724  8220    -1  1460   630
	23694  8233    -1  1440   620
	23662  8234    35  1440   620
	23630  8248   336  1440   620
	23607  8261   385  1410   630
	23593  8264   513  1410   630
	23583  8277   630  1400   630
	23583  8278   674  1380   630
	23588  8280   700  1400   630
	23592  8281   717  1410   630
	23604  8283   734  1410   630
	23626  8295   766  1410   630
	23653  8298   768  1430   630
	23681  8299   770  1430   630
	23716  8300   772  1430   630
	23746  8299   775  1430   630
	23777  8295   776  1430   630
	23803  8282   776  1450   640
	23821  8278   776  1450   640
	23833  8264   776  1450   640
	23844  8250   776  1450   640
	23851  8236   777  1450   640
	23857  8230   776  1450   640
	23856  8216   776  1450   640
	23854  8213   775  1450   640
	23852  8203   775  1450   640
	23845  8198   774  1450   640
	23834  8184   774  1450   640
	23817  8170   775  1450   640
	23796  8156   776  1430   640
	23780  8152   776  1430   640
	23759  8137   776  1430   640
	23735  8133   777  1430   640
	23709  8123   777  1430   640
	23681  8119   777  1430   640
	23660  8107   779  1430   640
	23647  8106   779  1430   640
	23635  8102   779  1430   640
	23630  8101   778  1420   650
	23626  8091   776  1420   650
	23630  8091   769  1420   650
	23637  8090   734  1420   650
	23647  8087   721  1420   650
	23670  8072   702  1420   650
	23694  8057   689  1420   650
	23725  8039   674  1400   660
	23752  8022   666  1400   660
	23776  7994   663  1400   660
	23803  7975   663  1400   660
	23822  7946   663  1400   660
	23839  7914   663  1400   660
	23850  7894   664  1400   660
	23853  7865   668  1420   650
	23852  7847   675  1420   650
	23838  7829   693  1420   650
	23824  7803   706  1440   660
	23804  7784   724  1440   660
	23787  7768   767  1440   660
	23771  7756   772  1450   650
	23753  7740   776  1450   650
	23732  7736   779  1450   650
	23719  7735   782  1450   650
	23714  7734   782  1450   650
	23705  7733   782  1450   650
	23701  7723   779  1450   650
	23704  7733   772  1460   640
	23702  7735   721  1450   650
	23712  7740   674  1450   650
	23729  7755   630  1450   650
	23753  7772   390  1430   640
	23782  7799   249  1430   640
	23817  7818    -1  1450   640
	23854  7845    -1  1450   640
	23900  7864    -1  1450   640
	23951  7894    -1  1450   640
	24002  7914    -1  1450   640
	24054  7943    -1  1460   630
	24101  7963    -1  1460   630
	24143  7979    -1  1450   640
	24172  7994    -1  1450   640
	24189  8006    -1  1450   640
	24190  8009    -1  1450   640
	24179  8010    -1  1450   640
	24161  8009    -1  1460   640
	24138  8009   218  1450   650
	24109  8007   360  1450   650
	24079  8006   317  1450   650
	24054  7995   390  1440   660
	24034  7994   542  1440   660
	24019  7990   584  1420   660
	24008  7978   629  1420   660
	24005  7977   638  1420   680
	24005  7974   641  1420   680
	24009  7973   645  1420   680
	24012  7960   648  1400   670
	24015  7947   651  1400   670
	24019  7944   650  1400   670
	24024  7931   648  1400   670
	24037  7928   646  1400   670
	24050  7927   645  1400   670
	24075  7916   639  1420   660
	24098  7926   632  1420   660
	24127  7927   615  1440   660
	24156  7927   599  1420   660
	24187  7929   574  1420   660
	24219  7941   562  1440   670
	24246  7944   555  1440   670
	24273  7957   550  1440   670
	24294  7964   544  1440   670
	24306  7979   547  1440   670
	24316  7993   550  1440   670
	24324  8010   555  1440   670
	24333  8026   560  1440   670
	24339  8044   565  1460   660
	24347  8071   574  1460   660
	24352  8091   584  1460   660
	24363  8107   605  1440   670
	24372  8124   615  1460   670
	24383  8140   623  1460   670
	24396  8155   632  1460   670
	24404  8169   636  1460   670
	24411  8181   641  1460   670
	24416  8184   646  1460   670
	24421  8184   650  1480   670
	24428  8186   653  1480   670
	24431  8188   655  1480   670
	24442  8197   656  1480   670
	24447  8199   656  1500   670
	24455  8202   658  1500   670
	24461  8204   658  1510   660
	24464  8204   658  1510   660
	24468  8213   660  1510   660
	24462  8213   663  1510   660
	24460  8213   666  1510   660
	24456  8204   669  1510   660
	24446  8202   672  1510   660
	24431  8199   678  1510   660
	24413  8184   683  1510   660
	24396  8168   686  1510   660
	24377  8140   693  1510   660
	24357  8118   700  1490   660
	24338  8086   713  1490   660
	24323  8056   724  1490   660
	24309  8025   734  1490   660
	24292  7990   768  1480   670
	24276  7947   770  1480   670
	24270  7927   770  1480   670
	24268  7910   770  1480   670
	24268  7897   770  1480   670
	24269  7884   768  1480   670
	24274  7868   737  1480   670
	24281  7863   706  1480   670
	24299  7861   678  1480   670
	24327  7849   632  1480   670
	24363  7849   437  1510   660
	24408  7852   336  1510   660
	24454  7864    -1  1510   660
	24501  7877    -1  1510   660
	24544  7882    -1  1520   650
	24591  7897    -1  1520   650
	24624  7911    -1  1530   650
	24650  7926    -1  1530   630
	24671  7930    -1  1510   640
	24676  7944    -1  1510   640
	24675  7945    -1  1510   640
	24661  7958     0  1510   640
	24646  7958   327  1500   650
	24628  7962   324  1500   650
	24612  7960   410  1500   650
	24598  7959   581  1470   650
	24594  7960   653  1470   650
	24586  7958   675  1470   650
	24584  7958   693  1460   660
	24583  7957   702  1460   660
	24580  7947   708  1440   660
	24577  7944   713  1420   660
	24572  7932   718  1440   670
	24567  7927   725  1440   670
	24563  7910   725  1420   680
	24559  7896   727  1450   680
	24565  7893   723  1460   670
	24564  7881   715  1460   670
	24570  7877   702  1460   670
	24575  7864   681  1480   670
	24583  7861   660  1480   670
	24594  7863   613  1480   670
	24616  7865   469  1490   660
	24647  7879   367  1490   660
	24678  7897   136  1480   650
	24714  7926    -1  1480   650
	24746  7947    -1  1480   650
	24780  7989    -1  1480   650
	24816  8024    -1  1500   650
	24849  8058    -1  1500   650
	24883  8102    -1  1500   650
	24910  8136    -1  1480   650
	24933  8169    -1  1480   650
	24938  8203    -1  1480   650
	24934  8236    -1  1480   650
	24927  8263    -1  1480   650
	24916  8279    -1  1480   650
	24901  8293   136  1470   650
	24883  8299   367  1490   660
	24873  8309   350  1490   660
	24867  8300   420  1490   660
	24862  8300   555  1510   660
	24858  8298   619  1510   660
	24854  8296   648  1510   660
	24852  8293   661  1510   660
	24849  8279   674  1520   650
	24848  8267   690  1520   650
	24847  8250   702  1520   650
	24844  8229   717  1540   660
	24843  8200   733  1540   660
	24835  8169   744  1540   660
	24836  8139   760  1540   660
	24836  8118   767  1540   660
	24841  8087   767  1530   670
	24847  8059   755  1530   670
	24853  8042   733  1530   670
	24870  8026   725  1530   670
	24891  8021   717  1530   670
	24918  8010   706  1520   680
	24953  8010   704  1520   680
	24985  8023   702  1520   680
	25019  8037   705  1520   680
	25052  8042   709  1530   690
	25080  8044   723  1530   690
	25102  8043   744  1530   690
	25107  8041   772  1530   690
	25109  8039   777  1530   690
	25112  8037   783  1550   690
	25112  8023   790  1550   690
	25114  8005   820  1550   690
	25112  7974   825  1540   700
	25112  7942   829  1540   700
	25117  7900   831  1570   710
	25133  7877   831  1580   700
	25155  7847   832  1580   700
	25193  7818   831  1580   700
	25245  7799   824  1580   700
	25317  7782   787  1600   700
	25418  7770   693  1600   700
	25556  7770   380  1600   700
