ABCDE-012_345_678 612
	 6019 17782   450  1450   530
	 5993 17756   450  1450   530
	 5963 17738   454  1450   530
	 5929 17720   454  1450   530
	 5910 17705   462  1450   530
	 5884 17688   465  1450   530
	 5854 17656   465  1450   530
	 5834 17639   469  1450   530
	 5811 17670   469  1430   520
	 5792 17644   469  1440   510
	 5777 17626   473  1430   510
	 5769 17612   473  1440   500
	 5767 17610   473  1430   500
	 5769 17610   469  1430   500
	 5769 17610   469  1430   490
	 5775 17608   465  1430   490
	 5784 17609   462  1430   480
	 5795 17608   462  1430   480
	 5817 17607   462  1430   480
	 5860 17607   465  1430   460
	 5904 17612   465  1430   460
	 5963 17627   473  1420   450
	 6025 17653   476  1420   450
	 6091 17675   476  1420   450
	 6163 17706   476  1420   450
	 6246 17740   476  1420   450
	 6333 17782   476  1410   460
	 6428 17820   480  1410   460
	 6528 17865   476  1410   460
	 6629 17915   480  1430   460
	 6738 17973   480  1430   460
	 6855 18022   480  1430   460
	 6976 18072   480  1430   460
	 7076 18123   480  1430   460
	 7189 18181   480  1440   470
	 7304 18232   480  1440   470
	 7425 18282   476  1440   470
	 7541 18343   476  1440   470
	 7655 18395   476  1460   470
	 7762 18454   476  1460   470
	 7873 18503   476  1460   470
	 7987 18550   476  1480   460
	 8070 18587   476  1490   470
	 8155 18630   476  1490   470
	 8233 18666   476  1510   460
	 8310 18700   480  1510   460
	 8387 18742   480  1520   450
	 8459 18774   484  1530   460
	 8532 18805   484  1530   460
	 8596 18827   484  1540   450
	 8652 18859   484  1550   450
	 8701 18886   487  1560   440
	 8743 18904   487  1560   440
	 8772 18921   487  1570   450
	 8800 18935   487  1570   440
	 8829 18940   490  1570   440
	 8848 18953   494  1580   430
	 8864 18956   494  1580   430
	 8879 18967   494  1590   430
	 8887 18968   497  1590   430
	 8888 18967   500  1590   430
	 8888 18968   507  1590   430
	 8889 18969   513  1600   430
	 8889 18967   533  1600   430
	 8890 18967   555  1600   430
	 8888 18967   579  1610   430
	 8890 18968   584  1610   430
	 8889 18968   590  1610   430
	 8890 18968   592  1610   430
	 8889 18968   595  1610   430
	 8889 18969   599  1610   430
	 8889 18968   599  1610   430
	 8890 18967   601  1610   430
	 8889 18968   601  1620   440
	 8889 18968   601  1620   440
	 8890 18969   599  1620   440
	 8889 18967   601  1630   430
	 8889 18968   601  1630   430
	 8889 18969   601  1630   430
	 8889 18969   601  1630   430
	 8889 18969   601  1630   430
	 8889 18969   599  1630   430
	 8889 18968   601  1630   430
	 8889 18969   599  1630   430
	 8888 18969   601  1630   430
	 8889 18969   601  1630   430
	 8888 18970   601  1620   430
	 8889 18969   601  1620   430
	 8889 18970   601  1620   430
	 8889 18969   599  1610   430
	 8889 18969   599  1610   430
	 8889 18968   599  1610   430
	 8889 18968   599  1610   430
	 8889 18967   599  1610   430
	 8888 18969   599  1610   430
	 8889 18969   599  1610   430
	 8888 18968   599  1610   430
	 8889 18969   599  1610   430
	 8889 18968   599  1610   430
	 8889 18968   597  1610   430
	 8887 18968   597  1610   430
	 8888 18968   597  1610   430
	 8890 18969   597  1610   430
	 8889 18968   597  1610   430
	 8888 18968   597  1610   430
	 8889 18969   597  1610   430
	 8889 18967   597  1610   430
	 8888 18969   597  1610   430
	 8888 18967   597  1620   430
	 8887 18967   595  1620   430
	 8888 18969   595  1620   430
	 8888 18969   590  1620   430
	 8888 18968   588  1620   430
	 8888 18968   586  1620   430
	 8889 18967   584  1620   430
	 8889 18968   581  1620   430
	 8891 18967   581  1620   430
	 8889 18967   579  1620   430
	 8890 18966   574  1620   430
	 8890 18966   572  1620   430
	 8891 18967   570  1620   430
	 8893 18967   572  1620   430
	 8890 18966   570  1620   430
	 8891 18966   570  1620   430
	 8890 18966   567  1620   430
	 8891 18967   567  1620   430
	 8891 18965   565  1620   430
	 8891 18966   560  1620   430
	 8891 18956   560  1620   430
	 8890 18956   560  1620   430
	 8892 18965   560  1620   430
	 8892 18956   555  1620   430
	 8892 18956   555  1620   430
	 8892 18965   555  1620   430
	 8892 18965   557  1620   430
	 8891 18966   555  1620   430
	 8891 18965   555  1620   430
	 8891 18965   555  1620   430
	 8891 18965   560  1620   430
	 8891 18956   557  1620   430
	 8891 18966   557  1620   430
	 8892 18965   557  1620   430
	 8891 18965   557  1620   430
	 8891 18965   560  1620   430
	 8892 18965   560  1620   430
	 8891 18965   560  1620   430
	 8891 18965   562  1620   430
	 8892 18965   560  1620   430
	 8891 18965   560  1620   430
	 8891 18965   562  1620   430
	 8891 18965   560  1620   430
	 8891 18956   560  1620   430
	 8891 18965   562  1620   430
	 8891 18956   560  1620   430
	 8892 18956   562  1620   430
	 8890 18965   562  1620   430
	 8891 18956   562  1620   430
	 8891 18956   562  1620   430
	 8891 18965   560  1620   430
	 8890 18956   560  1620   430
	 8890 18965   562  1620   430
	 8892 18956   562  1620   430
	 8890 18956   562  1620   430
	 8890 18965   560  1620   430
	 8890 18956   562  1620   430
	 8890 18965   560  1620   430
	 8891 18955   562  1620   430
	 8890 18955   562  1620   430
	 8890 18965   560  1620   430
	 8889 18955   560  1620   430
	 8890 18965   562  1620   430
	 8890 18955   562  1620   430
	 8889 18955   562  1620   430
	 8887 18954   560  1620   430
	 8890 18956   560  1620   430
	 8887 18955   557  1620   430
	 8890 18954   555  1620   430
	 8887 18954   555  1620   430
	 8886 18956   555  1620   430
	 8887 18954   555  1620   430
	 8886 18954   555  1620   430
	 8885 18954   552  1620   430
	 8885 18954   550  1620   430
	 8886 18954   544  1620   430
	 8885 18954   547  1620   430
	 8885 18954   544  1620   430
	 8880 18954   542  1620   430
	 8877 18953   542  1620   430
	 8874 18952   542  1620   430
	 8869 18951   542  1620   430
	 8861 18940   542  1620   430
	 8856 18939   542  1620   430
	 8846 18936   542  1620   430
	 8835 18935   542  1620   430
	 8831 18933   542  1620   430
	 8817 18922   542  1620   430
	 8808 18919   539  1620   430
	 8800 18917   539  1620   430
	 8785 18906   539  1620   430
	 8763 18901   542  1610   420
	 8741 18886   539  1610   420
	 8723 18874   539  1610   420
	 8703 18860   539  1610   420
	 8680 18856   542  1610   420
	 8658 18842   542  1600   420
	 8634 18837   542  1600   420
	 8607 18824   539  1600   420
	 8577 18807   542  1590   420
	 8550 18791   539  1590   420
	 8518 18775   539  1590   420
	 8489 18760   542  1590   420
	 8458 18744   542  1580   420
	 8426 18728   542  1580   420
	 8386 18711   542  1570   430
	 8354 18694   542  1570   430
	 8315 18678   542  1570   430
	 8277 18650   536  1560   420
	 8243 18634   536  1560   420
	 8206 18616   531  1560   420
	 8164 18597   531  1560   420
	 8126 18569   525  1550   430
	 8087 18540   528  1550   430
	 8051 18520   528  1550   430
	 8015 18491   525  1550   430
	 7983 18472   528  1540   440
	 7944 18444   525  1530   440
	 7906 18422   519  1540   440
	 7874 18406   522  1540   440
	 7841 18379   522  1540   440
	 7813 18360   519  1540   450
	 7787 18343   522  1540   450
	 7767 18316   525  1520   450
	 7752 18309   522  1520   450
	 7737 18284   525  1520   450
	 7725 18278   525  1510   460
	 7716 18263   528  1510   460
	 7707 18252   528  1500   460
	 7704 18250   522  1500   460
	 7704 18250   513  1490   470
	 7704 18250   507  1490   470
	 7707 18248   500  1490   470
	 7712 18247   494  1490   470
	 7722 18246   490  1480   460
	 7737 18245   490  1480   460
	 7758 18236   490  1480   460
	 7783 18236   490  1480   460
	 7807 18245   490  1480   460
	 7839 18247   490  1480   460
	 7878 18251   490  1480   460
	 7917 18263   490  1480   460
	 7965 18267   490  1480   460
	 8007 18282   490  1480   460
	 8049 18297   490  1480   460
	 8093 18325   490  1490   470
	 8144 18343   490  1490   470
	 8196 18361   490  1490   470
	 8244 18389   490  1490   470
	 8294 18405   490  1490   470
	 8351 18424   490  1490   470
	 8402 18440   490  1500   470
	 8455 18458   487  1500   470
	 8508 18474   487  1500   470
	 8555 18490   487  1500   470
	 8603 18508   487  1500   470
	 8642 18524   487  1520   460
	 8684 18540   487  1520   460
	 8725 18565   487  1520   460
	 8769 18582   487  1530   460
	 8808 18599   487  1540   460
	 8845 18616   487  1540   460
	 8886 18632   487  1550   460
	 8925 18648   487  1550   460
	 8960 18663   487  1560   450
	 8997 18678   487  1560   450
	 9032 18695   487  1570   460
	 9060 18711   487  1570   460
	 9092 18725   487  1580   450
	 9119 18730   487  1580   450
	 9144 18746   487  1590   450
	 9171 18748   487  1590   450
	 9192 18763   490  1590   450
	 9214 18774   490  1590   450
	 9235 18779   490  1590   450
	 9253 18791   490  1590   440
	 9268 18793   490  1590   440
	 9277 18805   490  1590   440
	 9284 18806   490  1590   440
	 9291 18808   494  1590   440
	 9293 18807   497  1590   440
	 9291 18808   500  1600   430
	 9291 18808   504  1600   430
	 9292 18808   507  1600   430
	 9291 18809   510  1600   430
	 9290 18808   513  1600   430
	 9288 18808   519  1600   430
	 9284 18806   525  1600   430
	 9283 18806   525  1600   430
	 9278 18806   528  1600   430
	 9272 18805   531  1600   430
	 9262 18794   531  1600   430
	 9247 18792   531  1600   430
	 9231 18780   531  1600   430
	 9214 18775   531  1600   430
	 9192 18762   531  1600   430
	 9169 18748   533  1600   430
	 9144 18744   531  1590   440
	 9125 18732   536  1590   440
	 9101 18725   531  1590   440
	 9080 18713   531  1590   440
	 9062 18698   531  1590   440
	 9043 18694   528  1590   440
	 9026 18682   525  1590   440
	 9013 18678   528  1580   440
	 8995 18664   525  1580   440
	 8978 18652   522  1580   440
	 8967 18649   525  1580   440
	 8958 18646   522  1580   440
	 8950 18636   519  1580   440
	 8939 18631   519  1580   440
	 8930 18618   522  1580   440
	 8919 18614   519  1570   440
	 8915 18604   519  1570   440
	 8909 18600   522  1570   440
	 8906 18597   522  1570   440
	 8902 18585   519  1580   440
	 8902 18583   519  1580   440
	 8899 18582   516  1580   440
	 8902 18581   513  1580   440
	 8904 18571   510  1580   440
	 8909 18569   513  1580   440
	 8914 18568   510  1580   440
	 8922 18565   510  1590   440
	 8929 18556   510  1590   450
	 8935 18554   510  1590   450
	 8949 18553   510  1590   450
	 8968 18552   510  1590   450
	 8994 18552   510  1600   450
	 9020 18552   510  1590   460
	 9050 18552   510  1590   460
	 9079 18554   513  1590   460
	 9112 18566   513  1580   460
	 9146 18569   513  1580   460
	 9188 18582   513  1580   460
	 9235 18597   519  1580   460
	 9285 18613   519  1580   460
	 9332 18620   519  1580   460
	 9382 18635   519  1580   460
	 9429 18651   519  1590   450
	 9480 18665   519  1590   450
	 9532 18682   519  1590   450
	 9580 18696   519  1590   450
	 9624 18710   522  1590   450
	 9661 18725   522  1590   450
	 9698 18729   519  1590   450
	 9730 18743   522  1590   450
	 9758 18747   525  1590   450
	 9786 18761   525  1590   450
	 9814 18764   528  1590   450
	 9836 18777   528  1590   450
	 9855 18789   531  1590   450
	 9875 18793   531  1590   450
	 9889 18795   533  1600   440
	 9903 18806   539  1600   440
	 9915 18809   542  1600   440
	 9928 18811   547  1600   440
	 9937 18812   557  1600   440
	 9939 18822   560  1600   440
	 9944 18822   565  1600   440
	 9943 18823   572  1600   440
	 9946 18823   574  1600   440
	 9946 18823   579  1600   440
	 9948 18824   581  1600   440
	 9948 18823   581  1600   440
	 9948 18823   581  1600   440
	 9948 18823   584  1600   440
	 9948 18823   586  1600   440
	 9949 18823   588  1600   440
	 9949 18823   588  1600   440
	 9948 18823   588  1600   440
	 9949 18823   590  1600   440
	 9949 18824   590  1600   440
	 9949 18824   590  1600   440
	 9949 18824   590  1600   440
	 9953 18824   590  1600   440
	 9949 18823   590  1600   440
	 9949 18823   590  1600   440
	 9949 18823   590  1600   440
	 9948 18824   590  1600   440
	 9948 18823   590  1600   440
	 9950 18823   590  1600   440
	 9949 18824   590  1600   440
	 9949 18823   590  1600   440
	 9948 18823   590  1600   440
	 9949 18824   590  1600   440
	 9950 18823   592  1600   440
	 9949 18824   590  1600   440
	 9949 18823   590  1600   440
	 9950 18823   590  1600   440
	 9953 18825   590  1600   440
	 9950 18823   590  1600   440
	 9949 18824   590  1600   440
	 9949 18823   590  1600   440
	 9951 18823   590  1600   440
	 9949 18823   590  1600   440
	 9950 18823   590  1600   440
	 9950 18823   590  1600   440
	 9950 18823   590  1600   440
	 9950 18823   590  1600   440
	 9953 18823   590  1600   440
	 9949 18823   590  1600   440
	 9953 18823   590  1600   440
	 9953 18823   590  1600   440
	 9954 18823   590  1600   440
	 9955 18823   590  1600   440
	 9955 18823   590  1600   440
	 9957 18823   590  1600   440
	 9955 18823   592  1600   440
	 9957 18823   590  1600   440
	 9957 18823   590  1600   440
	 9955 18822   590  1600   440
	 9957 18823   590  1600   440
	 9954 18823   590  1600   440
	 9955 18823   590  1600   440
	 9956 18823   590  1600   440
	 9955 18825   590  1600   440
	 9957 18823   590  1600   440
	 9958 18822   592  1600   440
	 9958 18823   590  1600   440
	 9958 18823   592  1600   440
	 9954 18823   592  1600   440
	 9958 18823   592  1600   440
	 9957 18823   592  1600   440
	 9958 18823   590  1600   440
	 9957 18823   592  1600   440
	 9957 18823   590  1600   440
	 9958 18823   590  1600   440
	 9957 18823   592  1600   440
	 9954 18823   592  1600   440
	 9955 18823   592  1600   440
	 9957 18823   592  1600   440
	 9958 18822   592  1600   440
	 9956 18822   592  1600   440
	 9957 18823   592  1600   440
	 9957 18823   592  1600   440
	 9955 18823   592  1600   440
	 9957 18823   592  1600   440
	 9956 18823   592  1600   440
	 9956 18823   592  1600   440
	 9957 18822   592  1600   440
	 9957 18823   592  1600   440
	 9955 18823   592  1600   440
	 9956 18823   592  1600   440
	 9955 18823   592  1600   440
	 9957 18823   592  1600   440
	 9955 18823   592  1600   440
	 9958 18823   592  1600   440
	 9958 18822   592  1600   440
	 9957 18822   592  1600   440
	 9957 18823   592  1600   440
	 9955 18822   592  1600   440
	 9956 18822   592  1600   440
	 9957 18823   592  1600   440
	 9953 18823   590  1600   440
	 9957 18823   592  1600   440
	 9956 18823   590  1600   440
	 9957 18823   590  1600   440
	 9955 18822   590  1600   440
	 9957 18822   590  1600   440
	 9954 18823   590  1600   440
	 9957 18823   590  1600   440
	 9955 18822   592  1600   440
	 9956 18822   590  1600   440
	 9955 18823   590  1600   440
	 9956 18823   590  1600   440
	 9957 18823   592  1600   440
	 9955 18823   590  1600   440
	 9957 18822   590  1600   440
	 9955 18821   590  1600   440
	 9955 18822   590  1600   440
	 9953 18822   590  1600   440
	 9954 18822   590  1600   440
	 9954 18822   590  1600   440
	 9956 18822   590  1600   440
	 9955 18822   590  1600   440
	 9954 18823   590  1600   440
	 9953 18822   588  1600   440
	 9954 18822   588  1600   440
	 9953 18823   588  1600   440
	 9953 18821   586  1600   440
	 9949 18821   586  1600   440
	 9949 18812   584  1600   440
	 9946 18811   584  1600   440
	 9944 18811   584  1600   440
	 9935 18808   581  1600   440
	 9926 18807   581  1600   440
	 9907 18794   581  1600   440
	 9884 18780   581  1600   440
	 9859 18763   581  1600   440
	 9821 18745   581  1600   440
	 9783 18728   579  1600   440
	 9743 18710   574  1600   440
	 9699 18682   574  1600   440
	 9655 18663   570  1600   440
	 9603 18632   567  1600   440
	 9548 18601   562  1600   450
	 9482 18568   555  1590   450
	 9412 18534   552  1590   450
	 9338 18501   550  1590   450
	 9264 18458   550  1590   450
	 9189 18411   544  1590   450
	 9111 18363   547  1580   460
	 9028 18315   552  1580   460
	 8932 18262   555  1580   460
	 8839 18218   557  1560   460
	 8754 18170   557  1560   460
	 8671 18133   560  1560   460
	 8604 18088   560  1550   460
	 8538 18054   565  1540   470
	 8477 18011   567  1540   470
	 8431 17978   572  1530   470
	 8385 17947   572  1530   470
	 8348 17927   574  1520   480
	 8316 17899   581  1520   480
	 8299 17883   581  1510   470
	 8297 17879   581  1510   470
	 8291 17868   581  1510   470
	 8295 17868   579  1510   470
	 8295 17868   579  1510   470
	 8303 17868   581  1500   470
	 8311 17868   581  1500   470
	 8332 17868   581  1500   470
	 8363 17880   586  1500   470
	 8417 17883   590  1500   470
	 8489 17911   592  1500   470
	 8563 17943   592  1490   480
	 8652 17976   592  1490   480
	 8745 18021   592  1490   480
	 8840 18057   592  1490   480
	 8954 18102   592  1490   480
	 9061 18140   592  1490   480
	 9158 18185   592  1500   480
	 9267 18234   595  1500   480
	 9384 18280   595  1500   480
	 9516 18332   595  1500   480
	 9637 18390   595  1500   480
	 9759 18440   595  1520   480
	 9866 18489   595  1520   480
	 9976 18524   595  1520   480
	10070 18565   595  1540   470
	10138 18587   597  1550   470
	10201 18615   597  1560   460
	10248 18632   601  1560   460
	10287 18647   603  1570   470
	10314 18662   607  1580   460
	10326 18664   609  1580   460
	10328 18665   609  1590   460
	10328 18665   611  1600   450
	10329 18665   611  1600   450
	10326 18665   607  1600   450
	10325 18663   592  1600   450
	10320 18663   547  1600   440
	10310 18652   484  1610   440
	10281 18648   350  1610   440
	10253 18631     0  1600   440
	10223 18617    -1  1600   440
	10199 18615    -1  1600   450
	10173 18613    -1  1600   450
	10147 18603    -1  1600   450
	10121 18602    -1  1590   450
	10098 18601    -1  1590   450
	10078 18554    -1  1580   450
	10045 18601    -1  1570   450
	10011 18553    -1  1570   450
	 9983 18600    -1  1570   450
	 9948 18552    -1  1570   450
	 9919 18551    -1  1560   440
	 9891 18549    -1  1560   440
	 9871 18535    -1  1560   440
	 9866 18534    -1  1570   450
	 9860 18522    -1  1570   450
	 9843 18508    -1  1570   450
	 9832 18502    -1  1580   450
	 9821 18476    -1  1580   450
	 9816 18459    -1  1580   450
	 9812 18440    -1  1580   460
	 9814 18411    -1  1580   460
	 9816 18389    -1  1600   450
	 9810 18360    -1  1600   450
	 9832 18309    -1  1610   430
	 9832 18251    -1  1610   430
	 9817 18198   450  1610   430
	 9796 18199   666  1650   430
	 9785 18220   663  1630   440
	 9783 18215   666  1630   440
	 9784 18215   741  1620   440
	 9786 18215   794  1610   440
	 9782 18213   808  1610   440
	 9782 18213   841  1600   440
	 9784 18213   876  1600   440
	 9785 18213   897  1600   440
	 9782 18213   906  1600   440
	 9785 18204   912  1600   450
	 9784 18213   914  1590   460
	 9783 18204   917  1570   470
	 9784 18204   917  1570   480
	 9784 18213   911  1560   480
	 9782 18204   901  1550   490
	 9784 18204   872  1550   490
	 9784 18213   811  1550   490
	 9786 18213   792  1550   490
	 9784 18213   630  1550   490
	 9784 18213   424  1550   490
