ABCDE-012_345_678 2954
	12758 12440    75  1170   550
	12754 12437   201  1170   550
	12751 12425   249  1170   550
	12745 12421   317  1170   550
	12744 12410   352  1170   550
	12743 12408   286  1170   550
	12743 12407   338  1170   550
	12745 12406   363  1170   550
	12742 12405   390  1170   550
	12747 12396   410  1170   550
	12747 12396   424  1170   550
	12753 12405   437  1170   550
	12758 12407   450  1170   550
	12763 12408   462  1170   550
	12772 12409   469  1170   550
	12782 12411   476  1170   550
	12797 12423   487  1170   550
	12816 12428   490  1180   560
	12837 12444   494  1180   560
	12862 12471   497  1170   560
	12882 12488   504  1170   560
	12909 12507   507  1170   560
	12933 12537   513  1170   560
	12965 12568   542  1170   560
	12990 12601   562  1170   560
	13023 12646   570  1170   560
	13054 12695   579  1170   560
	13088 12742   581  1170   560
	13122 12791   586  1190   560
	13156 12839   588  1190   560
	13189 12889   590  1190   560
	13219 12939   592  1190   560
	13245 12997   592  1190   560
	13267 13048   595  1190   560
	13292 13109   597  1190   560
	13315 13161   597  1210   560
	13337 13223   599  1210   560
	13358 13274   601  1210   560
	13374 13321   601  1210   560
	13390 13356   601  1220   560
	13405 13387   603  1220   560
	13412 13418   605  1220   560
	13420 13436   609  1220   560
	13424 13452   611  1240   550
	13429 13466   613  1240   550
	13429 13481   613  1240   550
	13435 13494   615  1240   550
	13432 13497   617  1250   550
	13433 13500   619  1250   550
	13433 13511   621  1250   550
	13433 13514   621  1250   550
	13434 13514   621  1250   550
	13435 13515   621  1250   550
	13434 13514   621  1250   550
	13433 13513   617  1250   550
	13433 13514   613  1250   550
	13433 13513   607  1250   550
	13430 13514   595  1250   550
	13429 13513   579  1250   550
	13427 13509   510  1250   550
	13425 13498   476  1250   550
	13421 13484   385  1250   550
	13415 13479   234  1250   550
	13406 13465    -1  1250   550
	13396 13451    -1  1250   550
	13385 13447    -1  1240   540
	13375 13435    -1  1240   540
	13370 13431    -1  1240   540
	13364 13429    -1  1240   540
	13363 13417    -1  1220   540
	13361 13415    -1  1220   540
	13366 13413    -1  1220   540
	13374 13402    -1  1210   530
	13381 13372    -1  1210   530
	13387 13397    -1  1200   520
	13396 13385    -1  1180   530
	13405 13371    -1  1180   530
	13407 13366    -1  1170   520
	13413 13351    -1  1170   520
	13407 13336    -1  1170   520
	13404 13318    -1  1150   510
	13400 13302    -1  1150   510
	13392 13287    -1  1150   510
	13384 13270    -1  1150   510
	13376 13257    -1  1150   510
	13363 13240    -1  1150   510
	13351 13226    -1  1140   510
	13342 13212    -1  1140   510
	13334 13208    -1  1140   510
	13324 13196    -1  1140   510
	13316 13192    -1  1140   510
	13309 13190    -1  1140   510
	13306 13189    -1  1130   520
	13300 13178    -1  1140   530
	13294 13177    -1  1140   530
	13291 13178    -1  1140   530
	13286 13174    -1  1140   530
	13283 13177    -1  1140   530
	13277 13176    -1  1140   530
	13273 13175    -1  1140   530
	13268 13175    -1  1140   530
	13264 13175    -1  1140   530
	13262 13173    -1  1140   530
	13256 13163    -1  1140   530
	13252 13162    -1  1140   530
	13247 13160    -1  1140   530
	13243 13158    -1  1140   530
	13236 13147    -1  1140   530
	13232 13144    -1  1140   530
	13226 13144    -1  1140   530
	13223 13132    -1  1140   530
	13219 13130    -1  1140   530
	13214 13127    -1  1140   530
	13209 13126    -1  1140   530
	13205 13116    -1  1140   530
	13201 13115    -1  1140   530
	13200 13115    -1  1140   530
	13200 13113    -1  1160   530
	13198 13112    -1  1170   530
	13195 13112    -1  1170   530
	13194 13110    -1  1170   530
	13191 13110    -1  1180   530
	13190 13099    -1  1180   530
	13186 13097    -1  1200   520
	13186 13093    -1  1200   520
	13180 13093    -1  1210   520
	13175 13079    -1  1210   520
	13170 13067    -1  1210   520
	13167 13062    -1  1220   510
	13160 13048    -1  1220   510
	13155 13046    -1  1220   510
	13153 13034    -1  1230   510
	13149 13029    -1  1230   510
	13144 13017    -1  1230   510
	13139 13013    -1  1230   510
	13136 13002    -1  1220   510
	13132 12997    -1  1220   510
	13128 12986    -1  1230   520
	13123 12983   160  1230   520
	13115 12982   275  1220   530
	13109 12982   317  1220   530
	13106 12983   360  1220   530
	13104 12985   338  1220   530
	13102 12986   401  1220   540
	13099 12998   433  1220   540
	13093 13002   454  1220   540
	13092 13015   465  1220   540
	13095 13031   484  1200   540
	13099 13048   494  1200   540
	13104 13067   504  1200   540
	13111 13095   522  1200   540
	13118 13116   542  1200   540
	13127 13148   567  1200   540
	13134 13191   581  1200   540
	13145 13225   581  1200   540
	13155 13259   588  1200   540
	13165 13302   590  1200   540
	13174 13320   590  1220   540
	13185 13383   592  1220   540
	13200 13418   595  1230   550
	13212 13451   595  1230   550
	13229 13496   595  1240   540
	13245 13528   597  1240   540
	13264 13560   597  1240   540
	13282 13590   597  1240   540
	13297 13612   597  1240   540
	13315 13639   597  1240   540
	13331 13657   597  1250   540
	13350 13676   595  1250   540
	13369 13701   595  1250   540
	13387 13707   595  1250   540
	13402 13708   592  1250   540
	13420 13721   590  1250   540
	13437 13733   588  1250   540
	13460 13734   588  1250   540
	13480 13734   584  1250   540
	13501 13734   579  1250   540
	13519 13721   570  1260   540
	13540 13719   562  1260   540
	13561 13706   555  1260   540
	13578 13702   555  1260   540
	13596 13687   550  1260   540
	13613 13670   550  1260   540
	13627 13654   550  1260   540
	13642 13628   555  1260   540
	13655 13608   555  1260   540
	13661 13589   555  1260   540
	13667 13562   555  1260   540
	13667 13541   560  1260   540
	13670 13510   562  1260   540
	13662 13481   565  1250   550
	13656 13447   567  1260   560
	13643 13404   567  1260   560
	13629 13372   572  1260   560
	13612 13338   574  1260   560
	13588 13304   577  1260   560
	13566 13270   579  1260   560
	13537 13227   579  1260   560
	13509 13193   581  1260   560
	13479 13159   586  1260   560
	13447 13125   588  1260   560
	13415 13082   588  1250   560
	13383 13050   592  1250   560
	13360 13032   595  1250   560
	13339 13014   595  1250   560
	13317 13000   597  1250   560
	13300 12986   597  1240   550
	13288 12983   597  1240   550
	13275 12982   599  1240   550
	13268 12981   599  1240   550
	13260 12983   592  1240   550
	13253 12987   586  1240   550
	13248 12988   570  1240   550
	13246 12999   510  1240   550
	13246 13004   476  1240   550
	13254 13017   380  1240   550
	13265 13035   201  1240   550
	13280 13061    -1  1240   550
	13293 13077    -1  1230   550
	13306 13082    -1  1230   550
	13322 13093    -1  1230   550
	13341 13094    -1  1240   540
	13365 13094    -1  1240   540
	13391 13094    -1  1230   530
	13419 13083    -1  1240   530
	13450 13078    -1  1250   530
	13482 13064    -1  1270   520
	13510 13050    -1  1260   510
	13536 13034    -1  1270   510
	13613 13017    -1  1280   500
	13578 13001    -1  1290   500
	13591 12984    -1  1290   500
	13604 12967    -1  1300   500
	13614 12949    -1  1290   490
	13618 12921    -1  1290   490
	13614 12902    -1  1310   480
	13612 12873    -1  1310   480
	13605 12854    -1  1290   490
	13595 12839    -1  1300   500
	13584 12824    -1  1300   500
	13575 12810    -1  1300   500
	13566 12809    -1  1290   500
	13557 12809    -1  1290   500
	13547 12810    -1  1280   500
	13541 12811    -1  1280   500
	13541 12812    -1  1270   510
	13538 12823    -1  1270   510
	13535 12827    -1  1270   520
	13533 12837    -1  1270   520
	13532 12842    -1  1250   530
	13533 12853    -1  1250   530
	13534 12856    -1  1250   530
	13531 12869    -1  1250   530
	13531 12872    -1  1250   530
	13532 12876    -1  1250   530
	13529 12888    -1  1250   530
	13527 12891    -1  1250   530
	13526 12901    -1  1250   530
	13528 12902    -1  1250   530
	13525 12905    -1  1250   530
	13528 12905    -1  1250   530
	13525 12908    -1  1250   530
	13527 12918    -1  1250   530
	13530 12919    -1  1250   530
	13532 12921    -1  1250   530
	13531 12922    -1  1250   530
	13533 12923    -1  1270   530
	13536 12934    -1  1270   530
	13540 12935    -1  1270   530
	13540 12938    -1  1280   530
	13545 12949    -1  1280   530
	13547 12951    -1  1280   530
	13552 12955    -1  1270   530
	13553 12966    -1  1270   530
	13561 12970    -1  1270   530
	13563 12982    -1  1270   530
	13565 12985    -1  1270   530
	13568 12988    -1  1270   530
	13568 12998    -1  1270   530
	13573 13001    -1  1270   530
	13575 13002    -1  1270   530
	13574 13003    -1  1270   530
	13580 13004    -1  1270   530
	13581 13014    -1  1270   530
	13582 13014    -1  1270   530
	13587 13014    -1  1280   540
	13589 13017    -1  1280   540
	13594 13018    -1  1280   540
	13600 13029    -1  1280   540
	13606 13031    -1  1280   540
	13613 13034    -1  1280   540
	13620 13046    -1  1280   540
	13626 13047    -1  1280   540
	13632 13049    -1  1280   540
	13642 13061    -1  1280   540
	13646 13062    -1  1280   540
	13656 13065    -1  1280   540
	13661 13068    -1  1280   540
	13722 13068    -1  1290   550
	13668 13078    -1  1290   550
	13675 13080    -1  1270   550
	13671 13081   108  1270   550
	13670 13093   201  1270   550
	13665 13093   275  1270   550
	13660 13094   327  1270   550
	13658 13093   360  1270   550
	13653 13096   294  1270   550
	13645 13096   350  1270   550
	13643 13098   401  1270   550
	13638 13099   433  1270   550
	13633 13100   454  1270   550
	13630 13099   465  1270   550
	13620 13099   469  1270   550
	13612 13098   476  1270   550
	13600 13096   480  1270   550
	13592 13093   487  1270   550
	13580 13083   490  1270   550
	13567 13079   497  1270   550
	13558 13066   504  1270   550
	13549 13061   507  1270   550
	13540 13050   510  1270   550
	13529 13036   510  1270   550
	13522 13031   513  1270   550
	13511 13016   513  1270   550
	13500 12999   513  1260   560
	13491 12985   516  1260   560
	13483 12972   516  1260   560
	13476 12967   519  1260   560
	13467 12937   519  1260   560
	13462 12937   522  1260   560
	13455 12933   522  1260   560
	13452 12917   522  1260   560
	13443 12902   525  1260   560
	13441 12876   525  1260   560
	13440 12870   522  1260   560
	13438 12858   522  1250   550
	13443 12855   522  1250   550
	13444 12843   519  1250   550
	13448 12840   516  1240   550
	13454 12828   513  1240   550
	13462 12824   510  1240   550
	13469 12822   507  1240   550
	13482 12821   507  1240   550
	13491 12823   504  1240   550
	13505 12823   504  1240   550
	13516 12825   500  1240   550
	13530 12828   500  1240   550
	13546 12842   500  1240   550
	13562 12857   500  1240   550
	13576 12871   497  1240   550
	13592 12886   497  1240   550
	13606 12904   497  1250   560
	13620 12919   497  1250   560
	13633 12935   494  1250   560
	13644 12951   494  1250   560
	13650 12966   494  1250   560
	13659 12972   494  1250   560
	13664 12986   494  1250   560
	13666 12998   497  1250   560
	13667 13003   497  1250   560
	13670 13015   500  1250   560
	13674 13019   504  1250   560
	13674 13031   507  1250   560
	13676 13033   510  1260   560
	13677 13036   513  1260   560
	13677 13045   522  1260   560
	13675 13045   531  1260   560
	13676 13046   544  1260   560
	13675 13046   557  1260   560
	13674 13045   565  1260   560
	13674 13045   572  1260   560
	13674 13045   574  1260   560
	13670 13036   574  1260   560
	13668 13034   579  1260   560
	13668 13033   579  1260   560
	13669 13030   579  1260   560
	13667 13017   579  1270   550
	13666 13002   581  1260   560
	13663 12986   581  1260   560
	13656 12971   581  1260   560
	13656 12956   579  1260   560
	13655 12949   579  1260   560
	13651 12937   579  1260   560
	13651 12923   579  1260   560
	13648 12908   579  1260   560
	13651 12902   577  1260   560
	13655 12888   577  1260   560
	13656 12876   574  1260   560
	13664 12871   570  1260   560
	13666 12860   567  1250   560
	13675 12857   557  1250   560
	13680 12857   547  1260   570
	13689 12857   531  1260   570
	13700 12857   516  1260   570
	13710 12869   513  1260   570
	13725 12873   510  1260   570
	13744 12885   510  1260   570
	13760 12901   510  1260   570
	13778 12917   510  1260   570
	13794 12933   507  1260   570
	13807 12949   504  1260   570
	13822 12956   500  1260   570
	13832 12972   500  1260   570
	13842 12988   500  1260   570
	13847 13003   500  1260   570
	13854 13017   500  1260   570
	13856 13031   500  1260   570
	13860 13036   500  1260   570
	13860 13046   504  1260   570
	13859 13048   507  1260   570
	13858 13052   513  1260   570
	13858 13050   522  1270   560
	13856 13062   539  1270   560
	13856 13061   555  1270   560
	13855 13061   560  1270   560
	13853 13061   572  1270   560
	13854 13052   574  1270   560
	13848 13051   574  1270   560
	13850 13050   577  1270   560
	13847 13048   577  1270   560
	13846 13045   577  1270   560
	13843 13035   574  1270   560
	13839 13031   574  1270   560
	13834 13014   579  1270   560
	13829 12999   579  1270   560
	13822 12983   579  1270   560
	13814 12966   581  1270   560
	13807 12949   581  1270   560
	13802 12923   581  1270   560
	13800 12917   581  1270   560
	13800 12903   581  1270   560
	13798 12890   581  1270   560
	13801 12886   581  1260   570
	13801 12873   581  1260   570
	13804 12869   581  1260   570
	13807 12859   574  1260   570
	13814 12859   565  1260   570
	13817 12860   555  1260   570
	13825 12860   547  1260   570
	13835 12870   544  1260   570
	13845 12873   544  1260   570
	13854 12876   542  1260   570
	13865 12889   539  1260   570
	13878 12902   536  1270   570
	13886 12917   525  1270   570
	13897 12921   525  1270   570
	13907 12935   522  1270   570
	13918 12951   525  1270   570
	13927 12966   525  1270   570
	13942 12971   525  1270   570
	13946 12981   528  1270   570
	13947 12983   528  1270   570
	13948 12984   531  1270   570
	13949 12985   539  1270   570
	13948 12986   542  1270   570
	13947 12986   547  1270   570
	13949 12986   557  1270   570
	13949 12986   565  1270   570
	13948 12987   570  1270   570
	13946 12985   577  1270   570
	13941 12985   579  1270   570
	13942 12984   581  1270   570
	13942 12983   579  1270   570
	13940 12983   579  1270   570
	13940 12972   579  1280   570
	13938 12970   579  1280   570
	13938 12968   579  1280   570
	13937 12965   574  1280   570
	13931 12954   579  1280   570
	13925 12939   579  1280   570
	13921 12924   579  1280   570
	13913 12908   579  1280   570
	13908 12890   579  1270   570
	13904 12875   579  1270   570
	13904 12870   579  1270   570
	13902 12857   579  1270   570
	13905 12841   579  1270   570
	13906 12826   579  1270   570
	13911 12822   577  1270   570
	13916 12822   574  1270   570
	13923 12810   572  1270   570
	13931 12809   572  1270   570
	13942 12809   570  1270   570
	13953 12809   570  1260   580
	13969 12809   574  1260   580
	13982 12812   579  1260   580
	14001 12825   579  1260   580
	14014 12838   579  1260   580
	14028 12855   574  1260   580
	14049 12872   574  1260   580
	14067 12904   574  1260   580
	14093 12936   574  1270   590
	14122 12971   572  1270   590
	14154 13014   572  1270   590
	14181 13049   567  1270   590
	14213 13097   565  1270   590
	14245 13148   565  1270   590
	14275 13207   560  1260   580
	14301 13255   555  1270   570
	14322 13301   547  1270   570
	14341 13335   544  1270   570
	14352 13367   547  1270   570
	14363 13388   544  1270   570
	14368 13415   547  1280   570
	14373 13430   552  1280   570
	14367 13434   557  1280   570
	14364 13436   572  1270   560
	14356 13446   581  1270   560
	14345 13448   584  1270   560
	14339 13448   586  1270   560
	14329 13447   586  1290   560
	14316 13445   584  1290   560
	14305 13432   584  1290   560
	14289 13419   581  1290   560
	14274 13401   581  1290   560
	14260 13385   581  1290   560
	14249 13366   581  1290   560
	14226 13334   581  1290   560
	14210 13301   581  1290   560
	14186 13256   581  1290   560
	14167 13221   581  1290   560
	14147 13176   581  1290   560
	14124 13113   581  1290   560
	14105 13047   581  1290   560
	14083 12984   584  1290   560
	14068 12922   584  1290   560
	14049 12870   586  1270   560
	14040 12808   586  1270   560
	14035 12748   586  1270   560
	14037 12700   586  1270   560
	14041 12664   586  1260   570
	14050 12631   588  1270   570
	14058 12602   586  1270   570
	14072 12582   584  1260   580
	14086 12568   574  1260   580
	14099 12556   552  1270   590
	14118 12565   522  1250   590
	14138 12570   507  1250   590
	14159 12586   487  1250   590
	14184 12617   442  1250   590
	14219 12652   310  1240   580
	14247 12698    35  1230   590
	14271 12743    -1  1230   590
	14291 12778    -1  1230   590
	14313 12821    -1  1240   580
	14331 12855    -1  1230   580
	14352 12888    -1  1230   580
	14370 12920    -1  1240   570
	14387 12950    -1  1230   560
	14403 12968    -1  1250   560
	14416 12985    -1  1240   550
	14424 12988    -1  1250   550
	14427 12997    -1  1260   540
	14426 12999    -1  1250   540
	14424 13000    -1  1270   530
	14422 13000    -1  1270   530
	14415 12999    -1  1280   530
	14412 12999    -1  1280   530
	14408 13000    -1  1280   530
	14404 13001    -1  1290   520
	14402 13003    -1  1290   520
	14400 13013    -1  1290   520
	14399 13016    -1  1290   520
	14399 13018    -1  1290   520
	14402 13030    -1  1290   520
	14403 13031    -1  1290   520
	14405 13031    -1  1280   530
	14405 13033    -1  1290   530
	14407 13034    -1  1290   530
	14409 13034    -1  1280   540
	14411 13034    -1  1280   540
	14410 13035    -1  1280   540
	14410 13036    -1  1290   550
	14411 13046    -1  1290   550
	14414 13048    -1  1270   550
	14415 13049    -1  1270   550
	14417 13051    -1  1270   550
	14418 13064    -1  1270   550
	14418 13064    -1  1290   560
	14419 13065    -1  1290   560
	14422 13068     0  1290   560
	14421 13077    75  1290   560
	14420 13078   201  1290   560
	14421 13080   262  1290   560
	14419 13079   308  1290   560
	14419 13081   344  1290   560
	14416 13081   286  1290   560
	14413 13081   357  1290   560
	14413 13081   401  1290   560
	14410 13082   429  1290   560
	14407 13082   442  1290   560
	14403 13082   454  1290   560
	14401 13082   462  1290   560
	14393 13083   469  1290   560
	14390 13081   476  1290   560
	14383 13082   484  1290   560
	14375 13081   490  1290   560
	14367 13079   497  1290   560
	14355 13077   507  1290   560
	14347 13066   513  1290   560
	14336 13061   531  1290   560
	14321 13047   542  1290   560
	14307 13033   560  1290   560
	14292 13029   579  1270   560
	14282 13014   581  1270   560
	14271 13001   586  1270   560
	14262 12998   588  1270   560
	14253 12983   590  1270   560
	14244 12969   590  1270   560
	14234 12955   592  1270   560
	14228 12951   592  1270   560
	14222 12936   595  1270   560
	14217 12923   597  1270   560
	14216 12921   599  1270   560
	14216 12919   599  1270   560
	14215 12906   599  1270   560
	14216 12901   599  1260   560
	14211 12886   599  1260   560
	14213 12873   599  1250   560
	14211 12870   599  1250   560
	14215 12858   597  1250   560
	14220 12854   592  1250   560
	14226 12844   588  1250   560
	14239 12843   586  1250   560
	14252 12843   584  1250   560
	14265 12855   581  1250   560
	14285 12860   581  1250   560
	14305 12876   581  1250   560
	14324 12892   581  1250   560
	14344 12918   579  1250   560
	14359 12922   579  1260   570
	14372 12940   579  1260   570
	14383 12955   579  1260   570
	14393 12970   579  1260   570
	14400 12984   579  1260   570
	14405 12997   581  1260   570
	14407 12999   584  1260   570
	14407 13002   586  1260   570
	14406 13002   588  1260   570
	14403 13003   590  1260   570
	14403 13003   590  1260   570
	14403 13003   595  1260   570
	14403 13001   595  1260   570
	14401 13002   597  1260   570
	14399 12998   597  1260   570
	14393 12986   597  1260   570
	14391 12970   597  1260   570
	14387 12953   597  1270   560
	14383 12937   599  1270   560
	14380 12919   599  1260   570
	14380 12905   599  1260   570
	14380 12890   599  1260   570
	14385 12875   601  1260   570
	14390 12869   601  1260   570
	14397 12855   601  1260   570
	14404 12843   599  1260   570
	14418 12842   592  1260   570
	14428 12843   586  1260   570
	14441 12854   555  1260   570
	14463 12869   497  1260   570
	14488 12886   433  1240   570
	14513 12905   286  1240   570
	14539 12934    -1  1240   570
	14560 12956    -1  1240   570
	14579 12987    -1  1270   570
	14599 13018    -1  1260   570
	14623 13052    -1  1260   570
	14644 13094    -1  1270   560
	14664 13131    -1  1290   560
	14739 13178    -1  1290   560
	14753 13207    -1  1290   560
	14722 13237    -1  1300   550
	14740 13275    -1  1300   550
	14805 13292    -1  1300   550
	14784 13317    -1  1300   550
	14797 13322    -1  1300   550
	14855 13305    -1  1300   550
	14869 13304    -1  1290   560
	14879 13302    -1  1290   560
	14888 13292    -1  1290   560
	14893 13287    -1  1270   560
	14862 13302    -1  1270   560
	14867 13289    -1  1260   570
	14866 13286    -1  1260   580
	14863 13274    -1  1240   580
	14865 13271    -1  1230   590
	14865 13259    -1  1210   590
	14866 13257    -1  1210   590
	14870 13254    -1  1210   590
	14873 13253    -1  1210   590
	14877 13253    -1  1210   590
	14886 13254    -1  1220   600
	14895 13256    -1  1220   600
	14909 13257    -1  1220   600
	14918 13259    -1  1220   600
	14929 13270    -1  1220   600
	14941 13273    -1  1220   600
	14954 13274    -1  1220   600
	14963 13276    -1  1230   610
	14974 13286    -1  1230   610
	14987 13287    -1  1230   610
	14994 13286    -1  1230   610
	15003 13290    -1  1230   610
	15010 13291    -1  1240   620
	15017 13302    -1  1240   620
	15027 13303    -1  1240   620
	15034 13307    -1  1260   610
	15046 13320    -1  1270   620
	15056 13324    -1  1270   620
	15067 13335    -1  1270   620
	15076 13340    -1  1270   620
	15080 13351    -1  1270   620
	15101 13356    -1  1290   630
	15099 13370    -1  1290   630
	15117 13355    -1  1300   620
	15125 13369    -1  1320   630
	15134 13371    -1  1320   630
	15145 13383    -1  1320   630
	15158 13385    -1  1290   610
	15169 13388    -1  1260   600
	15188 13401    -1  1250   590
	15199 13403    -1  1230   580
	15211 13413    -1  1210   560
	15222 13417    -1  1210   550
	15237 13418    -1  1190   530
	15248 13419    -1  1180   530
	15266 13420    -1  1170   510
	15287 13429    -1  1160   500
	15305 13430    -1  1140   480
	15307 13452    -1  1130   480
	15315 13463    -1  1130   470
	15320 13465    -1  1130   460
	15321 13467    -1  1120   440
	15314 13466    -1  1110   430
	15303 13466    -1  1120   440
	15290 13463    -1  1120   440
	15275 13452    -1  1120   450
	15256 13449    -1  1130   450
	15232 13446    -1  1140   450
	15210 13447    -1  1140   450
	15188 13448    -1  1140   450
	15187 13461    -1  1140   450
	15189 13465    -1  1150   460
	15184 13477    -1  1150   460
	15166 13479    -1  1150   460
	15150 13480    -1  1160   460
	15131 13477    -1  1170   470
	15115 13462    -1  1180   480
	15105 13450    -1  1190   480
	15093 13436    -1  1190   480
	15078 13430    -1  1190   490
	15064 13415    -1  1200   500
	15052 13399    -1  1200   510
	15038 13372    -1  1210   520
	15024 13355    -1  1220   530
	15018 13337    -1  1230   530
	15013 13322    -1  1240   540
	15010 13317    -1  1250   550
	15017 13306    -1  1250   550
	15030 13305    -1  1250   560
	15042 13304    -1  1260   570
	15049 13304    -1  1270   570
	15057 13301    -1  1260   570
	15066 13290    -1  1240   570
	15071 13287    -1  1240   570
	15075 13274    -1  1240   570
	15077 13270    -1  1240   570
	15078 13257    -1  1230   580
	15079 13242    -1  1230   580
	15074 13228    -1  1230   580
	15073 13223    -1  1230   580
	15089 13209    -1  1230   580
	15071 13196    -1  1230   580
	15070 13191    -1  1210   580
	15071 13189    -1  1210   580
	15072 13177    -1  1210   580
	15080 13175    -1  1210   580
	15083 13173    -1  1210   580
	15089 13163    -1  1210   580
	15096 13160    -1  1200   580
	15106 13159    -1  1210   590
	15116 13157    -1  1210   590
	15129 13148    -1  1210   590
	15141 13158    -1  1210   590
	15152 13160    -1  1180   590
	15158 13163    -1  1170   580
	15157 13163    -1  1170   580
	15158 13173    -1  1160   570
	15162 13173    -1  1160   560
	15156 13173    -1  1150   550
	15154 13176    -1  1140   550
	15155 13178    -1  1120   540
	15151 13178    -1  1120   540
	15148 13175    -1  1120   540
	15143 13175    -1  1110   530
	15140 13174    -1  1110   530
	15130 13164    -1  1110   530
	15117 13162    -1  1110   530
	15107 13161    -1  1110   530
	15098 13161    -1  1110   530
	15088 13161    -1  1120   540
	15085 13164    -1  1120   540
	15078 13164    -1  1120   550
	15073 13174    -1  1130   560
	15073 13164    -1  1140   570
	15069 13164    -1  1160   570
	15071 13162    -1  1170   580
	15075 13162    -1  1180   590
	15076 13162    -1  1180   590
	15096 13160    -1  1190   600
	15084 13162    -1  1190   600
	15088 13159    -1  1190   600
	15091 13159    -1  1190   600
	15097 13158    -1  1190   600
	15100 13159    -1  1190   600
	15101 13158    -1  1190   600
	15105 13158    -1  1190   600
	15104 13158    -1  1190   600
	15101 13158    -1  1190   600
	15105 13161    -1  1180   590
	15105 13159    -1  1200   580
	15103 13164    -1  1200   580
	15100 13174    -1  1200   580
	15101 13176    -1  1200   580
	15099 13180    -1  1200   580
	15098 13191    -1  1200   580
	15096 13195    -1  1200   580
	15093 13205    -1  1200   580
	15090 13208    -1  1200   580
	15088 13221    -1  1200   580
	15087 13212    -1  1200   580
	15082 13221    -1  1200   580
	15081 13223    -1  1200   580
	15079 13221    -1  1200   580
	15073 13212    -1  1210   580
	15068 13210    -1  1210   580
	15064 13208    -1  1210   580
	15059 13207    -1  1210   580
	15056 13206    -1  1210   580
	15052 13205    -1  1200   570
	15050 13196    -1  1200   570
	15048 13196    -1  1200   570
	15047 13206    -1  1200   570
	15049 13205    -1  1200   570
	15048 13206    -1  1200   570
	15048 13207    -1  1200   570
	15050 13209    -1  1200   570
	15052 13211    -1  1200   570
	15049 13212    -1  1200   570
	15052 13211    -1  1200   570
	15050 13211    -1  1200   570
	15049 13212    -1  1200   570
	15048 13209    -1  1200   570
	15048 13210    -1  1200   570
	15065 13207    -1  1200   570
	15047 13207    -1  1200   570
	15045 13206    -1  1190   560
	15046 13205    -1  1190   560
	15044 13205    -1  1190   560
	15044 13196    -1  1210   560
	15043 13194    -1  1210   560
	15046 13194    -1  1210   560
	15045 13196    -1  1210   560
	15049 13196    -1  1210   560
	15050 13206    -1  1210   560
	15051 13207    -1  1210   560
	15055 13209    -1  1210   560
	15056 13210    -1  1210   560
	15059 13212    -1  1210   560
	15060 13222    -1  1210   560
	15062 13224    -1  1210   560
	15063 13225    -1  1210   560
	15062 13227    -1  1210   560
	15066 13226    -1  1210   560
	15065 13228    -1  1210   560
	15063 13228    -1  1210   560
	15065 13228    -1  1210   560
	15065 13228    -1  1210   560
	15063 13227    -1  1210   560
	15066 13226    -1  1210   560
	15069 13226    -1  1210   560
	15068 13225    -1  1210   560
	15069 13224    -1  1210   560
	15071 13223    -1  1210   560
	15069 13221    -1  1210   560
	15069 13221    -1  1220   560
	15069 13221    -1  1220   560
	15069 13222    -1  1220   560
	15068 13221    -1  1220   560
	15068 13221    -1  1220   560
	15066 13221    -1  1210   560
	15066 13221    -1  1210   560
	15063 13212    -1  1210   560
	15063 13212    -1  1210   560
	15061 13212    -1  1210   560
	15061 13211    -1  1210   560
	15059 13211    -1  1210   560
	15060 13211    -1  1210   560
	15063 13210    -1  1210   560
	15059 13211    -1  1210   560
	15064 13211    -1  1210   560
	15064 13210    -1  1210   560
	15065 13211    -1  1210   560
	15068 13211    -1  1210   560
	15070 13211    -1  1210   560
	15072 13211    -1  1210   560
	15073 13211    -1  1210   560
	15074 13211    -1  1210   560
	15073 13212    -1  1210   560
	15073 13211    -1  1210   560
	15074 13212    -1  1210   560
	15073 13212    -1  1210   560
	15074 13212    -1  1210   560
	15077 13223    -1  1210   560
	15080 13224    -1  1210   560
	15081 13226    -1  1210   560
	15083 13227    -1  1210   560
	15085 13228    -1  1220   570
	15088 13228    -1  1220   570
	15089 13238    -1  1220   570
	15096 13239    -1  1220   570
	15096 13239    -1  1220   570
	15103 13240    -1  1230   560
	15100 13242    -1  1230   560
	15107 13239    -1  1230   560
	15108 13253    -1  1230   560
	15109 13254    -1  1230   560
	15113 13255    -1  1230   560
	15112 13256    -1  1230   560
	15115 13257    -1  1230   560
	15115 13258    -1  1230   560
	15122 13259    -1  1230   560
	15123 13269    -1  1230   560
	15124 13270    -1  1230   560
	15128 13272    -1  1220   570
	15130 13273    -1  1220   570
	15133 13273    -1  1220   570
	15136 13260    -1  1230   560
	15134 13274    -1  1230   560
	15134 13285    64  1230   560
	15130 13287     0  1230   560
	15129 13288   108  1230   560
	15130 13290   182  1230   560
	15128 13292   234  1230   560
	15124 13301   275  1230   560
	15124 13303   308  1230   560
	15120 13304   336  1230   560
	15119 13308   352  1250   560
	15118 13317   286  1250   560
	15114 13318   338  1250   560
	15110 13319   374  1250   560
	15108 13320   395  1250   560
	15105 13322   415  1250   560
	15099 13323   429  1250   560
	15097 13324   437  1250   560
	15095 13334   446  1250   560
	15088 13334   454  1250   560
	15084 13335   462  1260   560
	15080 13336   469  1260   560
	15077 13337   473  1260   560
	15073 13337   476  1250   550
	15065 13338   480  1250   550
	15060 13338   487  1250   550
	15052 13338   497  1250   550
	15048 13338   500  1250   550
	15042 13338   507  1250   550
	15034 13337   510  1250   550
	15025 13336   510  1250   550
	15016 13334   510  1250   550
	15005 13323   510  1250   550
	14995 13321   513  1250   550
	14987 13319   519  1250   550
	14979 13317   522  1250   550
	14973 13306   522  1240   540
	14964 13301   528  1240   540
	14952 13289   528  1240   540
	14943 13276   525  1240   540
	14938 13274   528  1240   540
	14932 13260   531  1240   540
	14928 13257   531  1240   540
	14924 13244   531  1240   540
	14916 13239   531  1240   540
	14911 13223   531  1240   540
	14905 13212   536  1240   540
	14904 13208   539  1240   540
	14900 13194   539  1240   540
	14896 13178   539  1240   540
	14894 13159   542  1240   540
	14886 13129   542  1240   540
	14881 13111   542  1230   550
	14880 13083   542  1230   550
	14881 13065   542  1230   550
	14878 13048   542  1230   550
	14879 13030   542  1230   550
	14883 13002   542  1230   550
	14883 12983   539  1230   550
	14889 12965   542  1230   550
	14894 12949   539  1230   550
	14895 12937   539  1230   550
	14902 12922   536  1210   550
	14907 12918   536  1210   550
	14915 12905   536  1210   550
	14924 12902   531  1210   550
	14932 12891   528  1210   550
	14939 12891   519  1200   550
	14951 12891   513  1200   550
	14963 12891   513  1200   550
	14983 12903   510  1200   550
	14999 12907   513  1200   550
	15018 12921   513  1200   550
	15033 12937   513  1210   560
	15051 12953   513  1210   560
	15068 12970   513  1210   560
	15082 12997   513  1210   560
	15092 13015   513  1210   560
	15103 13035   513  1210   560
	15113 13063   513  1210   560
	15122 13083   513  1210   560
	15132 13116   513  1210   560
	15138 13144   516  1220   570
	15142 13164   519  1220   570
	15147 13191   522  1220   570
	15152 13211   522  1230   560
	15155 13228   528  1230   560
	15154 13242   536  1230   560
	15154 13257   536  1230   560
	15154 13269   547  1230   560
	15152 13273   555  1230   560
	15152 13276   562  1250   560
	15150 13286   572  1250   560
	15150 13287   579  1250   560
	15148 13286   581  1250   560
	15148 13287   586  1250   560
	15148 13287   588  1250   560
	15147 13287   590  1250   560
	15144 13286   592  1250   560
	15147 13286   592  1250   560
	15145 13286   595  1250   560
	15145 13286   595  1250   560
	15145 13276   595  1250   560
	15144 13275   595  1250   560
	15145 13272   595  1250   560
	15144 13259   595  1250   560
	15143 13257   595  1250   560
	15139 13243   595  1250   560
	15138 13228   595  1250   560
	15140 13224   595  1250   560
	15142 13210   595  1250   560
	15139 13196   595  1250   560
	15137 13189   595  1250   560
	15137 13162   595  1250   560
	15140 13145   595  1250   560
	15136 13129   592  1250   560
	15136 13111   592  1250   560
	15135 13094   590  1250   560
	15142 13067   590  1250   560
	15143 13050   590  1250   560
	15146 13029   590  1250   560
	15152 13000   590  1230   560
	15159 12983   588  1230   560
	15166 12965   588  1230   560
	15173 12940   590  1230   560
	15185 12920   590  1230   560
	15196 12904   590  1230   560
	15209 12891   590  1230   560
	15223 12888   590  1220   570
	15235 12885   590  1210   560
	15248 12876   590  1210   560
	15262 12886   590  1210   560
	15274 12887   590  1210   560
	15286 12887   590  1210   560
	15295 12890   592  1190   560
	15307 12901   590  1190   560
	15314 12903   586  1190   560
	15324 12908   579  1180   560
	15333 12922   519  1180   560
	15346 12937   476  1180   560
	15354 12950   331  1180   560
	15361 12965    -1  1180   560
	15362 12970    -1  1180   560
	15360 12985    -1  1200   550
	15354 13001    -1  1200   550
	15350 13017    -1  1190   540
	15352 13032    -1  1190   540
	15354 13049    -1  1220   540
	15361 13067    -1  1210   530
	15370 13083    -1  1210   530
	15405 13109    -1  1200   520
	15400 13115    -1  1220   500
	15420 13127    -1  1230   490
	15438 13141    -1  1230   490
	15453 13143    -1  1220   480
	15469 13142    -1  1210   480
	15481 13132    -1  1200   470
	15488 13127    -1  1250   450
	15491 13112    -1  1250   450
	15493 13097    -1  1260   440
	15493 13078    -1  1270   440
	15490 13063    -1  1270   440
	15484 13047    -1  1270   440
	15478 13032    -1  1280   430
	15469 13016    -1  1280   430
	15460 13000    -1  1280   430
	15452 12986    -1  1270   440
	15447 12981    -1  1270   440
	15444 12968    -1  1280   440
	15438 12965    -1  1270   450
	15434 12954    -1  1270   450
	15433 12952    -1  1260   460
	15431 12952    -1  1260   460
	15433 12952    -1  1250   460
	15435 12950    -1  1250   460
	15437 12949    -1  1260   470
	15436 12949    -1  1250   470
	15441 12949    -1  1250   470
	15439 12940    -1  1250   470
	15442 12937    -1  1240   480
	15442 12935    -1  1240   480
	15445 12934    -1  1250   480
	15445 12924    -1  1250   480
	15446 12904    -1  1240   490
	15448 12918    -1  1240   490
	15446 12907    -1  1240   490
	15451 12904    -1  1240   490
	15451 12904    -1  1240   490
	15451 12902    -1  1240   490
	15452 12892    -1  1240   490
	15453 12892    -1  1230   490
	15458 12891    -1  1230   490
	15458 12890    -1  1240   500
	15458 12888    -1  1240   500
	15461 12888    -1  1240   500
	15464 12886    -1  1240   500
	15464 12885    -1  1240   500
	15465 12876    -1  1220   500
	15465 12874    -1  1220   500
	15466 12874    -1  1220   500
	15465 12873    -1  1220   500
	15463 12872    -1  1220   500
	15465 12872    -1  1220   500
	15464 12870    -1  1210   510
	15464 12870    -1  1210   510
	15496 12870    -1  1210   510
	15461 12870    -1  1210   510
	15459 12869    -1  1210   510
	15459 12869    -1  1210   510
	15455 12869    -1  1210   520
	15458 12869    -1  1210   520
	15456 12859    -1  1210   520
	15454 12859    -1  1210   520
	15456 12857    -1  1210   520
	15454 12858    -1  1210   520
	15453 12857    -1  1210   520
	15453 12856    -1  1210   520
	15455 12856    -1  1210   520
	15455 12854    -1  1210   520
	15457 12855    -1  1210   520
	15455 12855    -1  1210   520
	15453 12855    -1  1210   520
	15456 12855    -1  1210   520
	15458 12855    -1  1210   520
	15456 12856    -1  1210   520
	15456 12857    -1  1210   520
	15456 12858    -1  1210   520
	15453 12858    -1  1210   520
	15453 12859    -1  1210   520
	15454 12858    -1  1210   520
	15451 12860    -1  1210   520
	15452 12860    -1  1210   520
	15450 12858    -1  1210   520
	15449 12858    -1  1210   520
	15449 12857    -1  1210   520
	15444 12857    -1  1210   520
	15445 12855    -1  1210   520
	15443 12854    -1  1210   520
	15446 12853    -1  1210   520
	15447 12853    -1  1210   520
	15445 12844    -1  1210   520
	15445 12853    -1  1210   520
	15447 12853    -1  1210   520
	15447 12853    -1  1210   520
	15449 12853    -1  1210   520
	15447 12854    -1  1210   520
	15448 12854    -1  1210   520
	15452 12855    -1  1210   520
	15450 12855    -1  1210   520
	15448 12856    -1  1210   520
	15447 12856    -1  1210   520
	15449 12856    -1  1210   520
	15449 12855    -1  1210   520
	15447 12856    -1  1210   520
	15449 12856    -1  1210   520
	15449 12856    -1  1210   520
	15449 12856    -1  1210   520
	15447 12857    -1  1210   520
	15450 12857    -1  1210   520
	15452 12856    -1  1210   520
	15450 12857    -1  1210   520
	15452 12857    -1  1210   520
	15453 12857    -1  1210   520
	15452 12857    -1  1210   520
	15449 12857    -1  1210   520
	15449 12856    -1  1210   520
	15450 12856    -1  1210   520
	15452 12854    -1  1210   520
	15450 12855    -1  1210   520
	15448 12854    -1  1210   520
	15447 12854    -1  1210   520
	15449 12853    -1  1210   520
	15449 12854    -1  1210   520
	15449 12844    -1  1210   520
	15448 12853    -1  1210   520
	15450 12844    -1  1210   520
	15448 12854    -1  1210   520
	15449 12853    -1  1210   520
	15448 12854    -1  1210   520
	15449 12854    -1  1210   520
	15447 12853    -1  1210   520
	15448 12853    -1  1210   520
	15447 12854    -1  1210   520
	15447 12854    -1  1210   520
	15446 12853    -1  1210   520
	15446 12853    -1  1210   520
	15445 12853    -1  1210   520
	15446 12844    -1  1210   520
	15446 12843    -1  1210   520
	15447 12843    -1  1210   520
	15445 12842    -1  1210   520
	15444 12842    -1  1210   520
	15443 12841    -1  1210   520
	15443 12842    -1  1210   520
	15444 12842    -1  1210   520
	15444 12842    -1  1210   520
	15444 12842    -1  1210   520
	15444 12842    -1  1210   520
	15446 12842    -1  1210   520
	15447 12843    -1  1210   520
	15447 12844    -1  1210   520
	15447 12853    -1  1210   520
	15447 12853    -1  1210   520
	15449 12853    -1  1210   520
	15447 12853    -1  1210   520
	15449 12853    -1  1210   520
	15447 12844    -1  1210   520
	15449 12843    -1  1210   520
	15447 12853    -1  1210   520
	15445 12844    -1  1210   520
	15447 12843    -1  1210   520
	15445 12843    -1  1210   520
	15443 12843    -1  1210   520
	15443 12843    -1  1210   520
	15440 12842    -1  1210   520
	15442 12842    -1  1210   520
	15442 12842    -1  1210   520
	15442 12842    -1  1210   520
	15441 12843    -1  1210   520
	15441 12843    -1  1210   520
	15442 12843    -1  1210   520
	15442 12843    -1  1210   520
	15440 12843    -1  1210   520
	15442 12843    -1  1210   520
	15441 12843    -1  1210   520
	15441 12843    -1  1210   520
	15441 12843    -1  1210   520
	15441 12842    -1  1210   520
	15441 12842    -1  1210   520
	15441 12842    -1  1210   520
	15439 12842    -1  1210   520
	15438 12822    -1  1210   520
	15436 12841    -1  1210   520
	15436 12840    -1  1210   520
	15436 12841    -1  1210   520
	15436 12840    -1  1210   520
	15436 12841    -1  1210   520
	15436 12841    -1  1210   520
	15436 12842    -1  1210   520
	15438 12842    -1  1210   520
	15435 12841    -1  1210   520
	15439 12840    -1  1210   520
	15435 12840    -1  1210   520
	15436 12839    -1  1210   520
	15434 12838    -1  1210   520
	15433 12838    -1  1210   520
	15431 12838    -1  1210   520
	15433 12837    -1  1210   520
	15431 12838    -1  1210   520
	15430 12838    -1  1210   520
	15431 12837    -1  1210   520
	15433 12838    -1  1210   520
	15431 12838    -1  1210   520
	15432 12838    -1  1210   520
	15435 12839    -1  1210   520
	15435 12839    -1  1210   520
	15436 12839    -1  1210   520
	15437 12840    -1  1210   520
	15436 12840    -1  1210   520
	15438 12841    -1  1210   520
	15435 12840    -1  1210   520
	15433 12840    -1  1210   520
	15437 12839    -1  1210   520
	15435 12838    -1  1210   520
	15435 12839    -1  1210   520
	15434 12838    -1  1210   520
	15436 12838    -1  1210   520
	15436 12839    -1  1210   520
	15439 12839    -1  1210   520
	15441 12841    -1  1220   530
	15445 12839    -1  1220   530
	15450 12841    -1  1220   530
	15454 12840    -1  1220   530
	15462 12823    -1  1210   530
	15467 12841    -1  1210   530
	15468 12843   344  1210   530
	15474 12842   450  1220   540
	15467 12841   497  1220   540
	15466 12842   592  1220   540
	15465 12841   630  1220   540
	15466 12840   684  1230   550
	15466 12840   752  1230   550
	15464 12840   792  1230   550
	15465 12839   801  1240   550
	15463 12839   808  1240   550
	15464 12840   833  1220   560
	15463 12839   839  1220   560
	15463 12838   846  1230   560
	15463 12839   849  1230   560
	15464 12838   869  1230   560
	15467 12838   874  1260   570
	15464 12837   876  1260   570
	15467 12838   876  1260   570
	15466 12840   874  1260   570
	15465 12839   871  1260   570
	15468 12839   846  1260   570
	15468 12840   835  1260   570
	15468 12841   804  1260   570
	15469 12841   777  1260   570
	15473 12842   677  1260   570
	15479 12844   605  1260   570
	15492 12854   465  1260   570
	15511 12858   108  1260   570
	15529 12873    -1  1250   560
	15544 12886    -1  1250   560
	15564 12904    -1  1250   560
	15595 12923    -1  1250   560
	15631 12952    -1  1250   550
	15672 12981    -1  1250   550
	15717 13003    -1  1250   550
	15757 13029    -1  1260   540
	15802 13052    -1  1270   530
	15840 13079    -1  1270   530
	15869 13100    -1  1280   530
	15903 13114    -1  1290   520
	15935 13131    -1  1280   530
	15955 13143    -1  1280   530
	15967 13146    -1  1280   530
	15973 13148    -1  1280   530
	15974 13148    -1  1280   530
	15968 13148    -1  1280   540
	15963 13147    -1  1280   540
	15951 13146    -1  1260   540
	15945 13146    -1  1260   540
	15934 13145    -1  1250   550
	15924 13148    -1  1250   550
	15916 13158    -1  1250   560
	15911 13161    -1  1250   560
	15907 13164    -1  1230   560
	15905 13176    -1  1220   570
	15901 13189    -1  1200   570
	15901 13191    -1  1190   560
	15901 13194    -1  1210   560
	15898 13206    -1  1210   560
	15900 13208    -1  1210   560
	15898 13210    -1  1210   560
	15902 13211    -1  1210   560
	15900 13211    -1  1210   560
	15902 13212    -1  1210   560
	15906 13211    -1  1210   560
	15907 13211    -1  1210   560
	15908 13211    -1  1210   560
	15910 13211    -1  1210   560
	15914 13211    -1  1210   560
	15914 13210    -1  1210   560
	15915 13212    -1  1210   560
	15915 13212    -1  1220   560
	15915 13211    -1  1220   560
	15916 13212    -1  1220   560
	15915 13211    -1  1220   560
	15917 13211    -1  1220   560
	15916 13211    -1  1220   560
	15916 13212    -1  1220   560
	15918 13212    -1  1220   560
	15918 13222    -1  1220   560
	15919 13221    -1  1220   560
	15920 13222    -1  1220   560
	15921 13222    -1  1220   560
	15921 13224    -1  1220   560
	15919 13224    -1  1220   560
	15918 13224    -1  1220   560
	15919 13225    -1  1220   560
	15919 13223    -1  1220   560
	15919 13224    -1  1220   560
	15917 13225    -1  1220   560
	15917 13224    -1  1220   560
	15918 13225    -1  1220   560
	15917 13224    -1  1220   560
	15917 13226    -1  1220   560
	15920 13225    -1  1220   560
	15918 13227    -1  1220   560
	15918 13225    -1  1220   560
	15917 13228    -1  1220   560
	15919 13228    -1  1220   560
	15916 13228    -1  1220   560
	15916 13228    -1  1220   560
	15914 13237    -1  1220   560
	15910 13237    -1  1220   560
	15908 13237    -1  1220   560
	15908 13237    -1  1220   560
	15905 13228    -1  1220   560
	15903 13227    -1  1220   560
	15901 13227    -1  1220   560
	15899 13227    -1  1220   560
	15897 13225    -1  1220   560
	15899 13225    -1  1220   560
	15895 13223    -1  1220   560
	15896 13223    -1  1220   560
	15893 13222    -1  1220   560
	15896 13222    -1  1210   550
	15895 13222    -1  1210   550
	15892 13212    -1  1210   550
	15891 13211    -1  1210   550
	15891 13212    -1  1210   550
	15889 13209    -1  1210   550
	15889 13209    -1  1210   550
	15884 13208    -1  1210   550
	15883 13208    -1  1210   550
	15883 13208    -1  1210   550
	15881 13207    -1  1210   550
	15880 13207    -1  1210   550
	15879 13206    -1  1210   550
	15880 13205    -1  1210   550
	15879 13195    -1  1210   550
	15876 13195    -1  1210   550
	15876 13193    -1  1210   550
	15878 13193    -1  1210   550
	15876 13193    -1  1210   550
	15876 13191    -1  1210   550
	15878 13191    -1  1210   550
	15876 13190    -1  1210   550
	15878 13190    -1  1200   550
	15878 13180    -1  1200   550
	15876 13179    -1  1200   550
	15876 13179    -1  1200   550
	15875 13179    -1  1200   550
	15873 13180    -1  1200   550
	15873 13179    -1  1200   550
	15873 13180    -1  1200   550
	15873 13180    -1  1200   550
	15876 13179    -1  1200   550
	15875 13179    -1  1200   550
	15874 13179    -1  1200   550
	15873 13179    -1  1200   550
	15876 13179    -1  1200   550
	15876 13180    -1  1200   550
	15875 13178    -1  1200   550
	15874 13179    -1  1200   550
	15873 13178    -1  1200   550
	15874 13179    -1  1200   550
	15873 13179    -1  1200   550
	15874 13177    -1  1200   550
	15874 13177    -1  1200   550
	15873 13176    -1  1200   550
	15874 13176    -1  1200   550
	15873 13175    -1  1200   550
	15871 13175    -1  1200   550
	15871 13174    -1  1200   550
	15869 13174    -1  1200   550
	15870 13174    -1  1200   550
	15869 13174    -1  1200   550
	15865 13175    -1  1200   550
	15869 13174    -1  1200   550
	15868 13174    -1  1200   550
	15870 13174    -1  1200   550
	15868 13175    -1  1200   550
	15866 13176    -1  1200   550
	15866 13174    -1  1200   550
	15865 13176    -1  1200   550
	15866 13174    -1  1200   550
	15865 13175    -1  1200   550
	15864 13174    -1  1200   550
	15862 13174    -1  1200   550
	15861 13173    -1  1200   550
	15860 13173    -1  1200   550
	15857 13173    -1  1200   550
	15860 13164    -1  1200   550
	15856 13164    -1  1200   550
	15856 13162    -1  1200   550
	15856 13162    -1  1200   550
	15855 13162    -1  1190   540
	15855 13160    -1  1190   540
	15855 13160    -1  1200   550
	15854 13160    -1  1200   550
	15854 13159    -1  1200   550
	15854 13160    -1  1200   550
	15853 13159    -1  1200   550
	15854 13160    -1  1200   550
	15855 13160    -1  1200   550
	15852 13160    -1  1200   550
	15851 13159    -1  1210   550
	15850 13159    -1  1210   550
	15852 13157    -1  1210   550
	15848 13159    -1  1210   550
	15850 13160    -1  1210   550
	15847 13161    -1  1210   550
	15847 13159    -1  1210   550
	15848 13160    -1  1210   550
	15848 13160    -1  1200   540
	15848 13159    -1  1200   540
	15847 13158    -1  1200   540
	15847 13158    -1  1200   540
	15848 13158    -1  1200   540
	15848 13157    -1  1200   540
	15849 13158    -1  1200   540
	15850 13158    -1  1200   540
	15850 13157    -1  1200   540
	15850 13158    -1  1200   540
	15851 13160    -1  1200   540
	15851 13159    -1  1200   540
	15854 13160    -1  1200   540
	15853 13161    -1  1200   540
	15853 13160    -1  1200   540
	15853 13159    -1  1200   540
	15854 13161    -1  1200   540
	15853 13161    -1  1200   540
	15853 13161    -1  1200   540
	15854 13161    -1  1200   540
	15853 13161    -1  1200   540
	15854 13161    -1  1200   540
	15854 13161    -1  1200   540
	15855 13162    -1  1200   540
	15854 13163    -1  1200   540
	15855 13162    -1  1200   540
	15855 13163    -1  1200   540
	15856 13162    -1  1200   540
	15856 13163    -1  1200   540
	15855 13161    -1  1200   540
	15855 13163    -1  1200   540
	15857 13163    -1  1200   540
	15857 13163    -1  1200   540
	15859 13163    -1  1200   540
	15859 13163    -1  1200   540
	15859 13163    -1  1200   540
	15859 13163    -1  1200   540
	15859 13161    -1  1200   540
	15859 13162    -1  1200   540
	15862 13161    -1  1200   540
	15860 13161    -1  1200   540
	15859 13160    -1  1200   540
	15859 13162    -1  1200   540
	15860 13162    -1  1200   540
	15860 13161    -1  1200   540
	15863 13162    -1  1200   540
	15862 13164    -1  1210   550
	15864 13164    -1  1200   550
	15862 13164    -1  1200   550
	15865 13164    -1  1200   550
	15865 13164    -1  1200   550
	15864 13174    -1  1200   550
	15868 13174    -1  1200   550
	15864 13173    -1  1200   550
	15864 13164    -1  1200   550
	15864 13173    -1  1200   550
	15864 13164    -1  1200   550
	15862 13163    -1  1200   550
	15863 13163    -1  1200   550
	15861 13163    -1  1210   550
	15862 13163    -1  1210   550
	15862 13162    -1  1210   550
	15861 13162    -1  1210   550
	15859 13164    -1  1210   550
	15861 13163    -1  1210   550
	15863 13163    -1  1210   550
	15862 13164    -1  1210   550
	15863 13173    -1  1210   550
	15862 13173    -1  1210   550
	15862 13175    -1  1210   550
	15863 13175    -1  1210   550
	15863 13176    -1  1210   550
	15863 13176    -1  1210   550
	15863 13176    -1  1210   550
	15862 13176    -1  1210   550
	15862 13176    -1  1210   550
	15861 13175    -1  1210   550
	15860 13175    -1  1210   550
	15857 13174    -1  1210   550
	15857 13173    -1  1210   550
	15856 13173    -1  1210   550
	15856 13173    -1  1210   550
	15856 13173    -1  1210   550
	15855 13173    -1  1210   550
	15854 13173    -1  1210   550
	15855 13173    -1  1210   550
	15854 13175    -1  1210   550
	15852 13175    -1  1210   550
	15853 13176    -1  1210   550
	15855 13177    -1  1210   550
	15853 13177    -1  1210   550
	15854 13177    -1  1210   550
	15855 13177    -1  1210   550
	15855 13178    -1  1210   550
	15854 13177    -1  1210   550
	15855 13179    -1  1210   550
	15854 13177    -1  1210   550
	15851 13177    -1  1210   550
	15851 13177    -1  1210   550
	15850 13176    -1  1210   550
	15846 13176    -1  1210   550
	15846 13175    -1  1210   550
	15847 13177    -1  1210   550
	15847 13176    -1  1210   550
	15846 13177    -1  1210   550
	15846 13178    -1  1210   550
	15845 13178    -1  1210   550
	15843 13178    -1  1210   550
	15843 13179    -1  1210   550
	15843 13180    -1  1210   550
	15844 13180    -1  1210   550
	15843 13189    -1  1210   550
	15844 13180    -1  1210   550
	15845 13180    -1  1210   550
	15846 13179    -1  1210   550
	15845 13179    -1  1210   550
	15846 13179    -1  1210   550
	15845 13179    -1  1210   550
	15845 13178    -1  1210   550
	15844 13177    -1  1210   550
	15843 13178    -1  1210   550
	15843 13177    -1  1210   550
	15842 13176    -1  1210   550
	15838 13177    -1  1210   550
	15837 13175    -1  1210   550
	15836 13175    -1  1210   550
	15836 13175    -1  1210   550
	15836 13176    -1  1210   550
	15838 13176    -1  1210   550
	15840 13176    -1  1210   550
	15840 13177    -1  1210   550
	15840 13178    -1  1210   550
	15838 13179    -1  1210   550
	15842 13179    -1  1210   550
	15840 13180    -1  1200   540
	15842 13179    -1  1200   540
	15840 13179    -1  1200   540
	15842 13179    -1  1200   540
	15839 13178    -1  1200   540
	15840 13178    -1  1200   540
	15840 13176    -1  1200   540
	15836 13175    -1  1200   540
	15839 13173    -1  1200   540
	15838 13164    -1  1200   540
	15838 13164    -1  1200   540
	15837 13163    -1  1200   540
	15838 13162    -1  1210   550
	15837 13163    -1  1210   550
	15838 13164    -1  1210   550
	15840 13164    -1  1210   550
	15837 13163    -1  1210   550
	15838 13164    -1  1210   550
	15840 13173    -1  1210   550
	15841 13173    -1  1210   550
	15841 13174    -1  1210   550
	15843 13175    -1  1210   550
	15843 13175    -1  1210   550
	15843 13176    -1  1210   550
	15844 13176    -1  1210   550
	15843 13175    -1  1210   550
	15843 13175    -1  1210   550
	15841 13175    -1  1210   550
	15838 13173    -1  1200   540
	15842 13175    -1  1200   540
	15837 13173    -1  1200   540
	15835 13164    -1  1200   540
	15836 13163    -1  1200   540
	15832 13164    -1  1200   540
	15835 13163    -1  1200   540
	15836 13162    -1  1200   540
	15836 13163    -1  1200   540
	15837 13164    -1  1200   540
	15836 13163    -1  1200   540
	15834 13164    -1  1200   540
	15838 13173    -1  1200   540
	15838 13174    -1  1200   540
	15838 13174    -1  1200   540
	15837 13175    -1  1200   540
	15839 13175    -1  1200   540
	15839 13175    -1  1200   540
	15838 13176    -1  1200   540
	15839 13177    -1  1200   540
	15838 13175    -1  1200   540
	15837 13175    -1  1200   540
	15838 13175    -1  1200   540
	15836 13173    -1  1200   540
	15838 13164    -1  1200   540
	15838 13164    -1  1200   540
	15838 13164    -1  1200   540
	15838 13164    -1  1200   540
	15838 13162    -1  1200   540
	15838 13164    -1  1200   540
	15837 13162    -1  1200   540
	15839 13163    -1  1200   540
	15837 13163    -1  1200   540
	15838 13162    -1  1200   540
	15837 13163    -1  1200   540
	15835 13163    -1  1200   540
	15838 13163    -1  1200   540
	15836 13162    -1  1200   540
	15837 13163    -1  1200   540
	15837 13163    -1  1200   540
	15838 13164    -1  1200   540
	15839 13162    -1  1200   540
	15839 13163    -1  1200   540
	15841 13164    -1  1200   540
	15837 13164    -1  1200   540
	15838 13163    -1  1200   540
	15838 13164    -1  1200   540
	15838 13163    -1  1200   540
	15838 13163    -1  1200   540
	15838 13163    -1  1200   540
	15838 13164    -1  1200   540
	15837 13163    -1  1200   540
	15837 13162    -1  1200   540
	15838 13164    -1  1200   540
	15838 13164    -1  1200   540
	15837 13163    -1  1220   540
	15838 13163    -1  1220   540
	15837 13164    -1  1220   540
	15838 13164    -1  1220   540
	15839 13164    -1  1220   540
	15836 13162    -1  1220   540
	15840 13163    -1  1220   540
	15837 13163    -1  1220   540
	15838 13163    -1  1220   540
	15837 13161    -1  1220   540
	15838 13161    -1  1220   540
	15838 13160    -1  1220   540
	15837 13161    -1  1220   540
	15836 13160    -1  1220   540
	15837 13161    -1  1220   540
	15838 13161    -1  1220   540
	15837 13161    -1  1220   540
	15838 13160    -1  1220   540
	15837 13161    -1  1220   540
	15837 13161    -1  1220   540
	15838 13160    -1  1220   540
	15838 13160    -1  1220   540
	15837 13161    -1  1220   540
	15838 13160    -1  1230   550
	15839 13161    -1  1230   550
	15842 13161    -1  1230   550
	15841 13160    -1  1230   550
	15840 13160    -1  1230   550
	15840 13161    -1  1230   550
	15838 13161    -1  1230   550
	15840 13160    -1  1210   550
	15838 13160    -1  1210   550
	15840 13158    -1  1210   550
	15842 13159    -1  1210   550
	15836 13158    -1  1210   550
	15837 13158    -1  1210   550
	15838 13158    -1  1210   550
	15837 13158    -1  1210   550
	15838 13158    -1  1210   550
	15835 13157    -1  1210   550
	15837 13157    -1  1210   550
	15837 13157    -1  1210   550
	15837 13157    -1  1210   550
	15836 13158    -1  1210   550
	15837 13158    -1  1200   540
	15840 13157    -1  1200   540
	15838 13157    -1  1200   540
	15838 13158    -1  1200   540
	15836 13158    -1  1200   540
	15838 13159    -1  1200   540
	15838 13159    -1  1200   540
	15837 13158    -1  1200   540
	15839 13158    -1  1200   540
	15837 13160    -1  1200   540
	15839 13158    -1  1200   540
	15837 13158    -1  1200   540
	15838 13157    -1  1200   540
	15840 13158    -1  1200   540
	15838 13159    -1  1200   540
	15839 13158    -1  1200   540
	15838 13159    -1  1200   540
	15838 13157    -1  1200   540
	15840 13158    -1  1200   540
	15840 13158    -1  1200   540
	15840 13157    -1  1200   540
	15841 13158    -1  1200   540
	15841 13158    -1  1200   540
	15839 13158    -1  1200   540
	15840 13158    -1  1200   540
	15839 13158    -1  1200   540
	15840 13157    -1  1200   540
	15840 13158    -1  1200   540
	15840 13158    -1  1200   540
	15840 13158    -1  1200   540
	15838 13158    -1  1200   540
	15837 13157    -1  1200   540
	15840 13158    -1  1200   540
	15836 13148    -1  1200   540
	15835 13148    -1  1200   540
	15836 13148    -1  1200   540
	15836 13148    -1  1200   540
	15836 13148    -1  1200   540
	15834 13147    -1  1200   540
	15834 13147    -1  1200   540
	15834 13146    -1  1200   540
	15832 13146    -1  1200   540
	15834 13146    -1  1200   540
	15832 13145    -1  1200   540
	15832 13146    -1  1200   540
	15835 13146    -1  1200   540
	15832 13146    -1  1200   540
	15832 13147    -1  1200   540
	15831 13147    -1  1200   540
	15835 13148    -1  1200   540
	15834 13157    -1  1200   540
	15835 13147    -1  1200   540
	15834 13157    -1  1200   540
	15830 13146    -1  1200   540
	15834 13147    -1  1200   540
	15831 13146    -1  1200   540
	15832 13145    -1  1200   540
	15834 13145    -1  1200   540
	15830 13145    -1  1200   540
	15831 13143    -1  1200   540
	15834 13143    -1  1200   540
	15834 13142    -1  1200   540
	15834 13142    -1  1200   540
	15834 13142    -1  1200   540
	15834 13142    -1  1200   540
	15836 13142    -1  1200   540
	15834 13142    -1  1200   540
	15834 13142    -1  1200   540
	15832 13142    -1  1200   540
	15836 13142    -1  1200   540
	15834 13142    -1  1200   540
	15834 13141    -1  1200   540
	15832 13142    -1  1200   540
	15834 13142    -1  1200   540
	15834 13141    -1  1200   540
	15832 13142    -1  1200   540
	15836 13141    -1  1200   540
	15834 13142    -1  1200   540
	15836 13142    -1  1200   540
	15834 13141    -1  1200   540
	15834 13142    -1  1200   540
	15834 13143    -1  1200   540
	15834 13142    -1  1200   540
	15832 13141    -1  1200   540
	15835 13143    -1  1200   540
	15834 13141    -1  1200   540
	15834 13142    -1  1200   540
	15835 13142    -1  1200   540
	15830 13141    -1  1200   540
	15831 13141    -1  1200   540
	15831 13141    -1  1200   540
	15831 13141    -1  1200   540
	15829 13132    -1  1200   540
	15829 13141    -1  1200   540
	15829 13141    -1  1200   540
	15829 13141    -1  1200   540
	15829 13141    -1  1200   540
	15829 13142    -1  1210   550
	15829 13142    -1  1210   550
	15831 13143    -1  1210   550
	15831 13144    -1  1210   550
	15828 13143    -1  1210   550
	15828 13145    -1  1210   550
	15828 13144    -1  1210   550
	15829 13144    -1  1210   550
	15826 13144    -1  1210   550
	15825 13143    -1  1210   550
	15827 13145    -1  1210   550
	15828 13143    -1  1210   550
	15828 13143    -1  1210   550
	15827 13142    -1  1210   550
	15826 13142    -1  1210   550
	15828 13142    -1  1210   550
	15827 13141    -1  1210   550
	15828 13141    -1  1210   550
	15829 13141    -1  1210   550
	15831 13132    -1  1210   550
	15831 13131    -1  1210   550
	15828 13141    -1  1210   550
	15832 13131    -1  1210   550
	15828 13130    -1  1210   550
	15828 13131    -1  1210   550
	15829 13131    -1  1210   550
	15832 13131    -1  1210   550
	15828 13130    -1  1210   550
	15831 13130    -1  1210   550
	15831 13131    -1  1210   550
	15827 13130    -1  1210   550
	15831 13131    -1  1210   550
	15828 13130    -1  1210   550
	15828 13131    -1  1210   550
	15829 13130    -1  1210   550
	15828 13130    -1  1210   550
	15828 13130    -1  1210   550
	15828 13130    -1  1210   550
	15828 13130    -1  1210   550
	15828 13130    -1  1210   550
	15829 13130    -1  1210   550
	15829 13130    -1  1210   550
	15828 13128    -1  1210   550
	15829 13128    -1  1210   550
	15825 13128    -1  1210   550
	15826 13126    -1  1210   550
	15824 13126    -1  1210   550
	15824 13126    -1  1210   550
	15824 13127    -1  1210   550
	15820 13127    -1  1210   550
	15820 13128    -1  1210   550
	15822 13127    -1  1210   550
	15817 13128    -1  1210   550
	15817 13127    -1  1210   550
	15816 13128    -1  1210   550
	15818 13129    -1  1240   540
	15815 13129    -1  1240   540
	15816 13131    -1  1240   540
	15816 13131    -1  1240   540
	15815 13132    -1  1240   540
	15815 13131    -1  1240   540
	15815 13131    -1  1240   540
	15810 13131    -1  1240   540
	15813 13132    -1  1240   540
	15810 13132    -1  1230   550
	15808 13132    -1  1230   550
	15809 13132    -1  1230   550
	15806 13132    -1  1230   550
	15806 13141    -1  1210   550
	15805 13132    -1  1210   550
	15804 13132    -1  1210   550
	15804 13132    -1  1210   550
	15801 13132    -1  1210   550
	15799 13132    -1  1210   550
	15801 13141    -1  1210   550
	15799 13132    -1  1210   550
	15800 13132    -1  1210   550
	15798 13132    -1  1210   550
	15798 13132    -1  1210   550
	15797 13130    -1  1210   550
	15796 13130    -1  1210   550
	15797 13129    -1  1210   550
	15796 13129    -1  1210   550
	15795 13127    -1  1210   550
	15795 13126    -1  1210   550
	15795 13126    -1  1210   550
	15793 13126    -1  1210   550
	15796 13126    -1  1210   550
	15794 13125    -1  1210   550
	15797 13125    -1  1210   550
	15797 13126    -1  1230   550
	15799 13126    -1  1230   550
	15795 13126    -1  1230   550
	15798 13127    -1  1230   550
	15798 13126    -1  1230   550
	15797 13127    -1  1230   550
	15796 13126    -1  1230   550
	15796 13127    -1  1230   550
	15794 13126    -1  1230   550
	15796 13126    -1  1230   550
	15791 13126    -1  1230   550
	15795 13126    -1  1230   550
	15791 13116    -1  1250   540
	15795 13125    -1  1270   530
	15794 13125    -1  1270   530
	15791 13116    -1  1270   530
	15791 13116    -1  1270   530
	15790 13116    -1  1270   530
	15794 13116    -1  1270   530
	15791 13116    -1  1270   530
	15791 13125    -1  1270   530
	15789 13126    -1  1270   530
	15791 13127    -1  1270   530
	15789 13127    -1  1270   530
	15790 13127    -1  1270   530
	15789 13128    -1  1270   530
	15788 13127    -1  1270   530
	15787 13127    -1  1270   530
	15787 13129    -1  1270   530
	15789 13128    -1  1270   530
	15788 13128    -1  1250   540
	15786 13128    -1  1250   540
	15785 13127    -1  1250   540
	15786 13126    -1  1250   540
	15785 13126    -1  1250   540
	15784 13125    -1  1250   540
	15785 13125    -1  1250   540
	15785 13125    -1  1250   540
	15782 13125    -1  1250   540
	15785 13116    -1  1250   540
	15785 13116    -1  1250   540
	15785 13125    -1  1250   540
	15782 13125    -1  1250   540
	15785 13125    -1  1250   540
	15782 13126    -1  1250   540
	15782 13127    -1  1250   540
	15782 13125    -1  1250   540
	15781 13126    -1  1250   540
	15781 13127    -1  1250   540
	15782 13126    -1  1250   540
	15780 13125    -1  1250   540
	15780 13127    -1  1250   540
	15780 13125    -1  1250   540
	15780 13125    -1  1250   540
	15781 13125    -1  1250   540
	15782 13125    -1  1250   540
	15779 13125    -1  1250   540
	15778 13125    -1  1250   540
	15782 13125    -1  1250   540
	15782 13116    -1  1250   540
	15780 13116    -1  1250   540
	15782 13116    -1  1250   540
	15779 13125    -1  1250   540
	15781 13125    -1  1250   540
	15780 13116    -1  1250   540
	15780 13125    -1  1250   540
	15776 13125    -1  1250   540
	15778 13127    -1  1250   540
	15778 13127    -1  1250   540
	15775 13116    -1  1250   540
	15776 13125    -1  1250   540
	15775 13116    -1  1250   540
	15775 13116    -1  1250   540
	15777 13114    -1  1250   540
	15775 13114    -1  1250   540
	15772 13113    -1  1250   540
	15772 13112    -1  1250   540
	15772 13112    -1  1250   540
	15772 13112    -1  1250   540
	15772 13110    -1  1250   540
	15772 13110    -1  1250   540
	15771 13110    -1  1250   540
	15772 13112    -1  1250   540
	15771 13110    -1  1250   540
	15770 13110    -1  1250   540
	15770 13110    -1  1250   540
	15767 13110    -1  1250   540
	15821 13110    -1  1250   540
	15767 13100    -1  1250   540
	15765 13098    -1  1250   540
	15763 13098    -1  1250   540
	15760 13095    -1  1250   540
	15762 13095    -1  1250   540
	15762 13093    -1  1250   540
	15759 13083    -1  1250   540
	15756 13083    -1  1240   540
	15753 13082    -1  1240   540
	15752 13081    -1  1240   540
	15749 13079    -1  1240   540
	15747 13077    -1  1240   540
	15743 13067    -1  1240   540
	15739 13066    64  1240   540
	15735 13063    75  1240   540
	15730 13051   201  1240   540
	15725 13049   262  1240   540
	15720 13045   308  1240   540
	15716 13036   352  1240   540
	15711 13033   310  1240   540
	15707 13020   368  1240   540
	15703 13016   415  1230   550
	15704 13016   442  1230   550
	15703 13015   462  1230   550
	15707 13016   476  1230   550
	15707 13016   487  1230   550
	15711 13016   497  1230   550
	15713 13016   507  1230   550
	15720 13017   516  1230   550
	15724 13018   547  1230   550
	15728 13029   567  1230   550
	15738 13036   574  1230   550
	15754 13061   581  1230   550
	15770 13081   584  1230   550
	15786 13111   581  1230   550
	15806 13146   581  1240   550
	15826 13189   584  1240   550
	15850 13224   581  1240   550
	15870 13259   581  1240   550
	15889 13301   584  1240   550
	15908 13333   581  1240   550
	15920 13353   581  1250   550
	15932 13381   581  1250   550
	15941 13402   581  1250   550
	15946 13429   581  1250   550
	15947 13446   584  1250   550
	15947 13462   584  1250   550
	15943 13467   586  1250   550
	15937 13479   588  1260   540
	15931 13481   590  1260   540
	15925 13483   595  1260   540
	15917 13483   599  1260   540
	15906 13482   599  1260   540
	15893 13482   599  1260   540
	15879 13477   599  1260   540
	15864 13466   599  1260   540
	15852 13450   597  1260   540
	15829 13431   595  1260   540
	15810 13404   595  1260   540
	15793 13381   595  1260   540
	15770 13339   595  1260   540
	15752 13304   595  1260   540
	15731 13259   592  1250   540
	15707 13222   592  1250   540
	15691 13173   592  1250   540
	15673 13109   590  1250   540
	15659 13051   592  1250   540
	15653 13003   590  1250   540
	15647 12954   590  1250   540
	15653 12907   590  1240   540
	15654 12873   586  1240   540
	15667 12839   586  1240   540
	15680 12810   581  1240   540
	15698 12780   579  1230   550
	15715 12760   574  1230   550
	15734 12743   555  1230   550
	15753 12732   513  1210   550
	15778 12741   504  1210   550
	15805 12744   494  1210   550
	15833 12758   480  1210   550
	15855 12775   462  1200   550
	15882 12795   420  1200   550
	15904 12825   269  1200   550
	15930 12857   201  1210   560
	15954 12889    -1  1210   560
	15974 12920    -1  1210   560
	15988 12940    -1  1210   560
	16002 12967    -1  1210   560
	16014 12987    -1  1210   560
	16031 13002    -1  1220   560
	16042 13018    -1  1230   560
	16053 13031    -1  1250   560
	16063 13035    -1  1250   560
	16075 13036    -1  1250   560
	16080 13035    -1  1260   560
	16087 13033    -1  1260   560
	16090 13032    -1  1260   560
	16094 13030    -1  1270   550
	16095 13020    -1  1270   550
	16095 13018    -1  1270   550
	16095 13017    -1  1300   550
	16097 13015    -1  1300   550
	16099 13015    -1  1300   550
	16094 13016    -1  1300   550
	16094 13015    -1  1300   550
	16096 13015    -1  1300   550
	16097 13015    -1  1300   550
	16098 13016    -1  1300   550
	16101 13017    -1  1290   550
	16102 13017    -1  1270   550
	16103 13018    -1  1270   550
	16105 13019    -1  1270   550
	16109 13020    -1  1270   550
	16110 13031    -1  1270   550
	16113 13033    -1  1260   560
	16116 13033    -1  1260   560
	16116 13045     0  1260   560
	16119 13049    35  1260   560
	16120 13050   160  1260   560
	16122 13051   218  1250   560
	16120 13062   262  1250   560
	16118 13063   297  1250   560
	16117 13063   327  1250   560
	16115 13066   344  1250   560
	16114 13066   360  1250   560
	16112 13067   286  1250   560
	16108 13067   324  1250   560
	16106 13067   357  1250   560
	16099 13067   385  1250   560
	16100 13066   410  1250   560
	16092 13064   424  1250   560
	16088 13064   433  1250   560
	16082 13063   437  1250   560
	16073 13052   446  1260   560
	16069 13050   462  1260   560
	16062 13049   469  1260   560
	16054 13047   473  1260   560
	16043 13034   473  1260   560
	16033 13031   476  1260   560
	16020 13016   476  1250   560
	16009 13004   480  1250   560
	15999 12997   487  1250   560
	15991 12983   494  1250   560
	15983 12970   497  1250   560
	15974 12956   497  1250   560
	15966 12949   500  1250   560
	15956 12935   500  1250   560
	15956 12923   504  1250   560
	15951 12906   504  1250   560
	15948 12891   507  1240   550
	15947 12876   507  1240   550
	15944 12869   507  1220   560
	15946 12854   507  1220   560
	15949 12841   507  1220   560
	15951 12827   504  1220   560
	15959 12824   504  1220   560
	15967 12812   500  1220   560
	15976 12812   497  1220   560
	15986 12811   494  1220   560
	15993 12810   494  1210   560
	16009 12812   490  1210   560
	16021 12822   490  1210   560
	16035 12827   490  1220   570
	16051 12842   487  1220   570
	16066 12858   487  1220   570
	16084 12875   487  1220   570
	16096 12892   484  1220   570
	16104 12917   480  1220   570
	16114 12933   480  1220   570
	16123 12940   480  1220   570
	16127 12955   480  1220   570
	16130 12969   480  1230   560
	16135 12983   480  1230   560
	16136 12997   484  1230   560
	16136 13000   487  1230   560
	16135 13004   490  1230   560
	16134 13014   494  1240   570
	16133 13015   497  1240   570
	16132 13015   500  1240   570
	16131 13015   507  1240   570
	16129 13015   507  1230   560
	16130 13015   510  1240   570
	16126 13015   513  1260   570
	16128 13015   519  1260   570
	16127 13015   528  1260   570
	16127 13015   531  1250   560
	16127 13014   533  1250   560
	16126 13015   539  1250   560
	16125 13014   544  1250   560
	16125 13014   550  1250   560
	16124 13014   552  1250   560
	16125 13013   557  1250   560
	16124 13013   562  1250   560
	16124 13014   565  1250   560
	16125 13014   567  1250   560
	16125 13014   572  1250   560
	16123 13014   574  1250   560
	16123 13015   574  1250   560
	16124 13015   577  1250   560
	16127 13013   579  1250   560
	16124 13014   579  1250   560
	16124 13014   579  1250   560
	16124 13014   581  1250   560
	16122 13014   581  1250   560
	16122 13014   581  1250   560
	16124 13013   581  1250   560
	16122 13004   579  1250   560
	16123 13013   581  1250   560
	16124 13014   579  1250   560
	16125 13014   579  1250   560
	16124 13013   579  1250   560
	16125 13014   579  1250   560
	16124 13013   579  1250   560
	16124 13013   579  1250   560
	16123 13004   579  1250   560
	16123 13004   577  1250   560
	16125 13013   574  1250   560
	16124 13013   574  1250   560
	16122 13003   574  1250   560
	16123 13004   574  1250   560
	16120 13004   572  1250   560
	16123 13004   572  1250   560
	16124 13004   572  1250   560
	16124 13004   570  1250   560
	16124 13004   570  1250   560
	16124 13004   567  1250   560
	16123 13004   565  1250   560
	16123 13004   560  1250   560
	16124 13004   557  1250   560
	16122 13003   557  1250   560
	16122 13004   555  1250   560
	16124 13003   557  1250   560
	16122 13003   555  1250   560
	16123 13003   555  1250   560
	16123 13013   555  1250   560
	16123 13003   555  1250   560
	16123 13013   557  1250   560
	16124 13003   557  1250   560
	16124 13014   560  1250   560
	16124 13003   557  1250   560
	16124 13003   557  1250   560
	16124 13013   557  1250   560
	16125 13013   555  1250   560
	16124 13013   555  1250   560
	16125 13013   555  1250   560
	16124 13004   552  1250   560
	16125 13004   552  1250   560
	16124 13004   550  1250   560
	16125 13013   550  1250   560
	16123 13003   550  1250   560
	16123 13003   552  1250   560
	16125 13003   552  1250   560
	16123 13004   552  1250   560
	16124 13003   555  1250   560
	16123 13003   555  1250   560
	16124 13003   555  1250   560
	16123 13003   555  1250   560
	16123 13003   555  1250   560
	16124 13003   555  1250   560
	16123 13003   557  1250   560
	16125 13003   555  1250   560
	16126 13013   555  1250   560
	16124 13004   557  1250   560
	16125 13003   557  1250   560
	16124 13004   557  1250   560
	16125 13004   555  1250   560
	16124 13013   557  1250   560
	16125 13003   555  1250   560
	16124 13013   557  1250   560
	16125 13003   555  1250   560
	16124 13004   557  1250   560
	16125 13003   555  1250   560
	16123 13004   557  1250   560
	16125 13003   555  1250   560
	16124 13004   555  1250   560
	16125 13004   557  1250   560
	16126 13004   555  1250   560
	16126 13003   555  1250   560
	16125 13003   557  1250   560
	16126 13004   555  1250   560
	16126 13013   557  1250   560
	16127 13013   560  1250   560
	16128 13013   560  1250   560
	16126 13003   560  1250   560
	16126 13013   565  1250   560
	16126 13004   567  1250   560
	16127 13004   570  1250   560
	16125 13014   570  1250   560
	16126 13004   572  1250   560
	16127 13013   574  1250   560
	16125 13004   574  1250   560
	16124 13004   574  1250   560
	16127 13004   579  1250   560
	16125 13013   579  1250   560
	16127 13013   579  1250   560
	16128 13004   579  1250   560
	16125 13004   579  1250   560
	16127 13013   579  1250   560
	16128 13013   579  1250   560
	16124 13013   581  1250   560
	16128 13014   581  1250   560
	16126 13004   581  1250   560
	16125 13013   581  1250   560
	16125 13004   581  1250   560
	16125 13004   581  1250   560
	16125 13004   581  1250   560
	16125 13004   581  1250   560
	16126 13003   581  1250   560
	16125 13004   581  1250   560
	16125 13004   581  1250   560
	16127 13004   581  1250   560
	16127 13003   581  1250   560
	16125 13003   581  1250   560
	16127 13004   581  1250   560
	16126 13004   581  1250   560
	16127 13003   581  1250   560
	16127 13003   581  1250   560
	16126 13004   581  1250   560
	16126 13003   581  1250   560
	16126 13003   581  1250   560
	16126 13003   581  1250   560
	16127 13004   581  1250   560
	16126 13004   581  1250   560
	16126 13003   581  1250   560
	16128 13004   581  1260   570
	16126 13003   581  1260   570
	16128 13004   581  1260   570
	16128 13004   581  1260   570
	16127 13004   581  1260   570
	16127 13004   581  1260   570
	16125 13003   581  1260   570
	16127 13004   581  1260   570
	16128 13004   581  1260   570
	16125 13003   581  1270   560
	16125 13004   581  1270   560
	16127 13003   581  1260   570
	16127 13013   584  1260   570
	16127 13004   581  1260   570
	16125 13004   584  1260   570
	16127 13003   584  1260   570
	16128 13003   581  1260   570
	16128 13004   584  1260   570
	16129 13003   584  1260   570
	16125 13004   581  1260   570
	16127 13004   584  1260   570
	16127 13003   584  1260   570
	16128 13004   584  1260   570
	16127 13004   584  1260   570
	16127 13004   586  1260   570
	16127 13004   586  1260   570
	16127 13003   586  1260   570
	16128 13003   586  1260   560
	16125 13004   586  1260   560
	16126 13003   586  1260   560
	16126 13004   586  1260   560
	16126 13013   586  1260   560
	16125 13013   586  1260   560
	16127 13003   586  1260   560
	16125 13013   586  1260   560
	16128 13013   586  1250   560
	16126 13013   586  1250   560
	16127 13004   586  1250   560
	16127 13013   586  1250   560
	16126 13004   588  1250   560
	16125 13004   588  1260   570
	16125 13004   586  1260   570
	16125 13003   588  1260   570
	16124 13004   588  1260   570
	16125 13003   588  1260   570
	16125 13004   588  1260   570
	16127 13003   588  1260   570
	16127 13003   590  1260   570
	16125 13003   588  1260   570
	16128 13004   590  1260   570
	16127 13003   590  1260   570
	16125 13004   590  1260   570
	16125 13003   590  1260   570
	16127 13004   590  1260   570
	16129 13003   590  1260   570
	16124 13004   590  1260   570
	16128 13003   590  1260   570
	16125 13004   590  1260   570
	16127 13004   590  1260   570
	16127 13003   590  1250   560
	16125 13004   590  1250   560
	16127 13003   590  1250   560
	16125 13003   590  1260   570
	16126 13004   590  1260   570
	16127 13003   590  1260   570
	16128 13003   590  1260   570
	16125 13004   590  1270   560
	16128 13003   590  1270   560
	16127 13003   590  1270   560
	16127 13013   590  1270   560
	16127 13003   590  1270   560
	16127 13013   590  1270   560
	16127 13002   590  1270   560
	16127 13013   590  1270   560
	16125 13013   590  1270   560
	16127 13004   590  1270   560
	16127 13003   590  1270   560
	16125 13004   590  1260   570
	16128 13004   590  1260   570
	16124 13004   590  1260   570
	16128 13003   590  1260   570
	16127 13003   590  1260   570
	16124 13003   590  1260   570
	16127 13003   590  1260   570
	16127 13003   590  1260   570
	16127 13003   590  1260   570
	16128 13003   590  1260   570
	16128 13004   590  1260   570
	16127 13003   590  1260   570
	16127 13004   590  1260   570
	16127 13004   590  1260   570
	16125 13004   590  1260   570
	16127 13003   590  1260   570
	16127 13003   590  1260   570
	16127 13013   590  1260   570
	16127 13004   590  1260   570
	16127 13004   590  1260   570
	16127 13003   590  1260   570
	16127 13003   590  1260   570
	16124 13003   590  1260   570
	16127 13013   590  1260   570
	16124 13004   590  1260   570
	16127 13003   590  1270   560
	16127 13004   590  1270   560
	16127 13004   590  1270   560
	16125 13013   590  1270   560
	16129 13004   590  1270   560
	16127 13004   590  1270   560
	16130 13004   590  1270   560
	16125 13004   590  1270   560
	16128 13004   590  1270   560
	16128 13013   590  1270   560
	16128 13013   590  1270   560
	16128 13004   590  1270   560
	16127 13004   590  1270   560
	16127 13004   590  1270   560
	16127 13004   590  1260   560
	16127 13003   590  1260   560
	16126 13003   590  1260   560
	16126 13013   590  1260   560
	16126 13004   590  1270   560
	16129 13004   590  1270   560
	16127 13013   590  1270   560
	16130 13003   590  1270   560
	16127 13013   590  1260   570
	16129 13013   590  1260   570
	16127 13003   590  1260   570
	16127 13003   590  1260   570
	16128 13003   590  1260   570
	16127 13003   590  1260   570
	16130 13003   590  1260   570
	16127 13003   590  1260   570
	16127 13003   590  1260   570
	16128 13003   590  1260   570
	16129 13003   590  1260   570
	16127 13003   590  1260   570
	16129 13003   590  1260   570
	16128 13003   590  1250   560
	16127 13003   590  1250   560
	16129 13004   590  1250   560
	16128 13003   590  1260   560
	16128 13003   590  1260   560
	16128 13004   590  1260   560
	16128 13003   590  1260   560
	16128 13013   590  1260   560
	16128 13003   590  1260   560
	16127 13004   590  1260   560
	16127 13003   590  1260   560
	16128 13013   590  1260   560
	16128 13013   590  1260   560
	16128 13004   590  1260   560
	16129 13003   590  1260   560
	16127 13004   590  1270   560
	16129 13003   590  1270   560
	16128 13003   590  1270   560
	16128 13004   590  1270   560
	16128 13004   590  1270   560
	16130 13003   588  1270   560
	16130 13004   590  1270   560
	16129 13013   588  1270   560
	16130 13003   590  1260   570
	16131 13013   590  1260   570
	16130 13004   588  1260   570
	16130 13002   588  1260   570
	16130 13002   588  1260   570
	16129 13003   588  1260   570
	16129 13003   588  1260   570
	16129 13003   590  1260   570
	16129 13002   590  1260   570
	16130 13003   590  1260   570
	16129 13003   590  1260   570
	16130 13003   590  1260   570
	16129 13003   588  1260   570
	16129 13003   588  1260   570
	16129 13003   588  1260   570
	16130 13003   590  1260   570
	16130 13003   588  1270   560
	16129 13003   590  1270   560
	16129 13004   590  1270   560
	16129 13003   588  1270   560
	16130 13002   588  1270   560
	16129 13013   590  1270   560
	16130 13003   590  1270   560
	16129 13004   590  1270   560
	16129 13003   590  1270   560
	16130 13003   590  1270   560
	16130 13004   590  1270   560
	16129 13003   590  1270   560
	16129 13004   590  1270   560
	16132 13003   590  1270   560
	16130 13002   590  1270   560
	16128 13004   590  1270   560
	16129 13002   590  1270   560
	16130 13002   590  1270   560
	16128 13003   590  1270   560
	16129 13004   590  1270   560
	16129 13003   590  1270   560
	16131 13003   590  1270   560
	16129 13002   590  1270   560
	16129 13002   590  1270   560
	16131 13004   590  1270   560
	16128 13002   590  1270   560
	16130 13003   590  1270   560
	16128 13004   590  1270   560
	16128 13002   590  1270   560
	16129 13002   590  1270   560
	16128 13003   590  1270   560
	16130 13002   590  1270   560
	16131 13003   590  1270   560
	16130 13003   590  1270   560
	16129 13003   590  1270   560
	16129 13003   590  1270   560
	16130 13003   590  1270   560
	16129 13002   588  1270   560
	16130 13003   588  1270   560
	16130 13003   590  1270   560
	16130 13003   588  1270   560
	16131 13002   588  1270   560
	16130 13002   590  1270   560
	16131 13002   590  1270   560
	16131 13002   588  1270   560
	16133 13003   588  1270   560
	16131 13003   588  1270   560
	16133 13003   588  1270   560
	16133 13002   588  1270   560
	16134 13002   588  1270   560
	16138 13002   586  1270   560
	16135 13002   586  1270   560
	16140 13002   584  1270   560
	16144 13002   584  1270   560
	16146 13001   581  1270   560
	16148 13002   581  1270   560
	16149 13002   581  1270   560
	16151 13001   581  1270   560
	16153 13002   581  1270   560
	16156 13002   581  1270   560
	16155 13001   581  1270   560
	16159 13001   581  1270   560
	16161 13002   581  1270   560
	16163 13001   581  1270   560
	16165 13002   581  1270   560
	16166 13002   579  1270   560
	16173 13002   581  1270   560
	16177 13002   581  1280   570
	16181 13002   579  1280   570
	16187 13002   579  1280   570
	16187 13002   577  1280   570
	16193 13013   577  1280   570
	16196 13013   579  1280   570
	16197 13004   579  1280   570
	16199 13013   579  1280   570
	16198 13013   579  1280   570
	16202 13013   579  1280   570
	16201 13013   579  1280   570
	16204 13013   579  1270   570
	16204 13013   579  1270   570
	16204 13014   579  1270   570
	16204 13003   579  1270   570
	16207 13013   579  1270   570
	16207 13014   579  1270   570
	16207 13014   579  1270   570
	16207 13013   579  1270   570
	16207 13014   579  1270   570
	16205 13013   579  1270   570
	16204 13014   579  1270   570
	16205 13014   581  1270   570
	16207 13013   581  1270   570
	16204 13013   581  1260   570
	16204 13014   581  1260   570
	16206 13014   581  1260   570
	16203 13014   581  1260   570
	16206 13014   581  1270   570
	16205 13013   581  1280   570
	16205 13013   581  1280   570
	16204 13014   581  1280   570
	16204 13013   584  1280   570
	16204 13013   584  1270   570
	16207 13013   584  1270   570
	16204 13004   584  1270   570
	16207 13013   584  1270   570
	16204 13004   586  1270   570
	16205 13013   586  1270   570
	16204 13013   586  1270   570
	16205 13013   586  1270   570
	16207 13014   588  1270   570
	16207 13004   588  1270   570
	16201 13014   588  1270   570
	16204 13004   588  1260   570
	16203 13014   588  1260   570
	16204 13004   588  1260   570
	16206 13013   588  1260   570
	16203 13003   588  1260   570
	16203 13004   588  1260   570
	16204 13004   588  1260   570
	16203 13003   588  1270   560
	16203 13003   588  1280   570
	16202 13004   588  1280   570
	16201 13004   588  1280   570
	16201 13004   588  1270   570
	16201 13004   590  1270   570
	16204 13003   590  1270   570
	16201 13003   590  1270   570
	16201 13003   590  1270   570
	16203 13003   590  1270   570
	16203 13004   590  1270   570
	16201 13003   590  1270   570
	16201 13003   590  1270   570
	16204 13003   590  1270   570
	16201 13003   590  1270   570
	16201 13004   590  1270   570
	16204 13003   590  1270   570
	16204 13004   590  1270   570
	16205 13003   590  1270   570
	16205 13003   590  1270   570
	16205 13003   590  1280   570
	16205 13003   590  1280   570
	16208 13013   590  1280   570
	16211 13013   590  1280   570
	16218 13013   590  1280   570
	16221 13014   588  1270   560
	16229 13015   588  1270   560
	16242 13015   588  1270   560
	16253 13018   590  1270   560
	16273 13030   588  1270   560
	16293 13033   588  1260   560
	16314 13046   590  1260   560
	16334 13062   588  1260   560
	16358 13081   588  1260   560
	16379 13100   588  1260   560
	16404 13128   586  1260   560
	16425 13158   588  1260   560
	16443 13180   586  1260   560
	16464 13212   586  1260   560
	16485 13242   586  1260   560
	16502 13271   584  1250   550
	16516 13303   581  1260   560
	16527 13333   581  1260   560
	16540 13352   581  1260   560
	16544 13371   581  1260   560
	16551 13386   581  1260   560
	16549 13398   581  1260   560
	16548 13401   584  1260   560
	16542 13404   586  1260   560
	16538 13413   588  1260   560
	16531 13413   590  1260   560
	16527 13404   592  1270   550
	16519 13403   590  1270   550
	16511 13401   590  1270   550
	16502 13399   590  1270   550
	16495 13388   590  1270   550
	16488 13385   590  1270   550
	16477 13368   590  1270   550
	16470 13355   590  1270   550
	16459 13338   590  1270   550
	16448 13321   588  1270   550
	16434 13302   590  1270   550
	16424 13273   588  1270   550
	16409 13240   588  1270   550
	16392 13193   590  1270   550
	16381 13157   590  1270   550
	16368 13109   592  1270   550
	16354 13062   590  1270   550
	16339 13020   592  1270   550
	16333 12982   595  1260   560
	16328 12938   595  1260   560
	16321 12904   597  1260   560
	16319 12872   597  1260   560
	16319 12841   597  1260   560
	16323 12824   597  1260   560
	16326 12808   597  1250   560
	16330 12791   597  1250   560
	16339 12777   597  1240   550
	16345 12775   595  1240   550
	16354 12773   595  1240   550
	16364 12763   597  1220   560
	16379 12763   595  1230   560
	16387 12773   595  1230   560
	16399 12775   595  1230   560
	16414 12777   595  1230   560
	16429 12792   595  1230   560
	16450 12808   597  1230   560
	16470 12825   595  1230   560
	16493 12843   595  1230   560
	16514 12869   595  1230   560
	16537 12890   592  1230   560
	16558 12918   592  1230   560
	16579 12937   592  1230   560
	16595 12955   592  1230   560
	16608 12981   592  1230   560
	16622 13000   592  1230   560
	16628 13014   592  1240   570
	16630 13019   592  1240   570
	16632 13029   595  1260   570
	16632 13033   597  1260   570
	16628 13034   599  1260   570
	16626 13036   599  1260   570
	16623 13045   601  1260   570
	16620 13046   603  1260   570
	16617 13047   603  1260   570
	16612 13049   603  1260   570
	16607 13048   603  1260   570
	16603 13048   603  1270   560
	16593 13046   603  1270   560
	16588 13046   603  1270   560
	16582 13035   605  1270   560
	16572 13032   605  1270   560
	16562 13017   605  1270   560
	16554 13002   605  1270   560
	16543 12988   605  1270   560
	16535 12981   605  1270   560
	16527 12967   605  1270   560
	16515 12949   607  1270   560
	16506 12921   609  1270   560
	16503 12903   609  1260   560
	16496 12887   609  1250   560
	16495 12872   609  1250   560
	16497 12854   609  1250   560
	16497 12843   607  1250   560
	16501 12841   605  1250   560
	16507 12841   601  1250   560
	16521 12839   599  1250   560
	16535 12841   599  1230   560
	16555 12843   599  1230   560
	16580 12857   597  1240   570
	16611 12873   595  1240   570
	16645 12890   595  1240   570
	16674 12905   590  1240   570
	16704 12933   588  1240   570
	16735 12953   584  1240   570
	16762 12969   581  1240   570
	16784 12985   579  1240   570
	16808 13000   579  1240   570
	16824 13015   579  1240   570
	16838 13020   579  1270   570
	16844 13030   581  1270   570
	16850 13033   584  1270   570
	16850 13032   588  1270   570
	16849 13032   590  1270   570
	16850 13033   590  1270   570
	16854 13030   592  1270   570
	16852 13030   595  1280   580
	16854 13020   595  1300   580
	16854 13016   597  1300   580
	16862 13013   599  1300   580
	16865 13000   599  1300   580
	16869 12986   603  1300   580
	16873 12970   605  1300   580
	16876 12954   605  1300   580
	16874 12938   611  1300   580
	16874 12922   617  1300   580
	16869 12908   621  1300   580
	16864 12892   625  1300   580
	16857 12886   629  1300   580
	16846 12874   630  1300   580
	16839 12870   629  1280   580
	16829 12859   627  1280   580
	16816 12856   617  1280   580
	16800 12856   595  1280   580
	16784 12858   510  1280   580
	16768 12870   437  1280   580
	16753 12876   234  1280   580
	16740 12891    -1  1280   580
	16718 12908    -1  1270   570
	16699 12935    -1  1270   570
	16683 12953    -1  1270   570
	16669 12972    -1  1270   570
	16662 12998    -1  1270   560
	16653 13016    -1  1270   560
	16645 13033    -1  1290   560
	16639 13046    -1  1270   550
	16634 13063    -1  1290   550
	16626 13065    -1  1300   540
	16616 13068    -1  1300   540
	16607 13081    -1  1300   530
	16595 13080    -1  1310   520
	16581 13084    -1  1310   520
	16566 13094    -1  1330   520
	16555 13096    -1  1320   510
	16540 13100    -1  1330   510
	16526 13110    -1  1330   510
	16510 13114    -1  1330   510
	16499 13127    -1  1330   510
	16482 13141    -1  1330   510
	16470 13146    -1  1320   510
	16456 13160    -1  1320   510
	16443 13174    -1  1300   520
	16433 13178    -1  1290   510
	16421 13177    -1  1280   520
	16414 13189    -1  1270   520
	16407 13191    -1  1270   520
	16396 13191    -1  1270   530
	16389 13192    -1  1270   530
	16385 13194    -1  1250   540
	16380 13195    -1  1250   540
	16375 13193    -1  1240   540
	16370 13195    -1  1240   540
	16368 13206    -1  1230   550
	16366 13208    -1  1230   550
	16362 13211    -1  1230   550
	16359 13221    -1  1230   550
	16351 13223    -1  1230   550
	16347 13226    -1  1240   540
	16336 13228    75  1240   540
	16326 13238   201  1250   550
	16320 13238   262  1250   550
	16311 13239   317  1250   550
	16304 13240   367  1250   550
	16306 13237   357  1250   550
	16304 13237   410  1260   540
	16307 13227   437  1260   540
	16313 13226   454  1260   540
	16326 13224   465  1260   540
	16340 13221   476  1260   540
	16359 13212   484  1260   540
	16380 13212   490  1260   540
	16407 13221   490  1270   550
	16437 13224   490  1270   550
	16482 13238   487  1270   550
	16519 13243   473  1270   550
	16559 13257   433  1270   550
	16598 13271   360  1270   550
	16637 13275     0  1270   550
	16678 13289    -1  1270   550
	16711 13305    -1  1270   550
	16741 13323    -1  1290   560
	16767 13339    -1  1290   560
	16795 13366    -1  1270   560
	16824 13384    -1  1270   560
	16849 13401    -1  1270   560
	16917 13397    -1  1270   560
	16895 13435    -1  1270   560
	16953 13449    -1  1270   560
	16935 13463    -1  1270   560
	16949 13467    -1  1280   570
	16959 13478    -1  1280   570
	16963 13479    -1  1280   570
	16958 13478    -1  1280   570
	16953 13477    -1  1280   570
	16942 13464    -1  1280   570
	16934 13452    -1  1280   570
	16920 13449    -1  1300   560
	16909 13446    -1  1300   560
	16897 13445    -1  1300   560
	16889 13435    -1  1300   560
	16879 13436    -1  1300   560
	16870 13445    -1  1300   560
	16905 13449    -1  1300   560
	16859 13461    -1  1300   560
	16859 13467    -1  1300   560
	16856 13482    -1  1300   560
	16857 13495    -1  1300   560
	16857 13468    -1  1300   560
	16860 13514    -1  1300   560
	16864 13527    -1  1310   560
	16867 13531    -1  1310   560
	16871 13543    -1  1310   560
	16875 13545    -1  1310   560
	16877 13545    -1  1310   560
	16877 13545    -1  1310   560
	16877 13545    -1  1310   560
	16880 13542    -1  1310   560
	16881 13530   108  1310   560
	16877 13526   286  1320   570
	16870 13512   317  1320   570
	16868 13496   367  1320   570
	16861 13479   357  1320   570
	16856 13448   395  1320   570
	16850 13415   437  1320   570
	16840 13381   462  1320   570
	16831 13336   484  1320   570
	16812 13290   494  1320   570
	16800 13239   497  1320   570
	16787 13179   507  1320   570
	16770 13128   510  1320   570
	16755 13068   510  1310   570
	16748 13031   507  1310   570
	16737 12986   490  1310   570
	16735 12956   429  1310   570
	16733 12935   218  1300   560
