ABCDE-012_345_678 510
	 5848 13465    64  1420   470
	 5847 13465     0  1420   470
	 5843 13465    75  1420   470
	 5841 13464   160  1420   470
	 5833 13463   218  1420   470
	 5822 13461   262  1420   470
	 5816 13452   308  1420   470
	 5802 13449   327  1420   470
	 5787 13447   327  1420   470
	 5770 13436   336  1420   470
	 5752 13432   344  1420   470
	 5732 13417   352  1420   470
	 5709 13413   352  1420   470
	 5686 13398   352  1420   470
	 5665 13384   360  1400   470
	 5643 13369   360  1400   470
	 5620 13352   367  1400   470
	 5588 13335   367  1400   470
	 5562 13307   269  1400   470
	 5528 13286   278  1390   470
	 5500 13269   294  1390   470
	 5476 13241   294  1390   470
	 5451 13227   310  1390   470
	 5434 13211   317  1390   470
	 5414 13195   338  1390   470
	 5396 13179   350  1390   470
	 5386 13175   368  1390   470
	 5377 13162   374  1380   470
	 5371 13158   385  1380   470
	 5367 13148   390  1380   470
	 5367 13146   390  1380   470
	 5369 13146   390  1380   470
	 5373 13146   390  1380   470
	 5377 13146   390  1380   470
	 5387 13157   395  1380   470
	 5402 13160   395  1380   470
	 5426 13173   395  1380   470
	 5453 13178   401  1380   470
	 5487 13193   405  1380   470
	 5526 13210   410  1380   470
	 5566 13226   410  1380   470
	 5611 13254   415  1380   470
	 5660 13272   415  1380   470
	 5712 13290   424  1380   470
	 5772 13319   424  1380   470
	 5839 13340   424  1390   470
	 5904 13367   429  1390   470
	 5969 13388   429  1390   470
	 6037 13417   429  1390   470
	 6107 13448   429  1390   470
	 6182 13479   433  1400   480
	 6262 13511   433  1400   480
	 6351 13543   433  1400   480
	 6431 13574   433  1400   480
	 6508 13596   433  1400   480
	 6580 13625   437  1420   480
	 6654 13657   433  1420   480
	 6727 13689   437  1420   480
	 6807 13721   437  1420   480
	 6885 13751   437  1430   480
	 6965 13782   437  1440   480
	 7038 13813   437  1440   480
	 7108 13836   442  1440   480
	 7180 13865   437  1440   480
	 7255 13895   442  1450   480
	 7341 13925   437  1450   480
	 7428 13945   437  1450   480
	 7511 13976   437  1450   480
	 7598 14007   437  1450   480
	 7680 14039   437  1450   480
	 7771 14071   437  1460   490
	 7858 14101   437  1460   490
	 7958 14134   437  1460   490
	 8035 14167   437  1470   490
	 8115 14199   437  1470   490
	 8196 14230   437  1480   480
	 8273 14261   442  1480   480
	 8353 14280   442  1490   490
	 8430 14310   442  1490   490
	 8507 14327   442  1490   490
	 8579 14346   442  1500   480
	 8649 14363   442  1510   480
	 8712 14390   442  1510   480
	 8775 14405   442  1510   480
	 8832 14412   442  1510   480
	 8888 14428   442  1530   490
	 8949 14441   442  1530   490
	 9011 14455   442  1530   480
	 9055 14459   442  1530   480
	 9098 14470   442  1550   480
	 9141 14472   442  1550   480
	 9174 14474   442  1550   480
	 9206 14472   442  1550   480
	 9236 14472   442  1550   480
	 9261 14472   442  1560   480
	 9282 14470   442  1560   480
	 9301 14460   442  1560   480
	 9313 14459   442  1560   480
	 9324 14456   442  1560   480
	 9332 14453   442  1570   490
	 9334 14453   437  1570   490
	 9337 14442   437  1570   490
	 9336 14443   433  1570   490
	 9336 14441   433  1570   490
	 9335 14440   429  1570   490
	 9334 14441   429  1570   490
	 9334 14441   429  1570   490
	 9331 14439   429  1570   490
	 9330 14439   429  1570   490
	 9326 14439   433  1570   490
	 9318 14428   433  1570   490
	 9308 14426   433  1570   490
	 9298 14424   433  1570   490
	 9284 14422   437  1570   490
	 9271 14411   437  1570   490
	 9254 14406   437  1570   490
	 9235 14394   437  1570   490
	 9222 14391   442  1570   490
	 9204 14380   442  1570   490
	 9186 14377   442  1570   490
	 9171 14374   442  1570   490
	 9159 14373   446  1570   490
	 9150 14363   450  1560   480
	 9140 14362   450  1560   480
	 9126 14360   454  1560   480
	 9108 14357   450  1560   480
	 9085 14345   454  1560   480
	 9066 14331   454  1560   480
	 9045 14328   454  1560   480
	 9028 14325   454  1560   480
	 9007 14312   454  1560   480
	 8979 14300   454  1560   480
	 8949 14295   458  1560   480
	 8915 14283   458  1550   480
	 8887 14268   458  1540   490
	 8863 14265   462  1540   490
	 8838 14252   462  1540   490
	 8814 14247   462  1530   490
	 8793 14236   462  1530   490
	 8767 14232   462  1530   490
	 8745 14219   462  1530   490
	 8721 14214   462  1530   490
	 8701 14202   462  1510   480
	 8676 14187   462  1510   480
	 8660 14183   462  1510   480
	 8638 14171   462  1510   480
	 8616 14167   462  1500   480
	 8597 14156   465  1500   480
	 8578 14151   465  1500   480
	 8560 14139   465  1500   480
	 8541 14137   469  1500   480
	 8521 14134   469  1500   480
	 8500 14120   469  1500   480
	 8475 14107   469  1500   480
	 8452 14104   469  1500   480
	 8435 14092   469  1500   480
	 8417 14090   469  1500   480
	 8402 14088   469  1500   480
	 8384 14086   473  1490   490
	 8369 14073   473  1490   490
	 8350 14070   473  1490   490
	 8324 14058   469  1490   490
	 8304 14044   473  1490   490
	 8275 14038   473  1490   490
	 8249 14025   473  1480   480
	 8227 14012   473  1480   480
	 8204 14007   473  1480   480
	 8179 13993   473  1480   480
	 8156 13979   473  1480   480
	 8130 13974   473  1480   480
	 8110 13962   473  1480   480
	 8087 13948   473  1480   480
	 8064 13944   473  1480   480
	 8047 13932   473  1480   480
	 8030 13928   473  1480   480
	 8015 13916   476  1480   480
	 7994 13910   476  1480   480
	 7974 13897   476  1480   480
	 7952 13894   476  1480   480
	 7933 13883   476  1470   490
	 7919 13879   476  1470   490
	 7903 13868   476  1470   490
	 7888 13865   476  1460   490
	 7877 13864   476  1460   490
	 7867 13861   476  1460   490
	 7853 13848   476  1460   490
	 7839 13847   476  1460   490
	 7831 13833   480  1460   490
	 7823 13833   480  1450   480
	 7822 13832   480  1450   480
	 7820 13831   480  1450   480
	 7821 13832   476  1450   480
	 7821 13831   476  1440   480
	 7823 13832   476  1440   480
	 7822 13831   476  1440   480
	 7823 13831   476  1440   480
	 7829 13831   476  1440   480
	 7830 13831   473  1440   480
	 7831 13830   473  1440   480
	 7835 13830   469  1440   480
	 7841 13820   469  1440   480
	 7846 13820   465  1440   480
	 7854 13819   465  1440   480
	 7867 13819   465  1440   480
	 7886 13829   465  1440   480
	 7907 13830   469  1440   480
	 7931 13832   469  1450   480
	 7958 13835   469  1450   480
	 7985 13847   469  1450   480
	 8010 13850   469  1450   480
	 8038 13862   469  1450   480
	 8067 13867   469  1460   490
	 8097 13879   473  1460   490
	 8124 13884   473  1460   490
	 8154 13896   469  1460   490
	 8181 13909   469  1460   490
	 8211 13913   469  1460   490
	 8240 13925   469  1470   490
	 8268 13929   469  1470   490
	 8304 13941   469  1470   490
	 8335 13945   469  1470   490
	 8366 13958   469  1480   480
	 8400 13963   469  1480   480
	 8438 13977   469  1480   480
	 8479 13990   469  1480   480
	 8516 13995   469  1480   480
	 8561 14009   469  1480   480
	 8603 14024   469  1480   480
	 8642 14037   469  1480   480
	 8674 14042   469  1480   480
	 8701 14055   469  1480   480
	 8731 14069   469  1490   490
	 8757 14072   469  1490   490
	 8781 14075   469  1490   490
	 8805 14087   469  1490   490
	 8828 14090   469  1490   490
	 8854 14103   469  1500   480
	 8875 14107   469  1500   480
	 8898 14119   469  1500   480
	 8922 14123   469  1500   480
	 8950 14135   469  1500   480
	 8988 14139   469  1510   480
	 9017 14152   469  1510   480
	 9046 14156   469  1510   480
	 9078 14170   465  1510   480
	 9109 14172   465  1530   490
	 9134 14183   465  1530   490
	 9156 14187   465  1530   490
	 9181 14188   465  1530   490
	 9204 14198   465  1530   490
	 9220 14201   465  1540   490
	 9235 14201   465  1540   490
	 9245 14201   465  1550   480
	 9256 14202   465  1550   480
	 9264 14203   465  1550   480
	 9265 14203   465  1560   480
	 9268 14201   465  1560   480
	 9273 14201   465  1560   480
	 9273 14201   465  1570   480
	 9273 14201   465  1570   480
	 9274 14201   465  1570   480
	 9273 14201   465  1570   480
	 9271 14201   465  1570   480
	 9270 14200   465  1570   480
	 9271 14199   465  1570   480
	 9268 14199   465  1570   480
	 9268 14197   469  1570   480
	 9264 14197   469  1570   480
	 9264 14197   469  1570   480
	 9258 14188   469  1560   480
	 9249 14185   469  1560   480
	 9241 14182   469  1560   480
	 9233 14172   469  1560   480
	 9222 14170   469  1560   480
	 9217 14166   469  1560   480
	 9203 14154   469  1560   480
	 9195 14150   469  1560   480
	 9187 14139   469  1560   480
	 9176 14134   473  1560   480
	 9161 14119   473  1550   490
	 9147 14107   473  1550   490
	 9133 14104   473  1550   490
	 9123 14092   473  1540   490
	 9110 14088   473  1540   490
	 9097 14085   473  1540   490
	 9085 14073   473  1540   490
	 9077 14071   473  1540   490
	 9072 14060   473  1540   490
	 9062 14056   473  1540   490
	 9055 14053   473  1540   490
	 9046 14044   473  1540   490
	 9039 14039   473  1540   490
	 9032 14028   473  1540   490
	 9027 14026   473  1540   490
	 9020 14022   473  1540   490
	 9019 14021   473  1540   490
	 9012 14011   473  1540   490
	 9010 14008   473  1540   490
	 9010 14008   473  1540   490
	 9010 14006   473  1540   490
	 9008 14005   469  1540   490
	 9012 14005   469  1540   490
	 9010 14005   469  1540   490
	 9012 13996   469  1540   490
	 9012 13996   469  1540   490
	 9014 13996   465  1540   490
	 9015 13995   465  1540   490
	 9019 13994   465  1540   490
	 9020 13994   462  1540   490
	 9025 13993   462  1540   490
	 9029 13992   462  1540   490
	 9035 13990   462  1540   490
	 9046 13989   462  1540   490
	 9054 13978   462  1540   490
	 9069 13977   465  1540   490
	 9083 13976   465  1540   490
	 9099 13976   465  1540   490
	 9115 13976   465  1540   490
	 9129 13975   465  1540   490
	 9148 13976   465  1540   490
	 9171 13977   469  1540   490
	 9187 13978   469  1540   490
	 9204 13978   469  1540   490
	 9222 13979   469  1540   490
	 9236 13989   469  1540   490
	 9247 13980   469  1540   490
	 9262 13989   469  1540   490
	 9275 13991   469  1540   490
	 9292 13992   469  1540   490
	 9310 13993   469  1540   490
	 9331 13996   473  1540   490
	 9354 14007   473  1540   490
	 9387 14010   473  1540   490
	 9418 14022   476  1540   490
	 9452 14026   476  1540   490
	 9487 14040   476  1540   490
	 9525 14054   480  1550   490
	 9560 14059   480  1550   490
	 9599 14073   480  1550   490
	 9637 14086   484  1550   490
	 9676 14103   484  1550   490
	 9715 14117   484  1550   490
	 9751 14124   484  1550   490
	 9790 14140   484  1550   490
	 9825 14155   487  1550   490
	 9863 14170   487  1550   490
	 9904 14185   487  1550   490
	 9949 14200   487  1560   500
	 9989 14215   487  1570   490
	10033 14229   487  1570   490
	10067 14235   487  1570   490
	10097 14247   487  1570   490
	10129 14252   487  1580   490
	10157 14264   487  1580   490
	10185 14267   487  1580   490
	10213 14278   487  1580   490
	10237 14282   487  1580   490
	10257 14284   490  1590   490
	10275 14295   490  1590   490
	10291 14296   490  1590   490
	10304 14298   490  1590   490
	10312 14299   490  1590   490
	10317 14299   490  1590   490
	10318 14299   490  1590   490
	10319 14299   490  1590   500
	10321 14299   490  1590   500
	10319 14298   490  1590   500
	10321 14298   490  1590   500
	10320 14298   490  1590   500
	10319 14297   490  1590   490
	10318 14298   490  1590   490
	10319 14299   490  1590   490
	10319 14298   490  1590   490
	10318 14298   490  1590   490
	10318 14298   490  1590   490
	10318 14298   490  1590   490
	10318 14298   487  1590   490
	10320 14296   487  1590   490
	10318 14297   487  1590   490
	10317 14296   487  1590   490
	10317 14296   487  1590   490
	10313 14295   487  1590   490
	10309 14284   487  1590   500
	10302 14282   487  1590   500
	10295 14277   484  1590   500
	10283 14264   484  1590   500
	10269 14249   487  1590   500
	10250 14234   487  1590   500
	10235 14220   487  1590   500
	10221 14214   487  1590   500
	10206 14199   487  1590   500
	10190 14187   487  1590   500
	10171 14182   487  1590   500
	10150 14165   490  1590   500
	10126 14151   490  1590   500
	10099 14136   490  1590   500
	10068 14120   494  1590   500
	10036 14104   497  1590   500
	 9998 14090   497  1590   500
	 9948 14073   497  1590   500
	 9895 14053   497  1570   500
	 9840 14025   497  1570   500
	 9788 14005   497  1570   500
	 9741 13976   497  1570   500
	 9694 13947   497  1560   500
	 9643 13925   497  1560   500
	 9590 13894   497  1560   500
	 9534 13863   497  1560   500
	 9471 13829   497  1560   500
	 9406 13788   497  1550   490
	 9339 13755   494  1550   490
	 9266 13719   494  1550   490
	 9194 13686   490  1550   490
	 9122 13639   490  1540   490
	 9050 13594   490  1540   490
	 8986 13561   490  1530   500
	 8933 13528   494  1530   500
	 8881 13495   497  1530   500
	 8836 13464   497  1520   490
	 8803 13447   500  1520   490
	 8779 13429   500  1520   490
	 8759 13413   500  1520   490
	 8745 13401   500  1520   490
	 8737 13398   500  1510   490
	 8736 13388   500  1510   490
	 8735 13397   504  1510   490
	 8737 13399   504  1510   490
	 8741 13399   507  1500   500
	 8746 13399   513  1480   500
	 8763 13402   542  1480   500
	 8784 13413   557  1480   500
	 8820 13419   570  1480   500
	 8860 13445   581  1480   500
	 8907 13463   584  1480   500
	 8973 13493   586  1480   500
	 9044 13516   592  1480   500
	 9119 13558   597  1480   500
	 9205 13594   597  1480   500
	 9298 13640   599  1490   490
	 9407 13689   595  1510   490
	 9522 13740   595  1510   490
	 9638 13798   595  1510   490
	 9755 13845   592  1510   490
	 9872 13881   592  1520   490
	 9983 13916   592  1520   490
	10095 13957   590  1530   500
	10177 13980   592  1530   500
	10259 14007   595  1530   500
	10335 14025   595  1550   490
	10401 14044   595  1550   490
	10462 14057   595  1550   490
	10516 14072   597  1560   500
	10553 14075   595  1560   500
	10583 14076   597  1560   500
	10604 14085   595  1570   500
	10612 14087   592  1570   500
	10618 14086   579  1580   490
	10616 14085   513  1580   490
	10614 14076   476  1580   490
	10610 14074   380  1580   490
	10597 14069   262  1580   490
	10573 14054    -1  1580   490
	10549 14054    -1  1580   490
	10533 14056    -1  1590   480
	10523 14059    -1  1590   480
	10513 14071    -1  1590   480
	10505 14072    -1  1600   470
	10535 14086    -1  1600   470
	10502 14087    -1  1600   460
	10528 14092    -1  1600   460
	10532 14090    -1  1600   460
	10520 14091    -1  1610   440
	10510 14101    -1  1610   440
	10501 14103    -1  1640   410
	10490 14105    -1  1630   410
	10485 14102    -1  1640   380
	10487 14102    -1  1650   360
	10481 14101    -1  1640   360
	10489 14091    -1  1660   320
	10487 14087    -1  1660   300
	10482 14073    -1  1670   290
	10480 14070    -1  1660   290
	10484 14044    -1  1660   290
	10480 14021    -1  1660   290
	10474 13990    -1  1660   290
	10463 13945    -1  1660   290
	10445 13899    -1  1660   290
	10417 13835    -1  1660   290
	10384 13755    -1  1660   290
	10344 13659    -1  1660   290
	10277 13624   809  1660   290
	10259 13673   809  1660   290
	10263 13654   802  1640   290
	10238 13655   803  1640   290
	10265 13766   809  1640   310
	10244 13766   840  1630   330
	10247 13755   847  1620   350
	10247 13752   876  1620   370
	10248 13752   899  1610   370
	10249 13750   917  1610   390
	10248 13749   934  1590   410
	10253 13740   939  1600   420
	10250 13738   939  1590   430
	10252 13737   930  1590   440
	10253 13737   909  1590   450
	10254 13737   867  1580   470
	10254 13736   802  1580   480
	10253 13734   678  1580   490
	10253 13723   487  1570   500
	10250 13707     0  1570   510
