ABCDE-012_345_678 307
	 6674 15275    64  1030   540
	 6678 15286     0  1030   540
	 6682 15289     0  1030   540
	 6686 15291    75  1030   540
	 6689 15302   136  1030   540
	 6694 15305   160  1020   530
	 6702 15317   201  1040   540
	 6710 15323   234  1040   540
	 6719 15335   249  1040   540
	 6728 15349   262  1040   540
	 6737 15352   262  1040   540
	 6747 15350   275  1040   540
	 6755 15365   286  1040   540
	 6762 15366   297  1040   540
	 6775 15365   297  1040   540
	 6782 15365   308  1040   540
	 6790 15354   317  1040   540
	 6799 15349   327  1040   540
	 6810 15334   336  1040   540
	 6821 15307   344  1040   540
	 6829 15287   352  1040   540
	 6830 15260   352  1040   540
	 6838 15228   352  1040   540
	 6841 15191   360  1040   540
	 6846 15132   360  1040   530
	 6851 15080   360  1020   530
	 6854 15018   367  1020   530
	 6865 14952   367  1020   530
	 6872 14888   269  1010   530
	 6878 14823   278  1010   530
	 6890 14748   278  1000   540
	 6902 14681   278  1000   540
	 6914 14616   286   980   540
	 6933 14556   294   980   540
	 6945 14518   302   970   540
	 6966 14473   302   950   540
	 6976 14442   310   950   540
	 7000 14421   317   940   540
	 7016 14394   331   940   540
	 7035 14389   338   930   540
	 7056 14376   350   930   550
	 7071 14375   357   910   550
	 7094 14374   368   910   550
	 7111 14374   368   900   550
	 7133 14376   380   900   550
	 7154 14378   385   900   550
	 7173 14389   390   900   550
	 7193 14391   390   890   550
	 7209 14407   395   890   550
	 7224 14421   395   890   550
	 7231 14438   395   890   550
	 7242 14453   395   890   550
	 7249 14471   395   890   550
	 7259 14492   401   890   550
	 7263 14533   401   890   550
	 7268 14556   401   890   550
	 7270 14599   395   890   550
	 7267 14645   395   900   550
	 7262 14684   395   900   550
	 7254 14727   395   900   550
	 7245 14762   390   900   550
	 7237 14809   390   910   550
	 7224 14839   390   910   550
	 7215 14870   390   910   550
	 7205 14887   395   910   550
	 7202 14892   401   930   550
	 7193 14905   401   930   550
	 7190 14908   410   930   550
	 7184 14918   424   930   550
	 7181 14917   433   940   550
	 7180 14908   437   940   550
	 7182 14906   442   940   550
	 7181 14903   442   960   550
	 7184 14901   442   960   550
	 7185 14890   442   960   550
	 7197 14872   446   960   550
	 7206 14842   446   960   550
	 7215 14822   450   960   550
	 7227 14791   450   960   550
	 7246 14761   450   960   550
	 7263 14728   450   940   550
	 7274 14696   450   940   550
	 7292 14663   450   940   550
	 7313 14636   450   940   550
	 7330 14619   450   940   550
	 7417 14601   450   930   550
	 7373 14588   450   930   550
	 7395 14582   450   930   550
	 7417 14571   454   910   550
	 7440 14569   454   910   560
	 7462 14566   454   910   560
	 7480 14567   458   910   560
	 7498 14570   458   900   560
	 7518 14583   462   900   560
	 7534 14588   465   900   560
	 7551 14615   465   900   560
	 7568 14632   469   900   560
	 7582 14652   469   900   560
	 7594 14684   473   900   570
	 7608 14716   473   900   570
	 7616 14758   476   900   570
	 7626 14792   476   900   570
	 7627 14827   487   920   570
	 7631 14869   494   920   570
	 7626 14917   494   920   570
	 7619 14966   497   920   570
	 7610 15019   497   930   570
	 7597 15081   497   930   570
	 7580 15147   497   930   570
	 7558 15221   497   950   570
	 7532 15271   500   960   570
	 7505 15322   500   960   570
	 7476 15382   500   980   570
	 7448 15420   504   980   570
	 7422 15451   504   990   570
	 7394 15483   507  1000   560
	 7367 15511   507  1000   560
	 7343 15531   510  1020   550
	 7325 15546   519  1020   550
	 7311 15561   519  1030   550
	 7299 15564   525  1030   550
	 7293 15577   531  1030   550
	 7286 15578   531  1050   550
	 7283 15578   533  1050   550
	 7281 15578   531  1050   550
	 7281 15580   528  1050   550
	 7281 15580   522  1050   550
	 7281 15579   513  1060   550
	 7282 15579   510  1060   550
	 7282 15579   507  1060   550
	 7286 15579   507  1060   540
	 7285 15579   507  1060   540
	 7283 15577   504  1060   540
	 7282 15577   504  1060   540
	 7283 15578   500  1060   540
	 7284 15578   500  1060   540
	 7286 15576   500  1060   540
	 7285 15575   497  1060   540
	 7286 15576   497  1060   540
	 7287 15574   497  1060   540
	 7289 15573   497  1060   540
	 7289 15573   497  1060   540
	 7292 15573   497  1060   540
	 7293 15564   497  1060   540
	 7292 15564   497  1060   540
	 7295 15563   497  1060   540
	 7294 15562   497  1060   540
	 7298 15562   497  1060   540
	 7296 15562   497  1060   540
	 7297 15562   497  1060   540
	 7299 15561   500  1060   540
	 7300 15561   500  1060   540
	 7300 15560   500  1060   540
	 7302 15560   500  1060   540
	 7303 15559   500  1060   540
	 7303 15559   504  1060   540
	 7305 15558   504  1060   540
	 7306 15557   504  1060   540
	 7311 15557   504  1060   540
	 7309 15557   504  1060   540
	 7311 15557   504  1060   540
	 7315 15548   504  1060   540
	 7315 15547   507  1060   540
	 7319 15544   507  1060   540
	 7323 15542   507  1060   540
	 7325 15532   510  1060   540
	 7331 15529   513  1060   540
	 7337 15515   519  1060   540
	 7339 15510   522  1060   540
	 7346 15495   525  1060   540
	 7349 15477   531  1060   540
	 7357 15448   531  1040   540
	 7368 15416   533  1040   540
	 7377 15388   536  1040   540
	 7386 15356   539  1040   540
	 7406 15321   536  1040   540
	 7418 15275   542  1040   540
	 7439 15228   542  1040   540
	 7458 15189   544  1040   540
	 7486 15130   547  1030   540
	 7507 15082   552  1030   540
	 7536 15032   552  1030   540
	 7561 14982   557  1020   550
	 7591 14933   555  1020   550
	 7620 14887   555  1000   560
	 7645 14842   557  1000   560
	 7668 14806   557   990   560
	 7690 14777   555   990   560
	 7708 14742   560   970   560
	 7729 14709   560   970   560
	 7749 14666   565   960   570
	 7767 14632   565   960   570
	 7781 14586   565   950   570
	 7793 14550   560   950   570
	 7803 14506   562   930   580
	 7806 14471   557   930   580
	 7807 14424   555   920   580
	 7800 14390   555   920   580
	 7795 14348   552   900   580
	 7784 14325   552   900   580
	 7771 14293   552   900   590
	 7756 14263   550   880   590
	 7741 14233   552   880   590
	 7722 14213   544   870   590
	 7699 14185   555   870   590
	 7668 14165   542   850   590
	 7635 14136   544   850   590
	 7590 14107   544   850   590
	 7548 14088   555   850   590
	 7499 14072   544   850   590
	 7448 14057   552   850   590
	 7394 14044   550   850   590
	 7336 14042   552   850   590
	 7282 14041   539   850   580
	 7235 14041   539   850   580
	 7186 14044   531   870   580
	 7143 14055   539   870   580
	 7106 14071   542   870   580
	 7072 14075   542   880   580
	 7042 14092   542   880   580
	 7024 14107   544   880   570
	 7000 14133   544   900   570
	 6980 14165   544   900   570
	 6964 14188   544   900   570
	 6955 14229   547   900   570
	 6955 14252   547   900   570
	 6955 14284   547   900   570
	 6963 14328   547   900   560
	 6974 14376   552   910   560
	 6997 14424   550   910   560
	 7023 14474   552   910   560
	 7056 14538   555   910   560
	 7097 14602   555   910   560
	 7142 14668   560   910   560
	 7193 14745   557   930   560
	 7253 14823   560   930   560
	 7313 14891   562   930   560
	 7386 14967   562   940   560
	 7448 15033   560   940   560
	 7515 15110   560   940   560
	 7574 15189   557   970   560
	 7620 15259   555   970   560
	 7669 15334   555   990   570
	 7709 15402   552   990   570
	 7742 15478   542  1010   570
	 7769 15548   542  1010   570
	 7785 15624   536  1020   560
	 7793 15691   539  1020   560
	 7794 15754   536  1040   570
	 7786 15798   542  1040   570
	 7771 15819   555  1060   570
	 7752 15845   557  1060   570
	 7728 15862   572  1070   570
	 7691 15877   574  1070   570
	 7657 15882   574  1090   570
	 7619 15893   579  1090   570
	 7575 15894   574  1090   570
	 7533 15893   562  1100   560
	 7481 15883   536  1100   560
	 7421 15878   528  1100   560
	 7356 15851   510  1100   560
	 7280 15818   504  1120   560
	 7205 15770   487  1120   560
	 7134 15706   487  1110   550
	 7063 15639   490  1110   550
	 7003 15564   494  1110   550
	 6946 15482   494  1110   550
	 6891 15398   494  1110   550
	 6854 15303   507  1110   550
	 6833 15207   504  1110   550
	 6826 15114   507  1100   550
	 6846 15035   507  1090   550
	 6869 14956   507  1090   550
	 6911 14891   507  1070   550
	 6962 14828   510  1070   550
	 7017 14776   510  1060   550
	 7079 14725   513  1060   550
	 7153 14683   519  1050   550
	 7226 14651   519  1030   550
	 7310 14645   528  1030   550
	 7392 14635   539  1020   550
	 7475 14636   557  1000   560
	 7561 14649   579  1000   560
	 7639 14667   584   990   570
	 7716 14696   592   990   570
	 7793 14731   601   980   570
	 7866 14773   605   980   570
	 7939 14811   609   960   580
	 8001 14859   613   960   580
	 8057 14904   619   960   580
	 8105 14950   621   960   580
	 8155 14987   625   960   580
	 8195 15029   627   960   580
	 8226 15051   629   970   590
	 8249 15079   629   980   590
	 8261 15094   629   980   590
	 8262 15093   632   980   590
	 8262 15093   638  1000   590
	 8262 15094   641  1000   590
	 8263 15093   645  1000   590
	 8261 15093   646  1000   590
	 8263 15084   641  1020   580
	 8261 15084   627  1020   580
	 8258 15083   609  1020   580
	 8259 15084   544  1030   580
	 8257 15084   442  1030   580
	 8257 15083   275  1030   580
