ABCDE-012_345_678 496
	13774  8076     0  1240   580
	13781  8087   275  1240   580
	13779  8069   317  1230   590
	13778  8075   327  1230   590
	13781  8060   336  1210   590
	13788  8039   344  1210   590
	13788  8009   352  1190   600
	13793  7976   367  1200   600
	13798  7932   286  1200   600
	13803  7884   310  1170   610
	13808  7847   331  1170   610
	13817  7813   350  1150   620
	13831  7781   357  1170   610
	13839  7752   363  1170   610
	13851  7735   363  1180   620
	13863  7718   368  1180   620
	13875  7704   374  1180   620
	13885  7701   374  1180   620
	13899  7690   380  1180   620
	13910  7692   380  1180   620
	13920  7692   385  1180   620
	13933  7703   390  1180   620
	13952  7719   395  1180   620
	13970  7739   401  1190   630
	13992  7771   410  1190   630
	14013  7802   420  1190   630
	14029  7834   513  1190   630
	14043  7879   516  1190   630
	14058  7932   528  1170   630
	14072  7992   531  1170   630
	14087  8054   536  1190   630
	14097  8108   547  1190   630
	14110  8171   547  1200   640
	14125  8248   550  1200   640
	14140  8316   547  1200   640
	14155  8395   550  1200   640
	14175  8442   550  1200   640
	14195  8536   552  1210   630
	14213  8584   557  1210   630
	14223  8617   555  1210   630
	14236  8645   560  1230   620
	14240  8648   565  1230   620
	14243  8649   572  1230   620
	14245  8648   579  1220   610
	14243  8645   581  1230   610
	14242  8631   584  1230   610
	14245  8614   601  1250   600
	14250  8572   625  1240   600
	14254  8518   638  1240   600
	14246  8437   643  1240   600
	14240  8347   646  1240   600
	14228  8262   648  1230   590
	14213  8181   651  1230   590
	14202  8101   653  1230   590
	14193  8022   651  1230   590
	14183  7946   650  1230   590
	14183  7883   646  1210   590
	14192  7835   638  1210   590
	14200  7798   621  1210   590
	14207  7756   572  1210   590
	14214  7735   542  1210   590
	14220  7717   420  1190   600
	14222  7703   363  1190   600
	14218  7692   367  1190   600
	14218  7690   297  1190   600
	14214  7701   136  1190   600
	14209  7705    -1  1190   600
	14200  7721    -1  1190   600
	14200  7738    -1  1180   590
	14198  7768    -1  1180   590
	14198  7800    -1  1180   590
	14204  7834    -1  1200   580
	14212  7884    -1  1200   580
	14216  7945    -1  1180   590
	14225  8008    -1  1180   590
	14238  8057    -1  1180   590
	14250  8107    -1  1170   580
	14267  8156    -1  1170   580
	14277  8202    -1  1170   580
	14292  8248    -1  1170   580
	14304  8281    -1  1170   580
	14313  8325    -1  1170   580
	14328  8359    -1  1190   580
	14337  8391    -1  1190   580
	14349  8423    -1  1190   580
	14360  8442    -1  1190   580
	14370  8470    -1  1190   580
	14383  8487    -1  1190   580
	14385  8502    -1  1190   580
	14392  8517   262  1200   580
	14395  8520   297  1200   580
	14398  8523   317  1210   580
	14397  8535   344  1230   590
	14400  8535   269  1230   590
	14401  8536   317  1230   590
	14399  8535   350  1240   600
	14398  8533   380  1240   600
	14390  8523   390  1240   600
	14377  8518   390  1240   600
	14358  8504   395  1250   600
	14332  8485   395  1250   600
	14302  8456   401  1250   600
	14263  8426   401  1250   600
	14226  8395   415  1250   600
	14190  8379   415  1250   600
	14160  8361   410  1250   600
	14130  8342   410  1250   600
	14103  8327   410  1230   610
	14085  8311   405  1230   610
	14069  8298   401  1230   610
	14059  8293   401  1240   620
	14054  8283   390  1240   620
	14051  8281   385  1240   620
	14053  8282   374  1240   620
	14056  8282   363  1240   620
	14061  8282   357  1260   620
	14076  8284   357  1260   620
	14097  8295   357  1260   620
	14126  8300   363  1260   620
	14153  8312   368  1270   630
	14185  8315   368  1270   630
	14225  8328   385  1270   630
	14265  8341   395  1270   630
	14300  8342   405  1240   630
	14345  8346   415  1240   630
	14387  8344   462  1240   630
	14435  8332   487  1240   630
	14476  8316   513  1240   630
	14520  8294   519  1240   630
	14554  8263   528  1230   620
	14580  8232   544  1230   620
	14598  8198   560  1230   620
	14609  8154   574  1230   620
	14607  8119   609  1230   620
	14600  8085   638  1230   620
	14580  8040   645  1230   620
	14553  7996   656  1230   620
	14523  7961   663  1210   630
	14484  7914   671  1220   630
	14446  7879   678  1220   630
	14398  7846   687  1220   630
	14347  7804   693  1220   630
	14292  7784   696  1220   630
	14230  7765   696  1210   630
	14158  7740   702  1210   630
	14089  7733   705  1210   630
	14026  7721   705  1210   630
	13967  7721   705  1220   630
	13927  7724   708  1220   630
	13888  7737   698  1240   630
	13855  7751   696  1240   630
	13822  7770   697  1240   630
	13802  7798   694  1240   630
	13777  7830   684  1240   630
	13755  7863   674  1240   630
	13736  7911   664  1240   630
	13728  7948   651  1240   630
	13724  7980   609  1240   630
	13731  8009   562  1240   630
	13739  8025   525  1220   630
	13753  8039   385  1240   640
	13781  8041   278  1250   640
	13810  8043   308  1250   640
	13848  8043    35  1250   640
	13883  8042    -1  1250   640
	13920  8042    -1  1250   640
	13958  8040    -1  1250   640
	13999  8038    -1  1240   640
	14046  8037    -1  1250   650
	14101  8028    -1  1250   650
	14161  8027    -1  1250   650
	14214  8023    -1  1250   650
	14270  8027    -1  1240   640
	14328  8037    -1  1240   640
	14382  8041    -1  1200   640
	14437  8053    -1  1200   640
	14484  8058    -1  1200   640
	14535  8074    -1  1190   630
	14583  8090    -1  1170   630
	14629  8108    -1  1170   630
	14671  8133    -1  1170   630
	14710  8153    -1  1170   630
	14742  8172    -1  1170   630
	14762  8198    -1  1180   620
	14780  8214    -1  1180   620
	14791  8233    -1  1180   620
	14795  8248    -1  1180   620
	14799  8236    -1  1180   620
	14790  8267   218  1210   630
	14780  8281   336  1210   630
	14776  8282   352  1220   630
	14760  8282   302  1240   630
	14751  8280   368  1240   630
	14732  8278   395  1250   640
	14714  8262   410  1250   640
	14695  8246   437  1250   640
	14672  8218   513  1250   640
	14651  8187   522  1250   640
	14625  8154   525  1250   640
	14607  8117   544  1250   640
	14598  8085   550  1250   640
	14591  8044   550  1250   640
	14591  8021   550  1240   630
	14596  7996   550  1220   630
	14600  7977   544  1220   630
	14612  7961   539  1220   630
	14625  7948   533  1220   630
	14642  7941   528  1220   630
	14654  7932   522  1220   630
	14670  7930   516  1200   640
	14689  7932   513  1200   640
	14708  7945   513  1200   640
	14733  7960   500  1200   640
	14757  7979   480  1200   640
	14780  8006   462  1200   640
	14801  8027   446  1200   640
	14818  8056   415  1200   640
	14839  8087   410  1220   650
	14853  8119   401  1220   650
	14870  8152   395  1240   640
	14884  8188   385  1240   640
	14895  8234   374  1240   640
	14906  8282   363  1240   640
	14915  8331   357  1250   650
	14924  8378   357  1250   650
	14928  8424   357  1270   640
	14934  8456   357  1270   640
	14938  8485   363  1270   640
	14939  8489   368  1290   640
	14939  8492   380  1290   640
	14938  8501   395  1290   640
	14938  8492   405  1290   640
	14935  8489   405  1290   640
	14934  8485   410  1300   630
	14931  8459   415  1300   630
	14926  8440   415  1300   630
	14918  8395   429  1300   630
	14913  8346   462  1300   630
	14908  8297   500  1300   630
	14907  8252   516  1300   630
	14904  8216   522  1300   630
	14908  8172   522  1300   630
	14911  8151   525  1300   630
	14916  8119   528  1290   640
	14920  8101   528  1290   640
	14927  8075   525  1290   640
	14932  8069   525  1290   640
	14943  8057   525  1270   640
	14952  8055   522  1270   640
	14963  8054   519  1270   640
	14972  8054   519  1270   640
	14984  8057   522  1270   640
	14996  8070   522  1270   640
	15014  8075   522  1250   650
	15027  8089   522  1250   650
	15042  8105   522  1250   650
	15060  8121   522  1250   650
	15074  8137   522  1250   650
	15087  8155   519  1260   660
	15101  8181   513  1260   660
	15113  8203   513  1260   660
	15130  8232   507  1260   660
	15140  8251   507  1260   660
	15150  8268   507  1280   650
	15156  8284   500  1280   650
	15160  8296   507  1280   650
	15161  8298   516  1280   650
	15160  8298   525  1300   660
	15160  8298   533  1300   660
	15162  8296   544  1300   660
	15159  8293   552  1300   660
	15158  8279   560  1300   660
	15157  8263   570  1300   660
	15157  8236   574  1300   660
	15158  8218   584  1300   660
	15158  8199   595  1300   660
	15166  8172   603  1300   660
	15169  8165   601  1300   660
	15174  8151   599  1300   660
	15180  8139   599  1300   660
	15190  8133   590  1280   650
	15198  8123   581  1280   650
	15212  8120   574  1280   650
	15226  8119   565  1280   650
	15242  8120   555  1280   650
	15258  8124   547  1270   640
	15274  8135   531  1270   640
	15288  8140   519  1270   640
	15301  8154   480  1270   640
	15318  8169   420  1270   640
	15328  8186   415  1270   640
	15341  8202   410  1250   640
	15347  8218   405  1250   640
	15355  8236   405  1250   640
	15362  8263   410  1250   640
	15366  8283   410  1250   640
	15370  8309   420  1250   640
	15372  8328   507  1250   640
	15376  8341   539  1250   640
	15377  8332   562  1250   640
	15377  8341   592  1250   640
	15375  8341   632  1250   640
	15377  8329   641  1270   630
	15374  8328   646  1270   630
	15373  8315   650  1270   630
	15374  8298   653  1270   630
	15374  8279   655  1270   630
	15373  8262   653  1270   630
	15374  8246   643  1270   630
	15374  8220   590  1270   630
	15374  8204   525  1270   630
	15374  8187   338  1270   630
	15373  8168   218  1250   640
	15370  8155    -1  1250   640
	15367  8151    -1  1250   640
	15361  8149    -1  1250   640
	15355  8139    -1  1240   630
	15354  8149    -1  1240   630
	15357  8150    -1  1240   630
	15361  8151    -1  1210   630
	15363  8154    -1  1210   630
	15370  8165    -1  1200   620
	15378  8172    -1  1200   620
	15389  8186    -1  1200   620
	15398  8203    -1  1190   610
	15411  8220    -1  1190   610
	15419  8249    -1  1190   610
	15425  8278    -1  1190   610
	15434  8310    -1  1180   600
	15439  8343    -1  1190   600
	15445  8377    -1  1190   600
	15452  8412    -1  1200   600
	15456  8444   278  1200   600
	15451  8472   331  1220   600
	15448  8488   338  1230   610
	15447  8508   344  1230   610
	15453  8524   344  1240   620
	15457  8536   338  1260   610
	15465  8539   294  1270   620
	15468  8549   344  1270   620
	15476  8537   275  1270   620
	15480  8524    35  1300   620
	15480  8508    -1  1300   620
	15479  8489    -1  1300   620
	15478  8470    -1  1320   630
	15478  8443    -1  1320   630
	15479  8423    -1  1320   630
	15479  8394    -1  1320   630
	15479  8376    -1  1300   620
	15479  8359    -1  1300   620
	15485  8343    -1  1300   620
	15488  8328    -1  1300   620
	15491  8316    -1  1300   620
	15499  8311    -1  1300   620
	15506  8310    -1  1290   630
	15515  8309    -1  1290   630
	15524  8309    -1  1270   620
	15533  8311    -1  1270   620
	15538  8314     0  1270   620
	15540  8326   297  1270   620
	15548  8329   336  1270   620
	15556  8342   367  1270   620
	15568  8357   363  1290   630
	15579  8359   410  1290   630
	15590  8363   487  1290   630
	15603  8378   525  1290   630
	15621  8390   533  1290   630
	15631  8395   544  1270   630
	15641  8407   552  1270   630
	15648  8406   567  1270   630
	15657  8405   581  1270   630
	15662  8396   595  1290   640
	15665  8393   603  1290   640
	15670  8389   619  1290   640
	15674  8374   630  1290   640
	15671  8348   636  1290   640
	15674  8342   639  1290   640
	15677  8325   641  1290   640
	15681  8313   641  1290   640
	15685  8299   643  1290   640
	15688  8293   643  1290   640
	15696  8282   643  1290   640
	15701  8281   641  1290   640
	15705  8278   639  1290   640
	15707  8278   634  1290   640
	15714  8279   630  1290   640
	15718  8280   619  1300   650
	15723  8282   611  1300   650
	15739  8293   609  1300   650
	15752  8299   605  1300   650
	15765  8312   603  1300   650
	15784  8326   603  1300   650
	15800  8342   599  1300   650
	15813  8348   588  1300   650
	15827  8363   579  1300   650
	15840  8376   579  1300   650
	15852  8378   579  1300   650
	15859  8390   579  1300   650
	15864  8389   584  1300   650
	15866  8389   599  1300   650
	15866  8380   619  1300   650
	15867  8380   625  1300   650
	15866  8380   634  1300   650
	15867  8376   636  1300   650
	15866  8374   636  1300   650
	15871  8374   638  1300   650
	15872  8364   638  1300   650
	15877  8373   638  1300   650
	15883  8362   636  1320   640
	15891  8362   636  1320   640
	15901  8362   638  1320   640
	15910  8362   639  1320   640
	15922  8359   639  1320   650
	15937  8359   641  1320   650
	15952  8358   641  1320   650
	15965  8359   643  1320   650
	15974  8361   645  1320   650
	15981  8361   646  1320   650
	15990  8363   651  1320   650
	15995  8373   656  1320   650
	16003  8373   663  1320   650
	16008  8376   668  1320   650
	16011  8379   672  1320   650
	16019  8390   674  1320   650
	16024  8395   678  1320   650
	16027  8406   678  1320   650
	16029  8408   678  1320   650
	16025  8421   678  1350   650
	16024  8426   681  1350   650
	16020  8441   678  1350   650
	16008  8442   678  1350   650
	15992  8453   678  1350   650
	15969  8444   681  1350   650
	15949  8442   683  1350   650
	15931  8440   683  1350   650
	15908  8437   683  1350   650
	15891  8425   681  1350   650
	15873  8410   681  1350   650
	15857  8394   680  1350   650
	15853  8389   678  1350   650
	15853  8375   675  1330   650
	15853  8364   671  1330   650
	15856  8360   668  1330   650
	15862  8358   664  1330   650
	15871  8345   663  1330   650
	15881  8342   660  1330   650
	15896  8332   660  1330   650
	15912  8331   660  1330   650
	15931  8331   660  1330   650
	15948  8332   660  1330   650
	15973  8332   661  1330   650
	15997  8342   661  1330   650
	16025  8343   661  1330   650
	16054  8345   664  1330   650
	16091  8346   664  1350   650
	16133  8357   664  1350   650
	16179  8359   664  1350   650
	16225  8361   664  1350   650
	16275  8361   666  1350   650
	16322  8358   668  1350   650
	16364  8348   668  1350   650
	16401  8343   668  1350   650
	16433  8332   668  1350   650
	16452  8328   668  1350   650
	16469  8316   669  1350   650
	16476  8311   672  1350   650
	16472  8299   681  1350   650
	16467  8295   702  1350   650
	16454  8283   724  1350   650
	16423  8267   771  1350   650
	16376  8252   777  1350   650
	16307  8234   783  1350   650
	16213  8213   812  1330   650
	16096  8172   828  1330   650
	15970  8139   841  1350   650
	15808  8092   853  1350   650
	15609  8038   874  1350   650
	15396  7964   881  1350   650
	15166  7897   885  1350   650
	14933  7818   890  1330   660
	14728  7739   887  1330   660
	14527  7660   879  1330   660
	14354  7589   870  1330   660
	14196  7509   846  1330   660
	14060  7431   841  1330   660
	13973  7370   841  1330   660
	13930  7319   835  1330   660
	13910  7275   826  1310   670
	13906  7244   815  1310   670
	13913  7212   784  1310   670
	13930  7193   776  1310   670
	13959  7178   768  1310   670
	14006  7174   718  1330   670
	14061  7179   663  1330   670
	14127  7193   415  1330   670
	14202  7222   297  1330   670
