170
2288 4697 1350 730 61
2217 4835 1370 710 106
2203 4853 1350 690 96
2203 4845 1350 670 146
2212 4784 1370 650 165
2225 4682 1370 620 187
2240 4553 1380 600 180
2255 4398 1360 580 193
2268 4237 1380 570 210
2280 4120 1360 550 214
2302 4035 1360 520 242
2330 4002 1370 510 287
2360 4008 1360 490 316
2389 4039 1350 490 309
2438 4133 1360 480 315
2500 4280 1360 480 317
2571 4463 1340 480 324
2642 4625 1340 480 339
2700 4739 1340 480 339
2748 4821 1340 480 341
2776 4840 1340 480 351
2805 4798 1340 480 371
2837 4716 1340 480 376
2869 4599 1340 480 394
2905 4465 1340 480 391
2945 4319 1340 480 409
2989 4207 1340 480 425
3039 4138 1340 480 443
3096 4098 1340 480 483
3161 4098 1340 480 507
3237 4154 1340 480 513
3321 4243 1340 480 513
3411 4383 1340 480 512
3502 4519 1340 480 522
3591 4653 1340 480 510
3675 4761 1340 480 493
3756 4866 1340 480 386
3824 4934 1340 480 153
4068 4926 1360 480 41
4099 4804 1360 480 106
4105 4714 1360 480 146
4114 4623 1360 480 195
4114 4517 1360 480 209
4119 4401 1360 480 225
4125 4288 1360 480 230
4131 4198 1360 480 235
4139 4124 1360 480 230
4145 4077 1360 480 214
4152 4060 1350 490 207
4144 5050 1340 480 151
4098 5400 1340 480 205
4073 5497 1340 480 249
4045 5514 1340 480 255
4045 5508 1340 480 262
4052 5488 1350 470 265
4070 5431 1350 470 270
4099 5361 1350 470 270
4139 5282 1350 470 259
4207 5207 1350 470 245
4294 5134 1360 470 200
4412 5086 1360 470 98
4582 5054 1360 470 36
4787 5078 1380 470 34
4966 5118 1380 470 44
5118 5168 1380 470 68
5251 5192 1380 470 71
5314 5182 1390 470 137
5328 5150 1390 470 208
5309 5092 1390 470 244
5253 5001 1390 470 276
5187 4888 1400 480 310
5113 4767 1400 480 337
5096 4683 1400 480 346
5128 4624 1390 480 361
5192 4568 1390 480 386
5306 4522 1390 480 388
5429 4484 1390 480 392
5557 4443 1390 480 394
5651 4401 1390 480 396
5701 4359 1380 490 409
5722 4317 1380 490 425
5690 4277 1380 490 440
5604 4233 1380 490 441
5483 4202 1380 490 449
5338 4181 1380 490 439
5193 4190 1370 500 445
5047 4242 1370 500 442
4944 4323 1370 500 446
4883 4468 1370 500 427
4849 4647 1370 500 415
4875 4850 1370 500 409
4961 5076 1370 500 391
5087 5301 1380 490 382
5263 5529 1380 490 384
5439 5759 1380 490 384
5619 5954 1380 490 386
5802 6082 1400 500 393
5943 6166 1410 490 396
6053 6172 1410 490 397
6139 6089 1410 490 415
6188 5946 1430 490 425
6212 5724 1430 490 449
6197 5497 1430 490 465
6162 5252 1430 490 486
6114 4996 1450 480 512
6070 4763 1450 480 521
6032 4609 1450 480 530
6020 4508 1450 480 538
6020 4458 1440 490 540
6044 4458 1450 500 550
6105 4488 1450 500 548
6193 4590 1450 500 548
6340 4743 1440 500 548
6490 4929 1440 500 551
6647 5083 1440 500 550
6775 5159 1420 500 550
6885 5183 1420 500 556
6932 5129 1430 510 561
6952 5012 1430 510 560
6952 4853 1430 510 572
6938 4676 1430 510 595
6923 4522 1430 510 605
6933 4384 1430 510 611
6959 4267 1440 510 624
7014 4201 1440 510 638
7100 4169 1440 510 650
7207 4179 1440 510 658
7340 4243 1440 510 658
7474 4342 1440 510 659
7593 4474 1430 520 661
7700 4608 1450 530 656
7779 4743 1450 530 650
7825 4908 1450 530 655
7849 5037 1450 530 656
7849 5141 1450 530 656
7819 5167 1450 530 658
7777 5143 1450 530 659
7717 5086 1450 530 662
7656 4967 1450 530 667
7594 4827 1450 530 665
7567 4674 1450 530 671
7577 4563 1450 530 662
7612 4474 1450 530 664
7677 4400 1450 530 669
7785 4365 1450 530 678
7922 4383 1450 530 688
8079 4437 1450 530 690
8274 4537 1460 520 691
8495 4665 1460 520 691
8703 4811 1450 530 690
8887 4972 1460 530 697
9054 5099 1460 530 694
9147 5204 1460 530 705
9187 5243 1470 530 711
9187 5243 1470 530 724
9166 5210 1470 530 730
9128 5135 1480 540 728
9082 5036 1480 540 737
9057 4920 1500 540 751
9064 4798 1500 540 756
9093 4685 1510 540 767
9147 4584 1510 540 782
9207 4489 1530 550 790
9258 4403 1530 540 784
9302 4330 1530 540 788
9316 4265 1550 540 787
9301 4222 1550 540 787
9266 4187 1560 530 790
9206 4158 1560 530 742
9122 4123 1550 540 309