162
2284 4431 48 1320 470
2260 4523 75 1310 460
2260 4549 89 1320 460
2260 4549 96 1330 460
2288 4502 134 1330 460
2326 4433 144 1330 460
2366 4283 165 1330 460
2405 4121 172 1330 460
2438 3950 170 1330 460
2468 3798 188 1330 460
2500 3703 213 1330 460
2533 3647 254 1330 460
2561 3638 317 1330 460
2585 3679 315 1330 460
2631 3753 322 1330 460
2693 3917 324 1330 460
2765 4096 329 1330 460
2834 4284 327 1320 470
2898 4467 330 1320 470
2959 4574 329 1320 470
3003 4631 329 1320 470
3036 4631 339 1320 470
3062 4573 333 1320 470
3080 4480 343 1320 470
3099 4327 353 1320 470
3118 4174 368 1320 470
3139 4045 369 1320 470
3166 3931 381 1320 470
3197 3850 396 1330 470
3233 3812 418 1330 470
3274 3803 443 1330 470
3324 3842 455 1340 470
3384 3926 456 1340 470
3451 4039 453 1330 460
3525 4161 443 1330 460
3605 4286 418 1330 460
3694 4414 307 1330 460
3790 4517 80 1330 460
4138 4644 103 1320 470
4170 4522 168 1310 460
4170 4431 212 1310 460
4162 4314 244 1320 470
4152 4201 249 1320 470
4144 4090 257 1320 470
4138 3998 257 1320 470
4138 3922 257 1320 470
4132 3856 244 1320 470
4132 3827 237 1320 470
4139 3833 51 1320 470
4231 4509 1 1330 460
4202 4908 94 1340 470
4157 5065 165 1340 470
4113 5145 211 1340 470
4086 5173 246 1350 460
4071 5173 251 1350 460
4071 5154 253 1350 460
4071 5117 251 1350 460
4071 5042 240 1360 460
4109 4947 190 1360 460
4993 4812 89 1380 460
5029 4742 153 1380 460
5011 4685 213 1370 460
4966 4606 256 1370 460
4917 4524 279 1370 460
4864 4438 281 1370 460
4842 4357 292 1360 470
4852 4279 302 1360 470
4884 4206 311 1370 470
4940 4132 317 1370 470
5002 4071 304 1370 470
5059 4020 305 1370 470
5111 3983 310 1370 470
5137 3961 341 1370 470
5128 3950 361 1370 470
5096 3933 361 1370 470
5019 3916 359 1370 470
4920 3907 356 1370 470
4806 3907 353 1370 470
4690 3931 339 1370 470
4617 4003 311 1370 470
4572 4106 208 1370 470
4587 4289 25 1360 470
5419 5782 51 1350 460
5675 5973 88 1350 460
5754 5973 146 1350 460
5803 5889 218 1370 460
5832 5752 262 1370 460
5826 5572 307 1370 460
5795 5331 339 1370 460
5747 5050 356 1380 470
5700 4772 366 1390 460
5658 4561 382 1390 460
5639 4396 393 1390 460
5633 4262 394 1390 460
5647 4196 399 1390 460
5666 4176 404 1380 470
5715 4194 404 1380 470
5782 4294 404 1390 470
5888 4448 405 1380 480
5998 4618 405 1380 480
6118 4783 404 1380 480
6243 4885 405 1380 480
6319 4947 407 1380 480
6364 4929 420 1380 480
6387 4846 428 1380 480
6387 4719 440 1380 480
6377 4574 467 1380 480
6355 4406 497 1390 480
6340 4223 522 1390 480
6353 4076 537 1390 480
6385 3957 550 1390 480
6448 3856 561 1390 480
6549 3800 584 1390 480
6675 3800 592 1390 480
6847 3839 588 1390 480
7013 3930 594 1410 490
7175 4051 597 1410 490
7346 4191 595 1400 500
7478 4351 594 1400 500
7585 4506 589 1400 500
7648 4659 595 1400 500
7665 4791 591 1400 500
7650 4881 588 1400 500
7591 4944 592 1400 500
7512 4944 595 1410 500
7420 4888 585 1410 500
7330 4801 588 1420 490
7247 4698 589 1420 490
7204 4593 592 1410 500
7185 4482 594 1410 500
7193 4362 595 1410 500
7225 4251 597 1410 500
7273 4146 599 1410 500
7354 4075 602 1410 500
7454 4033 603 1420 490
7567 4010 609 1420 490
7709 4029 611 1410 500
7874 4099 617 1420 500
8054 4203 619 1420 500
8249 4363 620 1420 500
8446 4533 619 1420 500
8645 4710 617 1410 510
8795 4888 610 1410 510
8897 5044 616 1410 510
8966 5117 641 1410 510
8966 5142 645 1410 510
8949 5142 647 1430 510
8914 5089 646 1430 510
8853 5004 656 1430 510
8795 4872 670 1430 510
8780 4753 663 1430 510
8792 4643 669 1430 510
8846 4552 675 1440 510
8914 4465 687 1440 510
8990 4381 700 1440 510
9035 4293 700 1470 510
9054 4211 721 1470 510
9054 4134 722 1480 510
9032 4065 719 1480 510
8989 3999 711 1470 520
8933 3934 693 1470 520
8844 3871 532 1470 520