202
1483 4677 1330 460 334
1483 4677 1320 470 361
1424 4662 1330 470 362
1410 4645 1320 480 366
1435 4558 1320 480 367
1495 4424 1320 490 372
1576 4275 1320 490 372
1670 4112 1320 500 376
1741 3940 1330 510 376
1803 3768 1320 510 381
1858 3650 1330 520 394
1902 3568 1310 520 397
1933 3519 1310 540 417
1955 3495 1300 540 456
1973 3487 1310 550 505
1994 3503 1300 550 512
2032 3578 1300 550 512
2081 3692 1300 560 512
2130 3867 1300 560 512
2175 4059 1300 560 515
2218 4262 1310 570 519
2246 4458 1310 570 521
2264 4568 1310 570 521
2276 4622 1310 570 516
2282 4629 1310 570 526
2288 4606 1310 570 536
2288 4563 1310 570 546
2293 4459 1310 570 557
2303 4322 1300 560 589
2318 4163 1300 560 599
2343 4001 1300 560 616
2386 3833 1310 560 613
2439 3660 1310 560 624
2508 3560 1310 560 636
2579 3507 1310 560 670
2652 3485 1310 560 691
2727 3496 1310 560 699
2789 3553 1310 560 705
2842 3641 1310 560 710
2879 3772 1310 560 714
2898 3933 1310 560 717
2904 4113 1310 560 705
2904 4279 1310 560 669
2904 4394 1310 560 509
3242 4141 1340 550 399
3297 4022 1340 550 449
3297 4061 1340 550 453
3341 4097 1340 550 470
3409 4131 1340 550 504
3483 4202 1340 550 522
3555 4270 1340 550 512
3617 4337 1340 550 513
3672 4382 1340 550 512
3710 4404 1340 550 513
3726 4411 1340 550 526
3726 4406 1320 550 536
3716 4357 1320 550 553
3680 4280 1320 550 570
3628 4167 1320 550 603
3591 4042 1320 550 633
3581 3908 1320 550 644
3590 3796 1320 550 673
3637 3720 1320 550 702
3716 3668 1320 550 728
3816 3659 1310 560 750
3928 3690 1310 560 768
4040 3747 1310 560 765
4152 3831 1310 560 762
4231 3911 1310 560 757
4289 3967 1320 570 638
3497 5277 1400 550 611
3589 5204 1410 550 638
3582 5204 1410 550 636
3601 5221 1420 540 634
3657 5161 1420 540 614
3737 5100 1420 540 567
3782 5047 1420 540 146
5073 4813 1370 480 340
5150 4840 1370 480 417
5097 4888 1380 480 422
5078 4888 1390 480 415
5032 4868 1390 480 417
4969 4799 1410 490 422
4869 4718 1410 490 415
4765 4629 1400 500 420
4658 4522 1410 500 420
4613 4476 1400 510 418
4613 4470 1380 510 427
4648 4436 1370 520 430
4723 4402 1390 520 436
4810 4368 1370 530 441
4905 4328 1370 530 442
4979 4268 1370 540 466
5023 4195 1360 550 488
5048 4098 1360 550 522
5032 3992 1360 550 543
4989 3879 1360 550 559
4927 3802 1360 550 562
4876 3756 1350 550 546
4827 3732 1350 550 515
4781 3739 1350 550 317
5221 5858 1350 530 369
5366 6031 1350 530 391
5373 6085 1360 520 388
5382 6085 1370 520 388
5392 6079 1380 510 394
5397 6067 1400 510 407
5397 6031 1410 510 415
5403 5980 1420 500 422
5403 5869 1420 500 420
5411 5713 1430 500 440
5411 5528 1440 500 448
5398 5266 1440 500 471
5372 4972 1440 500 498
5333 4657 1430 510 538
5294 4401 1440 510 560
5256 4204 1440 510 584
5239 4047 1430 520 585
5239 3977 1430 520 591
5233 3951 1430 520 617
5233 3951 1420 530 619
5238 3969 1420 530 625
5250 4054 1410 530 625
5279 4187 1400 540 617
5317 4363 1400 540 625
5367 4536 1390 550 628
5419 4644 1390 550 630
5474 4710 1380 550 636
5524 4728 1380 550 639
5572 4716 1380 550 640
5622 4683 1380 550 656
5664 4613 1380 550 668
5700 4522 1380 550 670
5717 4416 1380 550 688
5726 4290 1380 550 702
5726 4170 1380 550 702
5732 4055 1380 550 705
5732 3935 1380 550 703
5749 3833 1380 550 700
5773 3744 1360 560 699
5803 3704 1380 570 691
5836 3693 1380 570 693
5872 3701 1380 570 696
5915 3748 1390 570 690
5959 3826 1390 570 690
5999 3924 1390 570 691
6035 3994 1390 570 696
6076 4059 1400 580 702
6120 4116 1400 580 690
6171 4175 1400 580 691
6238 4262 1400 580 691
6314 4365 1420 580 702
6371 4469 1420 580 690
6402 4567 1420 580 702
6416 4657 1420 580 696
6400 4710 1420 580 697
6361 4737 1420 580 699
6306 4720 1420 580 702
6217 4638 1420 580 703
6136 4512 1420 580 710
6061 4359 1420 580 707
6025 4221 1420 580 702
6025 4092 1420 580 702
6040 4014 1420 580 710
6096 3969 1420 580 714
6193 3947 1420 580 714
6317 3958 1420 580 714
6470 3996 1420 580 710
6623 4053 1420 580 703
6776 4123 1430 590 685
6932 4207 1430 590 640
7052 4300 1430 590 581
7149 4398 1430 590 494
7238 4496 1430 590 391
7307 4601 1430 590 309
7363 4712 1450 590 307
7401 4822 1450 590 342
7421 4899 1450 590 409
7430 4953 1460 600 475
7430 4971 1460 600 501
7420 4971 1470 590 504
7403 4971 1470 590 504
7361 4936 1490 590 507
7307 4888 1490 590 512
7246 4829 1490 590 527
7188 4765 1500 580 577
7133 4709 1500 580 605
7107 4666 1500 580 613
7099 4629 1500 580 614
7118 4575 1500 580 616
7172 4518 1520 590 616
7248 4454 1520 590 616
7346 4380 1520 590 619
7428 4303 1520 590 620
7498 4228 1510 600 644
7518 4154 1510 600 724
7490 4072 1510 600 814
7430 3981 1510 600 861
7340 3898 1510 600 853
7253 3821 1500 600 858
7173 3740 1500 600 785
7104 3671 1480 610 309