173
3183 4804 287 1550 390
3100 4837 301 1520 410
3047 4874 296 1500 420
2996 4912 304 1470 430
3003 4862 307 1440 440
3032 4737 317 1430 450
3075 4562 314 1410 450
3129 4305 322 1400 460
3200 4014 327 1400 460
3282 3701 342 1390 460
3363 3517 346 1380 470
3430 3396 367 1380 470
3488 3317 399 1380 480
3526 3288 440 1370 480
3560 3288 465 1360 490
3591 3304 471 1360 490
3627 3366 468 1350 500
3664 3475 463 1340 500
3690 3615 456 1340 500
3707 3791 461 1330 510
3721 3924 468 1340 510
3737 4029 465 1340 510
3751 4029 468 1340 510
3763 3963 464 1340 510
3799 3854 467 1340 510
3840 3698 464 1340 510
3897 3581 475 1340 510
3963 3490 495 1340 510
4031 3447 497 1340 510
4098 3447 521 1340 510
4165 3486 524 1330 510
4231 3570 527 1330 510
4288 3708 522 1330 510
4331 3883 526 1330 510
4364 4086 526 1330 510
4394 4283 526 1340 500
4426 4475 522 1340 500
4450 4578 512 1330 510
4469 4624 399 1330 510
4494 4631 91 1330 510
4922 4435 327 1350 490
4986 4333 327 1360 490
4959 4388 335 1370 480
4967 4314 342 1370 480
4999 4214 346 1380 490
5033 4098 371 1380 490
5066 4003 387 1380 490
5093 3926 397 1380 490
5117 3862 399 1380 500
5135 3822 397 1380 500
5150 3800 398 1380 500
5162 3790 371 1400 510
5162 3790 124 1400 510
4870 5032 146 1380 490
4870 5032 211 1390 480
4870 5032 228 1390 480
4870 5092 233 1390 480
4877 5084 237 1390 480
4898 5053 240 1400 480
4929 5007 239 1400 480
4957 4970 242 1400 480
4981 4939 242 1420 480
5002 4913 237 1420 480
5023 4890 211 1420 480
5593 4699 208 1440 490
5702 4793 249 1430 500
5719 4885 301 1430 500
5726 4920 322 1430 500
5726 4929 339 1430 500
5720 4922 356 1430 500
5685 4902 364 1430 500
5631 4833 372 1430 500
5573 4731 396 1430 500
5545 4629 399 1430 500
5537 4524 420 1430 500
5563 4414 430 1420 500
5627 4322 440 1420 500
5717 4241 453 1420 500
5840 4178 465 1430 510
5948 4119 468 1430 510
6047 4064 471 1430 510
6126 4003 473 1430 510
6176 3942 464 1430 510
6206 3865 467 1440 510
6201 3779 480 1430 520
6165 3695 491 1430 520
6108 3624 498 1430 530
6045 3562 504 1430 530
6002 3503 509 1420 540
5971 3464 505 1440 540
5971 3439 499 1440 540
5995 3431 509 1440 540
6032 3464 510 1430 550
6117 3524 507 1430 550
6236 3651 502 1430 550
6377 3829 496 1430 550
6499 4042 492 1430 550
6612 4282 491 1430 550
6720 4549 489 1430 550
6818 4834 489 1430 550
6903 5104 492 1430 550
6980 5345 501 1430 550
7039 5568 515 1440 540
7070 5723 533 1440 540
7081 5816 557 1460 540
7081 5869 567 1460 540
7064 5869 568 1470 530
7040 5805 572 1470 530
6988 5703 583 1480 530
6912 5502 592 1490 520
6819 5202 588 1490 520
6735 4836 591 1490 520
6682 4503 595 1500 510
6650 4279 603 1500 510
6656 4128 616 1510 510
6667 4061 617 1510 510
6683 4030 616 1510 510
6698 4023 634 1510 510
6715 4039 638 1490 520
6766 4128 631 1490 520
6837 4267 630 1490 520
6912 4454 633 1480 530
6967 4571 638 1470 530
7009 4642 638 1470 530
7018 4642 642 1460 540
7029 4602 636 1460 540
7042 4532 637 1460 550
7058 4403 638 1460 550
7080 4268 643 1460 550
7129 4164 641 1460 550
7193 4083 643 1480 560
7278 4040 640 1480 560
7367 4029 636 1480 560
7462 4040 637 1480 560
7556 4091 647 1480 560
7648 4188 645 1480 560
7739 4315 644 1480 560
7819 4475 645 1480 560
7872 4579 636 1480 560
7908 4647 643 1480 560
7908 4661 638 1480 560
7896 4649 643 1490 560
7872 4619 646 1490 560
7809 4526 644 1490 560
7747 4409 646 1490 560
7714 4276 646 1480 560
7701 4188 646 1480 560
7718 4134 646 1480 560
7759 4102 647 1480 560
7815 4102 647 1480 560
7903 4152 647 1490 560
7990 4228 646 1480 570
8075 4351 646 1480 570
8163 4480 646 1480 570
8255 4613 647 1480 570
8352 4710 647 1480 570
8424 4763 649 1480 570
8479 4786 649 1500 570
8521 4774 653 1500 570
8557 4738 656 1500 570
8589 4687 656 1500 570
8623 4618 659 1500 580
8663 4545 664 1500 580
8711 4466 671 1500 580
8755 4370 672 1500 580
8795 4263 685 1500 580
8800 4152 694 1500 580
8768 4045 700 1500 580
8711 3940 690 1500 580
8625 3839 699 1500 580
8516 3760 679 1500 580
8392 3696 636 1500 580
8274 3679 351 1500 580