202
2180 4548 1400 480 112
2088 4606 1390 480 177
2066 4635 1390 480 212
2050 4655 1390 480 250
2045 4660 1380 490 292
2045 4660 1380 490 312
2045 4660 1380 490 337
2039 4652 1370 500 415
2031 4590 1370 500 473
2041 4494 1370 500 518
2054 4278 1370 500 556
2084 3995 1370 510 577
2124 3667 1370 510 597
2168 3394 1370 510 616
2212 3194 1360 510 640
2254 3043 1360 510 662
2287 2982 1360 510 682
2316 2957 1360 510 696
2346 2957 1350 510 710
2386 3002 1340 510 710
2443 3128 1340 510 697
2509 3308 1340 510 694
2569 3515 1340 510 690
2620 3717 1340 510 690
2664 3822 1340 510 672
2680 3865 1340 510 667
2697 3837 1340 510 667
2717 3737 1350 520 672
2739 3589 1350 520 676
2771 3447 1350 520 679
2809 3328 1340 520 681
2847 3224 1340 520 700
2883 3182 1340 520 711
2914 3175 1340 520 724
2941 3191 1340 520 731
2997 3279 1340 520 733
3059 3418 1340 520 734
3131 3592 1340 520 734
3208 3787 1340 520 737
3285 3974 1340 520 728
3350 4155 1340 520 691
3407 4261 1340 520 581
3451 4330 1340 520 417
3491 4375 1340 520 185
3951 4313 1360 490 286
4010 4258 1360 490 299
3982 4240 1360 490 314
3982 4193 1360 490 369
3982 4074 1360 490 456
4004 3926 1360 490 522
4023 3759 1350 500 574
4039 3598 1350 500 611
4054 3463 1350 500 636
4066 3345 1350 510 661
4081 3256 1350 510 668
4096 3192 1350 510 668
4111 3145 1350 520 646
4121 3121 1350 520 567
4128 3113 1360 520 415
4128 3113 1350 530 1
3942 4921 1390 450 333
3942 4921 1390 450 430
3904 4975 1390 450 475
3904 4997 1400 460 468
3904 4997 1390 460 467
3926 4974 1390 460 472
3963 4955 1400 470 478
4001 4919 1400 470 473
4042 4872 1400 480 444
4090 4799 1400 480 372
4143 4723 1400 480 272
4205 4645 1410 490 89
4986 4555 1400 510 81
5088 4583 1400 510 304
5120 4618 1380 510 345
5128 4668 1380 510 364
5128 4668 1380 510 382
5128 4668 1400 520 428
5123 4668 1400 520 453
5095 4654 1400 520 488
5051 4605 1400 520 520
5007 4533 1410 520 541
4966 4431 1410 520 562
4951 4323 1410 520 589
4951 4217 1410 520 600
4987 4115 1410 520 616
5027 4025 1420 530 641
5091 3938 1420 530 646
5170 3853 1420 530 656
5259 3759 1420 530 670
5339 3668 1420 530 662
5392 3581 1410 530 670
5431 3489 1410 530 678
5451 3394 1410 530 684
5446 3289 1410 530 688
5425 3177 1400 540 693
5379 3085 1400 540 699
5312 3004 1400 540 699
5232 2931 1400 540 694
5121 2861 1410 550 690
5015 2813 1410 550 690
4917 2781 1410 550 687
4852 2786 1410 550 670
4808 2832 1410 550 611
4766 2905 1410 550 519
4751 3041 1410 550 414
4751 3264 1410 550 264
4790 3546 1410 550 49
4904 4308 1410 550 49
5063 5147 1410 550 165
5147 5551 1420 540 282
5249 5877 1420 540 392
5363 6153 1430 530 480
5479 6361 1430 530 512
5600 6503 1450 530 526
5712 6601 1460 520 538
5816 6606 1460 520 550
5897 6559 1470 510 584
5970 6477 1480 500 619
6038 6329 1480 500 656
6086 6122 1500 500 676
6106 5876 1510 490 696
6106 5580 1510 490 700
6093 5250 1510 480 713
6055 4898 1530 490 731
6001 4559 1530 480 737
5932 4246 1530 480 754
5862 3951 1530 490 776
5792 3707 1530 490 797
5747 3565 1520 490 787
5726 3492 1510 500 793
5726 3492 1500 510 797
5726 3492 1490 520 793
5726 3492 1480 530 790
5756 3542 1460 530 762
5841 3696 1460 530 756
5925 3908 1450 540 759
6006 4047 1440 540 759
6056 4102 1440 540 756
6088 4102 1420 540 756
6119 4071 1420 540 760
6145 3985 1420 540 770
6167 3862 1410 550 768
6197 3705 1410 550 776
6232 3582 1430 550 782
6275 3483 1430 550 785
6333 3414 1430 550 791
6400 3367 1430 550 796
6474 3336 1430 550 784
6571 3346 1440 560 783
6684 3399 1440 560 796
6829 3480 1430 560 794
6966 3578 1430 560 794
7098 3719 1440 570 788
7228 3890 1440 570 788
7345 4072 1440 570 790
7453 4252 1440 570 790
7520 4427 1440 570 791
7547 4525 1440 570 794
7547 4571 1440 570 796
7521 4595 1460 570 790
7460 4577 1460 570 790
7377 4531 1460 570 794
7280 4399 1460 570 784
7189 4215 1470 580 785
7133 3996 1480 570 790
7097 3785 1480 570 791
7107 3664 1480 570 799
7157 3604 1480 570 802
7233 3576 1480 570 808
7351 3603 1480 570 806
7505 3666 1480 570 799
7683 3805 1480 570 788
7869 3975 1490 580 784
8021 4167 1490 580 787
8149 4345 1490 580 788
8230 4452 1500 580 794
8270 4511 1500 580 790
8283 4530 1500 580 793
8283 4530 1500 580 796
8269 4524 1520 590 796
8244 4483 1520 590 797
8214 4414 1520 590 800
8187 4326 1530 590 806
8178 4231 1530 590 824
8178 4137 1530 590 830
8201 4045 1530 590 845
8243 3955 1540 580 849
8298 3874 1560 590 855
8387 3803 1560 590 861
8488 3740 1550 600 867
8597 3691 1550 600 855
8696 3644 1550 600 860
8765 3599 1550 600 869
8814 3550 1540 600 887
8825 3500 1540 600 896
8772 3449 1540 600 908
8675 3373 1540 600 912
8520 3297 1540 600 905
8350 3245 1530 610 870
8171 3209 1530 610 750
8039 3209 1530 610 218