149
2965 4171 247 1280 570
2911 4363 320 1300 580
2828 4447 400 1290 590
2803 4499 414 1280 590
2798 4499 420 1280 590
2806 4493 428 1280 590
2827 4435 448 1290 590
2851 4345 458 1290 590
2878 4219 474 1290 590
2907 4092 465 1310 600
2941 3964 475 1320 590
2982 3875 477 1320 590
3036 3811 485 1320 590
3098 3779 486 1320 590
3153 3779 480 1340 600
3211 3807 467 1340 600
3272 3878 446 1340 600
3333 3976 418 1340 600
3378 4092 418 1340 600
3411 4196 428 1340 600
3428 4261 431 1340 600
3442 4300 440 1340 600
3454 4300 463 1340 600
3487 4251 498 1340 600
3524 4179 510 1320 600
3569 4062 515 1320 600
3623 3930 520 1320 600
3683 3787 515 1320 600
3737 3673 540 1320 600
3791 3613 559 1310 610
3837 3588 581 1310 610
3877 3579 594 1310 610
3931 3610 602 1290 600
3989 3669 595 1280 610
4058 3808 594 1280 610
4134 3972 581 1280 610
4200 4153 504 1280 610
4264 4325 344 1280 610
4842 4637 327 1340 600
4899 4532 417 1340 600
4894 4455 463 1350 600
4894 4359 471 1350 600
4903 4162 468 1350 600
4914 3986 468 1360 610
4927 3824 466 1360 610
4944 3724 469 1350 620
4963 3670 465 1370 620
4990 3648 422 1370 620
5021 3634 228 1350 630
6034 4534 398 1330 650
6209 4706 465 1330 650
6238 4793 480 1350 650
6238 4825 475 1350 650
6226 4818 477 1370 650
6190 4802 488 1370 650
6138 4758 497 1380 640
6073 4696 517 1400 650
6009 4631 522 1400 650
5971 4566 513 1400 650
5949 4499 513 1400 650
5957 4421 519 1400 650
5998 4337 530 1400 650
6062 4248 544 1420 650
6155 4173 545 1400 660
6260 4108 557 1400 660
6372 4060 568 1400 660
6451 4022 568 1400 660
6496 3990 584 1400 660
6518 3954 606 1400 660
6495 3910 614 1390 670
6437 3845 614 1390 670
6355 3770 611 1390 670
6263 3720 602 1390 670
6177 3697 589 1370 670
6096 3697 498 1370 670
6045 3719 146 1370 670
6963 5644 536 1420 660
7143 5658 569 1420 660
7168 5658 592 1440 660
7181 5574 586 1460 660
7181 5437 591 1470 650
7169 5202 597 1470 650
7141 4953 600 1500 650
7086 4694 614 1500 650
7018 4490 644 1500 650
6941 4309 670 1500 650
6871 4143 667 1500 650
6804 4029 670 1490 660
6775 3968 669 1490 660
6770 3943 663 1490 660
6770 3943 671 1480 670
6806 3985 658 1480 670
6858 4057 627 1440 670
6960 4224 614 1440 670
7065 4395 616 1420 680
7173 4569 610 1420 680
7277 4635 614 1420 680
7351 4642 627 1410 680
7407 4609 636 1410 680
7443 4540 640 1410 680
7451 4430 650 1410 680
7441 4292 670 1410 680
7414 4143 670 1410 680
7380 4003 681 1410 680
7341 3870 688 1410 680
7336 3784 690 1410 700
7359 3741 691 1410 700
7401 3727 687 1410 700
7476 3745 681 1390 710
7579 3818 678 1390 710
7701 3927 673 1390 710
7844 4043 675 1420 710
7971 4159 675 1420 710
8087 4273 666 1420 710
8165 4382 662 1440 720
8207 4483 663 1440 720
8225 4555 663 1440 720
8214 4608 662 1440 720
8184 4626 667 1440 720
8142 4599 667 1440 720
8085 4541 675 1470 720
8028 4414 676 1470 720
7971 4274 679 1470 720
7937 4126 682 1470 720
7945 4031 691 1470 720
7982 3976 699 1480 710
8045 3949 690 1480 710
8132 3943 699 1480 710
8236 3972 697 1460 710
8375 4025 690 1460 710
8515 4111 688 1460 710
8655 4224 676 1460 710
8781 4356 658 1460 710
8900 4519 641 1460 710
9016 4706 650 1460 710
9102 4909 668 1460 710
9167 4984 673 1480 710
9183 4991 663 1480 710
9183 4954 673 1480 710
9172 4862 687 1510 720
9135 4729 721 1510 720
9105 4569 748 1510 720
9080 4431 760 1550 710
9080 4309 771 1550 710
9092 4197 770 1550 710
9092 4109 768 1580 720
9080 4018 760 1570 730
9012 3926 730 1570 730
8893 3805 543 1570 730