186
2734 4564 34 1350 600
2722 4638 274 1320 590
2695 4674 312 1290 590
2652 4720 320 1280 580
2652 4720 325 1270 570
2652 4708 327 1260 570
2657 4659 339 1260 570
2668 4584 348 1260 570
2684 4509 371 1260 570
2705 4383 382 1270 570
2731 4224 382 1270 570
2760 4073 387 1280 580
2790 3962 388 1280 590
2824 3878 391 1280 590
2861 3833 399 1290 600
2897 3812 391 1290 600
2934 3812 392 1290 600
2972 3829 388 1290 600
3013 3887 388 1290 600
3057 3969 396 1290 600
3100 4080 389 1290 600
3135 4195 396 1290 600
3166 4312 402 1290 600
3185 4407 407 1290 600
3202 4462 410 1280 610
3218 4490 413 1280 610
3234 4501 413 1280 610
3251 4501 415 1280 610
3269 4489 431 1280 610
3302 4451 448 1280 610
3337 4376 452 1280 610
3378 4277 455 1280 610
3422 4157 455 1280 610
3465 4052 456 1280 610
3507 3956 463 1280 610
3549 3895 466 1280 610
3589 3857 473 1280 610
3628 3834 478 1280 610
3666 3825 490 1280 610
3707 3840 492 1280 610
3745 3870 501 1260 610
3777 3929 510 1260 610
3806 4015 510 1260 610
3839 4118 509 1260 610
3871 4218 504 1260 610
3902 4315 489 1260 610
3939 4394 414 1260 610
3981 4462 252 1260 610
4277 4799 68 1250 600
4353 4875 178 1260 600
4373 4911 218 1260 600
4384 4923 209 1260 600
4398 4918 242 1280 590
4418 4889 276 1280 590
4443 4809 314 1280 590
4462 4695 366 1290 590
4478 4568 381 1290 590
4488 4418 387 1290 590
4495 4254 386 1280 590
4500 4111 396 1290 600
4511 4001 382 1290 600
4528 3914 393 1290 600
4557 3858 368 1290 600
4596 3832 277 1280 610
4643 3825 58 1280 610
5749 4844 108 1270 630
5875 4968 148 1300 630
5898 5010 171 1300 630
5908 5029 218 1300 630
5908 5034 272 1320 640
5908 5034 296 1330 630
5876 5028 327 1330 630
5828 4986 339 1350 640
5758 4921 346 1350 640
5688 4828 349 1370 630
5647 4732 346 1370 630
5625 4665 348 1350 640
5633 4618 356 1350 640
5668 4578 359 1350 640
5720 4543 364 1350 640
5798 4512 367 1350 640
5878 4480 384 1330 650
5964 4448 391 1330 650
6034 4414 396 1330 650
6094 4377 393 1300 650
6124 4347 420 1300 650
6124 4321 456 1300 650
6106 4251 477 1280 650
6054 4217 498 1300 660
5987 4208 491 1300 660
5909 4173 489 1280 660
5838 4155 490 1280 660
5769 4149 470 1280 660
5719 4158 422 1280 660
5682 4186 294 1280 660
5669 4228 1 1280 660
6810 5789 389 1350 640
6956 5853 461 1370 630
6962 5867 466 1380 640
6973 5838 473 1400 630
6994 5783 488 1400 630
7021 5656 497 1410 640
7021 5478 527 1430 630
7006 5267 550 1450 640
6975 5036 567 1450 640
6926 4805 568 1460 640
6867 4613 563 1460 640
6800 4448 569 1460 640
6734 4304 570 1450 650
6691 4203 572 1450 650
6663 4130 574 1440 660
6653 4094 570 1420 660
6648 4083 564 1400 670
6648 4090 568 1390 670
6659 4120 559 1370 670
6698 4225 543 1350 680
6757 4380 545 1330 670
6850 4523 543 1310 680
6947 4661 545 1310 680
7049 4770 548 1310 680
7145 4863 553 1310 680
7235 4912 557 1310 680
7310 4921 557 1310 680
7374 4903 567 1310 680
7411 4838 568 1310 680
7434 4736 570 1330 690
7434 4609 560 1330 690
7425 4485 563 1330 690
7409 4356 561 1350 690
7393 4237 560 1350 690
7379 4125 564 1350 690
7388 4051 560 1350 690
7411 4008 563 1350 690
7451 3987 564 1370 700
7496 3987 570 1370 700
7565 4008 566 1370 700
7649 4049 563 1350 710
7762 4128 560 1350 710
7893 4228 561 1350 710
8037 4343 566 1330 710
8165 4464 569 1330 710
8280 4581 567 1330 710
8386 4688 569 1330 710
8459 4786 569 1330 710
8500 4858 570 1330 710
8519 4914 570 1350 720
8514 4929 570 1350 720
8482 4938 572 1370 710
8432 4905 575 1370 710
8364 4845 575 1370 710
8296 4751 578 1370 710
8227 4655 578 1370 710
8183 4560 580 1420 710
8171 4478 581 1420 710
8179 4405 581 1420 710
8215 4353 581 1420 710
8257 4313 584 1420 710
8325 4280 588 1390 710
8408 4271 589 1390 710
8504 4285 591 1370 710
8604 4314 584 1370 710
8714 4372 581 1370 710
8835 4449 580 1350 720
8969 4538 574 1370 730
9112 4658 570 1370 730
9249 4799 575 1370 730
9383 4954 583 1370 730
9493 5043 589 1370 730
9587 5089 588 1370 730
9636 5106 586 1400 730
9655 5106 589 1420 720
9655 5100 595 1420 720
9629 5072 589 1420 720
9601 5029 585 1420 720
9572 4983 585 1450 730
9572 4936 585 1470 720
9614 4891 589 1470 720
9685 4848 595 1470 720
9783 4788 599 1470 720
9883 4723 608 1480 710
9950 4652 611 1490 730
9994 4581 625 1490 730
9982 4509 627 1490 730
9925 4437 625 1490 730
9839 4358 580 1480 740
9736 4268 253 1480 740