197
1905 4357 37 1230 560
1898 4386 217 1250 560
1913 4386 211 1290 560
1913 4393 211 1310 550
1913 4350 216 1340 540
1932 4281 228 1360 540
1956 4195 244 1390 520
1986 4096 277 1420 520
2015 3992 304 1430 510
2044 3878 334 1440 500
2066 3775 344 1450 500
2088 3680 371 1440 500
2110 3633 372 1440 500
2125 3613 413 1450 510
2136 3613 466 1440 510
2155 3629 474 1440 510
2189 3696 464 1440 510
2232 3794 464 1440 510
2282 3926 464 1430 520
2332 4054 470 1420 520
2383 4172 467 1420 520
2438 4265 468 1420 520
2481 4343 467 1420 520
2517 4374 464 1420 520
2551 4369 467 1420 520
2586 4341 475 1420 520
2625 4279 501 1420 520
2656 4187 513 1420 520
2682 4075 546 1420 520
2700 3971 556 1420 520
2719 3877 560 1420 520
2741 3789 570 1430 510
2763 3724 588 1430 510
2785 3693 594 1430 510
2804 3685 636 1420 500
2821 3685 661 1420 500
2848 3732 667 1420 500
2901 3807 672 1420 500
2971 3942 675 1420 500
3064 4084 678 1420 500
3157 4231 672 1420 500
3248 4379 668 1410 510
3309 4480 613 1410 510
3351 4549 489 1410 510
3382 4583 351 1410 510
3405 4600 203 1410 510
3423 4605 56 1410 510
3564 4558 30 1400 510
3611 4523 96 1400 510
3629 4503 170 1400 510
3644 4478 239 1400 510
3660 4432 299 1400 510
3676 4374 359 1400 510
3684 4281 413 1400 510
3684 4180 461 1400 510
3697 4073 473 1410 510
3711 3967 486 1410 510
3727 3867 495 1410 510
3745 3784 498 1410 510
3758 3711 496 1410 510
3767 3680 478 1400 520
3774 3673 474 1400 520
3781 3681 376 1400 520
3791 3737 307 1400 520
3803 3841 195 1400 520
3816 3977 3 1400 520
3803 4457 34 1400 520
3771 4748 183 1400 520
3736 4861 305 1380 510
3704 4927 374 1380 510
3677 4948 387 1380 510
3669 4938 386 1400 510
3674 4933 387 1400 510
3698 4924 393 1410 500
3726 4898 384 1410 490
3764 4861 344 1410 490
3822 4820 269 1410 490
3892 4781 90 1420 480
4474 4740 91 1420 480
4588 4714 218 1420 480
4588 4677 312 1420 480
4575 4627 366 1420 480
4540 4551 384 1410 490
4498 4465 400 1410 490
4450 4373 412 1410 490
4440 4296 420 1400 500
4456 4231 423 1400 500
4489 4174 449 1400 500
4547 4125 443 1400 500
4622 4079 455 1400 500
4708 4036 461 1410 500
4797 3988 474 1410 500
4844 3936 473 1410 500
4863 3877 494 1420 500
4863 3811 520 1410 510
4824 3743 527 1410 510
4760 3676 541 1420 520
4656 3624 537 1410 520
4549 3580 545 1410 520
4439 3559 543 1410 520
4351 3568 545 1400 530
4290 3597 535 1400 530
4248 3662 472 1400 530
4255 3788 404 1390 520
4310 3954 340 1390 520
4396 4146 272 1390 520
4523 4372 218 1390 520
4681 4621 207 1390 520
4860 4863 200 1390 520
5026 5104 213 1390 520
5213 5333 253 1370 520
5413 5554 291 1370 520
5576 5701 330 1380 510
5721 5774 346 1380 510
5854 5798 363 1400 520
5933 5760 398 1410 510
5981 5659 441 1410 510
6007 5515 485 1430 510
5999 5312 509 1430 510
5968 5092 521 1440 510
5921 4861 526 1450 510
5865 4636 544 1450 510
5813 4445 539 1470 510
5765 4277 542 1470 510
5740 4151 548 1460 520
5731 4085 546 1460 520
5743 4059 561 1460 520
5783 4059 568 1460 520
5841 4120 563 1470 520
5928 4216 560 1460 530
6041 4370 561 1460 530
6171 4523 561 1460 530
6302 4629 567 1450 530
6397 4703 563 1430 530
6467 4719 560 1430 530
6515 4693 564 1430 530
6539 4638 574 1430 530
6547 4536 594 1430 530
6533 4396 606 1430 530
6520 4232 614 1430 530
6510 4095 633 1430 530
6503 3983 636 1430 530
6532 3888 653 1430 530
6590 3828 669 1420 540
6666 3807 684 1420 540
6785 3812 691 1440 540
6926 3870 700 1440 540
7081 3965 702 1440 540
7251 4085 699 1440 540
7424 4229 685 1450 550
7549 4375 670 1450 550
7641 4522 670 1450 550
7689 4642 661 1450 550
7695 4742 656 1450 550
7672 4828 650 1450 550
7628 4862 652 1450 550
7574 4856 649 1460 550
7513 4823 647 1460 550
7456 4743 652 1460 550
7400 4657 653 1460 550
7346 4547 655 1460 550
7293 4423 659 1460 550
7269 4284 659 1460 550
7269 4178 661 1460 550
7297 4095 671 1460 550
7363 4033 666 1460 550
7451 4002 675 1460 550
7572 3992 678 1460 550
7734 4032 679 1460 550
7924 4119 687 1460 550
8120 4237 687 1460 550
8327 4395 691 1460 550
8534 4554 688 1460 550
8738 4714 685 1450 560
8906 4870 688 1470 560
9025 5017 690 1470 560
9111 5097 691 1470 560
9148 5135 682 1480 570
9148 5135 684 1480 570
9127 5091 688 1510 560
9078 5023 687 1510 560
9023 4919 693 1510 560
8964 4805 702 1510 560
8927 4684 700 1520 570
8927 4588 717 1520 570
8940 4492 730 1520 570
8976 4393 725 1540 570
9011 4292 739 1540 570
9043 4209 751 1540 570
9050 4138 750 1540 570
9041 4074 760 1540 570
9010 4023 756 1540 570
8964 3980 757 1540 570
8908 3956 751 1540 570
8840 3950 722 1540 570
8769 3957 646 1540 570
8695 3973 389 1530 580