ABCDE-012_345_678 233
	19735 17526     0  1290   510
	19728 17481   338  1290   510
	19706 17512   415  1290   520
	19689 17512   415  1290   520
	19680 17511   415  1290   520
	19679 17510   410  1290   520
	19681 17500   401  1290   520
	19689 17500   390  1290   520
	19699 17510   385  1300   530
	19713 17511   385  1300   530
	19736 17511   390  1300   530
	19806 17516   390  1300   530
	19794 17531   390  1300   530
	19830 17557   395  1310   540
	19879 17577   401  1310   540
	19936 17610   401  1310   540
	19994 17653   410  1310   540
	20060 17691   420  1310   540
	20131 17740   424  1310   540
	20210 17800   433  1330   540
	20302 17861   437  1330   540
	20403 17925   446  1330   540
	20499 17980   454  1330   540
	20603 18044   454  1330   540
	20706 18108   458  1330   540
	20813 18171   462  1340   550
	20927 18231   465  1340   550
	21031 18284   465  1340   550
	21129 18332   469  1350   540
	21210 18378   469  1360   550
	21281 18421   469  1360   550
	21348 18443   469  1360   550
	21403 18470   469  1370   540
	21449 18485   469  1390   550
	21482 18488   469  1390   550
	21498 18490   469  1400   540
	21507 18488   465  1400   540
	21505 18487   462  1400   540
	21500 18475   465  1410   550
	21490 18459   465  1420   540
	21472 18441   465  1420   540
	21439 18406   465  1420   540
	21395 18358   469  1420   540
	21343 18298   469  1420   540
	21281 18246   469  1420   540
	21210 18183   469  1410   530
	21133 18119   469  1410   530
	21048 18054   473  1400   540
	20950 17979   473  1400   540
	20849 17899   476  1400   540
	20746 17818   480  1390   550
	20650 17738   484  1390   550
	20560 17669   487  1370   540
	20478 17594   490  1360   550
	20394 17542   494  1360   550
	20323 17482   497  1360   550
	20271 17448   500  1360   550
	20236 17414   504  1340   550
	20213 17386   504  1340   550
	20205 17369   504  1340   550
	20204 17354   497  1340   550
	20210 17353   490  1320   550
	20220 17350   490  1310   550
	20242 17340   490  1310   550
	20270 17350   490  1310   550
	20312 17366   494  1310   550
	20372 17385   494  1310   550
	20444 17417   490  1310   550
	20512 17452   490  1310   550
	20588 17497   494  1310   550
	20676 17545   494  1310   550
	20771 17593   490  1310   550
	20874 17643   490  1310   550
	20982 17702   490  1310   550
	21087 17754   494  1310   550
	21188 17815   494  1320   550
	21294 17867   494  1320   550
	21400 17926   494  1320   550
	21511 17977   490  1320   550
	21595 18023   494  1320   550
	21685 18057   494  1340   560
	21760 18091   490  1350   550
	21831 18123   490  1350   550
	21898 18150   490  1350   550
	21950 18165   490  1350   550
	21988 18169   490  1360   560
	22013 18170   490  1360   560
	22031 18167   490  1360   560
	22032 18165   487  1360   560
	22031 18154   487  1360   560
	22020 18150   487  1380   570
	21994 18133   487  1380   570
	21961 18105   487  1380   570
	21911 18071   487  1380   570
	21848 18028   484  1380   570
	21776 17991   484  1380   570
	21699 17942   487  1380   570
	21618 17893   487  1380   570
	21539 17833   487  1380   570
	21444 17771   487  1380   570
	21348 17717   487  1360   560
	21255 17655   487  1360   560
	21165 17594   490  1360   560
	21074 17530   487  1350   570
	20985 17466   487  1350   570
	20896 17402   490  1350   570
	20816 17350   490  1340   560
	20746 17291   490  1340   560
	20690 17254   490  1340   560
	20652 17211   490  1340   560
	20620 17180   490  1340   560
	20606 17164   490  1310   560
	20597 17158   490  1310   560
	20598 17158   484  1310   560
	20608 17148   480  1310   560
	20624 17148   480  1310   560
	20651 17160   480  1310   560
	20691 17175   480  1310   560
	20741 17193   484  1310   560
	20804 17225   484  1310   560
	20886 17270   484  1300   550
	20977 17322   484  1310   560
	21072 17386   484  1310   560
	21182 17447   487  1310   560
	21295 17500   487  1310   560
	21423 17574   484  1310   560
	21555 17639   480  1310   560
	21679 17702   484  1310   560
	21810 17756   484  1310   560
	21944 17829   480  1320   570
	22076 17881   480  1340   560
	22194 17930   480  1340   560
	22300 17977   480  1350   570
	22401 18012   476  1350   570
	22495 18041   476  1350   570
	22570 18070   476  1350   570
	22628 18087   476  1360   570
	22675 18091   476  1360   570
	22705 18103   473  1360   570
	22724 18102   473  1360   570
	22726 18092   469  1360   570
	22725 18090   469  1360   570
	22710 18076   469  1360   570
	22688 18069   473  1360   570
	22653 18039   473  1360   570
	22603 18007   473  1380   570
	22541 17963   473  1380   570
	22455 17915   476  1360   570
	22360 17864   476  1360   570
	22262 17801   476  1350   570
	22159 17735   476  1360   570
	22041 17660   476  1360   570
	21910 17591   476  1360   570
	21775 17511   476  1350   570
	21646 17431   476  1350   570
	21516 17339   476  1350   570
	21375 17257   480  1340   570
	21248 17189   490  1340   570
	21144 17115   490  1340   570
	21050 17061   494  1340   570
	20965 16999   494  1320   570
	20888 16950   490  1320   570
	20820 16903   494  1320   570
	20767 16857   490  1310   570
	20730 16822   490  1310   570
	20701 16791   490  1310   570
	20692 16774   490  1300   560
	20696 16762   494  1300   560
	20703 16759   494  1300   560
	20725 16757   494  1300   560
	20753 16757   497  1300   560
	20793 16762   500  1300   560
	20853 16778   504  1300   560
	20923 16805   510  1300   560
	21005 16827   513  1300   560
	21101 16859   531  1280   570
	21201 16905   557  1280   570
	21318 16951   581  1280   570
	21447 16999   588  1280   570
	21582 17050   592  1300   560
	21724 17112   595  1300   560
	21880 17175   595  1310   570
	22049 17244   595  1310   570
	22219 17319   592  1310   570
	22392 17398   586  1310   570
	22573 17463   581  1320   580
	22727 17528   555  1320   580
	22875 17592   542  1340   580
	23027 17642   500  1340   580
	23164 17692   476  1350   590
	23290 17749   433  1350   590
	23414 17788   336  1350   590
	23535 17834    -1  1380   590
	23635 17882    -1  1380   590
	23720 17930    -1  1380   590
	23791 17975    -1  1380   590
	23847 18021    -1  1390   580
	23896 18057    -1  1390   580
	23973 18089    -1  1390   580
	24012 18103    -1  1400   580
	23999 18139    -1  1400   580
	24059 18150    -1  1400   580
	24027 18167    -1  1440   560
	24078 18186    -1  1440   560
	24078 18188    -1  1440   560
	24072 18199    -1  1460   540
	24069 18202    -1  1460   540
	24055 18199    -1  1460   540
	24044 18187    -1  1490   510
	24034 18183    -1  1490   510
	24018 18167    -1  1520   480
	24005 18149    -1  1520   460
	23988 18121    -1  1530   460
	23971 18102    -1  1540   440
	23962 18071    -1  1540   430
	23945 18040    -1  1540   430
	23938 18008    -1  1530   430
	23926 17975    -1  1530   430
	23917 17930    -1  1520   420
	23911 17895    -1  1520   420
	23907 17849    -1  1520   420
	23904 17801    -1  1520   420
	23905 17750    -1  1520   420
	23906 17702    -1  1520   420
	23899 17657   793  1520   420
	23862 17669   810  1520   420
	23836 17672   809  1500   420
	23791 17673   801  1450   470
	23788 17750   756  1440   480
	23800 17734   625  1430   500
	23817 17722   560  1420   500
	23833 17717   462  1420   520
	23849 17707   286  1420   530
