ABCDE-012_345_678 176
	19558 13063     0  1290   510
	19530 13051   317  1290   510
	19506 13050   367  1300   520
	19488 13049   367  1300   520
	19471 13048   269  1300   520
	19464 13045   278  1300   520
	19465 13045   278  1300   520
	19468 13045   278  1320   510
	19473 13046   269  1320   510
	19482 13048   269  1320   510
	19497 13050   278  1320   510
	19518 13062   294  1330   520
	19542 13066   302  1330   520
	19573 13084   310  1340   510
	19615 13113   324  1340   510
	19667 13147   344  1340   510
	19728 13192   350  1340   510
	19803 13240   363  1340   510
	19895 13288   385  1340   510
	19994 13340   390  1340   510
	20092 13404   410  1340   510
	20210 13478   410  1340   510
	20335 13546   420  1340   510
	20478 13622   415  1350   520
	20601 13692   429  1350   520
	20731 13767   429  1350   520
	20875 13832   429  1350   520
	21013 13895   429  1360   510
	21138 13957   429  1370   520
	21258 14008   429  1370   520
	21374 14057   429  1370   520
	21489 14102   429  1390   520
	21573 14151   429  1400   520
	21653 14187   429  1410   520
	21724 14231   429  1410   520
	21784 14252   429  1410   520
	21831 14279   429  1410   520
	21874 14283   429  1410   520
	21895 14294   429  1420   520
	21912 14294   429  1430   520
	21919 14294   429  1430   520
	21918 14283   429  1430   520
	21910 14282   433  1430   520
	21896 14279   437  1420   530
	21872 14266   442  1420   530
	21839 14248   446  1420   530
	21796 14218   446  1420   530
	21744 14184   442  1420   530
	21682 14139   446  1420   530
	21612 14092   446  1420   530
	21533 14053   446  1420   530
	21448 14005   446  1420   530
	21359 13947   454  1410   520
	21269 13898   454  1410   520
	21187 13836   454  1410   520
	21106 13798   454  1410   520
	21032 13752   458  1410   520
	20957 13705   458  1410   520
	20895 13660   458  1410   520
	20836 13628   458  1400   520
	20794 13606   458  1400   520
	20758 13575   458  1400   520
	20740 13560   458  1400   520
	20734 13547   458  1400   520
	20733 13546   450  1390   520
	20737 13544   442  1370   520
	20748 13544   437  1370   520
	20767 13546   437  1370   520
	20799 13558   437  1370   520
	20841 13564   442  1370   520
	20896 13589   442  1360   520
	20958 13610   442  1360   520
	21035 13644   442  1360   520
	21119 13690   442  1360   520
	21208 13735   442  1360   520
	21303 13772   437  1370   520
	21408 13819   437  1370   520
	21522 13863   437  1370   520
	21614 13899   437  1370   520
	21714 13943   437  1390   520
	21812 13976   437  1390   520
	21914 14008   437  1390   520
	22007 14039   433  1390   520
	22087 14058   433  1400   520
	22157 14075   433  1410   520
	22213 14090   433  1410   520
	22256 14103   433  1410   520
	22289 14104   433  1410   520
	22311 14103   433  1430   520
	22320 14102   429  1430   520
	22325 14089   429  1430   520
	22321 14075   433  1430   520
	22308 14057   433  1430   520
	22286 14038   437  1430   520
	22255 14006   437  1430   520
	22217 13964   433  1430   520
	22164 13929   437  1430   520
	22107 13894   433  1430   520
	22038 13845   437  1430   520
	21956 13798   433  1430   520
	21858 13735   429  1430   520
	21761 13670   437  1430   520
	21659 13595   433  1420   530
	21556 13529   429  1410   520
	21440 13452   433  1410   520
	21315 13383   429  1410   520
	21194 13304   433  1410   520
	21083 13227   442  1390   520
	20977 13163   454  1390   520
	20872 13110   454  1390   520
	20784 13048   454  1370   530
	20714 13004   458  1360   520
	20659 12972   458  1360   520
	20620 12940   458  1360   520
	20596 12933   458  1350   530
	20583 12920   454  1350   530
	20585 12917   450  1350   530
	20593 12918   450  1350   530
	20617 12918   454  1340   520
	20647 12920   458  1340   520
	20692 12923   462  1330   530
	20748 12949   469  1330   530
	20827 12956   473  1330   530
	20917 12986   476  1340   540
	21024 13016   480  1340   540
	21138 13052   484  1340   540
	21258 13109   487  1340   540
	21396 13161   490  1340   540
	21547 13224   494  1340   540
	21689 13285   494  1350   530
	21852 13337   497  1360   540
	22038 13400   497  1360   540
	22225 13463   497  1360   540
	22434 13531   497  1360   540
	22650 13607   497  1370   540
	22835 13674   487  1370   540
	23061 13739   469  1400   540
	23261 13804   442  1400   540
	23461 13864   401  1400   540
	23652 13909   360  1410   550
	23793 13948   286  1420   540
	23932 13989    35  1440   540
	24052 14024    -1  1450   540
	24157 14053    -1  1460   540
	24233 14086    -1  1470   530
	24284 14105    -1  1490   530
	24321 14123    -1  1490   530
	24363 14138    -1  1510   530
	24355 14140    -1  1530   520
	24359 14152    -1  1530   510
	24366 14151    -1  1550   510
	24336 14138    -1  1550   510
	24337 14124    -1  1570   490
	24316 14120    -1  1610   470
	24290 14092    -1  1610   460
	24257 14071    -1  1620   450
	24215 14040    -1  1630   440
	24179 13994    -1  1640   430
	24135 13948    -1  1640   420
	24092 13900    -1  1630   420
	24045 13849    -1  1630   420
	23999 13797    -1  1620   420
	23952 13736    -1  1610   410
	23907 13672    -1  1600   410
	23842 13702    -1  1600   420
	23819 13643    -1  1590   420
	23760 13512    -1  1590   420
	23741 13464    -1  1590   420
	23706 13434   666  1530   440
	23658 13516   697  1520   450
	23618 13541   697  1500   460
	23601 13543   681  1480   470
	23602 13546   619  1470   480
	23612 13541   507  1460   490
	23626 13527   433  1440   500
	23646 13514   286  1430   510
