ABCDE-012_345_678 244
	12142 17446     0  1370   500
	12110 17429   182  1370   500
	12085 17413   201  1370   500
	12058 17397   218  1370   500
	12039 17384   218  1370   500
	12027 17372   234  1370   500
	12017 17367   249  1370   500
	12010 17365   275  1370   500
	12007 17355   286  1370   500
	12007 17354   297  1370   500
	12009 17354   308  1360   500
	12012 17355   317  1360   500
	12017 17355   327  1360   500
	12023 17366   336  1360   500
	12031 17370   352  1360   500
	12041 17384   360  1360   500
	12061 17399   302  1360   500
	12086 17418   368  1360   500
	12117 17448   390  1360   500
	12156 17480   420  1360   500
	12197 17515   437  1360   500
	12249 17561   450  1360   500
	12303 17612   454  1360   500
	12403 17672   465  1360   500
	12445 17735   476  1370   500
	12535 17801   487  1370   500
	12628 17879   494  1370   500
	12723 17958   494  1370   500
	12830 18025   500  1370   500
	12931 18092   504  1370   500
	13034 18168   504  1370   500
	13149 18233   507  1380   490
	13251 18310   510  1380   490
	13354 18378   519  1380   490
	13460 18442   525  1400   500
	13567 18505   531  1410   490
	13684 18567   531  1410   490
	13788 18618   519  1410   490
	13883 18666   522  1430   490
	13967 18712   519  1430   490
	14051 18759   519  1430   490
	14125 18792   513  1440   480
	14195 18821   513  1450   480
	14248 18842   513  1450   480
	14289 18858   510  1460   480
	14323 18870   510  1460   480
	14346 18876   510  1470   480
	14360 18885   510  1480   470
	14366 18876   507  1480   470
	14363 18875   500  1480   470
	14362 18874   497  1480   470
	14356 18869   497  1480   470
	14344 18858   497  1480   470
	14331 18840   497  1480   470
	14305 18811   497  1480   470
	14270 18789   497  1480   470
	14227 18758   500  1480   470
	14182 18730   500  1480   470
	14131 18700   497  1480   470
	14079 18680   497  1480   470
	14035 18650   497  1480   470
	13995 18630   497  1480   470
	13958 18600   497  1480   470
	13927 18571   497  1480   470
	13901 18551   497  1480   470
	13878 18535   494  1480   470
	13865 18508   494  1480   470
	13858 18502   494  1480   470
	13858 18488   494  1480   470
	13864 18485   490  1480   470
	13876 18475   487  1480   470
	13889 18472   487  1480   470
	13910 18471   490  1480   470
	13938 18474   490  1470   480
	13978 18485   490  1470   480
	14029 18488   494  1470   480
	14085 18504   494  1470   480
	14149 18518   497  1470   480
	14211 18535   497  1470   480
	14270 18552   497  1470   480
	14325 18568   497  1470   480
	14377 18585   497  1470   480
	14428 18602   497  1470   480
	14473 18617   497  1470   480
	14518 18633   497  1470   480
	14563 18650   500  1470   480
	14606 18665   497  1470   480
	14640 18679   497  1480   480
	14674 18694   500  1480   480
	14704 18699   500  1490   480
	14729 18711   500  1490   480
	14753 18714   500  1490   480
	14764 18714   500  1490   480
	14772 18713   497  1490   480
	14776 18711   497  1490   480
	14774 18710   494  1490   480
	14769 18700   494  1490   480
	14768 18697   490  1490   480
	14756 18682   490  1490   480
	14743 18664   490  1490   480
	14720 18636   494  1490   480
	14698 18616   494  1490   480
	14676 18587   494  1490   480
	14656 18569   497  1480   480
	14640 18551   497  1480   480
	14624 18524   497  1480   480
	14614 18517   497  1480   480
	14612 18503   497  1480   480
	14614 18491   494  1480   480
	14614 18489   494  1480   480
	14623 18488   494  1480   480
	14631 18488   494  1480   480
	14643 18490   497  1480   480
	14662 18502   497  1480   480
	14687 18508   500  1480   480
	14722 18535   500  1480   480
	14765 18554   500  1480   480
	14808 18582   500  1480   480
	14852 18604   500  1480   480
	14890 18631   504  1480   480
	14931 18651   504  1480   480
	14976 18680   504  1480   480
	15025 18709   504  1480   480
	15075 18731   507  1480   480
	15131 18760   504  1480   480
	15192 18789   504  1490   490
	15253 18811   500  1490   490
	15309 18837   504  1490   490
	15355 18857   504  1500   480
	15401 18873   500  1500   480
	15438 18889   500  1500   480
	15470 18901   500  1500   480
	15490 18902   500  1500   480
	15505 18903   500  1510   480
	15509 18892   500  1510   480
	15512 18889   497  1510   480
	15507 18885   500  1510   480
	15501 18871   504  1510   480
	15491 18858   504  1510   480
	15473 18841   504  1510   480
	15448 18823   504  1510   480
	15418 18791   507  1510   480
	15385 18761   507  1510   480
	15350 18727   510  1510   480
	15304 18683   525  1510   480
	15259 18646   531  1510   480
	15201 18600   536  1510   480
	15137 18549   539  1510   480
	15069 18489   542  1510   480
	14999 18427   544  1510   480
	14927 18361   550  1510   480
	14846 18280   555  1510   490
	14757 18204   567  1500   500
	14658 18137   565  1480   500
	14549 18059   565  1480   500
	14443 17980   560  1480   500
	14336 17897   539  1480   500
	14230 17802   531  1470   510
	14112 17707   539  1450   510
	13997 17626   531  1450   510
	13900 17548   531  1430   510
	13815 17482   528  1430   510
	13744 17429   536  1420   520
	13686 17371   536  1420   520
	13641 17321   536  1410   510
	13603 17285   531  1400   520
	13580 17253   531  1400   520
	13567 17237   528  1380   510
	13569 17225   513  1370   520
	13580 17222   507  1370   520
	13594 17221   504  1370   520
	13630 17222   504  1370   520
	13681 17238   507  1370   520
	13749 17269   507  1370   520
	13843 17318   507  1370   520
	13963 17385   507  1370   520
	14107 17463   507  1370   520
	14281 17542   507  1370   520
	14443 17626   504  1370   520
	14642 17718   507  1390   520
	14847 17815   500  1390   520
	15062 17914   490  1390   520
	15292 18021   469  1410   520
	15490 18118   442  1410   520
	15713 18217   278  1410   520
	15936 18332     0  1420   530
	16153 18455    -1  1420   530
	16370 18572    -1  1450   530
	16536 18697    -1  1450   530
	16701 18825    -1  1460   520
	16891 18949    -1  1470   510
	17000 19061    -1  1470   510
	17094 19142    -1  1470   510
	17181 19253    -1  1470   510
	17254 19350    -1  1470   510
	17330 19429    -1  1470   510
	17411 19494    -1  1470   510
	17494 19548    -1  1470   510
	17579 19594    -1  1470   510
	    0     0    -4     0     0
	    0     0    -4     0     0
	16937 17849    -1  1350   800
	16857 17830    -1  1350   800
	16777 17814    -1  1350   800
	16665 17798    -1  1350   800
	16568 17781    -1  1350   800
	16470 17753    -1  1350   800
	16373 17737    -1  1350   800
	16278 17719    -1  1350   800
	16206 17702    -1  1350   800
	16139 17686    -1  1350   800
	16084 17660    -1  1350   800
	16033 17654    -1  1350   800
	15995 17641    -1  1350   800
	15966 17637    -1  1350   800
	15941 17637    -1  1350   800
	15924 17644    -1  1350   790
	15904 17659    -1  1320   780
	15893 17671    -1  1380   740
	15889 17705    -1  1380   740
	15900 17707    -1  1390   690
	15881 17740    -1  1390   680
	15881 17769    -1  1400   660
	15883 17785    -1  1400   630
	15886 17802    -1  1410   610
	15887 17820    -1  1410   590
	15893 17845    -1  1420   570
	15898 17862    -1  1430   550
	15908 17868    -1  1410   530
	15900 17882    -1  1400   530
	15903 17845   336  1420   490
	15899 17897   360  1430   480
	15885 17925   278  1430   480
	15917 17930   324  1430   480
	15874 17941   363  1430   480
	15874 17946   385  1430   480
	15870 17947   395  1430   480
	15867 17948   401  1430   480
	15865 17948   401  1400   480
	15861 17958   401  1400   480
	15860 17959   390  1400   480
	15859 17960   344  1400   480
	15860 17961   344  1400   480
	15862 17964   108  1400   480
