242
2948 7172 276 1350 800
3054 7307 305 1390 790
3092 7368 322 1380 780
3149 7430 362 1350 760
3224 7430 420 1380 740
3311 7407 443 1350 720
3416 7369 466 1370 700
3551 7322 488 1370 690
3707 7279 513 1370 660
3867 7239 536 1380 640
4012 7200 574 1380 630
4148 7159 591 1380 600
4265 7116 614 1380 590
4342 7071 619 1390 570
4392 7022 622 1380 550
4409 6952 639 1390 540
4384 6868 638 1390 520
4332 6775 644 1380 510
4225 6652 646 1370 510
4073 6508 659 1370 510
3892 6321 676 1370 510
3722 6157 690 1360 510
3557 6009 705 1360 510
3446 5899 724 1360 510
3369 5836 731 1340 510
3333 5804 748 1340 510
3324 5804 752 1330 520
3334 5821 755 1330 520
3363 5850 763 1300 520
3430 5936 753 1300 520
3522 6026 757 1290 520
3638 6120 757 1290 520
3753 6202 760 1290 520
3867 6261 767 1290 520
3967 6305 767 1290 520
4068 6331 768 1290 520
4160 6313 770 1290 520
4244 6266 773 1290 520
4320 6170 782 1290 520
4388 6013 783 1290 520
4450 5815 817 1290 520
4503 5586 845 1290 520
4546 5280 863 1290 520
4582 4924 860 1280 530
4607 4549 876 1280 530
4632 4162 900 1280 530
4657 3768 911 1270 530
4680 3520 920 1240 540
4675 3294 920 1230 550
4655 3082 915 1200 550
4625 2945 903 1180 560
4577 2869 858 1170 560
4506 2835 794 1160 560
4420 2850 670 1140 570
4298 2935 594 1130 570
4154 3068 565 1110 570
3994 3263 557 1090 570
3841 3458 557 1090 570
3688 3652 556 1090 570
3563 3830 561 1090 570
3456 3970 562 1090 570
3373 4085 561 1090 570
3311 4203 562 1090 570
3264 4337 561 1110 570
3255 4481 561 1110 570
3278 4617 562 1130 570
3322 4758 565 1130 560
3406 4901 564 1130 560
3507 5043 577 1150 550
3620 5137 591 1160 550
3743 5202 595 1160 550
3855 5248 591 1160 550
3955 5270 592 1170 550
4050 5261 595 1170 550
4122 5232 611 1170 550
4164 5176 644 1190 540
4185 5073 676 1190 540
4168 4939 699 1190 540
4115 4760 722 1190 540
4039 4579 742 1190 540
3946 4375 760 1190 540
3851 4157 760 1190 540
3754 3975 768 1190 540
3669 3830 768 1170 550
3613 3709 767 1170 550
3577 3665 759 1160 550
3577 3658 742 1150 550
3582 3677 684 1150 550
3631 3768 605 1130 560
3708 3932 548 1130 560
3831 4144 480 1130 560
4002 4399 439 1120 550
4206 4655 420 1120 550
4424 4910 369 1120 550
4642 5109 341 1120 550
4858 5270 346 1130 560
5033 5455 356 1130 560
5180 5572 381 1150 550
5313 5643 409 1150 550
5396 5687 436 1150 550
5445 5696 512 1160 550
5454 5681 572 1160 550
5427 5633 611 1170 550
5376 5541 646 1170 550
5285 5420 675 1190 540
5167 5260 702 1190 540
5032 5090 733 1210 550
4916 4913 758 1210 550
4827 4745 762 1210 550
4756 4625 773 1210 550
4733 4537 780 1210 550
4751 4462 791 1210 560
4795 4410 787 1210 560
4872 4373 797 1210 560
4983 4373 800 1210 560
5116 4405 796 1210 560
5274 4461 793 1210 560
5422 4533 793 1210 560
5562 4627 700 1210 560
5702 4736 425 1200 570
5934 6879 391 1240 550
5972 7176 415 1240 540
5945 7310 436 1270 530
5970 7423 449 1280 530
6029 7530 443 1290 520
6126 7626 448 1300 520
6237 7686 453 1320 510
6357 7723 460 1320 510
6490 7757 465 1330 510
6611 7773 468 1350 510
6725 7773 466 1350 510
6815 7765 478 1360 500
6866 7718 515 1370 510
6891 7648 551 1370 510
6869 7531 572 1370 510
6791 7366 603 1370 510
6676 7170 624 1370 510
6562 6963 656 1360 510
6454 6794 678 1360 510
6385 6651 693 1360 510
6340 6556 697 1350 520
6327 6500 699 1350 520
6336 6470 699 1350 520
6359 6461 696 1350 520
6409 6489 697 1340 520
6488 6543 699 1340 520
6587 6611 705 1340 520
6677 6646 708 1340 520
6762 6659 707 1330 530
6844 6649 711 1330 530
6903 6602 714 1330 530
6949 6530 716 1310 540
6987 6420 719 1330 540
7005 6274 721 1330 540
7005 6103 749 1330 540
7005 5913 774 1330 540
6997 5748 785 1320 550
7007 5601 797 1320 550
7027 5488 803 1320 550
7066 5407 806 1310 560
7109 5348 811 1310 560
7160 5332 818 1310 560
7215 5355 823 1300 560
7272 5404 823 1310 570
7333 5505 823 1300 580
7401 5635 818 1300 580
7470 5785 818 1300 580
7538 5936 821 1280 570
7596 6033 820 1280 570
7649 6095 821 1280 570
7687 6127 817 1280 570
7716 6127 820 1280 570
7740 6103 821 1280 570
7761 6034 824 1290 560
7768 5914 832 1290 560
7768 5761 827 1300 550
7749 5600 834 1300 550
7722 5414 840 1300 550
7687 5211 840 1300 550
7644 5022 840 1300 550
7599 4849 843 1290 560
7552 4688 852 1290 560
7503 4588 851 1290 560
7448 4520 855 1270 560
7390 4474 855 1260 570
7328 4459 861 1240 570
7272 4482 861 1230 580
7221 4531 866 1230 580
7200 4608 869 1210 580
7222 4719 855 1200 580
7272 4854 861 1200 580
7387 5025 861 1180 590
7546 5213 861 1180 590
7734 5412 855 1180 590
7968 5625 858 1180 590
8186 5843 860 1180 590
8393 6065 860 1200 580
8593 6275 858 1200 580
8772 6479 854 1230 590
8937 6680 854 1230 590
9055 6848 853 1240 580
9139 6992 854 1240 580
9199 7121 853 1270 590
9233 7223 857 1280 580
9238 7311 833 1300 580
9224 7389 817 1310 580
9175 7456 797 1320 580
9102 7520 787 1320 580
9012 7580 785 1340 570
8912 7643 783 1340 570
8813 7708 790 1340 570
8742 7752 794 1350 570
8689 7783 797 1350 570
8671 7783 793 1350 570
8671 7783 796 1350 570
8685 7746 797 1360 560
8704 7685 802 1350 550
8720 7562 811 1350 550
8726 7382 824 1360 550
8726 7164 828 1360 550
8703 6905 846 1350 540
8677 6632 854 1350 540
8650 6349 866 1350 540
8627 6045 870 1350 540
8608 5735 882 1330 540
8599 5444 893 1330 540
8599 5168 906 1310 550
8612 4876 902 1310 550
8631 4608 924 1300 550
8656 4355 935 1290 560
8697 4093 935 1270 560
8748 3847 958 1260 570
8810 3613 991 1240 570
8875 3406 993 1240 580
8946 3195 1000 1230 590
8998 2998 993 1210 590
9037 2812 987 1200 600
9044 2632 997 1190 610
9011 2469 959 1170 610
8950 2317 909 1150 620
8825 2148 790 1140 620
8670 1983 535 1140 620