228
3183 6828 3 1390 430
3190 6854 42 1390 430
3211 6876 68 1390 430
3240 6902 73 1390 430
3281 6923 81 1390 430
3325 6938 94 1390 430
3373 6945 106 1400 430
3423 6935 101 1400 430
3472 6915 120 1400 430
3509 6866 139 1400 430
3538 6812 170 1400 430
3547 6737 171 1400 430
3539 6651 188 1400 430
3519 6538 195 1400 430
3477 6395 200 1400 430
3420 6232 207 1390 440
3353 6072 213 1390 440
3283 5913 220 1390 440
3217 5789 225 1380 450
3168 5688 251 1380 450
3130 5629 260 1370 450
3105 5600 292 1370 450
3099 5590 315 1360 460
3105 5590 320 1360 460
3119 5622 322 1350 460
3161 5670 324 1350 460
3222 5741 325 1340 460
3295 5815 327 1330 460
3372 5891 327 1330 460
3450 5954 329 1330 460
3528 5996 330 1330 460
3605 6025 329 1330 460
3674 6032 330 1340 470
3738 6011 332 1340 470
3785 5972 337 1340 470
3825 5902 339 1340 470
3860 5805 342 1340 470
3893 5690 338 1340 470
3925 5559 349 1350 460
3956 5393 358 1350 460
3980 5204 369 1350 460
3992 5019 371 1350 460
3992 4822 374 1340 470
3986 4617 384 1340 470
3963 4436 389 1340 470
3930 4250 394 1330 470
3895 4085 396 1330 470
3861 3936 396 1330 470
3829 3799 394 1320 480
3799 3702 394 1310 470
3774 3631 391 1300 480
3751 3592 386 1280 480
3731 3581 353 1280 480
3699 3589 139 1280 480
3189 4492 25 1230 480
3085 4630 61 1230 480
2969 4688 86 1230 480
2947 4756 106 1230 480
2955 4833 122 1230 480
2984 4920 146 1240 480
3043 5004 134 1260 480
3120 5057 137 1260 480
3208 5091 139 1270 480
3275 5091 153 1270 480
3327 5045 177 1280 470
3369 4977 178 1280 470
3392 4858 200 1300 470
3392 4718 209 1300 470
3373 4563 228 1300 470
3342 4399 249 1300 470
3301 4233 252 1300 470
3253 4066 262 1300 470
3217 3940 267 1300 470
3200 3857 269 1300 470
3195 3804 274 1300 470
3209 3804 282 1300 470
3248 3852 284 1300 470
3303 3941 287 1280 470
3398 4113 287 1270 460
3532 4346 287 1270 460
3691 4619 273 1270 460
3863 4891 276 1260 470
4037 5161 277 1260 470
4212 5396 277 1260 470
4386 5610 277 1260 470
4517 5757 277 1270 460
4625 5899 281 1270 460
4717 6008 287 1270 460
4794 6097 294 1280 470
4834 6144 292 1300 470
4849 6158 302 1300 470
4849 6149 312 1310 460
4844 6123 307 1310 460
4836 6056 315 1320 470
4815 5961 322 1330 460
4793 5833 334 1330 460
4769 5716 340 1330 460
4769 5607 342 1340 460
4795 5517 338 1350 460
4840 5440 346 1350 460
4913 5373 353 1350 460
5013 5329 359 1350 460
5132 5288 364 1350 460
5254 5248 369 1350 460
5339 5190 369 1350 460
5400 5110 373 1350 460
5416 5016 369 1350 460
5379 4879 363 1340 470
5306 4736 351 1340 470
5199 4590 286 1340 470
5093 4467 63 1340 470
6409 6673 18 1400 430
6403 6710 27 1390 440
6425 6729 41 1390 440
6479 6752 51 1390 440
6539 6777 78 1380 450
6611 6799 104 1380 450
6687 6814 93 1380 450
6761 6814 105 1380 450
6819 6797 122 1380 450
6867 6760 144 1380 450
6887 6693 186 1380 450
6870 6607 190 1380 450
6827 6469 208 1390 450
6745 6312 217 1390 450
6651 6142 211 1390 450
6548 5992 228 1390 450
6459 5871 254 1380 460
6401 5770 247 1380 460
6364 5729 249 1380 460
6364 5715 259 1370 460
6364 5720 267 1370 460
6406 5742 272 1370 460
6465 5804 274 1370 460
6554 5892 279 1370 460
6647 5966 277 1360 460
6735 6010 280 1360 460
6819 6035 280 1360 460
6866 6028 285 1360 460
6886 5997 287 1360 460
6886 5949 301 1370 460
6867 5857 307 1370 460
6827 5750 334 1360 470
6773 5633 341 1360 470
6709 5499 356 1360 470
6647 5360 361 1360 470
6586 5218 381 1360 470
6550 5122 387 1350 460
6543 5059 393 1350 460
6555 5019 399 1350 460
6591 5002 394 1350 460
6649 5021 404 1340 470
6721 5064 409 1340 470
6812 5144 412 1340 470
6899 5246 420 1330 470
6984 5363 422 1330 470
7069 5487 423 1320 470
7155 5606 423 1310 470
7246 5714 420 1310 470
7313 5795 420 1320 480
7364 5860 420 1320 480
7369 5871 422 1320 480
7359 5852 414 1330 470
7339 5814 414 1340 480
7288 5730 418 1340 480
7226 5611 425 1340 480
7156 5469 430 1350 490
7108 5317 431 1350 490
7078 5173 431 1350 490
7061 5030 433 1350 490
7042 4884 431 1350 490
7011 4714 433 1360 480
6971 4542 433 1360 480
6911 4368 431 1360 480
6831 4167 430 1350 490
6737 4000 428 1350 490
6652 3856 430 1350 490
6572 3750 431 1340 490
6515 3707 440 1330 500
6472 3707 449 1330 500
6451 3742 449 1330 500
6458 3834 443 1320 490
6483 3965 442 1320 490
6544 4119 450 1320 490
6643 4301 458 1300 500
6768 4502 466 1290 490
6923 4679 468 1290 490
7088 4863 475 1290 490
7260 5052 483 1290 490
7476 5233 480 1290 490
7693 5431 475 1290 490
7910 5641 475 1300 500
8080 5835 475 1300 500
8235 6036 475 1320 490
8379 6242 477 1330 500
8499 6440 472 1340 490
8575 6630 465 1340 490
8622 6758 464 1350 500
8645 6847 465 1360 490
8637 6900 464 1360 490
8609 6919 465 1370 500
8568 6919 464 1380 490
8502 6871 465 1380 490
8418 6798 465 1410 490
8328 6707 468 1410 490
8239 6604 473 1410 490
8178 6483 472 1420 480
8134 6351 477 1420 480
8114 6214 483 1420 480
8109 6071 478 1430 480
8114 5905 481 1430 480
8127 5725 486 1430 480
8155 5568 490 1420 480
8192 5387 496 1420 480
8242 5190 488 1420 480
8296 5001 489 1410 490
8355 4797 505 1410 490
8401 4582 520 1410 490
8439 4318 512 1400 500
8455 4000 512 1400 500
8441 3647 513 1380 500
8408 3317 513 1370 500
8334 2950 520 1360 500
8224 2559 517 1360 500
8090 2212 504 1350 510
7933 1842 468 1340 510
7749 1458 364 1330 520
7547 1087 148 1310 540