182
4202 5683 250 1420 370
4337 5793 272 1420 380
4375 5906 277 1410 390
4409 6031 287 1400 390
4491 6080 292 1410 400
4586 6109 304 1410 410
4690 6125 342 1400 410
4790 6130 364 1410 420
4863 6120 376 1410 430
4919 6101 389 1410 430
4967 6058 417 1420 430
4994 5972 427 1430 440
5006 5857 428 1420 440
4988 5686 440 1430 450
4947 5484 441 1450 450
4891 5262 443 1440 460
4838 5085 444 1440 470
4786 4948 439 1440 470
4724 4838 447 1440 480
4656 4753 447 1440 480
4594 4706 452 1440 480
4534 4684 468 1420 480
4493 4684 496 1420 480
4463 4700 492 1410 490
4455 4725 494 1410 490
4471 4745 497 1390 480
4502 4786 501 1380 490
4570 4842 502 1380 490
4658 4885 504 1360 490
4759 4897 507 1360 490
4840 4889 509 1360 490
4912 4831 515 1360 490
4979 4742 520 1360 490
5046 4633 513 1360 490
5109 4498 522 1370 500
5168 4329 527 1370 500
5218 4137 524 1370 500
5257 3933 529 1370 500
5288 3730 530 1370 510
5298 3527 535 1370 510
5285 3364 546 1370 510
5256 3220 543 1380 510
5207 3090 551 1370 520
5147 2984 554 1370 520
5080 2897 550 1370 520
4999 2822 548 1390 520
4900 2773 543 1370 530
4790 2756 536 1370 530
4638 2761 536 1370 530
4487 2802 544 1370 530
4337 2893 544 1370 530
4191 3017 540 1370 530
4075 3197 544 1370 530
3979 3412 532 1360 520
3933 3651 533 1360 520
3928 3876 538 1360 520
3951 4062 538 1360 520
4008 4223 544 1350 520
4089 4359 544 1360 510
4187 4436 541 1360 510
4285 4474 544 1350 510
4362 4445 544 1350 510
4425 4352 537 1350 510
4464 4217 539 1340 500
4481 4036 540 1350 500
4481 3825 539 1350 500
4472 3594 543 1340 490
4449 3425 546 1340 490
4417 3305 556 1340 490
4391 3217 557 1340 490
4382 3192 557 1340 490
4382 3192 559 1340 490
4395 3214 557 1330 500
4463 3334 548 1330 500
4567 3544 543 1330 500
4737 3813 540 1340 500
4945 4146 540 1340 500
5179 4476 545 1340 500
5416 4709 543 1350 510
5601 4879 548 1350 510
5750 4986 550 1350 510
5865 5033 546 1360 510
5930 5039 550 1360 510
5961 4997 559 1360 510
5980 4890 559 1380 510
5987 4740 564 1380 510
5987 4584 565 1400 520
5999 4428 568 1410 510
6026 4303 570 1410 510
6063 4199 570 1420 520
6113 4133 564 1420 520
6166 4076 543 1430 520
6202 4026 327 1440 510
6945 5892 345 1490 390
6931 5868 369 1490 400
6906 5926 376 1480 400
6906 5980 381 1480 400
6962 6006 384 1480 410
7051 6014 384 1480 410
7140 6019 387 1490 420
7244 6004 393 1490 430
7358 5976 394 1490 430
7431 5923 396 1490 440
7469 5853 398 1490 440
7484 5773 396 1500 450
7445 5678 394 1490 460
7367 5549 398 1490 470
7264 5397 388 1490 470
7177 5248 392 1490 480
7126 5139 394 1480 480
7100 5056 394 1490 490
7112 4989 397 1480 500
7158 4929 402 1480 500
7227 4873 405 1480 500
7336 4834 409 1480 500
7446 4799 405 1480 500
7532 4768 404 1480 500
7602 4738 407 1480 500
7632 4706 415 1470 510
7632 4668 418 1450 510
7617 4611 418 1440 510
7587 4544 418 1440 510
7561 4471 418 1440 510
7540 4397 418 1440 510
7540 4323 423 1440 510
7548 4250 422 1430 520
7576 4177 425 1430 520
7621 4100 414 1430 520
7676 4017 417 1420 530
7732 3926 414 1420 530
7770 3813 417 1420 530
7795 3687 418 1410 530
7806 3580 427 1410 530
7806 3479 427 1420 540
7800 3383 428 1420 540
7779 3301 430 1420 540
7725 3228 427 1420 540
7650 3161 422 1410 550
7537 3108 422 1410 550
7415 3089 425 1410 550
7288 3089 436 1410 550
7217 3141 441 1410 550
7211 3232 448 1400 550
7249 3352 440 1400 550
7377 3506 442 1400 550
7540 3689 448 1400 550
7725 3891 450 1400 550
7954 4114 460 1400 550
8164 4339 465 1400 550
8362 4565 468 1400 550
8546 4766 473 1410 560
8706 4986 474 1410 560
8850 5219 473 1430 550
8986 5469 474 1430 550
9073 5678 465 1450 550
9126 5859 464 1450 550
9126 5996 475 1460 540
9087 6068 472 1460 540
9016 6098 472 1480 540
8920 6098 472 1490 530
8811 6048 473 1500 520
8692 5970 485 1530 520
8614 5847 496 1530 520
8571 5697 501 1530 520
8551 5530 518 1530 510
8557 5302 544 1530 510
8598 5087 561 1530 510
8663 4881 589 1530 510
8778 4708 620 1530 510
8907 4561 652 1530 510
9045 4432 666 1530 510
9152 4275 681 1530 520
9223 4112 696 1530 520
9270 3913 694 1530 520
9270 3693 711 1520 530
9230 3475 721 1520 540
9165 3235 721 1510 540
9081 2999 710 1510 540
8982 2775 697 1500 550
8872 2599 690 1500 550
8733 2484 574 1500 550
8573 2409 120 1510 560