200
5536 6247 242 1600 320
5556 6175 254 1590 340
5556 6254 242 1580 350
5545 6399 242 1560 360
5585 6446 242 1550 370
5668 6507 245 1530 380
5780 6577 250 1530 390
5874 6643 264 1520 390
5947 6692 287 1510 400
6005 6730 302 1500 410
6070 6748 305 1490 420
6140 6748 322 1480 420
6218 6738 330 1470 430
6296 6715 337 1460 440
6348 6669 346 1450 440
6383 6608 369 1450 450
6388 6514 388 1450 450
6354 6386 400 1440 460
6294 6235 409 1440 460
6196 6089 415 1430 460
6101 5958 420 1440 470
6010 5838 422 1440 470
5923 5749 425 1430 480
5838 5677 427 1430 480
5767 5616 430 1430 480
5731 5588 431 1430 480
5719 5588 427 1420 470
5726 5600 422 1400 480
5766 5651 422 1400 480
5827 5721 425 1400 480
5892 5803 414 1400 480
5958 5880 420 1390 470
6027 5926 427 1400 480
6097 5951 430 1400 480
6168 5939 438 1400 480
6240 5883 442 1390 480
6304 5797 468 1390 480
6361 5675 495 1390 480
6419 5484 509 1390 480
6473 5246 519 1390 480
6524 4982 533 1390 480
6572 4712 537 1390 480
6604 4439 539 1410 490
6624 4180 553 1410 490
6624 3948 566 1410 490
6613 3733 592 1400 500
6587 3577 586 1400 500
6560 3444 592 1400 500
6526 3327 594 1380 500
6488 3252 595 1380 500
6439 3217 591 1370 510
6367 3209 570 1370 510
6280 3247 465 1360 510
6158 3335 291 1360 510
5999 3456 168 1360 510
5815 3613 119 1360 510
5585 3795 115 1360 510
5375 3995 108 1360 510
5178 4160 108 1350 510
5043 4320 119 1350 510
4973 4471 141 1350 510
4945 4580 144 1350 510
4945 4662 170 1350 510
4981 4733 190 1350 500
5034 4805 240 1350 500
5138 4879 284 1360 490
5255 4912 301 1360 490
5380 4894 324 1350 490
5475 4843 364 1360 480
5546 4726 397 1360 480
5600 4579 436 1370 470
5622 4413 474 1360 470
5622 4193 502 1360 470
5597 3973 527 1370 460
5568 3753 556 1360 470
5530 3570 569 1360 470
5486 3406 581 1360 470
5449 3255 591 1360 470
5438 3189 589 1360 470
5444 3175 589 1350 470
5469 3195 595 1350 470
5547 3296 589 1340 470
5661 3495 570 1340 470
5842 3759 521 1340 480
6024 4127 491 1340 480
6268 4529 488 1340 480
6553 4953 486 1340 480
6827 5288 486 1350 490
7041 5547 496 1350 490
7216 5755 491 1350 490
7376 5908 495 1360 490
7485 6011 488 1370 480
7559 6082 489 1380 490
7578 6087 496 1390 480
7563 6025 517 1410 490
7525 5919 541 1420 480
7460 5736 562 1430 490
7397 5532 583 1430 490
7336 5314 591 1450 480
7322 5145 602 1450 480
7351 5040 611 1460 490
7409 4978 619 1460 490
7509 4948 613 1470 480
7634 4948 584 1470 480
7775 4958 404 1480 480
8758 6456 394 1620 410
8810 6605 423 1610 400
8829 6676 420 1590 410
8866 6691 417 1590 420
8925 6668 415 1580 430
8995 6637 418 1560 430
9072 6600 393 1560 440
9125 6550 305 1560 440
9141 6491 228 1550 450
9133 6383 178 1550 450
9079 6242 171 1530 460
9005 6074 171 1530 460
8918 5906 173 1520 460
8833 5774 203 1520 460
8777 5668 235 1510 470
8740 5613 262 1500 480
8735 5591 287 1500 480
8735 5591 309 1500 480
8746 5599 324 1490 490
8805 5633 343 1490 490
8895 5685 369 1490 490
9001 5735 392 1490 490
9107 5780 417 1480 500
9213 5814 443 1480 500
9318 5814 443 1480 500
9395 5803 465 1480 500
9455 5755 478 1480 500
9477 5686 498 1480 500
9469 5602 502 1470 510
9441 5483 514 1470 510
9400 5356 518 1470 510
9365 5223 533 1470 510
9344 5120 537 1480 510
9332 5035 551 1480 510
9352 4963 568 1480 510
9393 4902 561 1480 510
9460 4842 567 1490 510
9546 4782 569 1480 510
9644 4729 569 1480 510
9729 4673 570 1480 510
9794 4599 570 1470 520
9846 4515 572 1470 520
9869 4415 574 1470 520
9869 4298 584 1470 520
9847 4169 592 1470 520
9801 4047 589 1460 530
9734 3929 592 1460 530
9653 3813 589 1460 530
9537 3699 592 1450 540
9400 3624 591 1450 540
9250 3575 592 1450 540
9117 3559 592 1440 540
9032 3580 592 1440 540
8978 3625 589 1440 540
8978 3682 592 1450 550
9052 3775 591 1450 550
9167 3891 592 1450 550
9348 4051 595 1450 550
9569 4253 592 1450 550
9816 4483 585 1450 550
10048 4704 594 1450 550
10246 4940 585 1450 550
10420 5186 586 1450 550
10597 5441 588 1450 550
10761 5677 586 1460 550
10915 5901 592 1460 550
11036 6100 594 1470 550
11108 6274 597 1490 550
11148 6432 602 1500 540
11142 6563 603 1500 540
11090 6640 600 1510 530
11006 6680 597 1510 530
10872 6670 597 1530 530
10727 6607 603 1530 530
10575 6510 605 1540 520
10465 6372 614 1540 520
10408 6206 624 1540 520
10385 6021 639 1550 510
10416 5793 641 1560 510
10503 5603 649 1560 510
10627 5439 661 1560 510
10761 5272 669 1560 510
10889 5117 688 1560 510
11013 4971 711 1560 510
11101 4773 731 1550 520
11152 4561 728 1550 520
11178 4340 739 1540 530
11162 4043 752 1540 530
11114 3732 762 1530 540
11045 3411 777 1530 550
10965 3107 782 1520 560
10907 2829 771 1520 560
10864 2615 756 1520 570
10835 2436 645 1510 580
10802 2309 122 1500 580