193
3132 6138 1230 490 276
3169 6212 1230 490 301
3156 6237 1230 490 316
3181 6265 1240 490 353
3236 6295 1240 490 397
3310 6325 1240 490 443
3413 6350 1240 490 490
3545 6359 1240 490 512
3695 6359 1240 490 513
3834 6359 1240 490 516
3951 6346 1250 480 519
4054 6327 1260 490 518
4125 6299 1260 490 515
4159 6265 1260 490 522
4167 6204 1260 490 512
4128 6127 1260 490 502
4058 6012 1260 490 496
3967 5881 1250 500 492
3874 5740 1250 500 497
3777 5628 1250 500 504
3678 5535 1240 500 513
3605 5455 1240 500 532
3568 5418 1220 500 539
3554 5408 1220 500 543
3554 5417 1220 500 537
3568 5435 1210 510 544
3593 5480 1210 510 536
3641 5542 1200 510 546
3709 5607 1190 500 546
3790 5668 1180 510 546
3874 5699 1180 510 543
3962 5713 1170 510 539
4067 5671 1170 510 550
4182 5545 1170 510 567
4282 5364 1170 510 574
4353 5095 1150 510 586
4405 4794 1150 510 594
4453 4472 1150 510 619
4480 4166 1140 510 641
4492 3911 1140 510 653
4492 3689 1130 520 647
4492 3541 1120 520 611
4477 3452 1100 520 540
4453 3402 1090 520 188
3756 4030 1060 530 418
3682 4237 1060 530 417
3636 4312 1060 530 410
3643 4402 1060 530 407
3685 4504 1060 520 409
3773 4624 1060 520 415
3864 4753 1070 520 414
3958 4831 1070 520 425
4041 4853 1080 520 443
4117 4838 1100 510 455
4166 4767 1100 510 498
4177 4660 1100 510 526
4162 4528 1110 510 567
4114 4369 1110 510 602
4050 4195 1120 520 633
3974 4011 1120 520 652
3903 3856 1120 520 656
3860 3763 1120 520 655
3835 3712 1120 520 620
3835 3720 1120 520 516
3867 3825 1100 520 384
3910 3994 1100 520 187
3990 4203 1100 520 53
4102 4426 1100 520 1
4235 4659 1100 520 95
4374 4868 1100 520 226
4513 5034 1100 520 325
4652 5172 1110 530 407
4762 5302 1110 530 445
4851 5358 1120 530 490
4895 5366 1120 530 559
4920 5327 1120 530 614
4932 5237 1140 530 641
4932 5114 1140 530 676
4921 4957 1140 530 708
4903 4795 1140 530 722
4903 4700 1140 530 724
4946 4653 1140 530 727
5007 4653 1170 540 730
5092 4713 1170 540 700
5189 4819 1170 540 668
5294 4970 1170 540 592
5378 5119 1150 540 514
5443 5290 1150 540 387
5494 5477 1150 540 251
5530 5673 1150 540 129
5559 5887 1170 550 91
5582 6114 1170 550 106
5596 6352 1170 550 181
5604 6531 1190 540 282
5604 6670 1190 540 381
5612 6776 1200 540 472
5600 6823 1190 530 562
5577 6831 1210 530 581
5570 6831 1220 530 584
5570 6831 1230 520 583
5578 6821 1240 520 595
5620 6805 1260 510 592
5684 6784 1260 510 600
5782 6774 1270 510 606
5862 6763 1280 520 613
5931 6751 1290 510 617
5971 6715 1290 510 611
5982 6642 1300 520 616
5974 6545 1320 510 619
5929 6388 1320 510 617
5857 6210 1320 510 624
5766 6018 1320 510 636
5688 5845 1300 520 668
5659 5738 1300 520 669
5659 5674 1300 530 667
5701 5630 1300 530 664
5767 5630 1290 530 663
5852 5652 1290 530 652
5938 5728 1280 540 637
6024 5839 1280 540 641
6110 5973 1280 540 641
6183 6038 1280 540 646
6249 6045 1280 540 658
6311 6013 1280 540 667
6371 5921 1280 540 666
6429 5817 1260 540 675
6493 5706 1260 540 676
6559 5613 1250 550 672
6627 5548 1250 550 666
6683 5501 1240 550 670
6731 5496 1240 550 668
6771 5521 1240 550 662
6805 5565 1240 550 643
6836 5633 1240 550 610
6858 5725 1240 550 586
6879 5832 1250 560 595
6900 5878 1250 560 585
6916 5862 1230 560 603
6932 5805 1230 560 613
6949 5699 1240 570 617
6966 5562 1230 580 643
6974 5404 1230 580 685
6974 5216 1240 580 697
6954 5035 1240 580 699
6919 4860 1240 580 694
6874 4705 1240 580 697
6801 4602 1240 580 699
6712 4534 1240 580 696
6611 4512 1240 580 713
6514 4541 1230 590 717
6443 4605 1230 590 717
6388 4726 1230 590 716
6406 4881 1210 590 717
6484 5058 1200 580 717
6601 5231 1200 580 717
6755 5413 1200 580 711
6918 5602 1190 580 719
7086 5789 1190 580 717
7250 5975 1190 580 721
7410 6161 1190 580 719
7544 6332 1200 570 717
7662 6509 1200 570 694
7766 6669 1190 560 676
7845 6816 1220 570 668
7906 6961 1230 560 658
7924 7065 1250 560 641
7908 7141 1270 560 624
7868 7184 1290 560 588
7789 7201 1310 560 566
7692 7201 1310 560 567
7583 7165 1320 550 567
7473 7094 1340 550 574
7387 6999 1350 540 594
7316 6860 1350 540 614
7273 6721 1350 540 641
7259 6552 1360 540 673
7265 6363 1360 540 690
7287 6157 1370 540 697
7349 5954 1370 540 710
7438 5753 1360 550 731
7546 5579 1360 550 762
7654 5424 1350 550 796
7764 5187 1340 550 824
7848 4922 1340 560 851
7916 4639 1320 570 863
7931 4361 1310 570 853
7901 4057 1300 580 866
7841 3773 1280 590 860
7733 3513 1260 600 845
7606 3337 1230 610 797
7465 3235 1200 620 690
7302 3182 1160 630 537
7141 3264 1150 630 279