ABCDE-012_345_678 601
	13950 15208     0  1260   540
	13945 15207   108  1250   550
	13938 15206   201  1250   550
	13928 15206   234  1250   550
	13921 15194   262  1250   550
	13908 15189   286  1240   550
	13894 15175   308  1240   550
	13880 15159   336  1240   550
	13863 15142   344  1240   550
	13842 15116   352  1240   550
	13817 15093   352  1240   550
	13792 15048   360  1240   550
	13763 15020   278  1240   550
	13736 14984   294  1240   550
	13701 14936   310  1240   550
	13671 14858   324  1220   560
	13638 14825   338  1220   560
	13597 14760   374  1220   560
	13561 14694   390  1220   560
	13523 14630   410  1220   560
	13488 14567   454  1220   560
	13452 14518   462  1220   560
	13418 14469   469  1200   550
	13388 14423   484  1200   550
	13358 14389   494  1200   550
	13336 14358   500  1200   550
	13315 14327   504  1200   550
	13298 14311   504  1180   560
	13283 14298   507  1180   560
	13275 14295   507  1180   560
	13268 14294   510  1180   560
	13269 14295   510  1180   560
	13268 14298   507  1180   560
	13270 14309   500  1170   560
	13269 14325   494  1170   560
	13271 14344   490  1170   560
	13279 14378   480  1170   560
	13291 14425   465  1170   560
	13301 14473   458  1170   560
	13316 14519   450  1170   560
	13336 14565   446  1170   560
	13353 14613   442  1170   560
	13371 14661   433  1160   550
	13393 14699   437  1160   550
	13415 14744   437  1160   550
	13440 14780   437  1160   550
	13462 14821   442  1160   550
	13486 14843   446  1160   550
	13504 14870   446  1160   550
	13525 14888   446  1160   550
	13538 14902   450  1160   550
	13609 14906   454  1160   550
	13564 14917   454  1170   550
	13570 14917   454  1170   550
	13573 14908   458  1170   550
	13576 14907   465  1170   550
	13581 14902   465  1170   550
	13584 14887   473  1170   550
	13594 14858   484  1170   550
	13600 14828   490  1180   560
	13606 14805   500  1180   560
	13614 14757   504  1180   560
	13614 14710   510  1180   560
	13612 14647   510  1180   560
	13612 14582   522  1180   560
	13608 14521   525  1180   560
	13602 14469   536  1180   560
	13598 14409   539  1180   560
	13590 14358   539  1180   560
	13586 14313   542  1180   560
	13578 14278   539  1180   560
	13576 14245   533  1180   560
	13573 14216   525  1180   560
	13574 14187   507  1180   560
	13573 14166   487  1170   560
	13576 14152   462  1170   560
	13579 14149   420  1170   560
	13579 14140   310  1170   560
	13587 14138   286  1170   560
	13591 14136     0  1170   560
	13597 14139    -1  1170   560
	13604 14151    -1  1170   560
	13611 14155    -1  1170   560
	13620 14171    -1  1170   560
	13631 14199    -1  1170   560
	13642 14218    -1  1160   560
	13652 14249    -1  1160   560
	13668 14278    -1  1160   560
	13680 14311    -1  1160   560
	13693 14345    -1  1160   560
	13709 14378    -1  1160   560
	13728 14422    -1  1160   560
	13749 14469    -1  1160   560
	13766 14508    -1  1160   560
	13789 14554    -1  1160   560
	13805 14600    -1  1160   560
	13819 14635    -1  1160   560
	13837 14678    -1  1160   560
	13849 14700    -1  1160   560
	13858 14730    -1  1160   560
	13864 14747    -1  1170   560
	13866 14773    -1  1170   560
	13870 14790    -1  1170   560
	13874 14796    -1  1170   560
	13870 14808    -1  1180   560
	13868 14811    -1  1180   560
	13867 14824    -1  1180   560
	13865 14827    -1  1180   560
	13860 14828    75  1180   560
	13856 14828   275  1180   560
	13852 14826   317  1180   560
	13847 14826   344  1180   560
	13846 14824   360  1180   560
	13841 14812   367  1180   560
	13839 14806   294  1180   560
	13839 14780   324  1180   560
	13840 14757   374  1180   560
	13839 14726   410  1180   560
	13838 14681   424  1180   560
	13835 14630   446  1180   560
	13833 14567   462  1180   560
	13829 14502   469  1180   560
	13827 14425   487  1180   560
	13822 14357   494  1180   560
	13819 14278   500  1170   560
	13814 14199   507  1170   560
	13805 14107   510  1170   560
	13800 14043   525  1180   570
	13793 13980   544  1180   570
	13790 13912   560  1160   570
	13781 13848   567  1160   570
	13777 13782   570  1160   570
	13769 13718   574  1150   580
	13760 13653   574  1150   580
	13752 13593   574  1150   580
	13742 13542   574  1130   580
	13734 13497   574  1130   580
	13726 13450   574  1130   580
	13720 13420   574  1120   580
	13710 13397   579  1120   580
	13702 13367   577  1130   590
	13691 13338   577  1110   590
	13681 13322   574  1110   590
	13669 13304   570  1110   590
	13663 13288   570  1110   590
	13655 13275   567  1090   600
	13643 13271   565  1090   600
	13627 13259   557  1090   600
	13613 13253   544  1090   600
	13597 13253   542  1090   600
	13576 13241   539  1090   600
	13558 13241   539  1090   600
	13536 13253   519  1090   600
	13512 13258   513  1090   590
	13483 13270   510  1090   590
	13452 13287   510  1090   590
	13421 13305   507  1090   590
	13394 13324   507  1090   590
	13365 13353   507  1090   590
	13344 13385   507  1070   590
	13324 13419   504  1090   590
	13307 13463   504  1090   590
	13296 13512   504  1080   580
	13288 13560   500  1080   580
	13287 13609   500  1080   580
	13289 13658   504  1080   580
	13300 13720   504  1080   580
	13316 13772   504  1080   580
	13337 13834   504  1080   580
	13367 13898   504  1080   580
	13398 13962   504  1090   570
	13437 14026   504  1090   570
	13478 14090   504  1090   570
	13526 14153   507  1090   570
	13574 14219   504  1110   570
	13629 14282   504  1110   570
	13679 14341   504  1110   570
	13727 14380   504  1130   570
	13774 14424   504  1130   570
	13821 14460   504  1130   570
	13865 14491   504  1130   570
	13904 14523   504  1140   570
	13939 14550   504  1140   570
	13977 14568   504  1140   570
	14012 14584   500  1140   570
	14044 14598   500  1150   580
	14075 14613   500  1150   580
	14108 14619   494  1150   580
	14138 14631   490  1150   580
	14161 14632   490  1150   580
	14182 14632   487  1150   580
	14198 14632   484  1150   580
	14210 14632   484  1150   580
	14220 14633   480  1140   570
	14228 14632   484  1140   570
	14236 14632   484  1140   570
	14240 14631   484  1140   570
	14245 14629   484  1140   570
	14245 14620   484  1140   570
	14245 14617   484  1140   570
	14252 14615   484  1140   570
	14252 14601   484  1140   570
	14252 14598   484  1140   570
	14255 14586   484  1130   560
	14257 14583   484  1130   560
	14260 14570   484  1150   550
	14261 14567   484  1150   550
	14265 14566   484  1150   550
	14266 14553   487  1150   550
	14269 14549   490  1150   550
	14268 14537   490  1150   550
	14266 14523   494  1150   550
	14264 14517   494  1150   550
	14260 14503   500  1150   550
	14252 14488   500  1150   550
	14250 14473   500  1150   550
	14243 14456   500  1150   550
	14235 14439   500  1150   550
	14228 14421   500  1150   550
	14215 14395   500  1150   550
	14202 14376   497  1150   550
	14186 14347   497  1150   550
	14167 14325   500  1150   550
	14151 14296   497  1150   550
	14131 14277   500  1150   550
	14113 14250   500  1160   560
	14089 14230   500  1160   560
	14070 14213   500  1160   560
	14052 14197   504  1140   570
	14033 14181   504  1140   570
	14020 14166   507  1140   570
	14004 14155   507  1150   580
	13987 14149   507  1150   580
	13974 14140   507  1150   580
	13957 14137   507  1150   580
	13944 14136   507  1150   580
	13932 14137   507  1150   580
	13925 14137   507  1150   580
	13915 14149   507  1150   580
	13907 14154   507  1160   580
	13899 14167   507  1160   580
	13891 14172   507  1150   580
	13886 14187   507  1150   580
	13880 14204   507  1150   580
	13878 14232   504  1150   580
	13880 14248   500  1150   580
	13886 14268   497  1150   580
	13888 14295   490  1150   580
	13897 14325   487  1150   580
	13908 14347   484  1150   580
	13923 14379   480  1150   580
	13935 14409   480  1150   580
	13953 14438   480  1150   580
	13967 14457   480  1150   580
	13987 14486   480  1150   580
	14003 14505   480  1150   580
	14021 14524   480  1150   580
	14041 14552   484  1150   580
	14066 14572   484  1150   580
	14089 14598   484  1160   570
	14118 14620   487  1160   570
	14146 14647   487  1160   570
	14171 14663   490  1160   570
	14200 14679   490  1160   570
	14218 14695   490  1160   570
	14238 14699   494  1160   570
	14257 14710   494  1160   570
	14271 14712   497  1160   570
	14282 14715   497  1160   570
	14292 14714   497  1160   560
	14300 14713   500  1160   560
	14307 14712   500  1160   560
	14314 14711   504  1160   560
	14319 14699   507  1160   560
	14322 14696   510  1160   560
	14325 14694   510  1160   560
	14328 14680   519  1150   550
	14333 14668   531  1160   550
	14335 14661   542  1160   550
	14336 14647   555  1150   550
	14336 14633   557  1150   550
	14336 14616   567  1150   550
	14338 14598   574  1150   550
	14336 14584   581  1150   550
	14340 14570   581  1150   550
	14342 14566   581  1150   550
	14344 14565   581  1150   550
	14347 14555   579  1150   550
	14353 14555   570  1150   550
	14358 14556   536  1150   550
	14368 14565   519  1150   550
	14386 14570   510  1150   550
	14404 14586   507  1150   550
	14427 14616   507  1160   560
	14450 14635   504  1160   560
	14474 14665   504  1160   560
	14496 14693   500  1160   560
	14518 14712   500  1160   560
	14541 14729   500  1160   560
	14562 14745   500  1160   560
	14580 14748   504  1160   560
	14598 14761   504  1160   560
	14610 14763   504  1160   560
	14621 14775   504  1160   560
	14632 14776   507  1160   560
	14636 14776   510  1160   560
	14643 14776   510  1160   560
	14644 14776   513  1160   560
	14646 14775   522  1160   570
	14650 14773   528  1160   570
	14654 14774   533  1180   570
	14656 14773   542  1180   570
	14662 14774   544  1180   570
	14666 14775   552  1180   570
	14671 14776   552  1180   570
	14681 14777   555  1180   570
	14691 14790   555  1180   570
	14705 14793   555  1180   570
	14715 14807   557  1180   570
	14736 14821   555  1180   570
	14747 14825   555  1180   570
	14765 14838   555  1180   570
	14782 14843   555  1180   570
	14800 14853   555  1180   570
	14816 14857   555  1180   570
	14828 14858   555  1180   570
	14838 14869   560  1180   570
	14846 14869   562  1180   570
	14850 14870   560  1180   570
	14855 14869   562  1180   570
	14858 14871   567  1180   570
	14862 14872   572  1180   570
	14868 14872   574  1180   570
	14875 14874   574  1180   570
	14882 14876   579  1180   570
	14894 14886   581  1180   570
	14903 14890   581  1180   570
	14916 14901   581  1190   560
	14925 14905   581  1190   560
	14937 14917   581  1190   560
	14949 14922   581  1190   560
	14961 14933   581  1190   560
	14967 14936   581  1190   560
	14975 14937   581  1190   560
	14983 14939   581  1190   560
	14990 14939   581  1200   570
	14997 14940   581  1200   570
	15009 14951   581  1200   570
	15018 14952   584  1200   570
	15027 14954   586  1200   570
	15040 14965   590  1200   570
	15053 14968   595  1200   570
	15063 14972   597  1200   570
	15074 14982   597  1200   570
	15082 14984   601  1200   570
	15087 14987   603  1200   570
	15094 14987   603  1200   570
	15097 14988   603  1200   570
	15098 14997   603  1200   570
	15098 14988   605  1200   570
	15099 14988   605  1200   570
	15100 14988   605  1200   570
	15100 14988   603  1200   570
	15100 14988   603  1200   570
	15103 14997   605  1200   570
	15108 14998   605  1220   570
	15114 15000   603  1230   580
	15125 15013   605  1230   580
	15144 15018   603  1230   580
	15159 15029   603  1230   580
	15177 15033   603  1230   580
	15193 15045   603  1220   570
	15209 15049   603  1220   570
	15229 15052   603  1220   570
	15247 15065   601  1220   570
	15265 15077   597  1220   570
	15288 15083   588  1220   570
	15311 15097   574  1210   560
	15329 15100   547  1210   560
	15355 15114   510  1210   560
	15378 15129   504  1210   560
	15409 15143   490  1210   560
	15437 15160   480  1210   560
	15469 15174   469  1220   560
	15500 15189   462  1210   550
	15529 15205   458  1210   550
	15558 15212   454  1210   550
	15581 15226   454  1210   550
	15609 15241   450  1220   560
	15629 15255   450  1220   560
	15649 15260   450  1220   560
	15670 15273   454  1220   560
	15686 15285   454  1220   560
	15702 15290   462  1220   560
	15716 15302   469  1220   560
	15725 15305   476  1220   560
	15735 15318   487  1220   560
	15743 15319   500  1230   560
	15747 15319   510  1230   560
	15750 15322   539  1230   560
	15750 15321   574  1230   560
	15749 15319   588  1230   560
	15746 15319   597  1230   560
	15746 15318   601  1230   560
	15745 15317   605  1230   560
	15741 15306   605  1230   560
	15737 15302   605  1230   560
	15730 15289   605  1230   560
	15721 15274   603  1230   560
	15707 15256   603  1240   570
	15693 15239   599  1240   570
	15677 15226   597  1240   570
	15651 15207   590  1240   570
	15618 15179   562  1240   570
	15578 15147   507  1240   570
	15526 15125   484  1240   570
	15456 15093   450  1240   570
	15378 15052   363  1230   560
	15281 15014   262  1230   560
	15155 14967     0  1240   570
	15024 14918    -1  1240   570
	14896 14859    -1  1240   570
	14758 14793    -1  1240   570
	14603 14714    -1  1240   570
	14449 14635   218  1240   570
	14303 14555   297  1230   580
	14150 14476   308  1230   580
	13998 14395   218  1230   580
	13847 14313    -1  1230   580
	13703 14229    -1  1230   580
	13555 14139    -1  1230   580
	13423 14060    -1  1230   580
	13302 13993    -1  1230   580
	13191 13926    -1  1210   580
	13071 13861    -1  1210   580
	12967 13788    -1  1210   580
	12882 13723    -1  1210   580
	12806 13657    -1  1210   580
	12740 13591   201  1210   580
	12675 13530   473  1210   580
	12613 13495   552  1210   580
	12568 13452   572  1230   590
	12526 13430   567  1230   590
	12500 13398   565  1230   590
	12482 13381   544  1230   590
	12470 13354   510  1210   580
	12459 13340   500  1230   590
	12454 13337   487  1210   590
	12459 13334   458  1210   590
	12464 13335   368  1210   590
	12470 13333   308  1210   590
	12486 13334     0  1210   590
	12507 13350    -1  1210   590
	12529 13365    -1  1190   600
	12556 13385    -1  1180   590
	12586 13403    -1  1180   590
	12608 13435    -1  1180   590
	12637 13467    -1  1180   590
	12668 13500    -1  1180   590
	12707 13512    -1  1180   590
	12791 13574    -1  1180   590
	12836 13607    -1  1190   600
	12856 13626    -1  1190   600
	12912 13637    -1  1190   600
	12970 13688    -1  1190   600
	13047 13718    -1  1190   600
	13103 13719    -1  1210   590
	13171 13770    -1  1210   580
	13245 13802    -1  1200   570
	13314 13846    -1  1210   560
	13390 13881    -1  1220   560
	13467 13926    -1  1240   550
	13551 13974    -1  1240   540
	13636 14022    -1  1250   540
	13723 14075    -1  1270   530
	13814 14133    -1  1280   540
	13898 14171    -1  1290   530
	13991 14231    -1  1280   540
	14090 14279    -1  1280   540
	14193 14326    -1  1260   540
	14282 14374    -1  1250   540
	14369 14412    -1  1240   530
	14454 14459    -1  1230   530
	14534 14504    -1  1240   540
	14609 14549    -1  1240   540
	14690 14597    -1  1240   550
	14768 14645    -1  1240   550
	14846 14684    -1  1230   560
	14930 14730    -1  1240   570
	15019 14774    -1  1240   570
	15118 14822    -1  1230   580
	15216 14860    -1  1230   580
	15309 14902    -1  1220   560
	15397 14938    -1  1230   550
	15474 14981    -1  1230   530
	15542 15013    -1  1250   540
	15610 15035    -1  1280   530
	15669 15067    -1  1300   530
	15719 15096    -1  1300   530
	15767 15115    -1  1310   520
	15801 15131    -1  1330   520
	15832 15146    -1  1340   510
	15851 15161    -1  1340   510
	15867 15177    -1  1350   510
	15871 15190    -1  1350   510
	15881 15191    -1  1360   500
	15881 15196    -1  1350   500
	15886 15196    -1  1370   500
	15885 15205    -1  1380   500
	15883 15195    -1  1400   510
	15883 15194    -1  1400   510
	15884 15195    -1  1410   510
	15888 15195    -1  1400   520
	15927 15195    -1  1400   520
	15893 15206    -1  1400   520
	15897 15208    -1  1410   520
	15896 15209    -1  1410   520
	15898 15222    -1  1400   530
	15894 15224    -1  1390   540
	15893 15225    -1  1370   540
	15892 15227    -1  1360   550
	15890 15227    -1  1350   550
	15890 15228    -1  1340   560
	15884 15226    -1  1310   560
	15878 15225    -1  1300   560
	15873 15223    -1  1300   560
	15867 15210    -1  1300   560
	15859 15208    -1  1300   560
	15852 15195    -1  1260   580
	15844 15192    -1  1260   580
	15837 15189    -1  1260   580
	15831 15178    -1  1260   580
	15826 15176    -1  1260   580
	15819 15175    -1  1260   580
	15819 15174    -1  1270   570
	15815 15173    -1  1270   570
	15811 15162    -1  1270   570
	15812 15162    -1  1300   560
	15812 15162    -1  1300   560
	15854 15161    -1  1310   560
	15808 15159    -1  1310   560
	15811 15158    -1  1320   550
	15812 15158    -1  1320   550
	15815 15160    -1  1340   550
	15818 15159    -1  1340   550
	15826 15159    -1  1340   550
	15829 15161    -1  1340   550
	15831 15161    -1  1320   550
	15838 15173    -1  1320   550
	15842 15174    -1  1320   550
	15849 15176    -1  1320   550
	15857 15177    -1  1320   550
	15860 15180    -1  1320   550
	15868 15190    -1  1320   550
	15873 15193    -1  1310   560
	15882 15195    -1  1310   560
	15886 15196    -1  1310   560
	15885 15207    -1  1310   560
	15891 15209    -1  1300   560
	15894 15222    -1  1300   560
	15895 15224    64  1300   560
	15892 15225   182  1280   570
	15888 15227   297  1280   570
	15885 15228   336  1280   570
	15880 15237   360  1270   570
	15874 15228   302  1270   570
	15865 15226   350  1270   570
	15854 15225   401  1270   570
	15841 15223   433  1260   580
	15827 15212   454  1260   580
	15808 15207   473  1260   580
	15789 15193   497  1260   580
	15763 15178   536  1260   580
	15730 15162   586  1260   580
	15694 15144   603  1260   580
	15646 15127   607  1260   580
	15591 15093   627  1260   580
	15525 15048   658  1260   580
	15447 15017   666  1260   580
	15364 14967   687  1260   580
	15265 14908   704  1270   570
	15140 14842   746  1270   570
	15005 14775   756  1270   570
	14875 14649   766  1260   580
	14733 14601   772  1260   580
	14568 14507   768  1260   580
	14405 14411   780  1260   580
	14236 14312   772  1260   580
	14038 14185   777  1260   580
	13849 14069   790  1240   580
	13662 13962   795  1240   580
	13480 13866   798  1240   580
	13334 13783   803  1240   580
	13212 13704   804  1230   590
	13101 13641   803  1230   590
	12995 13577   801  1230   590
	12910 13527   800  1230   590
	12839 13481   792  1210   590
	12779 13449   752  1210   590
	12738 13430   641  1210   590
	12710 13417   473  1210   590
