ABCDE-012_345_678 924
	13873 18012     0  1390   520
	13876 18012    75  1370   530
	13878 18021   108  1370   530
	13884 18021   136  1370   530
	13887 18023   182  1370   530
	13891 18024   218  1370   530
	13897 18026   234  1370   530
	13909 18026   249  1370   530
	13915 18028   262  1370   530
	13921 18038   275  1370   530
	13928 18040   286  1370   530
	13936 18041   297  1370   530
	13943 18041   308  1370   530
	13947 18041   327  1370   530
	13952 18043   344  1370   530
	13952 18044   352  1370   530
	13958 18043   360  1370   530
	13959 18044   286  1370   530
	13963 18053   302  1370   530
	13962 18043   331  1370   530
	13965 18044   357  1370   530
	13965 18053   380  1370   530
	13964 18053   395  1370   530
	13966 18044   410  1370   530
	13966 18053   424  1370   530
	13966 18053   433  1370   530
	13965 18044   442  1370   530
	13969 18053   446  1370   530
	13968 18053   450  1370   530
	13965 18044   458  1370   530
	13965 18053   462  1370   530
	13965 18053   465  1370   530
	13965 18044   473  1370   530
	13963 18053   480  1370   530
	13962 18044   487  1370   530
	13961 18044   497  1370   530
	13958 18043   507  1370   530
	13953 18042   510  1370   530
	13946 18042   525  1370   530
	13932 18040   531  1370   530
	13916 18037   536  1370   530
	13898 18025   542  1370   530
	13875 18012   542  1370   530
	13847 18007   544  1370   530
	13817 17992   544  1370   530
	13783 17974   552  1370   530
	13745 17947   555  1370   530
	13703 17930   555  1370   530
	13656 17910   555  1370   530
	13660 17881   555  1370   530
	13555 17852   557  1370   530
	13500 17829   562  1370   530
	13454 17799   565  1370   530
	13404 17769   570  1360   520
	13354 17740   572  1350   530
	13299 17718   572  1350   530
	13247 17685   574  1350   530
	13190 17658   572  1350   530
	13127 17637   574  1350   530
	13065 17607   574  1350   530
	13001 17578   574  1350   530
	12947 17559   577  1350   530
	12897 17541   579  1340   520
	12851 17514   577  1340   520
	12814 17496   579  1340   520
	12783 17482   579  1340   520
	12756 17477   579  1340   520
	12738 17464   579  1340   520
	12729 17452   581  1340   520
	12726 17451   579  1330   530
	12729 17451   577  1330   530
	12733 17451   574  1330   530
	12737 17451   570  1330   530
	12743 17462   572  1330   530
	12751 17462   567  1330   530
	12770 17466   572  1330   530
	12794 17484   570  1310   520
	12826 17509   579  1310   520
	12858 17528   581  1310   520
	12898 17558   581  1310   520
	12940 17579   581  1310   520
	12982 17611   581  1330   530
	13022 17642   581  1330   530
	13065 17671   581  1330   530
	13107 17692   584  1330   530
	13155 17723   584  1330   530
	13199 17751   586  1340   520
	13246 17782   586  1340   520
	13287 17802   584  1340   520
	13328 17830   586  1340   520
	13371 17850   584  1340   520
	13406 17865   586  1340   520
	13441 17878   584  1340   520
	13474 17881   584  1340   520
	13502 17884   584  1340   520
	13527 17895   586  1340   520
	13548 17895   584  1350   530
	13560 17895   584  1350   530
	13573 17883   584  1350   530
	13577 17880   584  1350   530
	13576 17878   584  1350   530
	13579 17867   584  1350   530
	13577 17864   586  1360   520
	13575 17851   586  1360   520
	13568 17835   588  1360   520
	13562 17813   588  1360   520
	13555 17787   590  1360   520
	13548 17768   590  1360   520
	13542 17738   592  1360   520
	13535 17718   595  1360   520
	13528 17686   599  1360   520
	13519 17653   599  1350   530
	13515 17621   601  1350   530
	13508 17590   603  1350   530
	13502 17558   605  1350   530
	13491 17514   605  1350   530
	13478 17481   607  1350   530
	13465 17445   609  1350   530
	13450 17398   609  1350   530
	13434 17352   611  1350   530
	13422 17307   613  1350   530
	13409 17269   613  1350   530
	13392 17209   615  1350   530
	13374 17178   615  1340   540
	13363 17144   617  1340   540
	13351 17098   617  1340   540
	13334 17061   617  1340   540
	13316 17020   619  1330   540
	13301 16985   619  1330   540
	13292 16950   619  1330   540
	13276 16907   619  1330   540
	13260 16872   619  1310   550
	13244 16841   619  1310   550
	13235 16807   619  1300   540
	13220 16775   619  1290   550
	13212 16759   619  1290   550
	13204 16743   619  1290   550
	13198 16730   617  1290   550
	13193 16725   617  1270   550
	13189 16713   617  1270   550
	13186 16711   615  1270   550
	13187 16711   615  1270   550
	13184 16713   613  1270   550
	13186 16713   611  1260   560
	13184 16725   611  1260   560
	13183 16726   611  1260   560
	13182 16732   609  1260   560
	13177 16747   607  1250   550
	13176 16773   605  1250   550
	13173 16793   605  1250   550
	13169 16812   603  1250   550
	13171 16840   603  1250   550
	13168 16869   601  1250   550
	13171 16901   601  1250   550
	13178 16924   601  1250   550
	13187 16965   599  1250   550
	13196 16988   599  1250   550
	13212 17030   599  1250   550
	13227 17063   599  1250   550
	13249 17099   599  1250   550
	13275 17141   599  1250   550
	13304 17178   599  1260   540
	13333 17224   597  1260   540
	13367 17274   597  1260   540
	13399 17319   597  1260   540
	13431 17366   597  1280   540
	13461 17404   595  1280   540
	13489 17448   595  1280   540
	13513 17466   595  1290   530
	13528 17483   595  1290   530
	13542 17510   595  1290   530
	13548 17516   595  1300   540
	13559 17529   595  1310   540
	13563 17541   595  1310   540
	13567 17542   595  1310   540
	13569 17543   597  1310   540
	13571 17544   597  1310   540
	13569 17545   599  1310   540
	13569 17545   599  1330   530
	13571 17545   599  1330   530
	13571 17545   599  1330   530
	13571 17546   601  1330   530
	13571 17545   603  1330   530
	13571 17546   605  1330   530
	13571 17545   609  1330   530
	13571 17545   617  1330   530
	13573 17544   623  1330   530
	13575 17544   630  1330   530
	13571 17546   650  1330   530
	13573 17545   666  1330   530
	13573 17545   683  1330   530
	13573 17545   697  1330   530
	13571 17545   740  1330   530
	13573 17545   749  1330   530
	13574 17546   759  1330   530
	13575 17545   770  1330   530
	13574 17546   791  1330   530
	13575 17545   793  1330   530
	13574 17546   796  1330   530
	13575 17547   798  1330   530
	13575 17546   800  1310   540
	13577 17557   801  1310   540
	13580 17557   802  1310   540
	13580 17548   803  1310   540
	13579 17557   803  1310   540
	13585 17558   803  1310   540
	13586 17559   803  1310   540
	13587 17558   804  1300   540
	13588 17559   804  1290   530
	13591 17559   804  1290   530
	13588 17559   804  1290   530
	13590 17559   804  1290   530
	13586 17560   803  1290   530
	13590 17560   803  1280   540
	13588 17560   803  1280   540
	13591 17559   802  1280   540
	13592 17559   801  1280   540
	13590 17559   801  1270   530
	13590 17558   799  1270   530
	13586 17558   798  1250   540
	13584 17558   796  1250   540
	13586 17557   795  1250   540
	13583 17557   793  1250   540
	13584 17548   792  1250   540
	13586 17557   792  1250   540
	13586 17548   791  1250   540
	13583 17557   791  1250   540
	13583 17548   788  1250   540
	13584 17548   788  1250   540
	13583 17548   786  1240   530
	13583 17548   782  1240   530
	13580 17548   772  1250   540
	13581 17548   766  1250   540
	13583 17548   762  1270   530
	13583 17548   759  1270   530
	13584 17557   755  1270   530
	13584 17558   752  1270   530
	13584 17557   750  1270   530
	13584 17557   749  1270   530
	13584 17558   745  1270   530
	13584 17559   744  1270   530
	13584 17558   743  1270   530
	13583 17559   742  1270   530
	13583 17558   741  1270   530
	13583 17558   740  1270   530
	13584 17558   740  1270   530
	13583 17557   708  1270   530
	13582 17559   708  1270   530
	13583 17558   706  1270   530
	13584 17557   706  1270   530
	13582 17558   705  1270   530
	13583 17558   706  1270   530
	13582 17557   706  1270   530
	13584 17557   704  1270   530
	13583 17558   705  1270   530
	13583 17557   705  1270   530
	13582 17558   704  1270   530
	13583 17558   702  1270   530
	13582 17558   702  1270   530
	13582 17548   702  1270   530
	13582 17558   702  1270   530
	13583 17558   702  1270   530
	13583 17558   701  1270   530
	13583 17557   700  1280   530
	13584 17558   701  1280   530
	13582 17559   700  1280   530
	13583 17558   698  1280   530
	13582 17558   698  1280   530
	13583 17558   700  1280   530
	13582 17548   698  1280   530
	13582 17558   698  1280   530
	13583 17559   698  1280   530
	13583 17558   697  1280   530
	13583 17558   694  1280   530
	13582 17559   690  1280   530
	13580 17559   687  1280   530
	13583 17558   683  1280   530
	13582 17558   677  1280   530
	13582 17558   674  1280   530
	13582 17558   672  1280   530
	13583 17558   671  1280   530
	13582 17559   668  1280   530
	13583 17558   666  1280   530
	13583 17558   664  1280   530
	13582 17559   666  1280   530
	13580 17559   664  1280   530
	13582 17559   664  1280   530
	13582 17559   663  1280   530
	13583 17559   661  1280   530
	13582 17559   660  1280   530
	13582 17559   660  1280   530
	13583 17558   658  1280   530
	13583 17558   658  1280   530
	13582 17558   656  1280   530
	13583 17559   658  1280   530
	13582 17558   656  1280   530
	13582 17558   656  1280   530
	13583 17558   655  1280   530
	13582 17558   656  1280   530
	13582 17557   656  1280   530
	13583 17558   655  1280   530
	13583 17557   655  1280   530
	13580 17558   656  1280   530
	13582 17557   655  1280   530
	13582 17558   655  1280   530
	13583 17557   655  1280   530
	13582 17557   655  1280   530
	13583 17557   655  1280   530
	13580 17557   655  1280   530
	13583 17557   655  1280   530
	13582 17548   655  1280   530
	13582 17548   650  1280   530
	13583 17548   650  1280   530
	13582 17547   650  1280   530
	13583 17547   650  1280   530
	13580 17546   648  1280   530
	13583 17546   650  1280   530
	13584 17543   650  1280   530
	13588 17532   650  1280   530
	13592 17529   648  1290   520
	13600 17514   650  1280   530
	13608 17500   653  1280   530
	13621 17478   658  1280   530
	13630 17447   660  1280   530
	13638 17419   660  1280   530
	13641 17404   658  1290   530
	13644 17388   658  1290   530
	13649 17382   658  1290   530
	13655 17366   658  1290   530
	13657 17335   660  1290   530
	13660 17303   663  1290   530
	13660 17269   663  1290   530
	13660 17227   668  1290   530
	13657 17206   671  1290   530
	13655 17162   674  1290   530
	13648 17129   674  1280   540
	13637 17095   674  1280   540
	13627 17061   677  1280   540
	13614 17018   677  1280   540
	13598 16982   678  1280   540
	13580 16940   680  1260   540
	13557 16905   678  1260   540
	13544 16875   680  1260   540
	13528 16837   680  1250   550
	13509 16807   678  1250   550
	13492 16774   678  1250   550
	13475 16743   680  1240   550
	13457 16711   678  1240   550
	13441 16677   677  1240   550
	13424 16648   675  1240   550
	13406 16616   675  1220   560
	13390 16586   674  1210   550
	13367 16556   671  1210   550
	13351 16534   671  1210   550
	13337 16503   666  1210   550
	13322 16476   663  1200   550
	13308 16458   660  1200   550
	13293 16443   658  1200   550
	13275 16428   655  1200   550
	13258 16421   650  1200   550
	13241 16409   650  1200   550
	13227 16406   646  1180   560
	13209 16395   646  1170   550
	13191 16395   643  1170   550
	13174 16395   638  1170   550
	13155 16395   632  1170   550
	13135 16396   630  1170   550
	13121 16405   629  1170   550
	13111 16405   630  1170   550
	13100 16408   629  1170   550
	13089 16410   627  1170   550
	13080 16421   625  1170   550
	13070 16425   623  1160   550
	13067 16428   623  1160   550
	13063 16440   623  1160   550
	13061 16453   619  1160   550
	13055 16469   617  1160   550
	13056 16485   615  1160   550
	13055 16502   615  1170   550
	13054 16521   613  1180   560
	13054 16538   613  1180   560
	13054 16554   611  1180   560
	13056 16572   613  1180   560
	13059 16588   611  1180   560
	13063 16615   613  1180   560
	13066 16634   613  1180   560
	13074 16665   611  1180   560
	13088 16698   613  1180   560
	13100 16742   613  1180   560
	13113 16779   613  1180   560
	13134 16826   613  1200   550
	13152 16872   613  1200   550
	13173 16920   613  1200   550
	13194 16966   613  1200   550
	13210 17004   613  1190   540
	13229 17047   613  1190   540
	13253 17082   613  1200   540
	13276 17125   613  1200   540
	13297 17157   613  1200   540
	13320 17190   613  1200   540
	13346 17224   613  1220   540
	13378 17271   615  1220   540
	13412 17306   617  1220   540
	13442 17339   617  1220   540
	13476 17385   617  1220   540
	13515 17419   617  1230   530
	13551 17449   617  1230   530
	13581 17481   619  1230   530
	13621 17513   619  1230   530
	13654 17543   619  1240   530
	13683 17561   619  1240   530
	13710 17580   617  1240   530
	13733 17595   617  1240   530
	13756 17609   619  1250   540
	13773 17622   617  1250   540
	13790 17627   617  1270   530
	13807 17639   617  1270   530
	13813 17641   617  1270   530
	13818 17643   617  1270   530
	13822 17643   617  1270   530
	13829 17653   617  1270   530
	13835 17654   617  1270   530
	13838 17655   617  1270   530
	13845 17657   617  1270   530
	13849 17656   617  1290   530
	13856 17659   617  1290   530
	13859 17660   617  1280   540
	13864 17660   617  1280   540
	13869 17660   617  1280   540
	13873 17670   617  1290   530
	13876 17671   617  1290   530
	13876 17672   617  1290   530
	13877 17672   617  1290   530
	13878 17672   617  1290   530
	13878 17672   617  1290   530
	13877 17673   617  1290   530
	13878 17672   619  1290   530
	13876 17672   617  1290   530
	13878 17672   619  1290   530
	13877 17672   619  1290   530
	13877 17672   617  1290   530
	13880 17672   617  1290   530
	13880 17672   619  1290   530
	13879 17672   617  1290   530
	13877 17672   619  1290   530
	13878 17672   619  1290   530
	13877 17672   619  1290   530
	13878 17672   619  1290   530
	13878 17672   621  1290   530
	13878 17672   621  1290   530
	13880 17672   621  1290   530
	13876 17672   623  1290   530
	13878 17671   623  1290   530
	13876 17671   625  1290   530
	13876 17672   625  1290   530
	13878 17672   627  1290   530
	13876 17671   629  1290   530
	13875 17671   632  1290   530
	13875 17671   641  1290   530
	13874 17672   648  1290   530
	13873 17669   655  1290   530
	13873 17671   658  1290   530
	13873 17671   666  1290   530
	13874 17671   666  1290   530
	13875 17672   672  1290   530
	13874 17670   672  1290   530
	13874 17672   674  1290   530
	13874 17672   674  1290   530
	13874 17672   674  1280   540
	13875 17671   674  1280   540
	13875 17671   675  1280   540
	13875 17671   675  1280   540
	13877 17671   677  1280   540
	13877 17673   677  1280   540
	13877 17672   677  1280   540
	13879 17672   677  1280   540
	13876 17672   675  1280   540
	13876 17672   675  1280   540
	13878 17672   675  1280   540
	13879 17672   674  1270   530
	13879 17673   674  1270   530
	13876 17673   675  1270   530
	13877 17672   674  1250   540
	13877 17673   674  1250   540
	13879 17671   671  1250   540
	13875 17671   669  1250   540
	13876 17671   668  1250   540
	13876 17671   666  1250   540
	13877 17671   666  1250   540
	13875 17671   666  1250   540
	13874 17671   666  1250   540
	13875 17671   663  1250   540
	13879 17671   663  1250   540
	13877 17671   664  1240   530
	13874 17670   663  1240   530
	13874 17671   663  1240   530
	13875 17671   660  1240   530
	13874 17671   660  1250   540
	13874 17670   660  1250   540
	13874 17670   658  1250   540
	13876 17670   656  1250   540
	13876 17670   656  1250   540
	13875 17670   656  1250   540
	13875 17670   655  1250   540
	13876 17670   656  1250   540
	13876 17671   655  1270   530
	13874 17670   655  1270   530
	13876 17670   655  1270   530
	13875 17672   655  1270   530
	13876 17670   655  1270   530
	13876 17671   655  1270   530
	13875 17671   655  1270   530
	13875 17671   655  1270   530
	13875 17671   655  1270   530
	13875 17670   655  1270   530
	13875 17670   650  1270   530
	13875 17670   650  1270   530
	13874 17670   648  1270   530
	13876 17669   648  1270   530
	13875 17670   648  1270   530
	13876 17670   646  1270   530
	13874 17669   645  1270   530
	13875 17660   643  1270   530
	13874 17659   641  1270   530
	13875 17657   641  1270   530
	13879 17656   641  1270   530
	13880 17642   641  1270   530
	13883 17638   641  1270   530
	13885 17627   641  1270   530
	13887 17624   638  1270   530
	13889 17622   638  1270   530
	13890 17607   636  1270   530
	13893 17590   638  1270   530
	13899 17563   638  1270   530
	13903 17543   638  1270   530
	13908 17516   638  1270   530
	13912 17497   638  1270   530
	13916 17463   638  1270   530
	13918 17431   641  1270   530
	13912 17388   639  1270   530
	13908 17353   641  1270   530
	13911 17318   641  1270   530
	13907 17274   641  1270   530
	13908 17239   641  1270   530
	13901 17193   645  1270   530
	13890 17157   646  1250   540
	13882 17114   646  1250   540
	13871 17078   646  1250   540
	13862 17036   646  1250   540
	13848 17003   648  1250   540
	13837 16966   646  1240   540
	13818 16918   648  1240   540
	13795 16870   650  1240   540
	13779 16824   648  1240   540
	13755 16778   650  1230   550
	13737 16741   648  1230   550
	13715 16694   648  1230   550
	13696 16647   650  1210   550
	13680 16614   648  1210   550
	13661 16581   648  1210   550
	13644 16550   646  1210   550
	13629 16520   646  1200   550
	13614 16491   645  1200   550
	13603 16474   645  1200   550
	13590 16460   643  1200   550
	13578 16455   639  1200   550
	13568 16441   639  1200   550
	13556 16438   632  1180   560
	13541 16428   629  1180   560
	13528 16426   625  1180   560
	13510 16428   621  1180   560
	13496 16438   619  1180   560
	13482 16442   613  1170   550
	13467 16455   613  1170   550
	13455 16460   613  1170   550
	13443 16486   611  1170   550
	13435 16503   609  1170   550
	13424 16522   605  1170   550
	13423 16549   603  1170   550
	13421 16570   601  1170   550
	13423 16603   599  1170   550
	13425 16645   595  1170   550
	13435 16679   595  1170   550
	13450 16700   595  1170   540
	13461 16742   595  1170   540
	13473 16776   595  1170   540
	13483 16808   592  1170   540
	13498 16839   592  1170   540
	13511 16871   592  1170   540
	13527 16892   592  1170   540
	13545 16924   592  1170   550
	13567 16955   590  1190   540
	13596 16986   592  1190   540
	13618 17016   590  1190   540
	13640 17048   590  1190   540
	13664 17078   590  1190   540
	13688 17099   590  1190   540
	13714 17128   590  1200   540
	13742 17159   590  1200   540
	13773 17192   590  1200   540
	13807 17225   590  1200   540
	13838 17260   590  1220   540
	13866 17288   590  1220   540
	13894 17320   590  1220   540
	13922 17351   590  1230   550
	13942 17371   590  1240   540
	13969 17399   592  1240   540
	13983 17404   592  1240   540
	13999 17430   590  1240   540
	14015 17446   590  1250   540
	14028 17461   592  1250   540
	14044 17466   590  1250   540
	14057 17478   592  1260   540
	14068 17480   592  1280   540
	14078 17482   592  1280   540
	14089 17483   595  1280   540
	14105 17495   595  1280   540
	14115 17498   597  1280   540
	14127 17510   597  1280   540
	14140 17512   597  1280   540
	14151 17516   597  1280   540
	14161 17526   597  1280   540
	14170 17528   597  1280   540
	14178 17531   597  1280   540
	14182 17532   597  1280   540
	14192 17542   599  1280   540
	14202 17545   599  1280   540
	14214 17548   599  1280   540
	14221 17560   599  1270   530
	14232 17562   601  1270   530
	14244 17574   601  1270   530
	14252 17575   601  1270   530
	14261 17578   601  1270   530
	14264 17590   601  1270   530
	14274 17592   601  1270   530
	14282 17594   601  1270   530
	14287 17606   603  1270   530
	14295 17607   603  1270   530
	14302 17610   603  1270   530
	14304 17610   603  1270   530
	14310 17612   603  1270   530
	14315 17622   603  1270   530
	14319 17623   603  1270   530
	14321 17625   603  1270   530
	14326 17626   603  1270   530
	14328 17626   603  1270   530
	14330 17626   603  1270   530
	14330 17627   603  1270   530
	14333 17627   603  1270   530
	14334 17627   603  1270   530
	14334 17627   603  1270   530
	14337 17628   603  1270   530
	14340 17628   603  1270   530
	14342 17637   603  1270   530
	14342 17637   603  1270   530
	14346 17637   603  1270   530
	14351 17637   605  1270   530
	14351 17639   605  1280   530
	14353 17637   605  1280   530
	14355 17638   607  1280   530
	14356 17638   607  1280   530
	14356 17628   609  1280   530
	14356 17628   609  1280   530
	14359 17637   609  1280   530
	14359 17628   609  1280   530
	14357 17628   609  1280   530
	14360 17627   609  1280   530
	14360 17628   611  1280   530
	14361 17627   611  1280   530
	14361 17627   611  1280   530
	14359 17626   611  1280   530
	14360 17624   611  1280   530
	14360 17624   613  1280   530
	14360 17622   611  1280   530
	14360 17612   613  1280   530
	14362 17610   613  1280   530
	14361 17608   613  1280   530
	14362 17605   613  1280   530
	14363 17595   613  1280   530
	14363 17592   613  1280   530
	14363 17589   613  1290   530
	14365 17580   613  1290   530
	14367 17578   613  1290   530
	14369 17574   613  1290   530
	14370 17563   613  1290   530
	14369 17547   613  1290   530
	14368 17529   615  1290   530
	14366 17513   615  1290   530
	14363 17497   613  1290   530
	14360 17481   615  1290   530
	14359 17452   615  1290   530
	14357 17435   615  1290   530
	14354 17418   615  1280   540
	14358 17401   615  1280   540
	14359 17383   615  1280   540
	14363 17366   615  1280   540
	14367 17349   613  1280   540
	14370 17336   613  1280   540
	14377 17322   613  1280   540
	14386 17318   613  1280   540
	14395 17306   613  1260   540
	14407 17302   611  1260   540
	14419 17302   609  1260   540
	14429 17291   609  1260   540
	14443 17290   609  1260   540
	14458 17291   609  1260   540
	14472 17303   609  1260   540
	14493 17307   609  1260   540
	14508 17319   609  1260   540
	14525 17324   609  1260   540
	14539 17337   609  1260   540
	14556 17350   609  1260   540
	14571 17356   607  1260   540
	14591 17370   609  1260   540
	14614 17385   607  1270   550
	14637 17400   607  1270   550
	14660 17414   607  1270   550
	14686 17432   607  1270   550
	14708 17449   607  1270   550
	14735 17468   607  1270   550
	14760 17483   607  1270   550
	14784 17499   607  1270   550
	14805 17515   607  1270   550
	14824 17529   607  1270   550
	14843 17541   607  1270   550
	14863 17547   605  1270   550
	14876 17559   605  1270   550
	14895 17561   605  1290   560
	14911 17573   605  1300   550
	14927 17576   607  1300   550
	14945 17579   605  1300   550
	14958 17590   605  1300   550
	14972 17591   605  1300   550
	14986 17590   605  1300   550
	14993 17590   605  1300   550
	15002 17590   605  1300   550
	15005 17589   603  1300   550
	15010 17580   603  1300   550
	15010 17577   603  1300   550
	15010 17575   603  1300   550
	15010 17564   605  1300   550
	15012 17560   605  1310   550
	15010 17546   605  1300   550
	15008 17542   605  1300   550
	15009 17528   605  1300   550
	15008 17513   605  1300   550
	15001 17498   605  1300   550
	15002 17493   607  1300   550
	15003 17480   607  1300   550
	15003 17478   605  1300   550
	15007 17465   607  1300   550
	15009 17461   607  1300   550
	15010 17450   607  1300   550
	15011 17449   607  1300   550
	15011 17448   607  1300   550
	15013 17445   607  1310   560
	15015 17436   607  1310   560
	15018 17433   607  1310   560
	15019 17431   607  1310   560
	15021 17429   607  1310   560
	15023 17429   607  1310   560
	15024 17420   607  1310   560
	15025 17429   607  1310   560
	15032 17430   609  1310   560
	15046 17431   609  1310   560
	15063 17433   609  1300   560
	15085 17446   607  1300   560
	15115 17462   607  1300   560
	15147 17477   609  1300   560
	15182 17484   607  1300   560
	15214 17510   609  1300   560
	15247 17525   609  1300   560
	15271 17531   607  1300   560
	15292 17546   609  1300   560
	15309 17558   609  1310   560
	15327 17562   607  1310   560
	15339 17573   607  1300   550
	15347 17573   607  1300   550
	15352 17573   607  1300   550
	15350 17564   607  1300   550
	15354 17564   607  1300   550
	15352 17562   609  1300   550
	15353 17562   609  1300   550
	15355 17562   609  1300   550
	15355 17560   609  1290   550
	15361 17559   609  1300   550
	15364 17557   609  1300   550
	15371 17548   609  1300   550
	15374 17547   609  1300   550
	15381 17545   609  1310   550
	15387 17544   609  1310   550
	15395 17542   609  1310   550
	15401 17532   611  1310   550
	15406 17531   611  1300   550
	15410 17529   609  1300   550
	15413 17526   611  1300   550
	15418 17525   611  1300   550
	15419 17515   611  1300   550
	15423 17514   611  1300   550
	15422 17513   611  1300   550
	15422 17512   611  1300   550
	15425 17512   613  1300   550
	15426 17510   613  1300   550
	15426 17510   613  1300   550
	15428 17510   613  1300   550
	15431 17509   613  1300   550
	15437 17510   613  1300   550
	15445 17509   613  1300   550
	15453 17500   613  1300   550
	15464 17500   613  1300   550
	15472 17500   615  1300   550
	15485 17510   615  1300   550
	15499 17510   615  1300   550
	15514 17511   617  1300   550
	15530 17511   617  1300   550
	15550 17512   617  1300   550
	15570 17512   617  1300   550
	15591 17513   619  1300   550
	15613 17514   619  1310   560
	15638 17525   619  1310   560
	15664 17528   619  1310   560
	15696 17532   619  1310   560
	15735 17544   619  1310   560
	15774 17548   619  1310   560
	15815 17561   619  1310   560
	15859 17575   619  1310   560
	15905 17580   621  1310   560
	15955 17592   621  1310   560
	16006 17605   621  1320   570
	16056 17609   621  1320   570
	16112 17622   623  1320   570
	16168 17626   623  1320   570
	16223 17638   623  1320   570
	16289 17642   623  1320   570
	16343 17655   623  1320   570
	16397 17657   623  1320   570
	16444 17669   623  1340   560
	16491 17672   623  1350   570
	16534 17674   623  1350   570
	16579 17676   623  1350   570
	16619 17685   625  1350   570
	16655 17686   625  1350   570
	16695 17686   625  1350   570
	16732 17688   625  1350   570
	16769 17691   623  1350   570
	16803 17692   625  1350   570
	16832 17702   623  1350   570
	16851 17702   623  1350   570
	16872 17702   623  1350   570
	16886 17703   623  1350   570
	16897 17702   625  1350   570
	16911 17704   625  1360   570
	16917 17706   625  1360   570
	16921 17706   625  1360   570
	16923 17705   625  1360   570
	16921 17706   627  1360   570
	16917 17706   627  1360   570
	16919 17706   627  1360   570
	16913 17704   627  1360   570
	16908 17704   627  1360   570
	16897 17704   625  1360   570
	16880 17702   623  1360   570
	16861 17692   621  1360   570
	16840 17690   617  1360   570
	16813 17689   617  1360   570
	16783 17685   615  1360   570
	16748 17676   613  1360   570
	16699 17671   613  1360   570
	16639 17657   613  1360   570
	16566 17643   613  1360   570
	16482 17628   615  1360   570
	16379 17621   615  1360   570
	16251 17605   615  1360   570
	16105 17578   617  1360   570
	15940 17557   621  1360   570
	15759 17527   621  1350   570
	15554 17495   621  1350   570
	15353 17451   627  1350   570
	15139 17400   629  1350   570
	14914 17339   629  1350   570
	14690 17285   629  1350   570
	14462 17222   630  1340   560
	14245 17162   638  1340   560
	14020 17099   638  1340   560
	13811 17034   646  1340   560
	13606 16981   632  1340   560
	13412 16917   634  1340   560
	13238 16853   638  1340   560
	13058 16789   638  1320   550
	12896 16727   638  1310   560
	12762 16678   638  1310   560
	12649 16633   639  1310   560
	12562 16602   641  1310   560
	12500 16585   638  1300   550
	12463 16571   632  1300   550
	12444 16567   632  1290   560
	12445 16566   629  1290   560
	12459 16565   625  1290   560
	12484 16566   623  1290   560
	12528 16569   623  1290   560
	12594 16581   625  1290   560
	12680 16599   625  1290   560
	12777 16617   627  1270   550
	12896 16651   629  1290   560
	13042 16695   630  1290   560
	13220 16746   638  1290   560
	13388 16807   648  1290   560
	13586 16858   660  1290   560
	13796 16919   666  1290   560
	14008 16972   671  1270   560
	14239 17031   672  1290   560
	14441 17077   689  1290   560
	14664 17116   696  1290   560
	14878 17162   698  1300   560
	15094 17211   698  1300   560
	15322 17273   701  1300   560
	15504 17317   702  1310   570
	15714 17351   704  1310   570
	15922 17384   705  1310   570
	16111 17415   698  1320   570
	16316 17445   677  1340   570
	16477 17464   623  1340   570
	16647 17482   557  1350   580
	16804 17500   327  1350   580
