ABCDE-012_345_678 1495
	 5949 16662     0  1040   510
	 5948 16661   182  1030   510
	 5944 16652   262  1030   510
	 5941 16650   297  1030   510
	 5938 16648   327  1030   510
	 5936 16646   344  1030   520
	 5935 16646   360  1030   520
	 5935 16645   294  1030   520
	 5935 16634   317  1030   520
	 5935 16635   344  1030   520
	 5935 16633   368  1030   520
	 5936 16633   390  1030   520
	 5938 16632   415  1030   520
	 5938 16633   429  1040   530
	 5935 16633   446  1040   530
	 5938 16632   462  1040   530
	 5938 16632   473  1040   530
	 5939 16632   480  1040   530
	 5940 16632   487  1040   530
	 5937 16632   494  1040   530
	 5938 16632   500  1040   530
	 5941 16633   504  1030   520
	 5941 16632   507  1030   520
	 5941 16634   510  1030   520
	 5943 16635   525  1030   520
	 5950 16645   542  1030   520
	 5957 16649   560  1030   520
	 5965 16665   565  1030   520
	 5976 16684   570  1030   520
	 5986 16713   574  1030   520
	 6001 16730   579  1040   520
	 6036 16758   581  1040   520
	 6031 16792   581  1040   520
	 6045 16828   581  1040   520
	 6063 16871   584  1050   530
	 6090 16908   586  1050   530
	 6114 16955   586  1050   530
	 6137 17003   586  1060   530
	 6163 17052   586  1060   530
	 6187 17100   586  1060   530
	 6208 17141   586  1080   530
	 6223 17174   588  1080   530
	 6239 17207   586  1080   530
	 6250 17227   586  1090   520
	 6262 17254   586  1090   520
	 6272 17272   586  1090   520
	 6278 17291   584  1100   520
	 6282 17302   586  1100   520
	 6283 17302   586  1100   520
	 6283 17302   586  1100   520
	 6281 17301   588  1120   520
	 6281 17291   590  1120   520
	 6281 17289   595  1120   530
	 6279 17288   597  1120   530
	 6279 17274   599  1120   530
	 6277 17257   603  1120   530
	 6272 17227   605  1120   530
	 6266 17194   607  1120   530
	 6263 17160   613  1120   530
	 6256 17126   613  1120   530
	 6247 17083   615  1120   530
	 6238 17049   619  1120   530
	 6229 17002   621  1120   530
	 6220 16952   625  1120   530
	 6208 16889   627  1120   530
	 6193 16825   629  1110   530
	 6177 16762   638  1110   530
	 6164 16696   641  1110   530
	 6150 16620   645  1110   530
	 6138 16554   646  1100   530
	 6126 16490   648  1100   530
	 6115 16438   646  1080   540
	 6105 16380   648  1080   540
	 6098 16330   646  1070   540
	 6098 16294   648  1060   530
	 6094 16248   646  1060   530
	 6090 16217   646  1060   530
	 6090 16198   646  1050   530
	 6094 16184   646  1050   530
	 6098 16181   641  1040   530
	 6098 16172   638  1040   530
	 6102 16172   632  1040   530
	 6103 16172   629  1040   530
	 6107 16183   627  1040   530
	 6111 16186   625  1020   530
	 6118 16199   625  1020   530
	 6127 16213   627  1020   530
	 6136 16233   627  1020   530
	 6154 16266   629  1020   530
	 6169 16310   629  1020   530
	 6190 16359   629  1020   530
	 6215 16410   630  1020   530
	 6235 16469   630  1020   530
	 6256 16521   629  1020   530
	 6280 16583   629  1030   540
	 6307 16646   627  1040   540
	 6335 16710   623  1040   540
	 6359 16775   619  1040   540
	 6380 16838   613  1040   540
	 6410 16891   613  1060   540
	 6434 16952   609  1060   540
	 6456 17003   607  1060   540
	 6484 17051   605  1070   540
	 6510 17099   603  1070   540
	 6534 17146   603  1080   540
	 6555 17189   601  1090   550
	 6580 17224   599  1100   540
	 6603 17258   599  1100   540
	 6621 17286   599  1120   540
	 6640 17306   599  1120   540
	 6657 17321   597  1120   540
	 6671 17336   597  1120   540
	 6681 17340   597  1140   550
	 6689 17340   597  1140   550
	 6700 17350   595  1140   550
	 6708 17349   595  1150   540
	 6718 17340   595  1150   540
	 6724 17338   592  1150   540
	 6733 17336   592  1150   540
	 6737 17322   592  1150   540
	 6746 17306   592  1150   540
	 6750 17291   592  1150   540
	 6753 17276   595  1150   540
	 6755 17269   592  1160   550
	 6759 17243   595  1160   550
	 6759 17221   595  1160   550
	 6761 17190   597  1160   550
	 6759 17159   597  1160   550
	 6758 17127   597  1160   550
	 6753 17094   601  1160   550
	 6753 17062   601  1160   550
	 6749 17018   603  1160   550
	 6745 16972   605  1150   540
	 6736 16935   607  1140   550
	 6731 16890   609  1140   550
	 6722 16841   609  1140   550
	 6718 16793   613  1120   550
	 6709 16743   615  1120   550
	 6702 16694   617  1120   550
	 6698 16645   617  1110   550
	 6692 16598   619  1110   550
	 6686 16550   621  1100   550
	 6682 16504   621  1100   550
	 6677 16470   621  1100   550
	 6675 16424   621  1080   560
	 6673 16392   621  1080   560
	 6673 16361   621  1080   560
	 6671 16332   621  1070   560
	 6675 16314   621  1070   560
	 6676 16298   621  1070   560
	 6682 16295   621  1070   560
	 6689 16282   619  1070   560
	 6696 16279   619  1060   570
	 6706 16268   617  1060   570
	 6714 16267   617  1060   570
	 6723 16268   613  1060   570
	 6734 16268   615  1060   570
	 6745 16281   615  1060   570
	 6758 16294   615  1060   570
	 6777 16310   615  1040   570
	 6796 16329   617  1040   570
	 6814 16347   617  1040   570
	 6834 16379   617  1040   570
	 6856 16409   615  1040   570
	 6877 16441   615  1040   570
	 6894 16475   613  1040   570
	 6915 16518   609  1040   570
	 6930 16552   607  1060   570
	 6948 16585   603  1060   570
	 6963 16618   603  1060   570
	 6977 16649   601  1050   560
	 6991 16683   599  1050   560
	 7008 16714   597  1050   560
	 7021 16743   595  1070   560
	 7032 16762   592  1070   560
	 7043 16779   592  1070   560
	 7054 16794   592  1070   560
	 7061 16806   590  1070   560
	 7067 16809   590  1060   550
	 7072 16809   590  1080   560
	 7073 16809   590  1080   560
	 7072 16810   588  1080   560
	 7074 16809   586  1080   560
	 7074 16806   581  1080   560
	 7072 16794   581  1080   560
	 7071 16789   581  1080   560
	 7071 16774   581  1080   560
	 7067 16757   584  1080   560
	 7065 16742   584  1080   560
	 7062 16727   584  1080   560
	 7057 16699   586  1080   560
	 7052 16680   586  1080   560
	 7049 16651   588  1080   560
	 7044 16620   588  1080   560
	 7040 16599   590  1080   560
	 7036 16571   590  1080   560
	 7031 16552   592  1080   560
	 7026 16520   592  1080   560
	 7024 16492   592  1080   560
	 7019 16472   592  1080   560
	 7019 16444   592  1080   560
	 7017 16425   592  1070   560
	 7015 16396   592  1070   560
	 7013 16377   592  1060   550
	 7016 16360   592  1060   550
	 7015 16346   592  1060   550
	 7017 16332   592  1060   550
	 7022 16327   592  1060   550
	 7026 16326   592  1060   550
	 7030 16314   592  1050   550
	 7038 16315   590  1050   560
	 7047 16314   590  1050   560
	 7059 16313   586  1050   560
	 7073 16315   586  1050   560
	 7086 16326   586  1050   560
	 7106 16345   586  1050   560
	 7124 16361   586  1050   560
	 7137 16376   586  1050   560
	 7153 16393   584  1050   560
	 7167 16412   581  1050   560
	 7178 16439   581  1050   560
	 7187 16455   581  1050   560
	 7197 16474   579  1050   560
	 7205 16501   577  1050   560
	 7213 16522   574  1050   560
	 7220 16550   567  1060   570
	 7226 16570   557  1060   570
	 7233 16600   555  1060   570
	 7241 16618   542  1060   570
	 7248 16646   531  1070   570
	 7255 16665   522  1070   570
	 7262 16684   519  1070   570
	 7267 16699   519  1070   570
	 7275 16711   513  1070   570
	 7277 16714   513  1070   570
	 7277 16716   513  1070   570
	 7277 16716   513  1090   570
	 7277 16715   513  1090   570
	 7277 16715   519  1090   570
	 7274 16711   525  1090   570
	 7269 16700   531  1090   570
	 7269 16696   539  1090   570
	 7262 16682   544  1090   570
	 7258 16677   555  1090   570
	 7255 16662   560  1090   570
	 7252 16649   565  1090   570
	 7248 16634   565  1090   570
	 7245 16619   574  1090   570
	 7247 16601   579  1090   570
	 7245 16584   584  1090   570
	 7248 16566   586  1090   570
	 7247 16539   586  1090   570
	 7248 16520   590  1090   570
	 7249 16501   595  1090   570
	 7251 16473   597  1090   570
	 7255 16456   599  1090   570
	 7259 16437   599  1090   570
	 7261 16412   603  1090   570
	 7269 16395   605  1070   570
	 7268 16379   605  1070   570
	 7271 16373   607  1070   570
	 7281 16360   607  1070   570
	 7288 16346   609  1070   570
	 7295 16331   609  1070   570
	 7305 16328   609  1070   570
	 7312 16326   611  1060   570
	 7324 16316   611  1060   570
	 7334 16315   611  1060   580
	 7341 16312   613  1060   580
	 7361 16310   615  1060   580
	 7376 16310   617  1060   580
	 7390 16311   617  1060   580
	 7409 16314   617  1050   580
	 7427 16316   619  1050   580
	 7442 16327   619  1050   580
	 7466 16343   621  1050   580
	 7490 16358   621  1050   580
	 7505 16373   621  1050   590
	 7527 16379   623  1050   590
	 7546 16407   623  1050   590
	 7566 16425   623  1050   590
	 7583 16443   625  1050   590
	 7600 16470   625  1050   590
	 7617 16501   625  1050   590
	 7634 16524   627  1080   600
	 7647 16565   627  1080   600
	 7665 16597   629  1080   600
	 7674 16619   634  1080   600
	 7678 16661   638  1080   600
	 7683 16698   646  1080   600
	 7690 16745   646  1090   600
	 7693 16796   648  1090   600
	 7688 16855   643  1090   600
	 7680 16920   641  1110   590
	 7674 16986   632  1110   590
	 7673 17068   623  1110   590
	 7663 17145   621  1130   590
	 7649 17222   615  1130   590
	 7638 17286   609  1140   590
	 7624 17349   597  1140   590
	 7609 17401   574  1160   580
	 7601 17450   522  1160   580
	 7590 17494   500  1170   580
	 7583 17529   450  1160   570
	 7573 17563   410  1180   570
	 7562 17606   344  1180   570
	 7556 17638   182  1190   560
	 7550 17658    -1  1190   560
	 7540 17675    -1  1210   560
	 7533 17685    -1  1210   560
	 7530 17687    -1  1200   550
	 7530 17686    -1  1200   550
	 7532 17674    -1  1210   550
	 7527 17669    -1  1210   550
	 7528 17656    -1  1210   550
	 7530 17639    -1  1210   550
	 7535 17622    -1  1210   550
	 7545 17596    -1  1210   550
	 7556 17577    -1  1210   550
	 7565 17529    -1  1200   540
	 7581 17528    -1  1200   540
	 7633 17498    -1  1190   540
	 7608 17467    -1  1190   540
	 7626 17435    -1  1190   540
	 7644 17398    -1  1190   540
	 7663 17354    -1  1170   550
	 7686 17317    -1  1180   560
	 7706 17269    -1  1180   560
	 7730 17225    -1  1180   560
	 7749 17194    -1  1200   550
	 7762 17163    -1  1200   550
	 7774 17141    -1  1200   550
	 7783 17109    -1  1200   550
	 7788 17079    -1  1200   550
	 7799 17051    -1  1210   560
	 7809 17032    -1  1210   560
	 7823 17013    -1  1210   560
	 7834 16985    -1  1210   560
	 7842 16967    -1  1210   560
	 7850 16949    -1  1210   560
	 7852 16922    -1  1220   560
	 7851 16905    -1  1220   560
	 7851 16891    -1  1220   560
	 7849 16874    -1  1210   560
	 7846 16859    -1  1210   560
	 7844 16853    -1  1190   560
	 7844 16840    -1  1190   560
	 7841 16825    -1  1190   560
	 7837 16821    -1  1180   570
	 7833 16809    -1  1180   570
	 7832 16807    -1  1180   570
	 7832 16806    -1  1180   570
	 7833 16807    -1  1160   570
	 7833 16808    -1  1160   570
	 7837 16808    -1  1160   570
	 7842 16811    -1  1160   570
	 7841 16812    -1  1160   570
	 7843 16822    -1  1160   570
	 7843 16825    -1  1160   570
	 7847 16827    -1  1160   570
	 7846 16828    -1  1160   570
	 7849 16838    -1  1160   570
	 7850 16838    -1  1160   570
	 7846 16839    -1  1160   570
	 7846 16839    -1  1160   570
	 7849 16839    -1  1160   570
	 7846 16839    -1  1160   570
	 7843 16837    -1  1160   570
	 7840 16828    -1  1160   570
	 7840 16826    -1  1160   570
	 7837 16823    -1  1160   570
	 7831 16822    -1  1160   570
	 7827 16821    -1  1160   570
	 7821 16812    -1  1160   570
	 7815 16809    -1  1160   570
	 7810 16806    -1  1160   570
	 7800 16795    -1  1160   570
	 7791 16792    -1  1160   570
	 7782 16789    -1  1160   570
	 7774 16778    -1  1160   570
	 7765 16775    -1  1160   570
	 7755 16764    -1  1160   570
	 7747 16762    -1  1160   560
	 7740 16760    -1  1160   560
	 7728 16757    -1  1160   560
	 7718 16745    -1  1160   560
	 7708 16742    -1  1160   560
	 7692 16730    -1  1140   570
	 7680 16726    -1  1130   560
	 7666 16712    -1  1130   560
	 7655 16699    -1  1130   560
	 7643 16694    -1  1130   560
	 7634 16682    -1  1130   560
	 7627 16677    -1  1130   560
	 7620 16665    -1  1130   560
	 7615 16665    -1  1120   550
	 7609 16662    -1  1120   550
	 7606 16662    -1  1110   550
	 7604 16663    -1  1110   550
	 7601 16665    -1  1110   550
	 7599 16666    -1  1110   550
	 7597 16668    -1  1110   550
	 7593 16679    -1  1110   550
	 7591 16679    -1  1110   550
	 7590 16678    -1  1110   550
	 7585 16678    -1  1110   550
	 7583 16677    -1  1110   550
	 7582 16668    -1  1110   550
	 7581 16645    -1  1110   550
	 7582 16661    -1  1110   550
	 7580 16650    -1  1110   550
	 7619 16649    -1  1100   540
	 7578 16646   136  1100   540
	 7574 16636   275  1100   540
	 7575 16635   297  1100   540
	 7577 16633   317  1100   540
	 7581 16634   352  1100   540
	 7587 16633   294  1100   540
	 7590 16633   357  1100   540
	 7598 16635   395  1100   540
	 7605 16645   429  1110   550
	 7616 16647   446  1110   550
	 7628 16649   458  1110   550
	 7645 16662   473  1110   550
	 7667 16678   490  1110   550
	 7684 16693   494  1110   550
	 7701 16709   500  1110   550
	 7716 16725   507  1110   550
	 7732 16742   513  1110   550
	 7753 16760   536  1110   550
	 7771 16778   555  1110   550
	 7791 16809   555  1110   550
	 7816 16838   565  1110   550
	 7838 16869   572  1120   560
	 7861 16892   574  1120   560
	 7885 16924   574  1130   560
	 7907 16956   577  1130   560
	 7928 16984   574  1130   560
	 7946 17003   574  1130   560
	 7962 17030   574  1130   560
	 7968 17045   574  1150   550
	 7975 17052   574  1150   550
	 7979 17067   570  1150   550
	 7977 17081   565  1150   550
	 7979 17084   557  1160   550
	 7975 17094   544  1160   550
	 7971 17094   531  1150   540
	 7966 17093   525  1150   540
	 7953 17084   516  1150   540
	 7941 17080   510  1170   540
	 7921 17067   507  1170   540
	 7903 17050   507  1170   540
	 7883 17036   507  1170   540
	 7861 17020   507  1170   540
	 7843 17002   507  1170   540
	 7824 16984   507  1170   540
	 7807 16956   507  1170   540
	 7791 16935   507  1170   540
	 7776 16905   507  1170   540
	 7762 16875   507  1170   540
	 7754 16842   507  1150   540
	 7744 16809   510  1160   550
	 7741 16776   510  1160   550
	 7739 16748   510  1160   550
	 7736 16731   510  1150   550
	 7738 16726   510  1150   550
	 7745 16700   510  1150   550
	 7749 16684   510  1150   550
	 7756 16677   513  1130   560
	 7761 16665   519  1130   560
	 7768 16662   519  1130   560
	 7775 16650   528  1130   560
	 7784 16647   539  1130   560
	 7795 16635   552  1130   560
	 7810 16633   557  1120   560
	 7817 16631   565  1120   560
	 7827 16630   572  1130   570
	 7830 16629   577  1130   570
	 7834 16630   579  1130   570
	 7839 16629   581  1130   570
	 7840 16630   581  1130   570
	 7844 16630   581  1130   570
	 7845 16630   581  1130   570
	 7844 16630   581  1130   570
	 7845 16630   584  1130   570
	 7845 16631   584  1130   570
	 7842 16629   581  1130   570
	 7845 16630   584  1130   570
	 7845 16630   584  1130   570
	 7844 16629   584  1130   580
	 7842 16631   586  1130   580
	 7844 16629   586  1130   580
	 7844 16629   586  1130   580
	 7842 16630   586  1130   580
	 7843 16629   584  1130   580
	 7844 16629   586  1130   580
	 7844 16629   586  1130   580
	 7846 16629   586  1130   580
	 7843 16629   586  1130   580
	 7844 16619   586  1130   580
	 7843 16620   586  1130   580
	 7843 16619   588  1130   580
	 7843 16629   588  1130   580
	 7840 16629   588  1130   580
	 7842 16619   588  1130   580
	 7841 16629   588  1130   580
	 7844 16629   588  1130   580
	 7843 16629   590  1130   580
	 7844 16619   590  1130   580
	 7842 16619   590  1140   570
	 7842 16629   590  1140   570
	 7842 16629   590  1150   580
	 7842 16620   590  1150   580
	 7841 16629   590  1150   580
	 7842 16629   590  1150   580
	 7844 16629   590  1150   580
	 7842 16629   592  1150   580
	 7842 16629   590  1150   580
	 7844 16620   590  1150   580
	 7844 16620   590  1150   580
	 7843 16620   592  1150   580
	 7844 16630   592  1150   580
	 7844 16620   592  1150   580
	 7843 16620   592  1150   580
	 7842 16620   592  1150   580
	 7841 16629   592  1150   580
	 7843 16629   592  1150   580
	 7844 16629   595  1140   570
	 7841 16629   595  1140   570
	 7841 16629   592  1140   570
	 7841 16620   595  1140   570
	 7843 16629   592  1140   570
	 7840 16629   595  1140   570
	 7841 16629   595  1140   570
	 7841 16629   595  1140   570
	 7840 16630   592  1140   570
	 7841 16629   592  1130   570
	 7840 16629   592  1130   570
	 7840 16629   595  1130   570
	 7841 16629   592  1130   570
	 7844 16629   592  1130   570
	 7841 16619   592  1130   570
	 7844 16629   592  1130   570
	 7841 16620   592  1130   570
	 7844 16629   592  1130   570
	 7840 16629   592  1130   570
	 7841 16619   595  1130   570
	 7840 16619   595  1130   570
	 7843 16629   595  1130   570
	 7842 16619   595  1130   570
	 7841 16619   592  1130   570
	 7844 16620   595  1130   570
	 7843 16619   592  1140   570
	 7841 16619   592  1140   570
	 7842 16629   595  1140   570
	 7841 16620   595  1130   570
	 7843 16629   595  1130   570
	 7842 16619   592  1130   570
	 7843 16619   595  1130   570
	 7841 16619   592  1130   570
	 7841 16619   592  1130   570
	 7841 16629   592  1130   570
	 7841 16619   592  1130   570
	 7841 16619   592  1130   570
	 7842 16629   592  1130   570
	 7844 16629   592  1130   570
	 7844 16629   592  1130   570
	 7842 16629   592  1130   570
	 7843 16629   592  1130   570
	 7841 16629   592  1130   570
	 7843 16629   592  1130   570
	 7842 16629   592  1130   570
	 7841 16629   592  1130   570
	 7841 16629   592  1130   570
	 7843 16629   592  1130   570
	 7841 16629   592  1130   570
	 7841 16619   592  1130   570
	 7843 16629   592  1130   570
	 7844 16629   592  1130   570
	 7841 16629   592  1130   570
	 7845 16629   592  1130   570
	 7840 16629   592  1130   570
	 7844 16619   592  1130   570
	 7843 16629   592  1130   570
	 7843 16629   592  1130   570
	 7844 16629   592  1130   570
	 7844 16629   592  1130   570
	 7843 16620   592  1130   570
	 7845 16629   592  1130   570
	 7844 16629   592  1130   570
	 7844 16629   592  1130   570
	 7844 16629   592  1130   570
	 7841 16619   592  1130   570
	 7844 16629   592  1130   570
	 7844 16619   592  1130   570
	 7843 16629   592  1130   570
	 7843 16619   592  1130   570
	 7845 16629   592  1130   570
	 7841 16629   592  1130   570
	 7843 16630   592  1130   570
	 7842 16619   592  1130   570
	 7840 16629   592  1130   570
	 7844 16629   592  1130   570
	 7841 16630   592  1130   570
	 7842 16620   592  1130   570
	 7844 16620   592  1130   570
	 7844 16629   592  1130   570
	 7842 16630   592  1130   570
	 7842 16629   592  1130   570
	 7843 16629   592  1130   570
	 7842 16629   592  1130   570
	 7841 16620   592  1130   570
	 7842 16629   592  1130   570
	 7841 16629   592  1130   570
	 7841 16629   592  1130   570
	 7842 16629   592  1130   570
	 7842 16630   592  1130   570
	 7840 16629   592  1130   570
	 7845 16629   592  1130   570
	 7842 16629   592  1140   570
	 7845 16629   592  1130   570
	 7842 16629   592  1130   570
	 7842 16620   592  1130   570
	 7842 16629   592  1130   570
	 7842 16619   592  1130   570
	 7841 16630   592  1130   570
	 7844 16619   592  1130   570
	 7843 16629   592  1130   570
	 7841 16629   592  1130   570
	 7843 16619   592  1130   570
	 7842 16619   592  1130   570
	 7844 16629   592  1130   570
	 7841 16629   592  1130   570
	 7844 16629   592  1130   570
	 7843 16619   590  1130   570
	 7844 16620   592  1130   570
	 7844 16619   590  1140   570
	 7844 16619   590  1140   570
	 7846 16629   590  1140   570
	 7845 16630   590  1140   570
	 7846 16620   590  1140   570
	 7845 16620   588  1140   570
	 7847 16629   586  1150   580
	 7849 16620   586  1130   580
	 7849 16629   586  1130   580
	 7849 16619   586  1130   580
	 7853 16619   584  1130   580
	 7855 16619   584  1130   580
	 7858 16619   584  1130   580
	 7865 16618   584  1130   580
	 7869 16617   584  1130   580
	 7879 16617   581  1130   580
	 7889 16616   581  1130   580
	 7896 16615   581  1130   580
	 7902 16615   581  1130   570
	 7909 16615   581  1130   570
	 7916 16616   581  1130   570
	 7922 16616   579  1130   570
	 7927 16616   579  1130   570
	 7934 16618   579  1130   570
	 7943 16619   579  1130   570
	 7948 16620   579  1120   560
	 7956 16630   579  1120   560
	 7958 16630   579  1120   560
	 7966 16632   574  1120   560
	 7968 16632   574  1120   560
	 7971 16633   574  1120   560
	 7973 16634   574  1110   550
	 7975 16635   572  1110   550
	 7979 16636   570  1110   550
	 7983 16636   570  1110   550
	 7984 16645   572  1110   550
	 7988 16645   570  1110   550
	 7990 16647   567  1110   550
	 7992 16647   567  1110   550
	 7994 16649   565  1110   550
	 7997 16650   567  1120   560
	 8001 16652   567  1120   560
	 8003 16663   567  1120   560
	 8010 16666   567  1120   560
	 8012 16677   567  1120   560
	 8016 16680   565  1120   560
	 8020 16683   565  1120   560
	 8025 16694   567  1120   560
	 8030 16696   565  1120   560
	 8032 16698   565  1120   560
	 8034 16699   565  1120   560
	 8036 16709   565  1120   560
	 8039 16710   565  1120   560
	 8039 16712   562  1120   560
	 8043 16715   560  1120   560
	 8046 16725   562  1120   560
	 8045 16727   560  1120   560
	 8046 16727   560  1120   560
	 8046 16728   560  1120   560
	 8049 16728   560  1120   560
	 8049 16728   560  1120   560
	 8051 16728   562  1120   560
	 8053 16728   560  1120   560
	 8052 16729   562  1120   560
	 8053 16730   560  1120   560
	 8053 16730   560  1120   560
	 8053 16730   560  1120   560
	 8053 16729   562  1120   560
	 8053 16728   560  1120   560
	 8053 16729   565  1120   560
	 8051 16729   565  1120   560
	 8051 16728   565  1120   560
	 8053 16728   567  1120   560
	 8052 16728   567  1120   560
	 8053 16728   570  1120   560
	 8052 16728   567  1120   560
	 8050 16728   570  1120   560
	 8050 16728   572  1120   560
	 8050 16728   572  1120   560
	 8051 16728   574  1120   560
	 8050 16728   572  1120   560
	 8052 16728   574  1120   560
	 8053 16728   574  1120   560
	 8050 16728   574  1120   560
	 8053 16728   574  1120   560
	 8052 16728   574  1120   560
	 8050 16728   574  1120   560
	 8051 16728   574  1120   560
	 8052 16729   574  1120   560
	 8051 16728   574  1120   560
	 8052 16727   579  1120   560
	 8052 16729   574  1120   560
	 8051 16729   574  1120   560
	 8052 16728   574  1120   560
	 8051 16728   574  1120   560
	 8053 16729   574  1120   560
	 8055 16728   574  1120   560
	 8051 16727   577  1120   560
	 8052 16727   574  1120   560
	 8050 16726   577  1120   560
	 8051 16728   577  1120   560
	 8051 16727   574  1120   560
	 8052 16728   574  1120   560
	 8051 16728   579  1120   560
	 8052 16727   574  1120   560
	 8053 16728   574  1120   560
	 8055 16728   577  1120   560
	 8056 16728   579  1120   560
	 8053 16728   579  1120   560
	 8052 16728   574  1120   560
	 8055 16727   574  1120   560
	 8055 16728   577  1120   560
	 8053 16727   574  1120   560
	 8054 16728   577  1120   560
	 8053 16728   577  1120   560
	 8055 16727   577  1120   560
	 8053 16728   574  1120   560
	 8053 16728   577  1130   560
	 8055 16728   577  1130   560
	 8053 16728   574  1130   560
	 8056 16729   577  1130   560
	 8055 16729   577  1130   560
	 8053 16729   577  1130   560
	 8056 16729   579  1130   560
	 8056 16729   579  1120   560
	 8054 16729   579  1120   560
	 8056 16727   574  1120   560
	 8053 16727   579  1120   560
	 8055 16726   579  1120   560
	 8053 16726   577  1120   560
	 8054 16727   577  1120   560
	 8056 16727   574  1120   560
	 8052 16727   574  1120   560
	 8052 16727   574  1120   560
	 8054 16726   577  1120   560
	 8056 16727   574  1120   560
	 8053 16725   574  1120   560
	 8053 16725   577  1120   560
	 8053 16726   579  1120   560
	 8052 16726   579  1120   560
	 8051 16726   579  1130   560
	 8052 16726   579  1130   560
	 8053 16726   579  1130   560
	 8052 16726   579  1130   560
	 8053 16728   579  1130   560
	 8051 16727   579  1130   560
	 8052 16728   579  1130   560
	 8052 16727   579  1130   560
	 8052 16726   581  1130   560
	 8052 16727   581  1130   560
	 8052 16728   581  1130   560
	 8053 16727   581  1130   560
	 8053 16726   581  1130   560
	 8052 16726   581  1130   560
	 8053 16726   581  1130   560
	 8053 16727   581  1130   560
	 8053 16728   584  1130   560
	 8053 16727   584  1130   560
	 8051 16728   586  1130   560
	 8051 16727   588  1130   560
	 8050 16728   590  1130   560
	 8052 16729   592  1130   560
	 8049 16728   597  1130   560
	 8050 16726   599  1130   560
	 8049 16726   601  1130   560
	 8051 16725   605  1130   560
	 8051 16716   609  1130   560
	 8051 16727   613  1130   560
	 8051 16725   615  1130   560
	 8049 16726   617  1130   560
	 8049 16727   619  1130   560
	 8051 16726   617  1130   560
	 8052 16725   619  1130   560
	 8049 16726   619  1130   560
	 8049 16726   619  1130   560
	 8051 16726   619  1130   560
	 8051 16727   619  1130   560
	 8047 16726   621  1130   560
	 8049 16725   621  1130   560
	 8050 16725   621  1130   560
	 8048 16726   621  1130   560
	 8047 16727   621  1130   560
	 8049 16725   621  1130   560
	 8047 16725   621  1130   560
	 8048 16728   621  1130   560
	 8048 16725   621  1130   560
	 8050 16727   621  1130   560
	 8050 16727   621  1130   560
	 8049 16725   621  1130   560
	 8048 16729   621  1130   560
	 8048 16727   621  1130   560
	 8049 16727   621  1130   560
	 8048 16727   621  1130   560
	 8048 16727   621  1130   560
	 8050 16727   621  1130   560
	 8048 16727   621  1130   560
	 8048 16728   621  1130   560
	 8048 16728   619  1130   560
	 8048 16727   621  1130   560
	 8050 16727   621  1130   560
	 8050 16727   619  1130   560
	 8048 16727   621  1130   560
	 8049 16727   621  1130   560
	 8049 16727   619  1130   560
	 8049 16728   619  1130   560
	 8049 16729   619  1130   560
	 8049 16729   619  1130   560
	 8049 16728   619  1130   560
	 8050 16726   619  1130   560
	 8049 16729   619  1130   560
	 8048 16728   619  1130   560
	 8050 16728   619  1130   560
	 8051 16727   619  1130   560
	 8049 16728   619  1130   560
	 8047 16726   619  1130   560
	 8046 16727   619  1130   560
	 8050 16728   619  1130   560
	 8047 16727   619  1130   560
	 8049 16728   619  1130   560
	 8050 16727   619  1130   560
	 8047 16728   619  1130   560
	 8049 16728   619  1130   560
	 8050 16726   619  1130   560
	 8049 16716   619  1130   560
	 8052 16726   619  1130   560
	 8049 16726   619  1130   560
	 8050 16728   619  1130   560
	 8049 16726   619  1130   560
	 8050 16727   617  1130   560
	 8051 16728   617  1130   560
	 8051 16728   617  1130   560
	 8047 16727   615  1130   560
	 8049 16726   615  1130   560
	 8047 16726   615  1130   560
	 8048 16726   615  1130   560
	 8049 16726   613  1130   560
	 8049 16726   613  1130   560
	 8050 16726   613  1130   560
	 8050 16726   613  1130   560
	 8049 16726   613  1130   560
	 8050 16726   613  1130   560
	 8050 16727   613  1130   560
	 8049 16726   613  1130   560
	 8049 16726   613  1130   560
	 8048 16727   615  1130   560
	 8048 16726   615  1130   560
	 8049 16727   615  1130   560
	 8052 16726   615  1130   560
	 8050 16726   613  1130   560
	 8049 16726   615  1130   560
	 8049 16726   615  1130   560
	 8049 16726   613  1130   560
	 8050 16726   615  1130   560
	 8050 16727   613  1130   560
	 8049 16726   615  1130   560
	 8050 16727   613  1130   560
	 8052 16726   615  1130   560
	 8048 16727   613  1130   560
	 8049 16726   615  1130   560
	 8049 16726   615  1130   560
	 8050 16725   613  1130   560
	 8048 16726   615  1130   560
	 8047 16727   613  1130   560
	 8047 16726   615  1130   560
	 8050 16727   613  1130   560
	 8049 16726   613  1130   560
	 8049 16726   613  1130   560
	 8052 16727   613  1130   560
	 8047 16726   613  1130   560
	 8049 16725   613  1130   560
	 8049 16726   613  1130   560
	 8050 16727   613  1130   560
	 8049 16727   613  1130   560
	 8047 16726   613  1130   560
	 8049 16726   613  1130   560
	 8047 16726   613  1130   560
	 8047 16726   615  1130   560
	 8047 16725   613  1130   560
	 8050 16727   613  1120   550
	 8049 16725   613  1120   550
	 8049 16725   615  1120   550
	 8050 16726   613  1120   550
	 8048 16726   613  1120   550
	 8049 16726   613  1120   550
	 8049 16727   613  1120   550
	 8049 16727   613  1120   550
	 8049 16727   613  1120   550
	 8049 16725   615  1120   550
	 8049 16726   613  1120   550
	 8047 16726   613  1120   550
	 8048 16726   613  1130   560
	 8047 16726   615  1130   560
	 8049 16727   615  1130   560
	 8049 16725   613  1130   560
	 8049 16725   613  1130   560
	 8049 16726   613  1130   560
	 8050 16726   613  1130   560
	 8049 16726   613  1130   560
	 8050 16725   613  1130   560
	 8050 16726   613  1130   560
	 8049 16726   613  1130   560
	 8049 16726   613  1130   560
	 8047 16726   613  1130   560
	 8049 16726   613  1130   560
	 8051 16726   613  1130   560
	 8050 16728   613  1130   560
	 8047 16726   613  1130   560
	 8052 16727   613  1130   560
	 8050 16728   613  1130   560
	 8049 16728   613  1130   560
	 8049 16728   613  1130   560
	 8047 16727   613  1130   560
	 8047 16727   613  1130   560
	 8052 16727   613  1130   560
	 8049 16725   613  1130   560
	 8049 16725   613  1130   560
	 8049 16726   613  1130   560
	 8049 16727   615  1130   560
	 8047 16726   615  1130   560
	 8049 16726   615  1130   560
	 8050 16726   615  1130   560
	 8050 16726   613  1130   560
	 8047 16726   615  1130   560
	 8049 16726   615  1130   560
	 8050 16726   613  1130   560
	 8049 16726   613  1130   560
	 8050 16727   615  1130   560
	 8047 16727   615  1130   560
	 8049 16726   615  1130   560
	 8046 16726   613  1130   560
	 8047 16726   613  1130   560
	 8049 16726   615  1130   560
	 8052 16727   613  1130   560
	 8051 16727   615  1130   560
	 8049 16726   613  1130   560
	 8047 16726   613  1130   560
	 8050 16726   613  1130   560
	 8049 16725   615  1130   560
	 8049 16726   613  1130   560
	 8047 16726   613  1130   560
	 8050 16727   613  1130   560
	 8047 16726   613  1130   560
	 8049 16725   613  1130   560
	 8050 16726   613  1130   560
	 8049 16726   613  1130   560
	 8049 16726   613  1130   560
	 8050 16725   613  1130   560
	 8049 16726   613  1130   560
	 8048 16726   613  1130   560
	 8049 16726   613  1130   560
	 8049 16726   613  1130   560
	 8049 16726   613  1130   560
	 8051 16726   613  1130   560
	 8048 16725   613  1130   560
	 8047 16725   613  1130   560
	 8049 16725   613  1130   560
	 8049 16726   613  1130   560
	 8052 16726   613  1130   560
	 8049 16726   613  1130   560
	 8047 16726   613  1130   560
	 8051 16726   613  1130   560
	 8049 16726   613  1130   560
	 8049 16726   613  1130   560
	 8048 16726   613  1130   560
	 8052 16726   613  1130   560
	 8050 16726   613  1130   560
	 8050 16726   613  1130   560
	 8048 16726   613  1130   560
	 8050 16726   613  1130   560
	 8047 16725   613  1130   560
	 8047 16726   613  1130   560
	 8046 16726   613  1130   560
	 8047 16727   613  1130   560
	 8047 16725   613  1130   560
	 8050 16726   613  1130   560
	 8047 16725   613  1130   560
	 8049 16726   613  1130   560
	 8050 16726   613  1130   560
	 8047 16725   613  1130   560
	 8050 16726   613  1130   560
	 8050 16725   613  1130   560
	 8048 16726   613  1130   560
	 8050 16726   613  1130   560
	 8050 16725   613  1130   560
	 8047 16726   613  1130   560
	 8050 16726   613  1130   560
	 8049 16726   613  1130   560
	 8049 16726   613  1130   560
	 8047 16726   613  1130   560
	 8047 16726   613  1130   560
	 8049 16726   613  1130   560
	 8049 16726   613  1130   560
	 8048 16726   613  1130   560
	 8049 16726   613  1130   560
	 8052 16726   613  1130   560
	 8050 16727   613  1130   560
	 8047 16726   613  1130   560
	 8050 16727   613  1130   560
	 8049 16726   613  1130   560
	 8049 16726   613  1130   560
	 8050 16725   613  1130   560
	 8050 16725   613  1130   560
	 8051 16726   613  1130   560
	 8049 16726   613  1130   560
	 8049 16726   613  1130   560
	 8049 16727   613  1130   560
	 8047 16726   613  1130   560
	 8049 16726   613  1130   560
	 8050 16726   613  1130   560
	 8049 16727   613  1130   560
	 8047 16726   613  1130   560
	 8049 16726   613  1130   560
	 8049 16725   613  1130   560
	 8048 16726   613  1130   560
	 8049 16728   613  1130   560
	 8046 16726   613  1130   560
	 8047 16727   613  1130   560
	 8047 16726   613  1130   560
	 8049 16726   613  1130   560
	 8049 16726   613  1130   560
	 8047 16728   613  1130   560
	 8050 16725   613  1130   560
	 8052 16728   613  1130   560
	 8049 16725   613  1130   560
	 8047 16727   613  1130   560
	 8047 16726   613  1130   560
	 8050 16726   613  1130   560
	 8049 16725   613  1130   560
	 8049 16726   613  1130   560
	 8049 16728   613  1130   560
	 8049 16725   613  1130   560
	 8049 16727   613  1130   560
	 8049 16726   613  1130   560
	 8052 16727   613  1130   560
	 8047 16726   613  1130   560
	 8049 16725   613  1130   560
	 8047 16726   613  1130   560
	 8050 16726   613  1130   560
	 8047 16716   613  1130   560
	 8049 16727   613  1130   560
	 8047 16725   613  1130   560
	 8047 16726   613  1130   560
	 8049 16725   613  1130   560
	 8047 16726   613  1130   560
	 8050 16726   613  1130   560
	 8049 16726   613  1130   560
	 8049 16726   613  1130   560
	 8046 16726   613  1130   560
	 8049 16726   613  1130   560
	 8049 16726   613  1130   560
	 8049 16726   613  1130   560
	 8047 16727   613  1130   560
	 8049 16725   613  1130   560
	 8049 16725   613  1130   560
	 8047 16725   613  1130   560
	 8050 16727   613  1130   560
	 8047 16727   613  1130   560
	 8050 16725   613  1130   560
	 8049 16726   613  1130   560
	 8049 16726   613  1130   560
	 8051 16726   613  1130   560
	 8050 16726   613  1130   560
	 8047 16716   613  1130   560
	 8047 16726   613  1130   560
	 8050 16726   613  1130   560
	 8046 16726   613  1130   560
	 8047 16727   613  1130   560
	 8046 16725   613  1130   560
	 8048 16726   613  1130   560
	 8047 16725   613  1130   560
	 8049 16726   613  1130   560
	 8049 16725   613  1130   560
	 8049 16726   613  1130   560
	 8046 16726   613  1130   560
	 8049 16726   613  1130   560
	 8047 16726   613  1130   560
	 8050 16726   613  1130   560
	 8047 16726   613  1130   560
	 8049 16726   613  1130   560
	 8049 16726   613  1130   560
	 8049 16726   613  1130   560
	 8047 16725   613  1130   560
	 8050 16726   613  1130   560
	 8049 16726   613  1130   560
	 8047 16727   613  1130   560
	 8047 16726   613  1130   560
	 8049 16726   613  1130   560
	 8050 16725   613  1130   560
	 8050 16725   613  1130   560
	 8049 16725   613  1130   560
	 8049 16726   613  1130   560
	 8049 16725   613  1130   560
	 8050 16727   613  1130   560
	 8049 16725   613  1130   560
	 8048 16726   613  1130   560
	 8050 16725   613  1130   560
	 8049 16725   613  1130   560
	 8047 16726   613  1130   560
	 8050 16726   613  1130   560
	 8049 16726   613  1130   560
	 8049 16726   613  1130   560
	 8047 16726   613  1130   560
	 8049 16726   613  1130   560
	 8049 16725   613  1130   560
	 8050 16725   613  1130   560
	 8051 16725   613  1130   560
	 8050 16726   613  1130   560
	 8048 16726   613  1130   560
	 8047 16726   613  1130   560
	 8052 16725   613  1130   560
	 8047 16726   613  1130   560
	 8052 16726   613  1130   560
	 8050 16726   613  1130   560
	 8049 16726   613  1130   560
	 8050 16725   613  1130   560
	 8050 16726   613  1130   560
	 8050 16727   613  1130   560
	 8048 16726   613  1130   560
	 8050 16726   613  1130   560
	 8047 16726   613  1130   560
	 8049 16726   613  1130   560
	 8052 16727   613  1130   560
	 8049 16727   613  1130   560
	 8049 16727   613  1130   560
	 8051 16726   613  1130   560
	 8049 16728   613  1130   560
	 8047 16727   613  1130   560
	 8049 16727   613  1130   560
	 8050 16727   613  1130   560
	 8049 16728   613  1130   560
	 8052 16726   613  1130   560
	 8049 16725   613  1130   560
	 8047 16726   613  1130   560
	 8049 16725   613  1130   560
	 8048 16725   613  1130   560
	 8052 16726   613  1130   560
	 8049 16716   613  1130   560
	 8047 16726   613  1130   560
	 8049 16725   613  1130   560
	 8050 16727   613  1130   560
	 8050 16728   613  1130   560
	 8049 16726   613  1130   560
	 8050 16726   613  1130   560
	 8049 16726   613  1130   560
	 8046 16726   613  1130   560
	 8050 16728   613  1130   560
	 8050 16726   613  1130   560
	 8051 16726   613  1130   560
	 8050 16727   613  1130   560
	 8050 16725   613  1130   560
	 8049 16727   613  1130   560
	 8047 16727   613  1130   560
	 8049 16726   613  1130   560
	 8049 16726   613  1130   560
	 8051 16725   613  1130   560
	 8046 16725   613  1130   560
	 8052 16725   613  1130   560
	 8049 16726   613  1130   560
	 8049 16727   613  1130   560
	 8050 16727   613  1130   560
	 8052 16725   613  1130   560
	 8051 16726   613  1130   560
	 8047 16727   613  1130   560
	 8048 16728   613  1130   560
	 8050 16726   613  1130   560
	 8051 16726   613  1130   560
	 8048 16726   613  1130   560
	 8049 16726   613  1130   560
	 8050 16726   613  1130   560
	 8052 16726   613  1130   560
	 8050 16727   613  1130   560
	 8048 16727   613  1130   560
	 8052 16726   613  1130   560
	 8052 16726   613  1130   560
	 8050 16726   613  1130   560
	 8049 16726   613  1130   560
	 8049 16727   613  1130   560
	 8050 16726   613  1130   560
	 8050 16726   613  1130   560
	 8047 16726   613  1130   560
	 8047 16726   613  1130   560
	 8052 16726   613  1130   560
	 8049 16726   613  1130   560
	 8049 16726   613  1130   560
	 8050 16726   613  1130   560
	 8050 16726   613  1130   560
	 8052 16726   613  1130   560
	 8049 16726   613  1130   560
	 8049 16726   613  1130   560
	 8050 16725   613  1130   560
	 8052 16726   613  1130   560
	 8050 16725   613  1130   560
	 8049 16726   613  1130   560
	 8050 16726   613  1130   560
	 8050 16726   613  1130   560
	 8047 16726   613  1130   560
	 8049 16726   613  1130   560
	 8047 16726   613  1130   560
	 8049 16726   613  1130   560
	 8051 16726   613  1130   560
	 8050 16727   613  1130   560
	 8047 16726   613  1130   560
	 8050 16726   613  1130   560
	 8051 16727   613  1130   560
	 8052 16726   613  1130   560
	 8050 16726   613  1130   560
	 8050 16727   613  1130   560
	 8052 16726   613  1130   560
	 8052 16726   613  1130   560
	 8050 16726   613  1130   560
	 8050 16727   613  1130   560
	 8050 16726   613  1130   560
	 8052 16726   613  1130   560
	 8050 16726   613  1130   560
	 8051 16726   613  1130   560
	 8050 16726   613  1130   560
	 8052 16726   613  1130   560
	 8052 16726   613  1130   560
	 8053 16725   613  1130   560
	 8053 16726   613  1130   560
	 8055 16727   613  1130   560
	 8052 16727   613  1130   560
	 8051 16727   613  1130   560
	 8050 16726   613  1130   560
	 8052 16726   613  1130   560
	 8052 16726   611  1130   560
	 8053 16726   613  1130   560
	 8052 16726   611  1130   560
	 8052 16727   611  1130   560
	 8053 16726   613  1130   560
	 8053 16727   611  1130   560
	 8053 16726   613  1130   560
	 8052 16727   611  1130   560
	 8053 16727   611  1130   560
	 8053 16726   611  1130   560
	 8053 16726   611  1130   560
	 8053 16726   611  1130   560
	 8055 16726   613  1130   560
	 8053 16727   613  1130   560
	 8052 16726   611  1130   560
	 8053 16726   611  1130   560
	 8053 16726   613  1130   560
	 8053 16726   611  1130   560
	 8055 16726   611  1130   560
	 8055 16726   611  1130   560
	 8059 16726   611  1130   560
	 8065 16729   611  1130   560
	 8068 16730   611  1130   560
	 8074 16741   611  1130   560
	 8088 16743   613  1130   560
	 8096 16745   613  1130   560
	 8107 16758   613  1130   560
	 8124 16764   611  1130   560
	 8141 16778   611  1130   560
	 8160 16793   611  1130   560
	 8181 16809   611  1130   560
	 8201 16824   611  1130   560
	 8219 16839   611  1130   560
	 8236 16843   611  1130   560
	 8255 16860   611  1140   570
	 8269 16875   611  1140   570
	 8286 16888   609  1140   570
	 8300 16903   611  1140   570
	 8313 16917   611  1140   570
	 8326 16922   609  1160   560
	 8340 16935   611  1160   560
	 8357 16940   611  1160   560
	 8372 16952   613  1160   560
	 8387 16965   611  1160   560
	 8404 16970   611  1160   560
	 8420 16983   611  1160   560
	 8438 16987   611  1160   570
	 8453 17001   611  1160   570
	 8468 17004   611  1180   570
	 8484 17017   611  1180   570
	 8494 17029   611  1180   570
	 8503 17031   611  1180   570
	 8513 17034   611  1180   570
	 8520 17045   611  1180   570
	 8522 17047   611  1180   570
	 8524 17048   611  1180   570
	 8528 17048   611  1180   570
	 8529 17049   611  1180   570
	 8530 17050   611  1180   570
	 8531 17052   611  1180   570
	 8533 17052   611  1200   570
	 8533 17061   611  1200   570
	 8535 17062   611  1200   570
	 8536 17063   611  1200   570
	 8543 17063   611  1200   570
	 8547 17064   611  1200   570
	 8547 17065   611  1200   570
	 8551 17066   609  1200   570
	 8555 17068   609  1200   570
	 8558 17077   609  1200   570
	 8559 17078   611  1200   570
	 8564 17081   611  1200   570
	 8567 17083   611  1200   570
	 8569 17084   611  1200   570
	 8569 17084   609  1200   570
	 8571 17084   611  1200   570
	 8569 17093   609  1200   570
	 8571 17093   609  1200   570
	 8571 17094   611  1200   570
	 8571 17094   611  1200   570
	 8571 17094   611  1200   570
	 8570 17094   611  1200   570
	 8571 17094   611  1200   570
	 8570 17094   611  1190   560
	 8568 17094   611  1210   560
	 8569 17094   611  1210   560
	 8567 17095   611  1210   560
	 8569 17095   611  1210   560
	 8569 17093   611  1210   560
	 8567 17094   611  1210   560
	 8567 17094   611  1210   560
	 8567 17094   613  1210   560
	 8563 17094   613  1210   560
	 8561 17094   613  1210   560
	 8559 17094   613  1210   560
	 8554 17094   613  1220   570
	 8547 17094   613  1220   570
	 8541 17093   611  1220   570
	 8529 17083   611  1220   570
	 8513 17081   609  1220   570
	 8488 17077   609  1200   570
	 8460 17064   609  1200   570
	 8430 17048   609  1200   570
	 8390 17033   603  1200   570
	 8348 17015   605  1200   570
	 8304 16999   607  1190   560
	 8255 16982   605  1190   560
	 8204 16965   605  1190   560
	 8152 16940   607  1190   560
	 8098 16924   607  1190   560
	 8038 16908   609  1190   560
	 7977 16891   609  1180   570
	 7906 16875   609  1180   570
	 7830 16859   609  1180   570
	 7756 16844   609  1180   570
	 7685 16840   613  1170   560
	 7617 16838   611  1160   560
	 7540 16824   613  1160   560
	 7459 16809   609  1160   560
	 7372 16794   609  1160   560
	 7281 16780   611  1160   560
	 7191 16773   611  1140   570
	 7101 16758   609  1140   570
	 7012 16744   613  1140   570
	 6928 16732   613  1130   560
	 6837 16730   609  1120   560
	 6749 16729   611  1120   560
	 6672 16727   611  1120   560
	 6603 16728   613  1120   560
	 6534 16731   611  1120   560
	 6472 16747   611  1100   560
	 6414 16764   613  1100   560
	 6358 16791   611  1100   560
	 6313 16812   613  1100   560
	 6270 16842   611  1100   560
	 6238 16875   609  1100   550
	 6209 16933   613  1100   550
	 6199 16971   611  1100   550
	 6198 17018   609  1100   550
	 6206 17067   609  1100   550
	 6226 17116   609  1100   550
	 6264 17164   609  1100   550
	 6304 17212   609  1110   550
	 6360 17269   607  1110   550
	 6427 17306   607  1110   550
	 6498 17356   607  1110   550
	 6581 17404   607  1120   550
	 6671 17451   609  1120   550
	 6777 17496   609  1120   550
	 6899 17530   609  1140   550
	 7011 17573   609  1150   550
	 7127 17610   609  1150   550
	 7248 17653   609  1160   550
	 7381 17689   611  1160   550
	 7511 17734   611  1160   550
	 7631 17765   611  1180   560
	 7756 17799   609  1180   560
	 7890 17833   609  1180   560
	 8020 17868   609  1180   560
	 8135 17899   609  1180   560
	 8244 17925   609  1210   560
	 8352 17931   607  1210   560
	 8457 17944   605  1210   560
	 8544 17948   605  1210   560
	 8615 17946   605  1220   560
	 8669 17942   605  1230   560
	 8713 17928   601  1230   560
	 8736 17912   599  1230   560
	 8748 17883   597  1260   570
	 8742 17864   599  1260   570
	 8721 17831   601  1260   570
	 8683 17786   601  1260   570
	 8624 17736   605  1260   570
	 8550 17685   609  1260   570
	 8459 17627   613  1260   570
	 8348 17576   613  1260   570
	 8223 17515   609  1260   570
	 8095 17449   619  1260   570
	 7948 17382   619  1260   570
	 7783 17307   619  1260   570
	 7616 17227   619  1240   570
	 7449 17160   613  1240   570
	 7263 17079   619  1240   570
	 7082 17001   619  1230   560
	 6903 16919   619  1220   570
	 6717 16826   617  1220   570
	 6531 16728   619  1220   570
	 6356 16630   617  1190   560
	 6177 16534   617  1190   560
	 6027 16427   623  1190   560
	 5884 16330   617  1180   570
	 5739 16235   615  1170   560
	 5621 16140   617  1160   560
	 5526 16069   619  1160   560
	 5437 15989   621  1130   560
	 5359 15915   621  1130   560
	 5292 15851   621  1120   560
	 5242 15799   621  1120   560
	 5215 15752   621  1100   560
	 5202 15707   621  1100   560
	 5204 15686   617  1080   560
	 5219 15671   615  1080   560
	 5252 15657   615  1070   560
	 5302 15653   613  1070   560
	 5369 15657   615  1070   560
	 5444 15676   617  1050   560
	 5548 15717   619  1050   560
	 5658 15771   621  1050   560
	 5800 15849   623  1040   560
	 5968 15941   623  1040   570
	 6128 16028   629  1040   570
	 6339 16124   632  1040   570
	 6551 16233   638  1060   570
	 6778 16343   650  1060   570
	 7013 16442   658  1070   570
	 7230 16535   666  1080   580
	 7473 16630   674  1080   580
	 7705 16716   678  1090   570
	 7955 16796   683  1100   580
	 8159 16876   690  1120   580
	 8391 16953   691  1120   580
	 8616 17014   696  1140   590
	 8830 17066   694  1160   580
	 9048 17127   696  1160   580
	 9230 17175   696  1170   580
	 9421 17221   694  1180   590
	 9607 17269   687  1180   590
	 9781 17308   675  1210   590
	 9950 17355   638  1210   590
	10121 17403   613  1230   590
	10256 17436   574  1230   590
	10392 17479   462  1230   590
	10521 17513   352  1250   590
	10639 17545     0  1250   590
