ABCDE-012_345_678 269
	14954 11530     0  1200   520
	14948 11528   108  1200   520
	14945 11526   160  1200   520
	14944 11516   182  1200   520
	14944 11512   218  1200   520
	14945 11509   234  1200   520
	14948 11500   262  1200   520
	14952 11498   275  1200   520
	14956 11498   286  1200   520
	14962 11497   297  1190   510
	14969 11497   317  1190   510
	14978 11498   317  1190   510
	14990 11498   327  1200   520
	15000 11511   327  1200   520
	15019 11513   336  1200   520
	15037 11525   344  1200   520
	15055 11541   344  1200   520
	15074 11557   352  1200   520
	15093 11576   352  1200   520
	15116 11595   360  1200   520
	15135 11624   367  1200   520
	15157 11653   367  1200   520
	15178 11675   278  1200   520
	15198 11706   294  1200   520
	15218 11736   294  1200   520
	15237 11766   294  1200   520
	15249 11787   302  1200   520
	15254 11813   310  1200   520
	15257 11831   317  1200   520
	15254 11850   317  1200   520
	15251 11868   317  1210   520
	15240 11884   317  1210   520
	15229 11897   324  1210   520
	15208 11911   317  1200   510
	15191 11925   324  1200   510
	15164 11927   324  1200   510
	15140 11927   324  1200   510
	15105 11927   317  1210   510
	15074 11916   317  1210   510
	15041 11912   317  1210   510
	15002 11898   317  1210   510
	14967 11882   310  1210   510
	14930 11865   310  1210   510
	14892 11846   310  1210   510
	14852 11829   310  1210   510
	14821 11803   310  1210   510
	14789 11781   302  1210   510
	14753 11750   310  1210   510
	14713 11718   310  1210   510
	14674 11686   310  1210   510
	14638 11642   310  1210   510
	14593 11605   310  1210   510
	14557 11559   317  1210   510
	14522 11511   317  1210   510
	14489 11462   324  1210   510
	14461 11414   331  1210   510
	14436 11370   338  1210   510
	14416 11333   338  1200   510
	14398 11287   338  1200   510
	14383 11242   344  1200   510
	14374 11205   344  1200   510
	14368 11160   344  1190   500
	14364 11125   344  1190   500
	14364 11081   344  1190   500
	14368 11047   344  1190   500
	14373 11013   344  1190   500
	14385 10982   344  1180   510
	14397 10952   344  1180   510
	14413 10923   350  1180   510
	14435 10901   350  1180   510
	14460 10886   350  1180   510
	14485 10871   350  1170   510
	14519 10856   350  1170   510
	14557 10844   350  1170   510
	14604 10841   357  1170   510
	14656 10839   357  1170   520
	14708 10841   363  1160   520
	14765 10853   363  1160   520
	14825 10869   363  1160   520
	14882 10890   363  1160   520
	14941 10921   368  1160   520
	14995 10968   368  1160   520
	15059 11016   368  1160   520
	15128 11078   374  1160   520
	15196 11143   374  1160   520
	15262 11205   374  1170   530
	15324 11269   380  1170   530
	15384 11323   380  1170   530
	15440 11397   380  1170   530
	15497 11465   380  1180   530
	15552 11531   380  1180   530
	15606 11608   380  1180   530
	15659 11673   374  1180   530
	15700 11736   374  1180   530
	15742 11787   363  1200   520
	15774 11847   363  1200   520
	15795 11884   357  1200   520
	15815 11927   357  1200   520
	15826 11959   350  1210   520
	15830 11990   338  1210   520
	15830 12007   338  1210   520
	15821 12011   331  1210   520
	15810 12022   331  1210   520
	15784 12012   324  1220   510
	15755 12006   324  1220   510
	15717 11980   324  1220   510
	15674 11958   317  1220   510
	15618 11914   310  1220   510
	15562 11865   310  1220   510
	15505 11815   310  1220   510
	15451 11753   310  1220   510
	15400 11688   317  1220   510
	15353 11621   331  1220   510
	15310 11545   344  1220   510
	15271 11478   344  1220   510
	15228 11403   350  1220   510
	15187 11339   357  1220   510
	15148 11285   363  1210   520
	15114 11228   368  1210   520
	15086 11179   374  1210   520
	15065 11145   385  1210   520
	15047 11110   385  1210   520
	15034 11078   385  1200   520
	15021 11049   385  1200   520
	15012 11032   385  1200   520
	15009 11018   385  1200   520
	15006 11015   385  1200   520
	15008 11015   368  1200   520
	15010 11019   344  1210   530
	15019 11032   331  1210   530
	15033 11051   324  1190   530
	15055 11082   310  1190   530
	15083 11116   302  1190   530
	15118 11157   294  1190   530
	15160 11192   286  1190   530
	15210 11223   286  1190   530
	15254 11243   286  1190   530
	15291 11269   286  1190   530
	15330 11275   286  1190   530
	15357 11288   278  1190   530
	15378 11289   278  1190   530
	15395 11276   278  1180   530
	15401 11273   278  1180   530
	15406 11259   294  1180   530
	15407 11242   310  1180   530
	15405 11222   317  1180   530
	15402 11193   338  1180   530
	15397 11162   350  1180   530
	15388 11142   357  1180   530
	15382 11114   374  1180   530
	15380 11097   385  1170   520
	15380 11082   395  1170   520
	15381 11065   401  1170   520
	15386 11051   401  1170   520
	15397 11046   401  1170   520
	15408 11035   401  1170   520
	15424 11019   401  1170   520
	15434 11016   405  1170   520
	15456 11013   410  1170   520
	15477 11004   410  1170   520
	15504 11002   415  1170   520
	15541 11016   415  1170   520
	15577 11031   415  1170   520
	15618 11049   415  1170   520
	15665 11080   415  1180   530
	15710 11113   415  1180   530
	15760 11158   410  1180   530
	15802 11196   415  1180   530
	15843 11242   415  1180   530
	15882 11292   415  1180   530
	15921 11353   420  1180   530
	15963 11416   420  1180   530
	16006 11484   420  1180   530
	16046 11563   446  1180   530
	16084 11656   446  1210   530
	16123 11749   454  1210   530
	16159 11830   446  1210   530
	16190 11910   454  1210   530
	16216 11979   462  1210   530
	16228 12043   462  1210   530
	16234 12108   469  1220   530
	16231 12165   454  1220   530
	16219 12202   507  1220   530
	16197 12235   494  1220   530
	16163 12265   513  1230   520
	16127 12284   513  1230   520
	16084 12309   513  1230   520
	16035 12314   513  1230   520
	15983 12325   513  1240   520
	15926 12325   513  1240   520
	15864 12325   507  1240   520
	15798 12312   469  1240   520
	15723 12296   469  1240   520
	15639 12267   469  1230   510
	15548 12232   437  1230   510
	15450 12182   454  1230   510
	15353 12117   420  1230   510
	15252 12024   415  1250   510
	15132 11941   415  1250   510
	15013 11847   415  1230   510
	14908 11749   437  1230   510
	14805 11628   462  1230   510
	14710 11514   494  1230   510
	14610 11401   513  1230   510
	14528 11292   513  1230   510
	14460 11193   516  1230   510
	14407 11097   519  1230   510
	14366 11000   522  1220   510
	14341 10918   525  1220   510
	14323 10839   522  1210   520
	14315 10773   525  1200   510
	14320 10711   522  1200   510
	14330 10652   522  1190   510
	14342 10618   516  1190   510
	14366 10588   516  1170   520
	14396 10568   516  1170   520
	14440 10552   513  1170   520
	14492 10551   500  1160   520
	14554 10553   469  1160   520
	14623 10570   469  1160   520
	14702 10602   480  1150   520
	14781 10650   469  1150   520
	14862 10710   469  1160   530
	14947 10777   454  1160   530
	15038 10856   480  1140   530
	15138 10938   462  1140   530
	15245 11045   420  1140   530
	15341 11159   420  1160   530
	15441 11260   420  1160   530
	15540 11371   420  1160   530
	15650 11482   415  1160   530
	15752 11593   410  1170   530
	15843 11687   410  1170   530
	15922 11767   405  1170   530
	15994 11831   401  1190   530
	16052 11881   401  1190   530
	16100 11915   401  1210   530
	16135 11941   395  1210   530
	16154 11946   395  1210   530
	16161 11947   390  1220   530
	16158 11945   401  1220   530
	16146 11930   401  1230   520
	16123 11909   405  1230   520
	16093 11877   410  1230   520
	16057 11835   415  1230   520
	16018 11788   420  1240   530
	15978 11749   516  1240   530
	15947 11703   539  1240   530
	15919 11660   552  1240   530
	15895 11637   565  1240   530
	15885 11612   577  1240   530
	15885 11612   579  1240   530
	15887 11610   579  1240   530
	15898 11608   590  1230   520
	15917 11609   619  1230   520
	15944 11610   643  1230   520
	15983 11624   660  1230   520
	16043 11644   678  1230   520
	16118 11686   691  1230   520
	16213 11736   697  1230   520
	16314 11797   702  1230   520
	16417 11861   706  1230   520
	16525 11927   706  1230   520
	16645 12005   706  1230   520
	16769 12085   700  1230   520
	16895 12170   680  1250   530
	17015 12265   646  1250   530
	17145 12359   420  1250   530
	17287 12456   249  1250   530
