ABCDE-012_345_678 1664
	20610 15660     0  1530   430
	20609 15669    75  1540   430
	20607 15660   182  1530   440
	20608 15660   249  1530   440
	20606 15660   286  1540   440
	20606 15660   317  1540   440
	20605 15660   327  1540   440
	20604 15659   344  1540   440
	20604 15658   352  1560   440
	20603 15659   360  1560   440
	20603 15657   367  1560   440
	20599 15657   278  1560   440
	20598 15657   331  1560   440
	20595 15656   338  1570   450
	20590 15656   344  1570   450
	20586 15654   357  1570   450
	20580 15643   368  1570   450
	20575 15642   380  1570   450
	20564 15640   385  1570   450
	20553 15628   395  1570   450
	20546 15627   405  1570   450
	20536 15625   429  1570   450
	20527 15623   454  1570   450
	20519 15621   462  1570   450
	20512 15612   465  1570   450
	20503 15610   469  1570   450
	20489 15608   476  1570   440
	20483 15606   487  1570   440
	20474 15605   490  1570   440
	20469 15596   494  1570   440
	20456 15595   497  1570   440
	20444 15593   500  1570   440
	20423 15592   504  1560   430
	20401 15591   504  1560   430
	20384 15590   507  1560   430
	20364 15589   507  1560   430
	20349 15580   510  1560   430
	20322 15577   510  1560   430
	20300 15575   510  1560   430
	20270 15564   510  1560   430
	20247 15562   510  1550   430
	20224 15559   510  1550   430
	20203 15558   513  1550   430
	20181 15547   519  1550   430
	20162 15545   519  1550   430
	20142 15543   536  1550   430
	20116 15543   542  1550   430
	20095 15530   544  1550   430
	20073 15529   552  1550   430
	20055 15527   555  1550   430
	20036 15527   555  1540   430
	20021 15526   560  1540   430
	20004 15526   565  1540   430
	19994 15526   572  1540   430
	19988 15527   579  1530   430
	19986 15526   581  1520   440
	19980 15526   584  1520   440
	19976 15526   581  1520   440
	19974 15526   584  1520   440
	19971 15525   581  1520   440
	19971 15525   581  1520   440
	19967 15525   581  1520   440
	19966 15525   581  1510   430
	19967 15525   581  1510   430
	19963 15516   584  1510   430
	19963 15525   581  1510   430
	19963 15515   581  1510   430
	19959 15515   584  1510   430
	19958 15515   584  1510   430
	19959 15515   581  1510   430
	19957 15515   581  1510   430
	19954 15515   581  1510   430
	19955 15514   581  1510   430
	19954 15515   584  1510   430
	19953 15514   581  1510   430
	19953 15515   581  1510   430
	19954 15515   581  1520   420
	19953 15515   581  1520   420
	19953 15515   581  1520   420
	19951 15515   581  1520   420
	19951 15515   581  1520   420
	19951 15515   581  1520   420
	19949 15515   581  1520   420
	19951 15514   581  1520   420
	19949 15515   581  1520   420
	19948 15515   581  1520   420
	19947 15514   581  1520   420
	19947 15515   581  1510   430
	19946 15514   581  1510   430
	19947 15513   581  1510   430
	19947 15514   581  1510   430
	19946 15514   581  1510   430
	19945 15514   581  1510   430
	19945 15514   581  1510   430
	19946 15514   581  1510   430
	19946 15513   581  1510   430
	19946 15513   581  1510   430
	19944 15514   581  1510   430
	19947 15514   581  1510   430
	19947 15513   581  1510   430
	19946 15513   584  1510   430
	19946 15514   584  1510   430
	19943 15513   586  1510   430
	19943 15514   586  1520   420
	19946 15514   586  1520   420
	19944 15515   586  1520   420
	19944 15514   586  1520   420
	19946 15515   586  1520   420
	19944 15514   588  1520   420
	19945 15513   586  1520   420
	19946 15514   588  1520   420
	19947 15515   588  1520   420
	19947 15514   588  1520   420
	19947 15514   588  1520   420
	19946 15514   588  1520   420
	19947 15514   588  1520   420
	19947 15514   588  1520   420
	19945 15515   588  1520   420
	19947 15514   588  1520   420
	19947 15514   588  1520   420
	19946 15514   590  1520   420
	19946 15514   590  1520   420
	19944 15514   590  1520   420
	19946 15514   590  1520   420
	19946 15514   590  1520   420
	19948 15514   590  1520   420
	19948 15514   592  1520   420
	19947 15514   592  1520   420
	19947 15513   592  1520   420
	19948 15514   595  1520   420
	19945 15513   595  1520   420
	19948 15514   595  1520   420
	19947 15514   597  1520   420
	19946 15514   597  1520   420
	19946 15514   599  1520   420
	19946 15514   599  1520   420
	19946 15513   599  1520   420
	19946 15514   599  1520   420
	19946 15514   599  1520   420
	19944 15514   599  1520   420
	19946 15514   601  1520   420
	19944 15512   599  1520   420
	19944 15512   601  1520   420
	19944 15512   601  1520   420
	19945 15512   601  1520   420
	19944 15513   601  1520   420
	19945 15512   601  1510   430
	19942 15514   603  1510   430
	19946 15512   603  1510   430
	19945 15511   603  1510   430
	19944 15512   603  1510   430
	19945 15512   603  1510   430
	19944 15514   605  1510   430
	19942 15512   603  1510   430
	19945 15512   603  1510   430
	19944 15511   603  1510   430
	19943 15512   603  1510   430
	19944 15511   603  1520   440
	19940 15511   603  1520   440
	19941 15511   601  1520   440
	19939 15511   601  1520   440
	19937 15510   601  1520   440
	19933 15510   601  1530   430
	19929 15509   601  1530   430
	19923 15510   601  1530   430
	19921 15500   601  1530   430
	19916 15499   601  1530   430
	19909 15499   603  1530   430
	19904 15499   603  1530   430
	19901 15497   603  1530   430
	19899 15497   603  1530   430
	19895 15497   605  1530   430
	19894 15496   603  1530   430
	19890 15496   603  1530   430
	19887 15496   603  1530   430
	19879 15495   603  1530   430
	19872 15495   603  1530   430
	19866 15493   601  1530   430
	19854 15484   601  1530   430
	19839 15481   599  1530   430
	19819 15479   597  1530   430
	19805 15466   595  1530   430
	19788 15465   592  1530   430
	19778 15462   592  1520   440
	19763 15452   592  1520   440
	19751 15450   590  1520   440
	19734 15447   592  1520   440
	19729 15446   590  1520   440
	19724 15445   590  1520   440
	19720 15435   590  1520   440
	19715 15435   590  1520   440
	19708 15434   590  1520   440
	19703 15433   590  1520   440
	19697 15433   590  1520   440
	19694 15431   590  1520   440
	19687 15431   590  1520   440
	19680 15429   588  1520   440
	19674 15429   588  1520   440
	19670 15420   588  1520   440
	19662 15419   586  1520   440
	19660 15417   588  1520   440
	19649 15416   588  1520   440
	19640 15414   586  1520   440
	19629 15413   586  1520   440
	19619 15403   586  1520   440
	19606 15402   588  1520   440
	19594 15399   586  1520   440
	19587 15398   586  1520   440
	19580 15398   586  1520   440
	19579 15398   586  1520   440
	19576 15397   586  1520   440
	19578 15388   586  1520   440
	19577 15388   588  1520   440
	19577 15397   588  1520   440
	19576 15397   588  1520   440
	19577 15397   588  1520   440
	19579 15397   590  1520   440
	19579 15398   592  1520   440
	19579 15388   592  1520   440
	19579 15388   595  1520   440
	19577 15388   597  1520   440
	19579 15388   597  1520   440
	19578 15388   599  1520   440
	19580 15397   599  1520   440
	19578 15398   599  1520   440
	19580 15388   599  1520   440
	19581 15397   599  1520   440
	19580 15388   599  1530   440
	19579 15388   599  1530   440
	19581 15397   597  1530   440
	19583 15398   597  1530   440
	19580 15398   595  1530   440
	19581 15398   590  1530   440
	19584 15398   588  1530   440
	19584 15399   586  1530   450
	19588 15399   586  1530   450
	19588 15399   586  1530   450
	19594 15400   586  1530   450
	19595 15401   586  1530   450
	19602 15402   586  1530   450
	19607 15404   588  1530   450
	19612 15413   588  1530   450
	19621 15415   590  1530   450
	19634 15418   590  1520   440
	19642 15429   590  1520   440
	19650 15431   590  1520   440
	19655 15432   595  1520   440
	19662 15434   595  1520   440
	19670 15436   595  1520   440
	19678 15446   595  1520   440
	19687 15448   597  1520   440
	19693 15450   597  1520   440
	19701 15452   597  1520   440
	19709 15461   597  1520   440
	19718 15463   597  1520   440
	19732 15466   595  1520   440
	19744 15468   595  1520   440
	19763 15480   595  1520   440
	19780 15482   595  1520   440
	19796 15493   595  1520   440
	19817 15496   595  1520   440
	19841 15509   595  1520   440
	19868 15513   595  1520   440
	19894 15526   595  1520   440
	19918 15530   595  1520   440
	19939 15542   595  1520   440
	19961 15545   595  1520   440
	19973 15557   595  1520   440
	19989 15560   595  1520   440
	20000 15562   597  1520   440
	20011 15564   597  1520   440
	20024 15574   597  1520   440
	20032 15576   597  1520   440
	20043 15578   597  1520   440
	20051 15578   597  1520   440
	20049 15580   597  1520   440
	20053 15580   597  1530   430
	20053 15589   597  1530   430
	20054 15589   597  1530   430
	20057 15589   597  1530   430
	20054 15589   597  1530   430
	20054 15590   597  1530   430
	20054 15589   597  1530   430
	20057 15589   597  1530   430
	20055 15589   597  1530   430
	20055 15589   597  1530   430
	20057 15589   597  1530   430
	20057 15589   597  1530   430
	20054 15589   597  1530   430
	20054 15580   597  1530   430
	20055 15589   595  1530   430
	20054 15580   597  1530   430
	20055 15589   595  1530   430
	20053 15589   595  1530   430
	20054 15579   595  1530   430
	20053 15579   595  1530   430
	20051 15579   595  1530   430
	20051 15578   597  1530   430
	20053 15580   595  1530   430
	20052 15578   597  1530   430
	20051 15578   597  1530   430
	20051 15578   595  1530   430
	20051 15577   595  1530   430
	20053 15577   595  1530   430
	20052 15575   595  1530   430
	20050 15573   595  1530   430
	20052 15561   595  1530   430
	20052 15558   595  1530   430
	20053 15545   592  1530   430
	20054 15531   592  1530   430
	20054 15526   590  1530   430
	20053 15510   590  1530   430
	20054 15494   588  1520   440
	20053 15467   586  1520   440
	20047 15450   586  1520   440
	20046 15433   584  1520   440
	20040 15402   584  1520   440
	20036 15381   584  1520   440
	20035 15355   584  1520   440
	20030 15336   584  1520   440
	20027 15317   584  1520   440
	20025 15290   584  1520   440
	20026 15273   581  1520   440
	20022 15257   574  1520   440
	20024 15242   579  1510   450
	20025 15212   581  1510   450
	20022 15194   581  1510   450
	20022 15173   581  1500   460
	20020 15147   581  1500   460
	20018 15142   581  1500   460
	20018 15129   581  1500   460
	20017 15116   579  1500   460
	20016 15111   579  1500   460
	20013 15099   579  1500   460
	20011 15093   579  1500   460
	20011 15079   581  1500   460
	20006 15068   581  1500   460
	20005 15064   581  1500   460
	20004 15061   581  1500   460
	20003 15050   581  1500   460
	20003 15049   581  1500   460
	20004 15049   581  1500   460
	20004 15049   581  1500   460
	20005 15050   581  1490   460
	20003 15049   584  1490   460
	20004 15050   584  1490   460
	20001 15050   584  1490   460
	20003 15050   586  1490   460
	20003 15050   586  1490   460
	20003 15049   586  1490   460
	20002 15049   586  1490   460
	20001 15049   586  1490   460
	20001 15049   586  1490   460
	20001 15050   588  1490   460
	20001 15049   588  1490   460
	20001 15049   588  1490   460
	20003 15050   588  1490   460
	20001 15049   590  1490   460
	20002 15049   592  1490   460
	20001 15049   592  1490   460
	20001 15049   597  1490   460
	20002 15049   599  1490   460
	20001 15049   601  1490   460
	20003 15049   601  1490   460
	20003 15049   603  1490   460
	20001 15050   605  1490   460
	20001 15049   607  1490   460
	20000 15049   607  1500   460
	20001 15050   609  1500   460
	20003 15050   609  1500   460
	20003 15049   609  1500   460
	20003 15049   611  1500   460
	20003 15049   611  1500   460
	20002 15049   613  1500   460
	20004 15050   613  1500   460
	20003 15049   613  1500   460
	20003 15050   613  1500   460
	20003 15050   609  1500   460
	20006 15050   607  1500   460
	20006 15050   599  1500   460
	20004 15052   579  1500   460
	20008 15052   504  1500   460
	20009 15062   446  1500   460
	20014 15066   344  1500   460
	20018 15080    75  1500   460
	20018 15095    -1  1500   460
	20017 15111    -1  1500   460
	20017 15130    -1  1490   460
	20016 15148    -1  1500   450
	20014 15177    -1  1500   450
	20017 15196    -1  1500   450
	20020 15210    -1  1510   430
	20024 15243    -1  1520   420
	20067 15271    -1  1520   420
	20040 15273    -1  1520   420
	20048 15307    -1  1520   420
	20061 15334    -1  1510   420
	20072 15352    -1  1510   420
	20079 15367    -1  1510   420
	20089 15382    -1  1510   420
	20094 15398    -1  1510   420
	20092 15403    -1  1500   430
	20093 15415    -1  1500   430
	20085 15418    -1  1490   430
	20075 15429    -1  1480   430
	20067 15435    -1  1470   440
	20059 15446    -1  1470   450
	20050 15450    -1  1470   450
	20038 15461    -1  1460   460
	20033 15466    -1  1450   460
	20030 15468    -1  1450   460
	20029 15481    -1  1450   460
	20033 15484    -1  1450   460
	20035 15494    -1  1450   460
	20038 15495    -1  1450   460
	20040 15496    -1  1450   460
	20037 15496    -1  1450   460
	20041 15452    -1  1460   460
	20044 15497    -1  1460   460
	20041 15498    -1  1460   460
	20040 15495    -1  1460   460
	20035 15495    -1  1460   460
	20030 15484    -1  1460   460
	20021 15481    -1  1460   460
	20013 15477    -1  1460   460
	20047 15466    -1  1460   460
	19994 15463    -1  1460   460
	19986 15450    -1  1460   460
	19983 15446    -1  1460   460
	19978 15436    -1  1460   460
	19977 15433    -1  1460   460
	19971 15432    -1  1460   460
	19974 15431    -1  1460   460
	19973 15430    -1  1460   460
	19975 15420    -1  1460   460
	19977 15419    -1  1460   460
	19980 15418    -1  1460   460
	19983 15417    -1  1460   460
	19984 15416    -1  1460   460
	19983 15414    -1  1460   460
	19984 15413    -1  1460   460
	19987 15404    -1  1460   460
	19988 15402    -1  1460   460
	19990 15401    -1  1460   460
	19990 15399    -1  1460   460
	19986 15397    -1  1460   460
	19988 15397    -1  1460   460
	19988 15397    -1  1460   460
	19990 15397    -1  1460   460
	19994 15397    -1  1460   460
	19993 15400    -1  1470   460
	19997 15400    -1  1480   450
	20002 15402    -1  1480   450
	20003 15403    -1  1480   450
	20006 15413    -1  1480   450
	20008 15413    -1  1480   450
	20008 15417    -1  1470   460
	20015 15418    -1  1470   460
	20018 15420    -1  1470   460
	20022 15430    -1  1470   460
	20026 15432    -1  1470   460
	20026 15434    -1  1470   460
	20028 15445    -1  1470   460
	20030 15436    -1  1470   460
	20032 15446    -1  1470   460
	20032 15445    -1  1470   460
	20031 15445    -1  1470   460
	20031 15445    -1  1470   460
	20028 15445    -1  1470   460
	20026 15445    -1  1470   460
	20028 15446    -1  1470   460
	20028 15446    -1  1470   460
	20028 15447    -1  1470   460
	20028 15449    -1  1470   460
	20032 15449    -1  1470   460
	20032 15452    -1  1470   460
	20032 15463    -1  1470   460
	20034 15465    -1  1470   460
	20037 15468    -1  1470   460
	20037 15479    -1  1470   460
	20038 15481    -1  1470   460
	20040 15484    -1  1470   460
	20041 15493    -1  1470   460
	20040 15496    -1  1470   460
	20043 15498    -1  1470   460
	20040 15452    -1  1480   450
	20041 15499    -1  1480   450
	20041 15510    -1  1480   450
	20040 15510    -1  1480   450
	20041 15511    -1  1480   450
	20040 15511    -1  1480   450
	20040 15512    -1  1480   450
	20042 15513    -1  1480   450
	20043 15514    -1  1480   450
	20045 15515    -1  1480   450
	20048 15515    -1  1480   450
	20047 15526    -1  1480   450
	20051 15527    -1  1480   450
	20053 15527    -1  1480   450
	20052 15527    -1  1480   450
	20053 15529    -1  1480   450
	20053 15529    -1  1480   450
	20052 15530    -1  1480   450
	20053 15529    -1  1480   450
	20052 15530    -1  1480   450
	20051 15531    -1  1480   450
	20051 15530    -1  1480   450
	20051 15530    -1  1480   450
	20051 15530    -1  1480   450
	20049 15530    -1  1480   450
	20049 15530    -1  1480   450
	20049 15529    -1  1480   450
	20049 15530    -1  1480   450
	20049 15529    -1  1480   450
	20052 15530    -1  1480   450
	20053 15530    -1  1480   450
	20054 15529    -1  1480   450
	20054 15530    -1  1480   450
	20054 15529    -1  1480   450
	20058 15530    -1  1480   450
	20057 15530    -1  1480   450
	20058 15530    -1  1480   450
	20059 15531    -1  1480   450
	20058 15531    -1  1480   450
	20055 15530    -1  1480   450
	20057 15529    -1  1480   450
	20057 15530    64  1480   450
	20055 15531    64  1480   450
	20053 15530    64  1480   450
	20053 15531    -1  1480   450
	20053 15531    -1  1480   450
	20052 15531    -1  1480   450
	20052 15531    -1  1480   450
	20048 15530    -1  1480   450
	20051 15531    -1  1480   450
	20049 15541    -1  1480   450
	20049 15532    -1  1480   450
	20048 15541    -1  1480   450
	20049 15543    -1  1480   450
	20049 15544    -1  1480   450
	20049 15545    -1  1480   450
	20052 15547    -1  1480   450
	20052 15557    -1  1480   450
	20051 15557    -1  1480   450
	20052 15558    -1  1480   450
	20051 15558    -1  1480   450
	20051 15559    64  1480   450
	20049 15559    64  1480   450
	20047 15559    64  1480   450
	20045 15559     0  1480   450
	20044 15559     0  1480   450
	20042 15560     0  1480   450
	20041 15559     0  1480   450
	20042 15559     0  1480   450
	20043 15560     0  1480   450
	20044 15560     0  1480   450
	20044 15560     0  1480   450
	20046 15562    35  1480   450
	20048 15564    75  1480   450
	20051 15573   136  1480   450
	20051 15576   160  1480   450
	20055 15578   201  1480   450
	20057 15580   262  1480   450
	20061 15589   308  1480   450
	20061 15590   336  1480   450
	20058 15589   360  1480   450
	20061 15591   317  1480   450
	20058 15591   357  1480   450
	20059 15591   390  1480   450
	20059 15590   415  1480   450
	20058 15590   429  1480   450
	20057 15590   442  1480   450
	20056 15589   454  1480   450
	20055 15589   462  1480   450
	20056 15580   465  1480   450
	20054 15580   469  1480   450
	20053 15580   473  1480   450
	20051 15578   476  1480   450
	20049 15579   476  1480   450
	20053 15578   480  1480   450
	20049 15576   480  1480   450
	20049 15576   484  1480   450
	20049 15576   484  1480   450
	20046 15574   484  1480   450
	20047 15573   484  1480   450
	20045 15564   487  1480   450
	20042 15561   487  1480   450
	20038 15558   490  1480   450
	20038 15547   490  1480   450
	20034 15544   490  1480   450
	20031 15532   490  1480   450
	20027 15527   494  1480   450
	20024 15515   494  1480   450
	20021 15513   494  1480   450
	20016 15510   494  1480   450
	20015 15499   494  1480   450
	20014 15496   497  1480   450
	20010 15493   494  1480   450
	20008 15484   497  1480   450
	20007 15482   497  1480   450
	20007 15480   497  1480   450
	20007 15480   497  1480   450
	20006 15480   497  1480   450
	20003 15478   497  1480   450
	20004 15478   497  1480   450
	20005 15477   497  1480   450
	20003 15468   497  1480   450
	20004 15467   497  1480   450
	20002 15466   497  1480   450
	20001 15465   497  1480   450
	20001 15464   497  1480   450
	20001 15461   497  1480   450
	19999 15450   497  1480   450
	19996 15447   497  1480   450
	19993 15434   497  1480   450
	19992 15431   497  1480   450
	19989 15418   497  1470   460
	19985 15414   497  1470   460
	19982 15399   500  1470   460
	19977 15386   500  1470   460
	19974 15381   497  1470   460
	19972 15368   497  1470   460
	19968 15355   497  1470   460
	19965 15349   497  1470   460
	19964 15336   497  1470   460
	19959 15333   497  1470   460
	19955 15319   497  1470   460
	19953 15304   497  1470   460
	19950 15289   497  1470   460
	19946 15272   497  1470   460
	19943 15255   497  1470   460
	19938 15240   497  1470   460
	19936 15225   497  1470   460
	19929 15205   500  1470   460
	19927 15178   500  1470   460
	19919 15160   500  1470   460
	19914 15143   500  1470   460
	19912 15131   497  1470   460
	19912 15125   497  1470   460
	19914 15114   494  1460   460
	19918 15111   490  1460   460
	19920 15110   490  1450   460
	19920 15109   487  1450   460
	19925 15100   484  1450   460
	19928 15099   480  1450   460
	19933 15099   480  1450   460
	19936 15099   480  1450   460
	19936 15099   480  1450   460
	19939 15100   480  1450   460
	19941 15100   480  1450   460
	19945 15098   480  1450   460
	19947 15099   480  1450   460
	19947 15099   480  1450   460
	19948 15097   480  1450   460
	19950 15095   476  1460   470
	19953 15096   476  1460   470
	19953 15094   480  1460   470
	19958 15095   476  1460   470
	19963 15093   476  1460   470
	19969 15093   476  1460   470
	19973 15084   476  1460   470
	19972 15084   476  1460   470
	19975 15093   476  1460   470
	19981 15093   476  1460   470
	19985 15094   480  1460   470
	19992 15096   484  1460   470
	20000 15097   487  1460   470
	20010 15100   490  1460   470
	20015 15112   490  1460   470
	20026 15116   490  1460   470
	20031 15128   490  1460   470
	20038 15132   494  1460   470
	20042 15144   494  1460   470
	20052 15158   494  1460   470
	20055 15163   497  1460   470
	20061 15176   497  1460   470
	20071 15191   497  1460   470
	20078 15207   497  1460   470
	20088 15221   497  1460   470
	20098 15238   497  1480   460
	20108 15255   497  1480   460
	20118 15272   497  1480   460
	20128 15287   500  1480   460
	20135 15301   500  1480   460
	20140 15319   504  1480   460
	20149 15335   500  1480   460
	20156 15352   504  1480   460
	20166 15367   504  1480   460
	20167 15381   510  1480   460
	20171 15386   510  1480   460
	20173 15398   522  1480   460
	20177 15401   531  1480   460
	20180 15413   542  1480   460
	20178 15416   547  1490   470
	20180 15417   555  1490   470
	20183 15420   562  1490   470
	20185 15430   565  1490   470
	20184 15432   570  1490   470
	20186 15434   572  1490   470
	20186 15434   577  1490   470
	20187 15445   579  1490   470
	20189 15447   579  1490   470
	20192 15451   579  1490   470
	20193 15452   579  1490   470
	20197 15461   579  1490   470
	20200 15464   579  1490   470
	20204 15465   581  1490   470
	20203 15465   581  1490   470
	20204 15466   581  1500   460
	20203 15465   581  1500   460
	20206 15465   581  1500   460
	20204 15466   581  1500   460
	20203 15467   581  1500   460
	20204 15465   581  1500   460
	20205 15466   581  1500   460
	20203 15465   581  1500   460
	20205 15465   584  1500   460
	20203 15465   584  1500   460
	20204 15465   586  1500   460
	20202 15465   584  1500   460
	20202 15464   584  1500   460
	20202 15465   584  1500   460
	20203 15466   584  1500   460
	20204 15464   581  1510   460
	20205 15464   581  1510   460
	20204 15464   579  1510   460
	20203 15463   572  1510   460
	20202 15462   562  1510   460
	20204 15451   552  1510   460
	20204 15449   542  1510   460
	20202 15436   542  1510   460
	20200 15430   542  1510   460
	20193 15414   542  1500   470
	20186 15398   542  1500   470
	20180 15372   539  1500   470
	20173 15356   536  1500   470
	20168 15340   533  1490   470
	20162 15333   531  1490   470
	20159 15308   536  1490   470
	20152 15290   539  1490   470
	20151 15275   536  1490   470
	20148 15271   531  1490   470
	20150 15260   522  1480   460
	20148 15256   519  1480   460
	20150 15244   513  1480   460
	20153 15240   513  1480   460
	20155 15228   510  1480   460
	20157 15225   510  1480   460
	20158 15221   507  1490   460
	20161 15211   507  1490   460
	20165 15209   507  1490   460
	20168 15196   507  1490   460
	20174 15190   510  1490   460
	20177 15179   510  1490   460
	20182 15176   510  1490   460
	20189 15164   510  1480   460
	20193 15162   510  1480   460
	20197 15162   510  1480   460
	20198 15160   507  1480   460
	20198 15162   507  1480   460
	20202 15162   507  1480   460
	20204 15162   507  1480   460
	20205 15162   510  1480   460
	20213 15174   513  1480   460
	20220 15178   522  1480   460
	20229 15192   528  1480   460
	20242 15209   531  1480   460
	20254 15225   531  1490   470
	20264 15240   536  1490   470
	20274 15256   536  1490   470
	20288 15274   533  1490   470
	20299 15291   536  1490   470
	20308 15304   536  1490   470
	20319 15320   536  1490   470
	20327 15334   536  1490   470
	20335 15339   536  1490   470
	20339 15350   539  1490   470
	20341 15352   547  1500   470
	20341 15352   560  1500   470
	20340 15353   570  1510   460
	20341 15354   579  1510   460
	20339 15353   581  1510   460
	20339 15353   586  1510   460
	20340 15353   586  1510   460
	20337 15351   588  1510   460
	20336 15352   588  1510   460
	20335 15351   588  1510   460
	20334 15351   586  1500   460
	20333 15352   586  1500   460
	20333 15351   584  1500   460
	20333 15349   584  1500   460
	20330 15349   581  1500   460
	20324 15337   581  1500   460
	20319 15334   584  1500   460
	20315 15323   581  1500   460
	20311 15318   581  1510   460
	20306 15305   581  1510   460
	20298 15301   581  1500   460
	20293 15286   581  1500   460
	20283 15270   581  1500   460
	20273 15244   581  1500   460
	20263 15225   581  1490   470
	20252 15209   581  1490   470
	20244 15190   581  1490   470
	20237 15174   581  1490   470
	20233 15160   581  1490   470
	20228 15143   581  1490   470
	20224 15130   581  1490   470
	20222 15116   581  1490   470
	20217 15099   581  1490   470
	20219 15083   581  1490   470
	20217 15078   581  1480   460
	20218 15063   581  1480   460
	20216 15061   574  1480   460
	20220 15052   567  1480   460
	20220 15049   567  1480   460
	20225 15046   560  1480   460
	20223 15045   562  1480   460
	20229 15036   560  1480   460
	20233 15033   560  1480   460
	20238 15029   560  1490   470
	20241 15020   562  1490   470
	20247 15017   565  1490   470
	20251 15015   567  1480   470
	20258 15013   567  1480   470
	20261 15002   572  1480   470
	20266 15001   574  1480   470
	20270 15002   577  1480   470
	20271 15002   588  1480   470
	20277 15004   588  1480   470
	20286 15013   588  1480   470
	20302 15016   590  1480   470
	20313 15019   590  1480   470
	20326 15030   592  1480   470
	20333 15035   592  1480   470
	20347 15048   592  1490   480
	20359 15061   592  1490   480
	20378 15066   592  1490   480
	20390 15079   595  1490   480
	20400 15083   597  1490   480
	20407 15093   599  1490   480
	20411 15095   599  1490   480
	20417 15099   599  1490   480
	20421 15110   601  1490   480
	20425 15112   603  1500   470
	20428 15113   605  1500   470
	20427 15115   609  1500   470
	20427 15116   609  1500   470
	20428 15116   613  1500   470
	20427 15125   613  1510   470
	20427 15126   615  1510   470
	20427 15126   615  1510   470
	20427 15126   615  1510   470
	20428 15126   617  1510   470
	20428 15126   617  1510   470
	20427 15125   619  1510   470
	20427 15127   619  1510   470
	20427 15125   621  1510   470
	20427 15127   623  1510   470
	20427 15128   627  1510   470
	20428 15128   627  1510   470
	20427 15128   630  1510   470
	20427 15129   632  1510   470
	20428 15130   643  1510   470
	20427 15130   650  1510   470
	20427 15131   655  1510   470
	20427 15130   658  1510   470
	20427 15131   663  1510   470
	20427 15131   666  1510   470
	20424 15132   666  1510   470
	20425 15141   669  1510   470
	20424 15141   671  1510   470
	20422 15141   672  1510   470
	20422 15141   674  1510   470
	20424 15141   672  1510   470
	20422 15141   674  1510   470
	20422 15142   674  1510   470
	20421 15143   674  1510   470
	20424 15144   675  1510   470
	20422 15145   674  1510   470
	20424 15145   677  1510   470
	20422 15147   677  1510   470
	20422 15147   677  1510   470
	20421 15148   677  1510   470
	20421 15157   677  1510   470
	20421 15148   677  1510   470
	20418 15160   677  1510   470
	20422 15159   678  1510   470
	20419 15160   677  1510   470
	20421 15160   677  1510   470
	20418 15160   678  1510   470
	20419 15160   678  1510   470
	20419 15160   678  1510   470
	20419 15162   678  1510   470
	20422 15162   680  1510   470
	20421 15160   680  1510   470
	20419 15162   678  1510   470
	20419 15162   678  1500   470
	20419 15162   678  1500   470
	20419 15162   678  1500   470
	20421 15162   680  1500   470
	20419 15164   680  1500   470
	20417 15163   678  1500   470
	20417 15164   681  1500   470
	20421 15163   680  1500   470
	20419 15164   680  1500   470
	20417 15164   680  1500   470
	20419 15164   683  1500   470
	20421 15164   681  1500   470
	20419 15164   683  1500   470
	20417 15164   683  1500   470
	20419 15163   683  1500   470
	20417 15164   683  1500   470
	20419 15164   681  1500   470
	20417 15174   681  1500   470
	20419 15164   683  1500   470
	20417 15164   681  1500   470
	20415 15164   681  1500   470
	20419 15164   683  1500   470
	20417 15164   683  1500   470
	20417 15174   683  1500   470
	20417 15174   683  1500   470
	20419 15174   683  1500   470
	20421 15174   683  1500   470
	20417 15174   684  1500   470
	20415 15174   684  1500   470
	20417 15174   684  1500   470
	20419 15174   686  1500   470
	20421 15176   684  1500   470
	20421 15176   684  1500   470
	20417 15176   687  1500   470
	20417 15179   687  1500   470
	20414 15180   684  1500   470
	20415 15180   686  1500   470
	20417 15190   686  1500   470
	20415 15191   686  1500   470
	20414 15194   686  1500   470
	20415 15194   686  1500   470
	20414 15195   686  1500   470
	20417 15205   684  1500   470
	20415 15207   684  1500   470
	20417 15210   683  1500   470
	20415 15221   683  1500   470
	20419 15226   683  1500   470
	20419 15239   683  1500   470
	20421 15241   683  1500   470
	20421 15244   683  1510   460
	20421 15254   684  1510   460
	20419 15257   684  1510   460
	20421 15259   684  1510   460
	20415 15270   683  1520   460
	20419 15272   683  1520   460
	20418 15274   683  1520   460
	20418 15276   684  1520   460
	20418 15286   683  1520   460
	20419 15287   683  1530   460
	20421 15291   683  1530   460
	20421 15292   683  1530   460
	20421 15301   683  1530   460
	20424 15303   683  1530   460
	20422 15305   683  1520   460
	20422 15308   683  1520   460
	20424 15307   683  1520   460
	20425 15317   683  1520   460
	20424 15318   683  1520   460
	20424 15320   684  1520   460
	20424 15320   684  1520   460
	20425 15319   684  1520   460
	20425 15321   683  1520   460
	20422 15321   683  1520   460
	20425 15320   683  1520   460
	20424 15321   684  1520   460
	20425 15321   683  1520   460
	20422 15321   683  1520   460
	20422 15321   683  1520   460
	20425 15320   684  1520   460
	20424 15322   683  1520   460
	20422 15321   683  1520   460
	20425 15320   683  1520   460
	20425 15322   683  1520   460
	20425 15324   683  1520   460
	20428 15333   683  1520   460
	20428 15336   683  1520   460
	20431 15338   683  1520   460
	20434 15349   683  1520   460
	20437 15352   683  1520   460
	20438 15356   683  1520   460
	20437 15365   684  1520   460
	20442 15368   683  1520   460
	20442 15370   683  1520   460
	20448 15383   684  1520   460
	20448 15384   684  1520   460
	20450 15387   684  1530   470
	20452 15399   684  1530   470
	20454 15400   684  1530   470
	20455 15403   684  1530   470
	20458 15413   684  1530   470
	20458 15417   683  1530   470
	20465 15429   684  1540   460
	20465 15432   684  1540   460
	20468 15436   683  1540   460
	20471 15447   684  1540   460
	20474 15450   684  1540   460
	20474 15452   684  1540   460
	20477 15464   686  1550   460
	20479 15464   684  1550   460
	20482 15466   684  1550   460
	20482 15466   686  1550   460
	20481 15467   686  1550   460
	20481 15467   686  1550   460
	20482 15466   687  1550   460
	20482 15466   687  1550   460
	20482 15466   687  1550   460
	20482 15467   687  1550   460
	20480 15466   687  1550   460
	20479 15466   687  1550   460
	20481 15466   686  1550   460
	20482 15466   684  1550   460
	20479 15466   683  1550   460
	20477 15466   681  1550   460
	20479 15464   678  1550   460
	20476 15464   674  1550   460
	20477 15464   671  1550   460
	20477 15462   666  1550   460
	20476 15461   661  1550   460
	20474 15451   656  1550   460
	20476 15450   650  1550   460
	20473 15446   645  1550   460
	20474 15433   641  1550   460
	20473 15418   638  1550   460
	20473 15414   632  1550   460
	20472 15399   629  1550   460
	20473 15384   629  1550   460
	20471 15366   627  1550   460
	20471 15339   627  1550   460
	20469 15320   627  1550   460
	20466 15302   627  1550   460
	20465 15275   625  1550   460
	20460 15254   625  1550   460
	20457 15225   627  1550   460
	20450 15193   627  1540   460
	20445 15160   627  1540   460
	20437 15132   627  1530   470
	20425 15113   627  1530   470
	20424 15095   627  1530   470
	20414 15067   629  1530   470
	20408 15049   627  1520   480
	20399 15033   625  1510   470
	20397 15017   627  1510   470
	20392 14999   627  1510   470
	20380 14972   627  1510   470
	20375 14954   629  1510   470
	20363 14934   629  1510   470
	20359 14918   629  1490   480
	20349 14903   629  1490   480
	20342 14885   629  1490   480
	20334 14869   629  1490   480
	20325 14853   629  1490   480
	20321 14839   629  1490   480
	20312 14826   629  1490   480
	20302 14810   629  1490   480
	20295 14794   630  1490   480
	20284 14780   630  1490   480
	20274 14774   630  1490   480
	20262 14761   630  1490   480
	20243 14746   630  1490   480
	20226 14731   630  1490   480
	20210 14716   630  1490   480
	20193 14710   632  1490   480
	20174 14698   630  1480   470
	20159 14684   630  1470   480
	20143 14681   630  1470   480
	20130 14677   629  1470   480
	20116 14666   629  1470   480
	20103 14664   629  1470   480
	20093 14663   627  1470   480
	20083 14663   627  1470   480
	20074 14663   625  1470   480
	20061 14663   623  1470   480
	20046 14665   621  1470   480
	20033 14667   619  1470   480
	20017 14677   613  1460   480
	20004 14681   611  1460   480
	19990 14684   609  1460   480
	19971 14696   609  1460   480
	19953 14699   605  1460   480
	19935 14711   601  1470   470
	19917 14725   601  1470   470
	19900 14732   597  1470   470
	19883 14746   595  1470   470
	19869 14760   595  1470   470
	19857 14774   597  1470   470
	19844 14789   595  1470   470
	19837 14796   597  1470   470
	19830 14810   597  1470   470
	19823 14827   597  1470   470
	19819 14855   595  1460   470
	19815 14871   595  1460   470
	19815 14890   597  1460   470
	19817 14907   599  1460   470
	19819 14924   599  1460   470
	19823 14953   599  1460   470
	19826 14981   599  1460   470
	19829 15001   599  1460   470
	19840 15020   599  1460   470
	19851 15048   599  1460   470
	19860 15063   601  1460   470
	19870 15079   601  1460   470
	19880 15094   603  1460   470
	19893 15110   603  1460   470
	19909 15115   603  1460   470
	19925 15132   603  1460   470
	19943 15147   605  1460   470
	19952 15162   605  1460   470
	19969 15175   605  1460   470
	19983 15191   607  1460   470
	20002 15207   607  1470   460
	20023 15225   609  1480   460
	20047 15242   609  1480   460
	20070 15259   609  1480   460
	20087 15276   609  1480   460
	20110 15292   613  1480   460
	20133 15318   613  1480   460
	20157 15335   613  1480   460
	20184 15354   613  1480   460
	20198 15368   613  1490   470
	20214 15381   613  1490   470
	20228 15385   613  1490   470
	20246 15399   613  1500   470
	20269 15414   613  1500   470
	20286 15417   613  1500   470
	20300 15420   613  1500   470
	20308 15429   613  1510   470
	20312 15430   613  1510   470
	20319 15431   613  1510   470
	20326 15432   611  1520   480
	20332 15432   611  1520   480
	20341 15431   609  1520   480
	20349 15431   609  1530   480
	20359 15431   609  1530   480
	20368 15430   609  1540   470
	20377 15429   609  1540   470
	20391 15419   609  1540   470
	20398 15418   607  1540   470
	20407 15417   605  1540   470
	20417 15415   605  1540   470
	20425 15403   605  1540   470
	20438 15399   603  1540   470
	20445 15388   603  1540   470
	20451 15383   601  1540   470
	20459 15368   601  1540   470
	20461 15353   603  1540   470
	20466 15336   603  1540   470
	20468 15321   601  1550   460
	20466 15304   601  1540   460
	20466 15286   601  1540   460
	20466 15269   601  1540   460
	20461 15240   601  1540   460
	20458 15221   603  1540   460
	20454 15191   603  1540   460
	20452 15162   603  1540   460
	20447 15142   603  1540   460
	20442 15116   601  1540   460
	20437 15097   601  1540   460
	20429 15078   603  1540   460
	20421 15049   601  1540   460
	20420 15033   599  1540   460
	20408 15016   601  1530   470
	20403 14999   601  1520   460
	20393 14968   601  1520   460
	20385 14939   603  1520   460
	20380 14922   603  1520   460
	20369 14905   603  1510   470
	20361 14891   603  1510   470
	20360 14873   603  1510   470
	20353 14859   603  1510   470
	20349 14853   605  1510   470
	20344 14839   603  1510   470
	20343 14828   603  1510   470
	20341 14826   603  1510   470
	20339 14823   603  1500   470
	20338 14812   603  1500   470
	20334 14808   603  1500   470
	20331 14805   605  1500   470
	20326 14792   603  1510   470
	20323 14790   609  1510   470
	20319 14780   605  1500   470
	20318 14778   605  1500   470
	20314 14778   603  1500   470
	20313 14776   603  1500   470
	20313 14764   603  1500   470
	20309 14764   603  1500   470
	20311 14764   605  1500   470
	20308 14773   605  1500   470
	20311 14764   605  1500   470
	20308 14764   605  1500   470
	20310 14764   605  1500   470
	20311 14764   607  1500   470
	20309 14764   609  1500   470
	20310 14764   611  1500   470
	20309 14764   613  1500   470
	20308 14764   619  1500   470
	20309 14773   623  1500   470
	20307 14774   627  1500   470
	20306 14773   629  1500   470
	20301 14775   629  1500   470
	20295 14778   625  1500   470
	20283 14779   625  1500   470
	20276 14780   625  1500   470
	20268 14780   625  1500   470
	20260 14780   623  1500   470
	20253 14789   621  1500   470
	20244 14789   619  1500   470
	20234 14780   617  1500   470
	20228 14780   615  1500   470
	20220 14790   613  1500   470
	20212 14791   613  1500   470
	20204 14792   613  1500   470
	20197 14792   613  1500   470
	20187 14793   613  1500   470
	20179 14796   613  1500   470
	20166 14807   613  1500   470
	20158 14809   613  1500   470
	20149 14812   613  1500   470
	20134 14822   613  1500   470
	20123 14825   613  1500   470
	20107 14827   613  1500   470
	20096 14838   613  1500   470
	20084 14841   613  1490   470
	20070 14843   613  1500   470
	20061 14853   613  1490   470
	20052 14857   613  1490   470
	20044 14860   613  1490   470
	20040 14870   611  1490   470
	20039 14871   611  1490   470
	20037 14875   611  1490   470
	20036 14887   609  1490   470
	20031 14892   609  1490   470
	20031 14905   609  1490   470
	20033 14917   609  1490   470
	20031 14924   609  1490   470
	20031 14938   609  1500   470
	20035 14952   611  1500   470
	20036 14966   613  1500   470
	20039 14982   613  1500   470
	20039 14998   613  1490   470
	20044 15014   613  1490   470
	20046 15031   611  1490   470
	20049 15046   613  1490   470
	20057 15062   611  1490   470
	20055 15078   611  1490   470
	20064 15094   611  1490   470
	20071 15110   609  1490   470
	20081 15126   609  1490   470
	20093 15141   609  1490   470
	20103 15147   609  1490   470
	20112 15163   609  1490   470
	20126 15179   609  1490   470
	20143 15205   609  1490   470
	20165 15222   607  1500   460
	20182 15239   605  1500   460
	20198 15255   607  1510   460
	20219 15270   605  1510   460
	20241 15288   607  1510   460
	20265 15306   607  1510   460
	20286 15322   607  1510   460
	20311 15339   607  1510   460
	20336 15355   609  1520   460
	20354 15370   609  1520   460
	20371 15382   611  1530   470
	20382 15386   611  1530   470
	20393 15398   611  1530   470
	20408 15401   611  1540   470
	20425 15413   613  1540   470
	20437 15415   613  1540   470
	20445 15416   613  1540   470
	20456 15417   613  1540   470
	20469 15417   613  1540   470
	20472 15417   613  1540   470
	20476 15417   613  1540   470
	20477 15415   613  1550   470
	20477 15414   611  1550   470
	20480 15414   609  1550   470
	20482 15414   609  1550   470
	20486 15404   607  1550   470
	20487 15402   605  1550   470
	20490 15400   605  1550   470
	20496 15397   605  1560   460
	20500 15387   605  1550   470
	20506 15384   605  1560   460
	20511 15381   605  1560   460
	20517 15370   605  1560   460
	20522 15368   603  1560   460
	20526 15365   603  1570   470
	20530 15354   601  1570   470
	20535 15351   601  1570   470
	20541 15349   599  1580   460
	20548 15337   599  1580   460
	20554 15335   599  1580   460
	20559 15321   599  1580   460
	20568 15318   599  1580   460
	20580 15306   599  1580   460
	20591 15303   599  1580   460
	20597 15291   599  1580   460
	20602 15291   599  1590   450
	20607 15290   599  1590   450
	20612 15288   601  1590   450
	20620 15287   601  1590   450
	20628 15286   601  1590   450
	20632 15285   601  1590   450
	20636 15274   601  1590   450
	20640 15274   603  1590   450
	20641 15273   603  1590   450
	20642 15273   603  1590   450
	20643 15272   603  1590   450
	20642 15272   603  1590   450
	20643 15272   603  1590   450
	20643 15272   603  1590   450
	20644 15271   603  1590   450
	20642 15270   603  1590   450
	20644 15271   603  1590   450
	20644 15270   603  1590   450
	20646 15271   603  1590   450
	20645 15271   603  1590   450
	20645 15270   603  1590   450
	20647 15271   603  1590   450
	20645 15270   603  1590   450
	20646 15271   603  1590   450
	20648 15270   603  1590   450
	20648 15271   603  1590   450
	20647 15272   603  1590   450
	20647 15272   603  1590   450
	20649 15270   605  1590   450
	20649 15270   605  1590   450
	20649 15270   605  1590   450
	20648 15271   607  1590   450
	20649 15272   607  1590   450
	20650 15270   609  1590   450
	20647 15270   609  1590   450
	20646 15271   609  1590   450
	20649 15271   609  1590   450
	20646 15271   609  1590   450
	20647 15271   609  1590   450
	20648 15272   611  1590   450
	20648 15271   613  1590   450
	20646 15271   613  1590   450
	20649 15270   613  1590   450
	20647 15270   613  1590   450
	20649 15271   613  1590   450
	20647 15271   613  1590   450
	20649 15271   613  1590   450
	20645 15271   613  1590   450
	20648 15273   615  1590   450
	20649 15271   615  1590   450
	20645 15270   617  1590   450
	20644 15271   617  1590   450
	20645 15270   617  1590   450
	20645 15270   617  1590   450
	20644 15271   617  1590   450
	20644 15270   615  1590   450
	20644 15270   615  1590   450
	20643 15270   617  1590   450
	20643 15271   617  1590   450
	20644 15270   617  1590   450
	20644 15271   615  1590   450
	20644 15270   617  1590   450
	20645 15270   615  1590   450
	20644 15270   615  1590   450
	20644 15271   613  1590   450
	20642 15270   613  1590   450
	20642 15270   613  1590   450
	20643 15269   609  1590   450
	20640 15260   607  1590   450
	20641 15260   607  1590   450
	20639 15259   603  1590   450
	20639 15258   603  1590   450
	20637 15257   601  1590   450
	20638 15255   601  1590   450
	20634 15254   601  1590   450
	20636 15244   599  1590   450
	20635 15242   601  1590   450
	20635 15241   599  1590   450
	20633 15238   599  1590   450
	20635 15228   599  1590   450
	20635 15226   597  1590   450
	20634 15224   597  1590   450
	20634 15221   595  1590   450
	20634 15210   595  1590   450
	20633 15207   595  1590   450
	20637 15196   592  1580   460
	20637 15194   590  1580   460
	20640 15193   588  1580   460
	20640 15192   588  1580   460
	20642 15192   586  1580   460
	20644 15192   586  1580   460
	20647 15192   586  1570   470
	20648 15191   584  1570   470
	20652 15193   586  1570   470
	20656 15192   586  1570   470
	20662 15194   588  1570   470
	20668 15194   590  1570   470
	20683 15206   590  1570   470
	20698 15210   592  1570   480
	20716 15222   592  1570   470
	20734 15225   595  1570   470
	20752 15238   595  1570   470
	20775 15243   595  1570   470
	20795 15256   595  1570   470
	20815 15269   595  1570   470
	20836 15273   597  1570   470
	20868 15288   597  1570   470
	20896 15301   597  1580   460
	20926 15305   597  1580   460
	20955 15320   599  1580   460
	20984 15334   599  1580   460
	21008 15339   599  1580   460
	21036 15353   599  1580   460
	21057 15367   597  1580   460
	21079 15371   597  1580   460
	21109 15386   597  1580   460
	21132 15399   597  1580   460
	21155 15413   597  1580   460
	21180 15419   597  1580   460
	21199 15431   597  1590   460
	21216 15435   597  1590   460
	21228 15446   597  1590   460
	21240 15449   597  1590   460
	21247 15450   595  1590   460
	21254 15451   595  1590   460
	21255 15451   595  1590   460
	21259 15451   595  1600   450
	21261 15451   595  1600   450
	21262 15450   592  1600   450
	21261 15450   595  1600   450
	21262 15450   592  1600   450
	21259 15449   592  1600   450
	21262 15449   592  1600   450
	21262 15448   592  1600   450
	21262 15447   592  1600   450
	21263 15436   592  1600   450
	21263 15433   592  1600   450
	21259 15431   590  1600   450
	21259 15420   590  1600   450
	21261 15416   588  1600   450
	21259 15403   588  1600   450
	21256 15397   588  1600   450
	21255 15381   590  1600   450
	21247 15368   590  1600   450
	21240 15353   588  1600   450
	21236 15339   588  1600   450
	21236 15334   588  1600   450
	21237 15320   588  1590   460
	21238 15308   588  1590   460
	21237 15305   588  1590   460
	21240 15302   588  1590   460
	21244 15292   588  1590   460
	21249 15288   586  1590   460
	21254 15287   586  1590   460
	21256 15276   586  1580   470
	21261 15275   588  1580   470
	21263 15274   588  1580   470
	21268 15270   588  1580   470
	21274 15270   588  1580   470
	21278 15269   588  1580   470
	21284 15260   592  1570   470
	21293 15260   595  1570   470
	21303 15259   597  1570   470
	21317 15259   597  1570   470
	21337 15269   599  1570   470
	21358 15271   599  1580   470
	21390 15275   599  1580   470
	21428 15288   599  1580   470
	21467 15292   599  1580   470
	21512 15304   599  1580   470
	21545 15319   601  1580   470
	21587 15323   599  1600   470
	21624 15337   599  1600   470
	21669 15352   601  1600   470
	21709 15367   599  1600   470
	21752 15381   601  1610   470
	21789 15387   601  1610   460
	21824 15400   601  1610   460
	21852 15413   601  1610   460
	21869 15415   601  1620   470
	21881 15416   601  1620   470
	21885 15416   601  1620   470
	21885 15416   601  1620   470
	21880 15415   599  1620   470
	21881 15415   599  1620   470
	21884 15415   597  1620   470
	21882 15413   597  1620   470
	21883 15413   597  1630   460
	21879 15413   595  1630   460
	21882 15403   595  1630   460
	21879 15401   595  1640   460
	21879 15401   595  1640   460
	21879 15399   595  1640   460
	21876 15388   595  1640   460
	21875 15384   595  1640   460
	21873 15381   595  1640   460
	21873 15369   595  1640   460
	21872 15356   597  1640   460
	21869 15351   597  1640   460
	21871 15339   597  1630   470
	21871 15335   597  1630   470
	21870 15324   597  1630   470
	21872 15318   597  1630   470
	21874 15308   597  1630   470
	21878 15304   597  1630   470
	21883 15301   597  1630   470
	21888 15290   597  1630   470
	21892 15288   597  1620   470
	21897 15285   597  1620   470
	21901 15273   597  1620   470
	21905 15272   597  1620   470
	21907 15270   597  1620   470
	21913 15270   597  1620   470
	21918 15259   599  1620   470
	21929 15258   599  1620   470
	21934 15257   599  1620   470
	21945 15257   601  1620   480
	21956 15257   603  1620   480
	21966 15255   603  1620   470
	21979 15256   605  1620   470
	22000 15255   607  1620   470
	22019 15257   609  1620   470
	22042 15257   609  1620   470
	22067 15260   609  1620   470
	22096 15271   609  1630   460
	22135 15274   609  1630   460
	22171 15289   609  1630   460
	22213 15292   609  1630   460
	22259 15304   609  1630   460
	22307 15308   609  1630   460
	22359 15321   609  1630   460
	22410 15334   609  1630   460
	22467 15337   609  1630   460
	22522 15340   607  1620   470
	22568 15351   609  1630   470
	22612 15352   609  1630   470
	22651 15352   609  1630   470
	22685 15352   609  1630   470
	22722 15352   609  1630   470
	22752 15351   609  1630   470
	22783 15351   609  1630   470
	22814 15349   607  1630   470
	22847 15340   609  1650   470
	22875 15337   609  1650   470
	22907 15336   609  1650   470
	22936 15335   609  1650   470
	22972 15324   609  1650   470
	23002 15324   609  1650   470
	23033 15320   609  1650   460
	23065 15308   609  1650   460
	23096 15308   609  1650   460
	23128 15304   609  1650   460
	23160 15302   609  1650   460
	23191 15290   609  1650   460
	23219 15289   609  1650   460
	23245 15285   609  1650   460
	23276 15273   609  1650   460
	23305 15270   607  1650   460
	23341 15257   609  1650   460
	23377 15243   609  1650   460
	23414 15238   609  1650   460
	23452 15225   609  1650   460
	23486 15212   609  1650   460
	23529 15205   609  1650   460
	23564 15193   607  1650   460
	23600 15189   609  1650   460
	23629 15175   609  1650   460
	23658 15173   609  1660   460
	23686 15160   609  1660   460
	23709 15159   609  1660   460
	23725 15147   609  1660   460
	23730 15147   609  1660   460
	23727 15146   609  1660   460
	23727 15147   611  1670   460
	23726 15146   615  1670   460
	23722 15146   619  1670   460
	23719 15145   621  1670   460
	23707 15146   623  1680   460
	23682 15147   623  1680   460
	23651 15147   623  1680   460
	23604 15146   623  1680   460
	23547 15145   623  1680   460
	23473 15144   623  1680   460
	23391 15141   625  1680   460
	23303 15141   625  1680   470
	23198 15132   625  1680   470
	23082 15132   625  1680   470
	22940 15132   625  1680   470
	22799 15132   623  1680   470
	22652 15131   623  1680   470
	22489 15131   621  1680   470
	22313 15129   621  1680   470
	22140 15125   623  1680   470
	21947 15115   625  1680   470
	21760 15114   623  1670   470
	21580 15112   623  1670   470
	21396 15097   625  1670   470
	21215 15083   627  1660   470
	21043 15079   629  1660   470
	20873 15065   632  1660   470
	20725 15052   638  1660   470
	20599 15047   638  1650   480
	20491 15035   646  1650   480
	20396 15031   648  1640   480
	20326 15031   663  1640   480
	20281 15031   666  1630   480
	20261 15031   672  1630   480
	20258 15031   680  1630   480
	20261 15031   681  1630   480
	20264 15031   674  1620   480
	20270 15032   666  1620   480
	20279 15032   663  1610   470
	20304 15030   663  1610   470
	20337 15020   661  1610   470
	20379 15030   656  1610   470
	20429 15030   655  1610   470
	20470 15032   655  1610   470
	20509 15031   658  1610   470
	20541 15031   658  1610   470
	20582 15030   660  1610   470
	20625 15030   663  1610   470
	20677 15030   664  1610   470
	20744 15029   666  1610   470
	20815 15029   668  1610   470
	20916 15019   672  1610   470
	21015 15020   674  1610   470
	21130 15019   678  1620   480
	21251 15020   683  1620   480
	21390 15019   683  1620   480
	21548 15018   684  1620   480
	21698 15019   690  1630   480
	21869 15020   697  1630   480
	22067 15029   698  1630   480
	22265 15030   698  1630   480
	22481 15034   700  1630   470
	22701 15045   702  1650   470
	22911 15046   706  1650   470
	23155 15047   738  1650   470
	23390 15048   738  1650   470
	23631 15048   740  1660   470
	23833 15048   742  1660   470
	24045 15047   744  1670   470
	24248 15045   743  1670   460
	24431 15034   744  1670   460
	24600 15031   744  1670   460
	24732 15019   744  1680   460
	24848 15016   744  1680   460
	24948 15003   744  1680   460
	25027 14999   744  1680   460
	25098 14987   742  1690   450
	25137 14985   706  1700   460
	25173 14981   698  1700   460
	25199 14970   686  1700   460
	25214 14968   660  1700   460
	25223 14966   621  1700   450
	25225 14965   597  1700   450
	25224 14956   542  1700   450
	25226 14954   487  1700   450
	25228 14952   415  1700   450
	25228 14951   344  1700   450
