172
2112 6588 1210 510 241
2032 6701 1210 510 245
2022 6736 1210 510 244
2022 6736 1210 510 247
2054 6751 1210 510 260
2078 6738 1210 510 310
2105 6676 1210 510 368
2137 6581 1210 510 413
2170 6452 1210 510 438
2206 6244 1210 510 473
2247 5983 1220 510 498
2306 5670 1220 510 520
2376 5303 1220 510 524
2463 4900 1210 520 540
2559 4481 1210 520 559
2661 4090 1200 520 577
2744 3718 1170 530 603
2820 3449 1160 530 622
2892 3225 1140 530 628
2978 3030 1130 540 638
3064 2922 1120 540 638
3135 2869 1100 540 639
3197 2852 1090 550 639
3234 2890 1070 550 645
3260 3031 1050 550 645
3279 3241 1030 550 639
3297 3554 1020 550 622
3318 3984 1020 550 617
3342 4491 1000 550 613
3382 5000 1000 550 611
3432 5467 1000 550 595
3484 5906 1000 550 594
3539 6254 1010 540 594
3595 6528 1030 540 603
3622 6754 1040 540 603
3636 6913 1060 540 606
3636 7022 1080 530 613
3636 7099 1100 520 595
3627 7142 1120 520 545
3614 7155 1140 510 367
3599 7149 1170 510 17
3879 4778 1200 470 394
4016 4142 1190 470 397
3993 4013 1170 470 377
4068 3856 1150 470 363
4151 3681 1130 480 369
4238 3599 1120 480 389
4298 3548 1110 480 443
4359 3517 1100 480 498
4424 3530 1080 490 517
4490 3580 1070 490 524
4549 3656 1070 490 535
4602 3780 1060 500 541
4633 3923 1050 500 544
4633 4078 1050 500 546
4601 4253 1050 510 544
4554 4417 1050 510 546
4499 4574 1070 520 536
4439 4638 1070 520 537
4367 4643 1070 520 540
4285 4609 1070 520 548
4197 4521 1070 520 548
4103 4379 1060 510 559
4048 4202 1080 510 580
4020 4048 1080 510 600
4045 3893 1080 510 616
4122 3753 1090 500 616
4234 3623 1090 500 619
4373 3556 1090 500 613
4518 3543 1090 500 617
4673 3565 1090 500 616
4816 3630 1090 500 600
4949 3743 1100 510 595
5065 3887 1100 510 565
5168 4037 1080 520 501
5262 4206 1080 520 418
5313 4388 1080 520 333
5337 4559 1090 520 304
5344 4698 1090 520 307
5350 4815 1100 520 371
5343 4815 1100 520 396
5326 4773 1100 520 455
5326 4704 1100 520 522
5338 4574 1100 520 566
5363 4411 1100 520 600
5384 4225 1120 530 625
5405 4043 1120 530 647
5427 3876 1120 530 638
5445 3719 1120 530 641
5464 3651 1110 530 647
5482 3626 1110 530 643
5494 3626 1110 530 650
5502 3668 1110 530 644
5502 3789 1110 530 638
5512 3966 1100 530 630
5527 4144 1100 530 628
5574 4303 1100 530 628
5640 4403 1100 530 639
5727 4470 1100 530 638
5834 4522 1100 530 643
5955 4562 1100 530 641
6083 4594 1100 530 627
6220 4632 1100 530 585
6364 4677 1100 540 502
6489 4727 1100 540 444
6587 4802 1100 540 296
6562 4750 1150 540 280
6536 4683 1150 540 345
6517 4659 1150 540 417
6517 4617 1150 540 505
6530 4557 1150 540 583
6544 4484 1150 540 641
6560 4381 1150 540 667
6582 4278 1150 540 664
6608 4178 1150 540 664
6642 4105 1150 540 668
6684 4048 1150 540 641
6731 4035 1140 550 620
6784 4070 1140 550 609
6841 4136 1140 550 613
6896 4241 1140 550 616
6949 4307 1150 550 609
6998 4348 1150 550 616
7047 4336 1130 560 630
7090 4298 1130 560 645
7128 4242 1130 560 636
7158 4198 1140 570 636
7193 4179 1140 570 616
7237 4179 1140 570 591
7285 4207 1140 570 559
7333 4273 1140 570 557
7381 4365 1150 580 530
7429 4429 1150 580 538
7484 4460 1150 580 606
7547 4468 1150 580 688
7614 4468 1150 580 717
7705 4458 1150 580 714
7811 4451 1150 580 694
7930 4469 1150 580 676
8038 4502 1150 580 666
8127 4560 1150 580 669
8207 4614 1150 580 666
8252 4666 1150 580 664
8269 4707 1150 580 667
8269 4753 1150 580 622
8242 4823 1150 580 605
8206 4906 1150 580 599
8161 4946 1150 580 600
8110 4956 1160 580 609
8060 4946 1170 580 622
8013 4900 1170 580 636
7985 4814 1170 580 667
7969 4701 1200 580 681
7969 4598 1200 580 690
7969 4514 1200 580 707
7989 4443 1200 580 714
8011 4398 1200 580 714
8035 4379 1200 580 713
8059 4379 1200 580 713
8085 4404 1200 580 705
8119 4458 1200 580 699
8161 4530 1200 580 697
8207 4567 1200 580 703
8256 4567 1180 590 727
8310 4550 1180 590 793
8364 4480 1180 590 831
8407 4386 1170 590 863
8444 4276 1170 590 861
8463 4203 1170 590 840
8476 4169 1170 590 748
8486 4162 1170 590 570
8486 4185 1170 590 213