188
2670 7071 1230 480 311
2663 7107 1210 460 314
2655 7135 1210 440 309
2643 7108 1220 430 320
2662 7038 1220 420 345
2684 6918 1230 430 391
2712 6762 1250 430 417
2746 6581 1260 440 447
2783 6297 1270 450 510
2824 6023 1260 460 551
2871 5755 1270 460 583
2925 5431 1270 480 603
2983 5051 1270 490 633
3042 4633 1260 500 652
3105 4323 1250 510 670
3168 4010 1230 520 688
3227 3696 1230 530 714
3282 3512 1200 540 742
3337 3338 1170 550 762
3390 3172 1150 550 780
3441 3022 1130 560 788
3488 2925 1100 560 788
3535 2863 1090 570 790
3583 2848 1070 570 793
3633 2893 1060 570 791
3686 2979 1040 570 797
3736 3132 1030 570 784
3773 3343 1030 570 784
3803 3592 1030 570 794
3840 3907 1030 570 783
3894 4271 1030 570 794
3960 4669 1020 560 796
4047 5084 1020 560 793
4137 5499 1040 560 790
4233 5842 1050 560 793
4319 6136 1070 560 796
4398 6356 1080 560 796
4467 6575 1110 550 797
4518 6713 1120 550 797
4557 6798 1130 540 796
4575 6850 1140 530 797
4575 6873 1160 530 788
4562 6873 1170 530 754
4544 6873 1180 530 656
4520 6832 1210 520 427
4661 4078 1210 520 103
4744 3724 1200 520 115
4775 3594 1210 530 170
4811 3483 1190 530 255
4848 3419 1180 540 335
4890 3351 1180 540 415
4937 3305 1170 550 467
4998 3275 1170 550 533
5067 3275 1160 550 563
5142 3294 1160 550 589
5218 3333 1160 550 617
5293 3393 1150 550 633
5355 3465 1150 550 643
5409 3545 1150 550 653
5449 3642 1150 550 655
5473 3757 1150 550 655
5487 3884 1150 550 652
5487 3991 1150 550 653
5468 4063 1150 550 649
5436 4111 1150 550 646
5388 4132 1160 550 646
5327 4123 1160 550 647
5258 4095 1160 550 649
5185 4040 1170 540 655
5123 3965 1170 540 659
5084 3877 1170 540 668
5058 3765 1180 540 663
5058 3651 1180 540 685
5076 3549 1180 540 700
5114 3455 1180 540 702
5179 3357 1180 540 722
5276 3281 1180 540 734
5395 3220 1170 540 743
5523 3194 1170 540 751
5674 3204 1170 540 752
5839 3239 1170 540 758
5980 3310 1150 540 758
6120 3392 1160 550 758
6259 3481 1160 550 758
6370 3569 1150 550 749
6464 3674 1150 550 739
6534 3790 1150 550 728
6588 3926 1150 550 728
6631 4058 1150 550 724
6654 4138 1150 550 725
6659 4184 1150 550 727
6653 4184 1160 550 728
6643 4150 1170 560 733
6630 4085 1170 560 728
6616 3976 1180 560 751
6606 3830 1180 560 773
6597 3659 1180 560 790
6597 3507 1180 560 815
6602 3351 1180 560 821
6616 3210 1200 550 826
6639 3080 1190 540 823
6672 3012 1190 540 824
6708 2991 1190 540 821
6744 3002 1170 550 827
6786 3065 1180 560 826
6831 3174 1180 560 827
6881 3314 1180 560 823
6933 3497 1180 560 823
7005 3672 1180 560 820
7089 3842 1180 560 829
7185 3949 1190 560 817
7298 4015 1190 560 817
7423 4055 1190 560 818
7555 4080 1190 560 830
7687 4102 1190 560 826
7820 4119 1190 560 809
7947 4136 1200 570 774
8042 4158 1220 570 730
8116 4184 1220 570 670
8168 4201 1220 570 600
8188 4193 1220 570 537
8188 4169 1220 570 353
8099 4176 1240 570 108
8028 4114 1260 570 306
7996 4072 1260 570 443
7967 4020 1260 570 568
7958 3963 1260 570 649
7951 3876 1270 570 708
7945 3771 1270 570 727
7955 3673 1270 570 720
7977 3608 1270 570 721
8008 3565 1270 570 721
8044 3536 1260 580 721
8080 3536 1260 580 722
8118 3552 1260 580 733
8162 3591 1240 580 725
8206 3644 1240 580 721
8249 3706 1240 580 721
8281 3739 1240 580 722
8306 3748 1230 590 730
8327 3740 1230 590 725
8346 3709 1230 590 739
8362 3668 1210 590 743
8375 3620 1210 590 742
8400 3591 1210 590 742
8427 3584 1210 590 739
8460 3591 1210 590 736
8500 3622 1210 590 730
8549 3673 1200 580 727
8602 3737 1200 580 730
8653 3789 1200 580 730
8700 3806 1200 580 720
8747 3801 1200 580 734
8796 3774 1210 580 742
8847 3737 1210 580 745
8910 3693 1210 580 746
8975 3666 1230 580 742
9043 3666 1230 580 743
9115 3687 1230 580 743
9190 3743 1230 580 745
9266 3806 1230 580 748
9321 3875 1230 580 743
9362 3937 1240 570 736
9380 4003 1240 570 730
9371 4073 1260 580 727
9345 4139 1270 570 725
9311 4175 1270 570 721
9269 4191 1270 570 721
9222 4179 1270 570 721
9177 4144 1270 570 725
9138 4095 1270 570 728
9112 4009 1280 580 737
9091 3906 1280 580 752
9071 3793 1280 580 756
9053 3686 1300 580 765
9041 3614 1300 580 767
9041 3566 1280 580 765
9057 3555 1280 580 767
9087 3581 1280 580 767
9135 3632 1280 580 767
9195 3720 1280 580 771
9252 3787 1280 580 780
9311 3841 1280 580 833
9376 3815 1280 580 894
9457 3744 1270 590 897
9547 3643 1270 590 896
9629 3559 1260 580 890
9712 3494 1240 580 246