259
2371 6065 39 1390 480
2360 6150 93 1400 480
2360 6194 117 1420 480
2360 6232 172 1420 480
2368 6267 215 1420 480
2374 6294 249 1420 480
2374 6304 250 1420 480
2374 6304 257 1420 480
2374 6304 265 1400 480
2374 6272 274 1420 470
2395 6224 304 1420 470
2418 6125 329 1420 470
2457 5948 353 1420 470
2505 5719 362 1400 480
2564 5449 376 1400 480
2653 5109 389 1400 480
2761 4723 402 1390 480
2873 4407 427 1390 480
2986 4062 448 1380 490
3100 3699 465 1380 490
3203 3433 464 1370 500
3299 3165 488 1360 500
3372 2956 509 1350 510
3433 2788 519 1340 510
3486 2678 540 1330 520
3525 2629 540 1310 520
3553 2621 570 1300 530
3573 2621 586 1290 530
3600 2649 592 1290 530
3647 2699 585 1280 540
3708 2867 586 1260 540
3790 3151 594 1250 550
3874 3512 591 1250 550
3963 3925 595 1240 550
4056 4339 586 1240 550
4153 4760 591 1240 550
4251 5096 591 1240 550
4322 5372 592 1240 540
4376 5594 592 1240 540
4411 5736 588 1240 540
4433 5826 591 1250 540
4445 5868 536 1270 530
4457 5883 468 1290 530
4484 5883 358 1300 530
4520 5840 200 1310 520
4669 4387 137 1360 510
4712 4260 275 1350 520
4712 4237 272 1340 520
4712 4237 277 1340 520
4729 4200 284 1330 530
4757 4145 277 1330 530
4797 4073 307 1330 530
4837 3980 322 1340 540
4889 3873 367 1340 540
4948 3767 425 1330 540
5019 3686 473 1330 540
5095 3622 491 1340 550
5179 3574 522 1320 550
5267 3542 529 1320 550
5356 3522 537 1310 560
5431 3527 548 1310 560
5496 3548 560 1310 570
5559 3579 569 1310 570
5621 3636 575 1310 570
5681 3732 575 1310 570
5739 3855 580 1310 570
5782 3989 583 1310 570
5815 4097 594 1300 580
5826 4189 591 1300 580
5816 4261 597 1300 580
5792 4319 599 1310 580
5748 4368 592 1310 580
5684 4412 592 1310 580
5607 4435 600 1310 580
5514 4445 594 1320 580
5417 4419 603 1320 580
5317 4367 599 1320 580
5240 4298 602 1340 570
5169 4208 605 1340 570
5126 4103 609 1340 570
5100 3989 613 1350 570
5100 3874 613 1350 570
5120 3767 617 1350 570
5161 3665 610 1350 570
5223 3568 614 1350 570
5291 3471 617 1350 570
5368 3374 622 1340 560
5452 3275 628 1320 570
5540 3189 630 1320 570
5632 3112 633 1320 570
5725 3057 634 1320 570
5823 3027 633 1320 580
5917 3014 631 1320 580
6008 3036 624 1320 580
6089 3079 619 1310 580
6161 3137 620 1310 580
6227 3233 606 1290 590
6296 3360 595 1290 590
6367 3508 594 1290 590
6440 3639 597 1290 590
6514 3768 594 1310 600
6565 3851 595 1310 600
6602 3904 597 1310 600
6635 3944 600 1310 600
6658 3980 603 1320 590
6675 3995 600 1320 590
6682 3995 595 1320 590
6692 3995 594 1320 590
6704 3984 594 1340 580
6719 3959 599 1340 580
6735 3923 606 1340 580
6751 3865 611 1350 580
6763 3788 614 1350 580
6773 3698 620 1350 580
6785 3612 620 1350 580
6798 3529 611 1350 580
6814 3448 613 1350 580
6828 3374 616 1350 580
6837 3322 617 1340 580
6842 3286 617 1350 590
6842 3264 616 1350 590
6842 3254 616 1350 590
6842 3254 617 1350 590
6842 3254 619 1340 600
6842 3280 613 1340 600
6842 3317 611 1350 600
6854 3382 611 1340 610
6872 3465 616 1340 610
6900 3561 600 1340 610
6938 3655 584 1340 610
6984 3748 550 1350 620
7035 3840 526 1350 620
7080 3911 512 1350 620
7122 3968 522 1350 620
7147 4000 520 1360 610
7164 4012 520 1360 610
7176 4012 519 1360 610
7198 4002 514 1360 610
7225 3993 495 1380 600
7269 3983 427 1380 600
7322 3983 356 1380 600
7369 3994 344 1380 600
7414 4013 345 1380 600
7458 4033 336 1410 600
7509 4051 336 1410 600
7554 4066 339 1410 600
7595 4066 339 1410 600
7627 4066 349 1420 590
7659 4055 349 1420 590
7692 4048 351 1420 590
7721 4041 353 1420 590
7737 4034 364 1410 590
7744 4026 388 1410 590
7744 4015 433 1410 590
7744 3969 466 1410 590
7728 3901 464 1410 590
7705 3809 465 1410 590
7681 3715 472 1390 600
7657 3652 473 1390 600
7640 3611 478 1390 600
7627 3587 483 1390 600
7619 3577 490 1380 600
7619 3577 488 1380 600
7619 3577 505 1380 600
7619 3577 517 1360 610
7611 3582 522 1350 600
7605 3596 515 1350 600
7611 3640 509 1350 600
7639 3705 499 1350 600
7682 3811 491 1350 600
7739 3897 491 1350 600
7793 3971 494 1350 600
7845 4017 499 1350 600
7890 4042 499 1350 600
7919 4054 502 1360 610
7937 4054 514 1360 610
7956 4043 512 1360 610
7976 4009 538 1380 600
8000 3961 561 1380 600
8027 3890 566 1380 600
8049 3807 580 1410 600
8067 3716 595 1410 600
8080 3651 594 1410 600
8080 3590 613 1420 610
8075 3533 619 1410 610
8069 3484 619 1410 610
8069 3451 614 1410 610
8069 3428 617 1400 620
8069 3423 616 1400 620
8069 3423 625 1400 620
8075 3423 619 1380 630
8083 3447 619 1380 630
8112 3507 619 1380 630
8154 3593 613 1380 630
8205 3691 605 1370 630
8256 3788 611 1370 630
8299 3858 616 1370 630
8336 3909 617 1370 630
8371 3944 616 1370 630
8407 3976 616 1380 630
8438 4001 619 1380 630
8465 4011 619 1380 630
8484 4011 619 1400 620
8503 4006 611 1400 620
8524 3982 613 1380 610
8547 3948 614 1390 610
8570 3903 616 1390 610
8591 3841 616 1390 610
8610 3768 614 1390 610
8634 3696 619 1410 600
8660 3635 624 1390 610
8690 3582 624 1390 610
8721 3532 627 1390 610
8756 3491 636 1380 610
8799 3455 634 1380 610
8862 3436 625 1380 610
8937 3436 627 1370 620
9021 3445 627 1370 620
9105 3479 622 1370 620
9186 3527 617 1350 630
9261 3585 616 1350 630
9333 3659 611 1350 630
9396 3737 613 1350 630
9438 3819 614 1350 630
9467 3864 616 1350 630
9476 3897 619 1350 630
9471 3921 619 1350 630
9456 3949 619 1350 630
9429 3974 617 1370 630
9393 3993 617 1380 630
9350 4006 616 1380 630
9307 4006 613 1380 630
9259 3993 614 1400 620
9207 3966 614 1400 620
9157 3911 614 1400 620
9109 3825 622 1410 610
9067 3719 624 1410 610
9048 3639 624 1410 610
9042 3585 622 1410 610
9057 3548 624 1410 610
9086 3532 622 1400 620
9125 3541 617 1400 620
9182 3566 614 1400 620
9255 3629 614 1400 620
9338 3701 620 1380 630
9410 3779 614 1380 630
9452 3817 617 1380 630
9475 3823 627 1380 630
9487 3808 646 1380 630
9496 3748 671 1380 630
9503 3663 670 1370 630
9535 3562 676 1350 630
9599 3481 678 1350 630
9683 3428 673 1350 630
9783 3395 675 1350 630
9870 3382 666 1350 630
9947 3382 666 1350 630
9971 3388 671 1350 630
9971 3388 526 1350 630