248
3786 5092 425 1130 460
3807 5124 551 1130 460
3796 5161 617 1140 460
3773 5166 711 1160 470
3773 5166 767 1180 480
3768 5171 791 1190 480
3768 5171 785 1190 490
3768 5171 827 1210 490
3774 5111 876 1220 500
3786 5017 932 1220 500
3815 4812 953 1250 510
3855 4512 977 1250 510
3909 4148 979 1260 510
3957 3750 994 1250 530
4000 3430 1014 1250 530
4036 3162 1023 1270 530
4074 2937 1023 1250 540
4128 2763 1023 1250 540
4191 2622 1023 1240 540
4248 2556 1023 1230 550
4292 2523 1023 1230 550
4326 2511 1023 1210 550
4350 2527 1023 1200 550
4383 2640 1023 1200 550
4422 2818 1023 1180 560
4500 3117 1023 1170 560
4635 3522 1023 1170 560
4807 3999 1023 1160 560
4975 4518 1023 1160 560
5146 4936 1023 1160 560
5285 5288 1023 1160 560
5401 5519 1023 1170 560
5455 5627 1023 1170 560
5473 5652 1023 1170 560
5466 5652 1023 1180 560
5461 5642 1023 1180 560
5449 5605 1023 1180 560
5433 5550 1023 1200 550
5415 5460 918 1220 560
5385 5363 25 1220 560
5426 3467 551 1180 530
5331 3407 606 1190 530
5310 3387 611 1180 540
5296 3372 636 1180 540
5296 3372 676 1180 540
5312 3347 714 1180 540
5350 3347 733 1180 540
5406 3357 728 1180 540
5474 3396 731 1180 540
5544 3451 728 1170 540
5619 3518 722 1170 540
5676 3586 725 1170 540
5720 3638 721 1170 540
5737 3680 714 1170 540
5725 3705 713 1170 540
5694 3726 710 1170 540
5642 3740 713 1170 540
5581 3730 721 1170 540
5515 3703 722 1170 540
5457 3644 743 1170 540
5400 3538 791 1170 540
5365 3402 834 1170 540
5344 3229 864 1170 540
5366 3098 893 1170 540
5423 2995 897 1170 540
5503 2938 903 1170 540
5614 2938 902 1170 540
5749 2976 897 1170 540
5900 3067 896 1170 540
6031 3197 892 1170 550
6164 3353 900 1170 550
6282 3485 894 1170 550
6388 3600 887 1170 550
6457 3703 885 1170 550
6492 3787 894 1180 560
6503 3830 906 1180 560
6503 3847 906 1180 560
6494 3847 939 1180 560
6487 3847 950 1180 560
6481 3847 961 1200 550
6476 3847 961 1200 550
6476 3812 965 1200 550
6476 3753 965 1210 550
6476 3651 976 1210 550
6487 3545 971 1210 550
6498 3429 976 1210 550
6510 3306 976 1210 550
6522 3206 976 1210 550
6535 3121 977 1210 550
6542 3070 979 1210 550
6542 3042 983 1210 550
6542 3029 994 1200 550
6535 3029 977 1200 550
6527 3052 994 1200 550
6519 3087 992 1200 550
6535 3171 980 1180 560
6567 3298 968 1180 560
6627 3453 959 1180 560
6691 3573 950 1180 560
6765 3672 947 1190 560
6842 3758 949 1190 560
6920 3830 952 1190 560
6983 3882 949 1190 560
7028 3922 952 1210 560
7062 3943 950 1220 570
7076 3951 956 1220 570
7081 3951 961 1230 560
7081 3951 967 1230 560
7081 3951 970 1240 570
7081 3951 977 1260 570
7076 3951 979 1260 570
7076 3946 980 1260 570
7076 3946 979 1280 570
7076 3946 977 1280 570
7076 3946 976 1300 560
7076 3946 973 1300 560
7076 3946 971 1300 560
7076 3939 970 1300 560
7076 3933 970 1300 560
7081 3925 971 1300 560
7081 3919 971 1310 560
7081 3919 971 1310 560
7081 3911 970 1310 560
7081 3905 970 1310 560
7081 3894 970 1310 560
7081 3876 973 1310 560
7081 3829 979 1310 560
7076 3766 977 1310 560
7071 3674 991 1300 560
7065 3578 985 1300 560
7060 3473 990 1300 560
7060 3361 996 1280 570
7053 3250 1003 1280 570
7061 3165 1003 1270 570
7072 3096 1005 1270 570
7087 3052 1005 1270 570
7097 3026 1003 1260 580
7104 3012 1009 1260 580
7104 3012 1011 1260 580
7104 3034 1009 1240 580
7098 3065 1009 1240 580
7098 3125 1000 1240 580
7098 3220 982 1240 580
7126 3339 958 1240 580
7163 3481 929 1240 580
7214 3617 900 1240 580
7265 3706 890 1240 580
7305 3766 876 1230 580
7338 3789 875 1230 580
7358 3779 878 1230 580
7369 3748 891 1240 570
7374 3666 909 1240 570
7374 3575 942 1240 570
7374 3477 937 1240 570
7374 3390 955 1240 570
7386 3325 958 1240 570
7397 3274 959 1240 570
7414 3254 958 1240 570
7430 3254 956 1240 570
7448 3259 950 1240 570
7466 3295 947 1240 570
7491 3353 947 1240 570
7516 3427 903 1230 580
7538 3521 906 1230 580
7559 3592 903 1230 580
7570 3648 903 1220 570
7576 3673 909 1220 570
7576 3681 909 1220 570
7576 3681 899 1220 570
7586 3665 912 1220 570
7598 3615 939 1220 570
7603 3541 962 1220 570
7603 3440 985 1220 570
7603 3339 992 1220 570
7614 3256 979 1220 570
7631 3186 981 1220 570
7657 3143 987 1220 570
7693 3118 982 1220 570
7738 3106 979 1220 570
7798 3106 977 1230 580
7868 3131 992 1230 580
7939 3163 988 1230 580
8010 3209 977 1230 580
8080 3275 958 1230 580
8153 3355 944 1240 580
8213 3445 937 1240 580
8263 3532 942 1240 580
8279 3613 939 1240 580
8264 3683 941 1240 580
8228 3746 948 1240 580
8193 3801 937 1250 590
8159 3838 944 1270 590
8125 3864 947 1270 590
8104 3871 950 1280 580
8086 3871 947 1280 580
8073 3871 944 1300 580
8059 3829 944 1300 580
8040 3766 946 1300 580
8019 3659 968 1310 570
8000 3553 988 1310 570
8000 3449 989 1310 570
8008 3375 995 1310 570
8037 3318 997 1320 580
8070 3290 977 1320 580
8110 3290 997 1320 580
8159 3314 991 1320 580
8213 3356 980 1320 580
8253 3400 970 1310 580
8278 3446 955 1310 580
8292 3493 943 1310 580
8292 3548 951 1290 590
8292 3608 950 1290 590
8286 3673 950 1290 590
8286 3717 933 1280 590
8286 3746 937 1280 590
8286 3753 941 1280 590
8280 3753 944 1290 590
8280 3753 949 1290 590
8280 3753 949 1290 590
8280 3753 947 1300 580
8280 3753 947 1300 580
8280 3753 947 1300 580
8280 3747 947 1300 580
8280 3747 949 1310 570
8280 3742 950 1310 570
8280 3742 955 1310 570
8280 3742 964 1310 570
8280 3742 964 1310 570
8280 3742 961 1310 570
8280 3742 965 1310 570
8280 3730 967 1310 570
8280 3695 973 1300 580
8280 3645 976 1300 580
8280 3573 983 1300 580
8280 3500 994 1280 580
8290 3427 985 1290 590
8307 3366 993 1290 590
8329 3311 994 1290 590
8355 3268 1000 1290 590
8383 3237 999 1290 590
8405 3214 1000 1290 590
8422 3201 996 1290 590
8435 3194 993 1290 590
8440 3194 990 1290 590
8440 3188 985 1290 590
8440 3188 982 1290 590
8435 3188 921 1290 590
8435 3188 645 1290 590