ABCDE-012_345_678 877
	13410 19148   275  2570   610
	13424 19148   317  2570   610
	13408 19148   352  2580   600
	13446 19157   310  2580   600
	13454 19148   363  2580   600
	13454 19147   395  2580   600
	13456 19147   405  2580   600
	13452 19146   410  2580   600
	13447 19144   410  2580   590
	13435 19142   410  2580   590
	13417 19130   410  2580   590
	13388 19116   415  2580   590
	13357 19099   420  2580   590
	13316 19078   429  2580   590
	13272 19063   469  2580   590
	13230 19046   487  2580   590
	13184 19029   507  2580   600
	13134 19001   519  2580   600
	13093 18983   522  2580   600
	13055 18956   528  2590   610
	13026 18937   533  2590   610
	12994 18918   544  2590   610
	12970 18888   552  2590   610
	12950 18857   562  2610   620
	12929 18827   572  2610   620
	12908 18796   584  2610   620
	12895 18775   603  2630   620
	12888 18745   619  2630   620
	12883 18714   632  2640   620
	12884 18684   639  2640   620
	12888 18666   655  2640   620
	12899 18647   664  2660   620
	12915 18629   690  2660   630
	12935 18613   702  2660   630
	12960 18598   713  2660   630
	12994 18582   727  2680   630
	13035 18555   731  2680   630
	13085 18533   734  2680   630
	13138 18508   736  2680   630
	13205 18492   734  2700   630
	13274 18485   725  2700   620
	13336 18470   715  2700   620
	13404 18454   710  2700   620
	13470 18438   708  2700   620
	13536 18412   700  2720   610
	13596 18395   700  2720   610
	13652 18376   698  2720   600
	13699 18348   697  2720   600
	13734 18329   697  2720   600
	13763 18309   697  2730   590
	13783 18295   694  2730   590
	13797 18268   693  2730   580
	13805 18251   693  2750   580
	13808 18233   690  2750   570
	13806 18215   687  2760   570
	13803 18199   684  2760   570
	13794 18182   681  2780   570
	13782 18165   675  2770   560
	13766 18137   672  2770   560
	13742 18117   671  2790   560
	13717 18102   668  2790   560
	13689 18090   664  2800   560
	13656 18085   663  2800   560
	13620 18074   663  2800   560
	13576 18070   661  2820   550
	13529 18058   661  2820   550
	13481 18055   660  2820   550
	13430 18056   658  2820   550
	13383 18060   650  2820   560
	13334 18072   639  2820   560
	13280 18075   609  2820   560
	13232 18089   560  2820   560
	13183 18108   437  2830   570
	13137 18138   286  2830   580
	13105 18169   234  2830   580
	13084 18202    -1  2830   580
	13073 18236    -1  2830   580
	13080 18279    -1  2830   580
	13099 18313    -1  2830   580
	13122 18348    -1  2830   580
	13151 18378    -1  2830   580
	13183 18410    -1  2830   570
	13214 18440    -1  2830   570
	13259 18469    -1  2830   570
	13294 18490    -1  2830   570
	13343 18518    -1  2830   570
	13390 18551    -1  2830   570
	13437 18583    -1  2820   560
	13481 18617    -1  2810   570
	13526 18651    -1  2810   570
	13571 18697    -1  2810   570
	13611 18742    -1  2810   570
	13644 18778    -1  2790   570
	13681 18810    -1  2790   560
	13706 18854    -1  2770   560
	13736 18876    -1  2760   560
	13762 18907    -1  2760   560
	13786 18936    -1  2740   560
	13807 18966    -1  2730   570
	13825 18998    -1  2730   560
	13843 19020    -1  2710   550
	13861 19049    -1  2710   550
	13819 19079   108  2700   550
	13878 19083   367  2690   540
	13899 19097   269  2690   540
	13910 19100   324  2670   540
	13915 19110   401  2670   540
	13919 19111   469  2670   540
	13918 19111   519  2660   540
	13912 19111   531  2660   540
	13903 19110   539  2660   540
	13888 19100   547  2660   540
	13860 19098   557  2660   540
	13831 19094   572  2650   540
	13792 19079   584  2640   550
	13745 19063   605  2640   550
	13695 19036   615  2640   550
	13644 19019   629  2640   550
	13593 19001   630  2640   560
	13537 18985   630  2640   560
	13482 18969   623  2640   560
	13424 18952   581  2640   570
	13371 18933   567  2640   570
	13307 18920   542  2640   580
	13287 18904   415  2640   580
	13256 18888   374  2630   590
	13237 18870   269  2650   590
	13227 18842   286  2650   600
	13227 18812    75  2650   600
	13236 18789    -1  2650   600
	13258 18760    -1  2660   610
	13291 18731    -1  2660   610
	13330 18710    -1  2660   610
	13374 18681    -1  2680   610
	13422 18649    -1  2680   610
	13480 18619    -1  2680   610
	13532 18587    -1  2700   610
	13585 18556    -1  2700   610
	13641 18522    -1  2720   600
	13691 18490    -1  2720   600
	13740 18458    -1  2730   590
	13789 18425    -1  2730   580
	13833 18393    -1  2750   580
	13876 18361    -1  2760   570
	13909 18341    -1  2760   570
	13941 18314    -1  2770   560
	13966 18296    -1  2770   560
	13984 18280    -1  2790   550
	13997 18264    -1  2780   540
	14004 18251    -1  2800   540
	14006 18247    -1  2800   540
	14007 18235    -1  2790   530
	14003 18235   249  2810   530
	14009 18233   327  2810   530
	14007 18233   360  2810   530
	14006 18234   302  2810   530
	14005 18232   324  2820   520
	14000 18234   344  2820   520
	13991 18232   368  2820   520
	13979 18232   401  2820   520
	13964 18230   437  2820   520
	13945 18229   522  2820   520
	13925 18230   536  2820   530
	13904 18229   552  2820   530
	13874 18218   562  2820   530
	13847 18215   570  2820   530
	13819 18204   572  2820   530
	13790 18202   572  2810   530
	13771 18200   567  2810   530
	13748 18199   560  2810   540
	13725 18198   542  2810   540
	13701 18197   420  2810   540
	13680 18198   350  2810   540
	13667 18201   336  2820   550
	13656 18215   136  2820   550
	13655 18230    -1  2820   550
	13663 18249    -1  2820   550
	13682 18278    -1  2820   550
	13699 18300    -1  2800   560
	13724 18341    -1  2800   560
	13743 18373    -1  2800   560
	13769 18407    -1  2800   560
	13791 18442    -1  2800   560
	13820 18486    -1  2800   560
	13846 18521    -1  2790   550
	13866 18566    -1  2790   550
	13885 18613    -1  2790   550
	13893 18651    -1  2770   540
	13898 18697    -1  2770   540
	13901 18745    -1  2770   530
	13900 18790    -1  2750   530
	13896 18827    -1  2750   530
	13886 18872    -1  2740   530
	13873 18905    -1  2730   520
	13856 18949    -1  2730   520
	13840 18981    -1  2710   520
	13819 19000    -1  2710   520
	13801 19029    -1  2700   520
	13716 19036     0  2700   520
	13775 19050   327  2690   530
	13779 19062   352  2690   530
	13777 19063   302  2670   530
	13778 19063   390  2670   530
	13783 19064   516  2660   540
	13781 19061   560  2660   540
	13785 19052   601  2660   540
	13786 19047   636  2640   550
	13790 19031   646  2640   550
	13795 19004   656  2640   550
	13801 18981   663  2640   550
	13810 18937   668  2640   550
	13820 18892   675  2640   550
	13829 18843   689  2640   550
	13838 18774   705  2640   550
	13850 18714   721  2640   550
	13867 18652   736  2640   550
	13878 18600   767  2660   550
	13891 18536   770  2660   550
	13904 18476   771  2660   550
	13919 18425   773  2660   550
	13928 18377   772  2670   550
	13934 18342   772  2670   550
	13940 18299   772  2690   540
	13945 18265   771  2690   540
	13947 18235   768  2700   540
	13949 18215   767  2710   540
	13952 18201   731  2730   540
	13951 18200   706  2740   540
	13949 18202   686  2740   540
	13951 18203   653  2750   540
	13951 18213   577  2770   540
	13953 18219   519  2770   540
	13957 18245   350  2770   540
	13963 18278   286  2780   530
	13969 18327    -1  2780   530
	13977 18379    -1  2790   530
	13984 18427    -1  2790   530
	13996 18485    -1  2790   530
	14004 18534    -1  2790   530
	14011 18597    -1  2780   530
	14013 18661    -1  2780   530
	14013 18728    -1  2780   520
	14009 18795    -1  2760   520
	14003 18870    -1  2760   520
	13992 18936    -1  2750   520
	13979 18999    -1  2740   520
	13960 19063    -1  2730   520
	13943 19113    -1  2710   520
	13920 19163    -1  2700   520
	13894 19207    -1  2700   520
	13867 19242    -1  2690   520
	13843 19270     0  2670   520
	13829 19287   336  2670   520
	13827 19289   352  2660   520
	13830 19289   338  2660   530
	13829 19288   415  2650   530
	13830 19287   533  2630   530
	13831 19288   570  2630   540
	13832 19276   636  2620   540
	13829 19274   660  2620   540
	13832 19272   678  2600   550
	13836 19255   698  2600   550
	13837 19226   718  2600   550
	13837 19192   767  2600   550
	13842 19157   775  2600   550
	13854 19097   779  2600   550
	13861 19049   785  2600   550
	13872 18987   788  2600   550
	13885 18924   812  2600   550
	13896 18858   815  2600   550
	13912 18779   818  2610   550
	13930 18714   818  2610   550
	13951 18635   820  2630   550
	13975 18570   820  2630   550
	14001 18505   820  2640   550
	14031 18440   818  2640   550
	14059 18376   817  2660   540
	14082 18316   815  2670   540
	14105 18280   813  2670   540
	14125 18249   789  2700   540
	14144 18231   783  2710   540
	14166 18204   779  2730   530
	14189 18188   770  2730   530
	14215 18185   734  2740   530
	14245 18185   694  2750   530
	14269 18199   646  2770   530
	14308 18216   533  2780   520
	14331 18247   302  2780   520
	14352 18293   249  2790   520
	14367 18344    -1  2800   520
	14385 18392    -1  2800   520
	14408 18439    -1  2800   520
	14437 18488    -1  2810   510
	14463 18536    -1  2810   510
	14492 18585    -1  2810   510
	14515 18662    -1  2810   510
	14538 18697    -1  2810   510
	14554 18757    -1  2810   510
	14571 18812    -1  2810   510
	14537 18869    -1  2800   520
	14548 18892    -1  2790   520
	14609 18939    -1  2790   520
	14620 18988    -1  2790   520
	14628 19029    -1  2790   520
	14589 19050    -1  2750   520
	14659 19066    -1  2750   520
	14676 19094    -1  2750   520
	14636 19096    -1  2690   520
	14656 19098    -1  2660   520
	14670 19096    -1  2660   520
	14691 19080    -1  2620   520
	14706 19050    -1  2600   520
	14720 19017    -1  2590   500
	14736 18972    -1  2580   500
	14755 18924    -1  2570   500
	14777 18874    -1  2570   500
	14793 18827    -1  2570   500
	14804 18779    -1  2570   500
	14871 18744    -1  2570   500
	14868 18697    -1  2570   500
	14860 18635    -1  2570   500
	14778 18600    -1  2570   490
	14825 18566    -1  2570   490
	14725 18536    -1  2570   490
	14704 18522    -1  2640   500
	14749 18549    -1  2640   510
	14725 18551    -1  2680   510
	14704 18553    -1  2690   520
	14692 18550    -1  2700   520
	14683 18549    -1  2710   530
	14680 18555    -1  2730   540
	14676 18584    -1  2730   540
	14670 18604    -1  2740   550
	14670 18636    -1  2740   550
	14611 18662    -1  2740   560
	14662 18684    -1  2750   570
	14655 18700    -1  2750   570
	14649 18716    -1  2750   580
	14650 18731    -1  2750   580
	14649 18746    -1  2730   590
	14646 18762    -1  2730   590
	14643 18780    -1  2730   590
	14643 18805    -1  2720   590
	14644 18824    -1  2720   590
	14638 18855    -1  2700   590
	14590 18876    -1  2700   590
	14628 18908    -1  2680   590
	14619 18940    -1  2680   590
	14612 18972    -1  2670   590
	14604 19004    -1  2670   590
	14592 19035    -1  2650   590
	14585 19064    -1  2650   590
	14576 19093    -1  2630   590
	14571 19112    -1  2630   600
	14565 19130     0  2610   600
	14559 19146    75  2610   600
	14556 19161   201  2600   600
	14550 19176   262  2600   600
	14550 19180   297  2600   600
	14545 19191   336  2580   600
	14541 19194   360  2580   600
	14537 19196   286  2560   600
	14534 19196   324  2560   600
	14535 19196   350  2560   600
	14533 19196   380  2560   600
	14535 19195   410  2550   610
	14534 19194   516  2550   610
	14533 19194   552  2550   610
	14533 19192   590  2530   610
	14536 19190   645  2530   610
	14538 19178   663  2530   610
	14543 19173   674  2530   610
	14550 19148   690  2530   610
	14561 19128   696  2530   610
	14574 19094   704  2530   610
	14593 19061   722  2530   610
	14614 19017   730  2530   610
	14632 18982   738  2540   600
	14651 18923   744  2560   600
	14679 18859   737  2560   600
	14709 18780   744  2560   600
	14732 18712   744  2560   600
	14753 18646   733  2580   590
	14769 18582   734  2580   590
	14787 18521   730  2600   600
	14799 18470   715  2600   600
	14806 18421   714  2620   590
	14817 18373   706  2630   590
	14826 18325   702  2650   590
	14833 18282   700  2650   580
	14838 18261   700  2670   580
	14845 18246   700  2680   580
	14846 18236   700  2700   580
	14848 18235   697  2720   570
	14846 18236   693  2730   570
	14844 18245   686  2730   570
	14843 18249   681  2750   570
	14841 18261   678  2750   570
	14837 18268   677  2760   570
	14833 18298   677  2760   570
	14825 18331   674  2760   570
	14814 18373   675  2760   570
	14806 18408   675  2760   570
	14794 18455   675  2760   570
	14783 18503   675  2760   570
	14771 18552   675  2760   570
	14757 18613   675  2750   570
	14746 18661   677  2750   570
	14731 18716   680  2730   570
	14721 18774   683  2730   570
	14713 18827   686  2720   570
	14712 18875   686  2700   580
	14713 18933   687  2700   580
	14718 18984   687  2680   580
	14730 19030   689  2670   580
	14740 19068   693  2670   580
	14751 19112   693  2650   580
	14764 19142   702  2650   580
	14777 19158   708  2650   580
	14792 19164   714  2640   580
	14806 19176   724  2640   580
	14823 19190   737  2620   580
	14839 19191   755  2620   580
	14854 19190   767  2600   580
	14873 19192   768  2600   580
	14887 19192   768  2590   580
	14905 19190   767  2590   580
	14921 19180   750  2590   580
	14931 19175   734  2590   570
	14942 19160   729  2580   560
	14956 19143   723  2580   560
	14971 19112   708  2580   560
	14985 19068   706  2580   560
	14997 19019   706  2600   560
	15005 18969   706  2600   560
	15012 18907   705  2600   560
	15017 18844   705  2600   560
	15020 18790   705  2610   560
	15019 18731   704  2610   560
	15011 18682   704  2630   550
	15000 18633   702  2630   550
	14986 18586   702  2640   550
	14975 18551   701  2640   550
	14959 18508   700  2660   550
	14944 18473   698  2660   550
	14925 18439   698  2670   550
	14914 18408   696  2670   550
	14897 18376   693  2690   550
	14878 18357   683  2700   550
	14862 18327   668  2700   550
	14851 18300   655  2710   550
	14840 18281   615  2710   550
	14835 18265   462  2730   560
	14834 18261   310  2730   560
	14832 18261   308  2740   560
	14832 18262    75  2740   560
	14838 18265    -1  2760   560
	14851 18280    -1  2760   560
	14865 18293    -1  2770   560
	14881 18298    -1  2770   560
	14890 18311    -1  2770   560
	14901 18314    -1  2790   560
	14907 18315    -1  2790   560
	14917 18325    -1  2790   550
	14928 18316    -1  2800   550
	14938 18316    -1  2800   550
	14942 18313    -1  2800   550
	14950 18312    -1  2800   550
	14956 18300    -1  2800   550
	14959 18296    -1  2800   540
	14962 18295    -1  2800   540
	14968 18283    -1  2800   540
	14969 18282    -1  2800   540
	14969 18278    -1  2800   540
	14970 18279    -1  2800   540
	14972 18280    -1  2800   540
	14978 18281   262  2800   540
	14987 18281   317  2800   540
	14997 18284   360  2800   540
	15003 18297   317  2800   540
	15011 18310   363  2780   540
	15019 18316   390  2780   540
	15029 18331   405  2780   540
	15036 18348   420  2780   540
	15047 18375   437  2770   540
	15054 18390   507  2770   540
	15059 18406   522  2770   540
	15064 18411   533  2770   540
	15066 18425   542  2760   550
	15068 18437   547  2760   550
	15068 18440   550  2760   550
	15068 18444   552  2760   550
	15066 18458   552  2740   550
	15066 18460   552  2740   550
	15066 18472   552  2740   550
	15062 18474   552  2740   550
	15060 18476   552  2740   550
	15055 18487   550  2730   550
	15048 18488   552  2730   550
	15046 18490   550  2730   550
	15045 18488   552  2730   550
	15041 18486   555  2730   550
	15040 18487   562  2710   550
	15037 18485   572  2710   550
	15034 18474   592  2710   550
	15032 18469   623  2710   550
	15028 18455   634  2710   550
	15028 18439   641  2710   550
	15030 18425   653  2710   550
	15030 18421   660  2710   550
	15032 18407   666  2710   550
	15035 18392   671  2710   550
	15040 18364   674  2710   550
	15047 18346   689  2710   550
	15051 18331   698  2710   550
	15056 18314   702  2710   540
	15068 18293   702  2730   540
	15079 18266   706  2730   540
	15090 18252   708  2730   540
	15102 18247   709  2740   540
	15110 18231   709  2740   540
	15124 18220   706  2750   540
	15139 18217   705  2750   540
	15152 18217   700  2770   540
	15166 18217   697  2780   540
	15184 18220   693  2780   540
	15202 18233   687  2800   540
	15219 18248   675  2800   540
	15242 18265   668  2790   530
	15262 18297   660  2790   530
	15281 18327   658  2790   530
	15299 18361   656  2790   530
	15316 18395   651  2790   530
	15333 18439   648  2790   530
	15345 18486   646  2790   530
	15353 18533   643  2780   530
	15363 18581   641  2780   530
	15366 18629   641  2770   530
	15369 18668   638  2750   530
	15365 18725   638  2750   530
	15356 18777   636  2740   530
	15345 18825   636  2740   530
	15333 18872   634  2730   530
	15322 18906   634  2730   530
	15309 18949   634  2710   530
	15295 18972   634  2710   530
	15284 19002   634  2710   530
	15266 19029   634  2700   530
	15253 19047   636  2700   530
	15233 19064   636  2700   530
	15221 19078   634  2690   530
	15212 19084   636  2690   530
	15203 19095   636  2690   530
	15194 19097   638  2690   530
	15188 19097   638  2670   530
	15177 19097   639  2670   530
	15167 19097   639  2670   530
	15156 19096   641  2660   530
	15150 19093   643  2660   530
	15142 19081   646  2660   540
	15136 19068   650  2650   540
	15128 19061   653  2650   540
	15122 19035   658  2650   540
	15122 19019   661  2650   540
	15122 19001   666  2630   540
	15124 18969   674  2630   540
	15134 18935   690  2630   540
	15146 18903   698  2630   540
	15160 18858   704  2630   540
	15179 18811   713  2630   540
	15199 18760   714  2630   540
	15223 18714   717  2650   540
	15242 18667   721  2650   540
	15263 18618   723  2650   540
	15280 18571   723  2650   530
	15296 18533   723  2650   530
	15308 18488   723  2660   530
	15322 18442   722  2660   530
	15333 18405   722  2670   530
	15347 18373   722  2670   530
	15354 18343   722  2670   530
	15361 18312   722  2690   530
	15370 18284   723  2700   530
	15377 18266   723  2700   530
	15381 18261   723  2710   530
	15385 18249   718  2730   530
	15386 18247   718  2730   530
	15389 18247   715  2740   530
	15391 18247   710  2750   530
	15388 18247   709  2750   530
	15388 18248   709  2770   530
	15391 18249   708  2770   530
	15393 18250   709  2780   530
	15396 18251   708  2780   530
	15404 18261   709  2790   530
	15406 18265   706  2790   530
	15413 18268   706  2790   530
	15418 18279   705  2790   530
	15423 18293   701  2790   530
	15433 18299   697  2790   530
	15439 18325   693  2790   530
	15450 18344   689  2790   530
	15461 18373   686  2780   530
	15469 18393   684  2780   520
	15481 18423   683  2760   520
	15491 18455   684  2760   520
	15500 18485   687  2760   520
	15508 18501   689  2750   520
	15520 18518   690  2750   520
	15528 18534   689  2740   520
	15535 18540   690  2740   510
	15540 18552   691  2740   510
	15541 18554   691  2720   510
	15503 18554   690  2720   510
	15544 18554   689  2720   510
	15542 18555   686  2710   510
	15537 18556   681  2710   510
	15534 18568   677  2710   510
	15525 18572   675  2710   510
	15509 18584   674  2710   510
	15496 18588   674  2710   510
	15482 18600   671  2710   510
	15468 18603   671  2710   510
	15458 18604   668  2710   510
	15450 18613   669  2700   510
	15438 18613   668  2700   510
	15432 18613   669  2700   510
	15427 18604   669  2700   510
	15424 18601   669  2700   510
	15419 18599   671  2700   510
	15414 18587   674  2700   510
	15409 18581   677  2690   510
	15404 18565   678  2690   510
	15398 18549   681  2690   510
	15395 18533   684  2690   510
	15396 18508   689  2690   520
	15395 18491   691  2690   520
	15398 18469   694  2690   520
	15401 18453   701  2690   520
	15407 18438   706  2690   520
	15409 18423   714  2690   520
	15416 18406   714  2690   520
	15425 18389   725  2690   510
	15432 18374   727  2690   510
	15444 18348   727  2700   510
	15459 18341   729  2700   510
	15468 18316   733  2700   510
	15478 18311   733  2710   510
	15484 18309   733  2710   510
	15491 18295   733  2720   510
	15501 18283   731  2740   510
	15509 18280   733  2740   510
	15516 18268   734  2750   510
	15519 18267   734  2750   510
	15522 18265   731  2760   510
	15528 18262   727  2760   510
	15536 18251   727  2770   510
	15539 18251   729  2770   510
	15545 18249   729  2790   510
	15548 18249   724  2790   510
	15557 18248   718  2800   510
	15565 18248   714  2800   510
	15572 18248   706  2800   510
	15580 18249   705  2810   500
	15586 18249   704  2810   500
	15591 18251   700  2810   500
	15601 18262   698  2820   490
	15606 18266   693  2820   490
	15615 18280   691  2820   490
	15624 18294   686  2810   500
	15634 18312   683  2810   500
	15643 18328   681  2810   500
	15649 18344   681  2810   500
	15660 18360   680  2810   500
	15666 18375   680  2800   500
	15669 18391   680  2800   500
	15673 18405   678  2800   500
	15679 18412   678  2780   500
	15681 18428   677  2780   500
	15681 18455   674  2780   500
	15686 18469   671  2770   500
	15685 18485   671  2770   500
	15686 18501   671  2760   500
	15685 18520   669  2760   500
	15684 18538   669  2750   500
	15676 18566   669  2750   500
	15675 18572   669  2750   500
	15671 18588   669  2740   500
	15669 18599   668  2740   500
	15665 18602   669  2740   500
	15663 18603   668  2740   500
	15662 18602   668  2720   500
	15662 18603   664  2720   500
	15661 18603   664  2720   500
	15658 18603   664  2720   500
	15654 18601   664  2720   500
	15651 18599   663  2710   500
	15646 18597   663  2710   500
	15641 18586   663  2710   500
	15634 18582   663  2710   500
	15628 18571   664  2710   500
	15625 18568   664  2710   500
	15619 18565   664  2710   500
	15617 18553   668  2710   500
	15612 18540   671  2710   500
	15612 18535   678  2710   500
	15610 18522   681  2710   500
	15610 18504   690  2710   500
	15608 18489   696  2710   500
	15611 18475   700  2710   500
	15615 18469   706  2710   500
	15617 18453   708  2710   500
	15624 18437   709  2710   500
	15633 18421   713  2710   500
	15635 18405   713  2710   490
	15640 18390   714  2710   490
	15648 18374   714  2720   490
	15656 18348   714  2720   500
	15660 18330   717  2720   500
	15663 18315   715  2740   500
	15670 18299   715  2730   490
	15672 18282   718  2730   490
	15676 18267   717  2730   490
	15681 18249   714  2750   490
	15688 18235   714  2760   490
	15694 18230   714  2770   490
	15696 18219   713  2770   490
	15696 18217   713  2780   490
	15704 18217   713  2780   490
	15707 18216   706  2790   490
	15715 18215   705  2790   490
	15726 18217   705  2800   490
	15734 18219   705  2800   490
	15742 18230   704  2810   480
	15754 18236   700  2810   480
	15766 18252   696  2810   480
	15777 18266   696  2810   480
	15787 18294   693  2810   470
	15796 18325   691  2810   470
	15806 18346   689  2810   470
	15812 18389   689  2810   470
	15820 18423   684  2800   480
	15825 18459   683  2800   480
	15825 18506   678  2790   480
	15821 18553   677  2790   480
	15814 18602   675  2780   480
	15810 18647   677  2780   480
	15802 18693   675  2770   480
	15795 18729   677  2770   480
	15787 18777   675  2760   480
	15778 18821   677  2760   480
	15774 18853   678  2740   480
	15767 18871   680  2730   480
	15766 18887   681  2730   480
	15765 18902   683  2730   480
	15763 18908   681  2720   480
	15761 18917   680  2720   480
	15759 18921   678  2720   480
	15756 18920   674  2720   480
	15749 18922   671  2720   490
	15744 18922   669  2720   490
	15729 18921   664  2720   490
	15722 18919   661  2710   490
	15713 18907   661  2710   490
	15706 18904   661  2710   490
	15701 18885   666  2710   490
	15699 18860   677  2710   490
	15700 18828   683  2710   490
	15705 18795   696  2710   490
	15720 18747   706  2710   490
	15735 18696   717  2710   490
	15754 18635   729  2710   490
	15774 18572   738  2710   490
	15799 18522   766  2710   490
	15821 18474   767  2710   480
	15839 18424   769  2710   480
	15864 18373   770  2710   480
	15885 18329   772  2720   480
	15903 18294   775  2720   480
	15921 18262   776  2730   480
	15936 18235   776  2740   480
	15953 18215   776  2740   470
	15963 18198   776  2750   470
	15974 18182   776  2760   470
	15978 18182   776  2760   470
	15977 18172   775  2780   470
	15976 18171   772  2790   470
	15977 18181   767  2790   470
	15977 18181   725  2790   460
	15974 18182   704  2800   460
	15971 18185   689  2800   460
	15959 18198   683  2810   450
	15946 18204   674  2810   450
	15928 18231   666  2810   450
	15907 18262   651  2820   450
	15882 18298   599  2810   450
	15852 18331   522  2810   450
	15822 18364   317  2810   450
	15794 18393   218  2800   460
	15773 18412    -1  2800   460
	15761 18428    -1  2790   460
	15754 18441    -1  2790   460
	15749 18442    -1  2790   460
	15738 18441    -1  2790   460
	15727 18428    -1  2780   460
	15721 18423    -1  2780   460
	15647 18408    -1  2780   460
	15712 18393    -1  2780   460
	15706 18380    -1  2780   460
	15696 18377    -1  2780   460
	15683 18377    -1  2790   460
	15603 18390    -1  2790   460
	15643 18406    -1  2790   460
	15559 18439    -1  2800   460
	15579 18459    -1  2810   450
	15540 18492    -1  2820   460
	15494 18535    -1  2820   460
	15445 18571    -1  2820   460
	15372 18615    -1  2820   460
	15328 18652    -1  2820   470
	15249 18699    -1  2810   460
	15188 18731    -1  2800   460
	15128 18763    -1  2790   460
	15068 18793    -1  2780   460
	15016 18810    -1  2770   460
	14967 18827    -1  2760   460
	14925 18840    -1  2740   460
	14814 18854    -1  2730   470
	14859 18858    -1  2720   470
	14832 18869    -1  2710   470
	14821 18872    -1  2700   480
	14814 18875    -1  2690   480
	14814 18885    -1  2680   480
	14818 18890    -1  2670   470
	14828 18904    -1  2660   470
	14836 18907    -1  2650   490
	14846 18921    -1  2650   500
	14850 18923    -1  2640   510
	14858 18924    -1  2640   510
	14861 18923    -1  2640   520
	14869 18922    -1  2640   520
	14873 18920    -1  2640   520
	14881 18918    -1  2640   520
	14889 18907    -1  2640   520
	14894 18906    -1  2640   520
	14843 18901    -1  2640   520
	14906 18904    -1  2640   520
	14912 18903    -1  2640   520
	14919 18903    -1  2640   520
	14927 18891    -1  2640   520
	14933 18904    -1  2640   520
	14930 18908    -1  2640   520
	14870 18908    -1  2640   520
	14912 18906    -1  2640   520
	14849 18906   368  2650   520
	14909 18905   634  2650   520
	14922 18905   689  2650   520
	14925 18905   783  2650   530
	14925 18904   812  2650   530
	14924 18905   839  2650   530
	14924 18903   871  2630   530
	14926 18902   888  2630   540
	14925 18904   913  2630   540
	14923 18903   937  2630   540
	14922 18903   952  2630   540
	14921 18903   959  2630   550
	14921 18903   963  2630   550
	14919 18903   966  2630   550
	14921 18903   966  2630   550
	14919 18903   967  2630   550
	14920 18903   963  2630   550
	14923 18904   950  2630   550
	14922 18904   901  2630   550
	14921 18904   842  2630   550
	14917 18906   777  2630   550
	14910 18907   639  2630   550
	14889 18922   278  2640   550
