ABCDE-012_345_678 871
	 6585 16102     0  1420   490
	 6590 16102   201  1420   490
	 6589 16092   278  1420   490
	 6588 16102   344  1420   490
	 6583 16092   344  1420   490
	 6580 16086   350  1420   490
	 6572 16059   357  1420   490
	 6557 16023   390  1420   490
	 6539 15974   395  1420   490
	 6515 15909   410  1420   490
	 6486 15820   424  1410   500
	 6446 15721   429  1410   500
	 6407 15609   433  1410   500
	 6348 15493   437  1400   510
	 6291 15366   442  1400   510
	 6237 15239   442  1400   510
	 6187 15113   446  1370   510
	 6145 15029   450  1370   510
	 6107 14949   458  1360   510
	 6073 14874   465  1360   510
	 6046 14810   465  1350   520
	 6019 14758   465  1350   520
	 5995 14715   476  1340   520
	 5980 14695   487  1340   520
	 5970 14677   494  1310   520
	 5961 14664   497  1310   520
	 5954 14651   500  1300   530
	 5952 14649   504  1300   530
	 5949 14648   510  1300   530
	 5949 14652   544  1290   530
	 5947 14663   581  1290   530
	 5945 14667   581  1290   530
	 5943 14682   581  1290   530
	 5940 14711   581  1290   530
	 5940 14742   579  1290   530
	 5949 14778   567  1280   540
	 5960 14821   555  1280   540
	 5972 14857   544  1290   530
	 5995 14903   531  1280   530
	 6026 14953   525  1280   530
	 6066 15001   519  1290   530
	 6107 15049   516  1290   530
	 6148 15084   519  1290   530
	 6190 15116   519  1290   530
	 6233 15148   513  1290   530
	 6280 15189   519  1300   530
	 6330 15222   519  1300   530
	 6372 15241   519  1300   530
	 6413 15269   519  1310   520
	 6449 15276   519  1310   520
	 6483 15291   519  1330   530
	 6506 15292   522  1330   530
	 6528 15292   531  1340   520
	 6546 15290   536  1340   520
	 6557 15286   539  1340   520
	 6567 15272   550  1340   520
	 6574 15254   560  1340   520
	 6581 15227   567  1340   520
	 6585 15196   570  1350   520
	 6586 15176   577  1350   520
	 6583 15130   581  1350   520
	 6577 15084   586  1340   520
	 6568 15047   586  1340   520
	 6557 14997   588  1340   520
	 6545 14954   590  1340   520
	 6536 14918   590  1340   520
	 6530 14887   592  1340   520
	 6518 14857   592  1340   520
	 6514 14843   592  1330   530
	 6510 14823   592  1330   530
	 6506 14810   592  1330   530
	 6508 14808   592  1330   530
	 6510 14806   590  1330   530
	 6514 14808   588  1310   540
	 6521 14808   586  1310   540
	 6526 14811   584  1310   540
	 6544 14827   584  1310   540
	 6569 14854   586  1310   540
	 6607 14888   588  1310   540
	 6646 14937   588  1310   540
	 6695 15001   586  1310   540
	 6753 15080   579  1310   540
	 6822 15175   565  1310   540
	 6897 15259   555  1330   540
	 6962 15334   555  1330   540
	 7003 15366   552  1340   540
	 7031 15372   555  1340   540
	 7050 15383   555  1340   540
	 7056 15382   557  1340   540
	 7059 15371   567  1360   540
	 7057 15366   579  1360   540
	 7054 15340   590  1360   540
	 7044 15307   592  1360   540
	 7033 15272   592  1360   540
	 7008 15223   595  1370   530
	 6988 15160   599  1370   530
	 6960 15083   603  1370   530
	 6931 15018   605  1370   530
	 6901 14956   607  1370   530
	 6876 14906   607  1370   530
	 6862 14860   607  1370   530
	 6850 14810   607  1360   540
	 6845 14778   607  1360   540
	 6849 14759   607  1360   540
	 6849 14747   607  1360   540
	 6854 14745   607  1350   540
	 6861 14745   607  1350   540
	 6866 14744   609  1350   540
	 6875 14748   613  1350   540
	 6891 14760   621  1340   550
	 6911 14778   627  1340   550
	 6934 14808   632  1340   550
	 6965 14844   632  1340   550
	 7000 14905   632  1330   540
	 7042 14970   630  1330   540
	 7085 15045   629  1340   550
	 7136 15110   619  1340   550
	 7187 15177   617  1340   550
	 7228 15222   617  1340   550
	 7257 15239   617  1340   550
	 7277 15244   617  1350   540
	 7281 15242   615  1350   540
	 7286 15238   617  1350   540
	 7283 15225   617  1350   540
	 7281 15210   619  1360   540
	 7272 15180   623  1370   540
	 7257 15129   627  1370   540
	 7238 15079   629  1390   540
	 7215 15032   636  1390   540
	 7193 14972   641  1390   540
	 7174 14918   648  1390   540
	 7154 14870   650  1390   540
	 7139 14837   650  1390   540
	 7136 14808   651  1390   540
	 7136 14778   650  1370   540
	 7132 14763   648  1370   540
	 7136 14758   636  1370   540
	 7139 14747   617  1370   540
	 7142 14748   590  1360   550
	 7149 14758   507  1360   550
	 7169 14761   462  1360   550
	 7193 14789   324  1360   550
	 7229 14823   136  1350   550
	 7272 14869    -1  1340   550
	 7316 14917    -1  1340   550
	 7354 14969    -1  1340   550
	 7393 15031    -1  1350   540
	 7437 15082    -1  1350   540
	 7477 15131    -1  1350   540
	 7520 15161    -1  1370   530
	 7587 15179    -1  1390   540
	 7572 15189    -1  1400   530
	 7589 15174    -1  1410   520
	 7589 15159    -1  1420   520
	 7584 15142    -1  1430   510
	 7568 15112    -1  1440   500
	 7555 15093    -1  1450   510
	 7537 15068    -1  1460   500
	 7525 15052    -1  1470   490
	 7521 15047    -1  1470   490
	 7514 15046    -1  1480   480
	 7517 15047    -1  1480   480
	 7517 15049    -1  1480   480
	 7525 15062    -1  1480   480
	 7535 15065    -1  1480   480
	 7547 15080    -1  1480   480
	 7560 15093    -1  1470   490
	 7580 15098    -1  1470   490
	 7603 15100    -1  1470   490
	 7624 15111    -1  1460   500
	 7644 15114    -1  1450   510
	 7659 15116    -1  1450   510
	 7686 15127    -1  1440   510
	 7672 15130     0  1440   510
	 7680 15132   352  1430   520
	 7684 15147   317  1430   520
	 7684 15158   344  1430   520
	 7689 15161   368  1420   530
	 7694 15175   401  1420   530
	 7702 15191   420  1410   530
	 7709 15208   437  1410   530
	 7711 15225   450  1410   530
	 7712 15254   454  1410   530
	 7714 15274   469  1400   540
	 7712 15304   473  1400   540
	 7708 15335   476  1400   540
	 7701 15352   476  1400   540
	 7694 15368   480  1400   540
	 7683 15381   490  1400   540
	 7667 15381   494  1400   540
	 7643 15372   497  1410   530
	 7614 15367   500  1410   530
	 7576 15350   504  1410   530
	 7534 15318   507  1420   540
	 7490 15285   510  1420   540
	 7447 15227   513  1420   540
	 7409 15176   516  1420   540
	 7375 15115   531  1420   540
	 7340 15061   536  1420   540
	 7302 15000   542  1420   540
	 7272 14936   542  1420   540
	 7242 14886   544  1420   540
	 7233 14855   547  1410   550
	 7231 14837   547  1410   550
	 7233 14821   544  1410   550
	 7236 14808   542  1400   540
	 7245 14796   533  1400   540
	 7255 14795   531  1390   550
	 7268 14793   536  1390   550
	 7287 14794   544  1390   550
	 7313 14807   572  1390   550
	 7353 14826   590  1380   550
	 7397 14857   595  1380   550
	 7442 14890   597  1380   550
	 7485 14934   597  1380   550
	 7531 14984   597  1380   550
	 7575 15047   590  1380   550
	 7626 15126   574  1380   550
	 7677 15207   574  1380   550
	 7717 15271   565  1380   550
	 7745 15308   565  1390   550
	 7757 15333   567  1390   550
	 7762 15335   581  1390   550
	 7760 15335   595  1390   550
	 7759 15334   599  1400   550
	 7752 15321   603  1410   550
	 7741 15303   607  1410   550
	 7725 15270   609  1410   550
	 7696 15225   613  1410   550
	 7673 15164   619  1410   550
	 7642 15116   619  1410   550
	 7613 15078   621  1420   540
	 7586 15018   621  1420   540
	 7566 14967   623  1420   540
	 7547 14924   623  1410   550
	 7543 14903   625  1410   550
	 7548 14876   625  1410   550
	 7553 14869   627  1410   550
	 7559 14857   625  1410   550
	 7566 14855   627  1400   540
	 7573 14854   629  1390   550
	 7583 14844   632  1390   550
	 7603 14843   645  1390   550
	 7628 14856   648  1390   550
	 7658 14871   655  1390   550
	 7693 14887   660  1380   550
	 7738 14907   661  1380   550
	 7781 14938   663  1380   550
	 7821 14969   660  1380   550
	 7866 15003   655  1380   550
	 7917 15050   645  1380   550
	 7958 15095   632  1380   550
	 7998 15131   627  1380   550
	 8026 15173   627  1380   550
	 8046 15195   625  1380   550
	 8057 15221   627  1400   550
	 8064 15224   627  1400   550
	 8062 15224   632  1400   550
	 8059 15223   650  1400   550
	 8053 15221   658  1400   550
	 8045 15209   664  1410   550
	 8037 15195   672  1410   550
	 8029 15177   677  1410   550
	 8011 15145   680  1410   550
	 7993 15114   683  1410   550
	 7976 15082   683  1410   550
	 7967 15050   683  1410   550
	 7952 15018   683  1410   550
	 7948 14997   683  1410   550
	 7943 14971   683  1410   550
	 7948 14952   683  1410   550
	 7946 14923   687  1410   550
	 7955 14905   687  1410   550
	 7958 14890   687  1400   550
	 7965 14886   686  1400   550
	 7971 14875   686  1400   550
	 7980 14872   684  1400   550
	 7983 14873   687  1400   550
	 7991 14875   690  1400   550
	 8008 14875   690  1400   550
	 8024 14889   691  1400   550
	 8049 14904   697  1400   550
	 8076 14920   698  1400   550
	 8098 14950   702  1390   560
	 8126 14983   697  1380   550
	 8166 15033   694  1400   550
	 8209 15094   690  1400   550
	 8256 15144   687  1400   550
	 8296 15195   684  1400   550
	 8328 15228   683  1400   550
	 8352 15257   681  1400   550
	 8363 15259   681  1400   550
	 8367 15260   683  1410   550
	 8366 15259   684  1430   550
	 8366 15258   689  1430   550
	 8366 15255   689  1430   550
	 8362 15239   691  1430   550
	 8352 15211   693  1440   540
	 8345 15191   702  1440   540
	 8326 15144   741  1450   550
	 8308 15099   742  1450   550
	 8288 15063   746  1450   550
	 8263 15001   749  1450   550
	 8231 14937   753  1450   550
	 8197 14873   754  1450   550
	 8174 14809   754  1450   550
	 8148 14748   754  1440   560
	 8133 14711   755  1430   550
	 8119 14664   756  1430   550
	 8102 14616   757  1410   560
	 8088 14568   756  1410   560
	 8073 14519   758  1410   560
	 8059 14474   758  1410   560
	 8043 14438   758  1390   560
	 8030 14394   759  1390   560
	 8018 14360   759  1390   560
	 8008 14328   760  1380   570
	 7991 14284   761  1360   560
	 7974 14248   761  1360   560
	 7962 14217   764  1350   570
	 7948 14183   764  1350   570
	 7939 14151   768  1350   570
	 7924 14120   768  1340   560
	 7913 14091   770  1340   560
	 7902 14073   770  1340   560
	 7896 14057   760  1340   560
	 7886 14044   738  1320   570
	 7887 14041   650  1340   570
	 7887 14042   579  1340   570
	 7890 14043   442  1340   570
	 7895 14055   336  1340   570
	 7908 14075     0  1320   570
	 7928 14124    -1  1320   570
	 7962 14197    -1  1320   570
	 7993 14277    -1  1320   570
	 8041 14347    -1  1320   570
	 8115 14406    -1  1310   560
	 8167 14521    -1  1310   560
	 8245 14617    -1  1310   560
	 8365 14677    -1  1300   550
	 8409 14790    -1  1310   550
	 8534 14908    -1  1330   540
	 8564 14982    -1  1340   540
	 8664 15035    -1  1340   540
	 8724 15078    -1  1370   530
	 8780 15113    -1  1410   520
	 8832 15142    -1  1440   510
	 8878 15160    -1  1470   510
	 8920 15161    -1  1480   500
	 8952 15164    -1  1510   490
	 8975 15161    -1  1520   480
	 8988 15142    -1  1520   460
	 8998 15126    -1  1540   450
	 8996 15100    -1  1530   450
	 8992 15094    -1  1530   440
	 8986 15079    -1  1530   430
	 8979 15061    -1  1540   420
	 8965 15048    -1  1520   420
	 8955 15034    -1  1510   420
	 8942 15031    -1  1500   420
	 8926 15019    -1  1490   430
	 8908 15018    -1  1470   430
	 8889 15016    -1  1460   440
	 8873 15014    -1  1450   430
	 8857 15013    -1  1430   440
	 8838 15004    -1  1450   450
	 8822 15003    -1  1450   460
	 8808 15000    -1  1460   470
	 8794 14998    -1  1470   470
	 8780 14988    -1  1470   480
	 8766 14988    -1  1480   480
	 8757 14984    -1  1490   490
	 8751 14984    -1  1510   490
	 8746 14985    -1  1520   490
	 8741 14985    -1  1530   500
	 8740 14984    -1  1540   500
	 8737 14987    -1  1540   500
	 8742 14997    -1  1540   500
	 8744 15000    -1  1530   500
	 8746 15004    -1  1530   500
	 8750 15015    -1  1530   500
	 8753 15019    -1  1530   500
	 8759 15031    -1  1530   500
	 8764 15035    -1  1530   500
	 8770 15045    -1  1530   500
	 8778 15048    -1  1530   500
	 8787 15052    -1  1530   500
	 8795 15061    -1  1530   500
	 8806 15065    -1  1540   490
	 8816 15066    -1  1540   490
	 8828 15068    -1  1540   490
	 8843 15081    -1  1550   490
	 8855 15093    -1  1550   490
	 8877 15097    -1  1550   490
	 8905 15100    -1  1550   490
	 8937 15115    -1  1540   490
	 8975 15129    -1  1530   480
	 9020 15142    -1  1520   480
	 9067 15157    -1  1520   480
	 9114 15178    -1  1510   470
	 9169 15195    -1  1500   470
	 9219 15222    -1  1500   470
	 9296 15239    -1  1480   460
	 9316 15256    -1  1480   460
	 9359 15273    -1  1460   470
	 9399 15289    -1  1450   470
	 9431 15302    -1  1430   480
	 9459 15307    -1  1420   480
	 9471 15317    -1  1390   480
	 9481 15319    -1  1380   490
	 9479 15320    -1  1360   490
	 9471 15320    -1  1360   500
	 9453 15319    -1  1350   510
	 9439 15319    -1  1350   520
	 9419 15318    -1  1340   520
	 9398 15318    -1  1330   530
	 9383 15307    -1  1310   540
	 9360 15303    -1  1310   550
	 9333 15291    -1  1300   550
	 9307 15289    -1  1300   550
	 9274 15286    -1  1290   550
	 9240 15276    -1  1290   550
	 9206 15275    -1  1270   550
	 9169 15270    -1  1260   540
	 9132 15269    -1  1260   540
	 9090 15259    -1  1250   540
	 9049 15255    -1  1250   540
	 9009 15244    -1  1240   530
	 8960 15239    -1  1240   530
	 8917 15239    -1  1270   530
	 8875 15227    -1  1280   530
	 8838 15226    -1  1300   530
	 8800 15222    -1  1310   520
	 8766 15211    -1  1340   520
	 8736 15207    -1  1350   520
	 8708 15205    -1  1370   520
	 8687 15194    -1  1380   510
	 8667 15195    -1  1410   510
	 8653 15195    -1  1420   500
	 8644 15205    -1  1450   500
	 8643 15211    -1  1460   490
	 8643 15225    -1  1480   480
	 8654 15240    -1  1500   480
	 8669 15254    -1  1510   480
	 8679 15269    -1  1520   480
	 8691 15285    -1  1510   490
	 8712 15291    -1  1500   500
	 8733 15305    -1  1490   510
	 8760 15321    -1  1480   510
	 8788 15336    -1  1470   520
	 8821 15349    -1  1470   520
	 8858 15356    -1  1460   530
	 8895 15369    -1  1450   540
	 8935 15381    -1  1440   540
	 8973 15387    -1  1410   550
	 9019 15402    -1  1410   550
	 9062 15418    -1  1400   540
	 9101 15403    -1  1380   550
	 9146 15450    -1  1350   550
	 9180 15466    -1  1360   550
	 9218 15483    -1  1360   550
	 9251 15467    -1  1360   550
	 9306 15516    -1  1360   540
	 9300 15531    -1  1360   540
	 9319 15545    -1  1350   530
	 9329 15547    -1  1350   530
	 9332 15557    -1  1360   520
	 9328 15558    -1  1350   520
	 9323 15557    -1  1350   520
	 9310 15546    -1  1350   520
	 9296 15545    -1  1360   520
	 9281 15541    -1  1370   520
	 9261 15529    -1  1370   520
	 9236 15516    -1  1370   520
	 9206 15510    -1  1370   520
	 9172 15494    -1  1370   520
	 9136 15477    -1  1370   520
	 9093 15449    -1  1370   520
	 9052 15420    -1  1360   520
	 9010 15399    -1  1350   520
	 8963 15368    -1  1350   520
	 8922 15349    -1  1350   520
	 8887 15318    -1  1360   520
	 8858 15290    -1  1350   530
	 8840 15270    -1  1350   530
	 8820 15243    -1  1360   540
	 8803 15227    -1  1360   540
	 8793 15211    -1  1390   540
	 8785 15196    -1  1390   540
	 8775 15191    -1  1410   530
	 8771 15180    -1  1420   530
	 8767 15177    -1  1430   530
	 8768 15173    -1  1450   530
	 8768 15161    -1  1460   530
	 8766 15146    -1  1470   520
	 8763 15132    -1  1490   520
	 8765 15127    -1  1500   520
	 8763 15115    -1  1510   510
	 8770 15114    -1  1520   510
	 8780 15114    -1  1520   510
	 8792 15116    -1  1530   500
	 8809 15116    -1  1540   490
	 8828 15128    -1  1530   500
	 8848 15141    -1  1530   500
	 8871 15147    -1  1530   500
	 8895 15162    -1  1530   500
	 8915 15178    -1  1530   500
	 8933 15195    -1  1530   500
	 8949 15210    -1  1520   490
	 8953 15227    -1  1510   490
	 8952 15240    -1  1490   490
	 8945 15242    -1  1490   490
	 8935 15242    -1  1490   490
	 8919 15239    -1  1490   480
	 8899 15226    -1  1490   480
	 8870 15211    -1  1490   480
	 8836 15195    -1  1490   480
	 8802 15164    -1  1490   480
	 8760 15143    -1  1490   480
	 8720 15115    -1  1490   480
	 8679 15094    -1  1470   480
	 8641 15064    -1  1470   480
	 8608 15045    -1  1460   480
	 8580 15020    -1  1470   480
	 8556 15002    -1  1460   490
	 8543 14988    -1  1460   490
	 8567 14983    -1  1470   490
	 8510 14971    -1  1480   500
	 8495 14968    -1  1480   500
	 8484 14965    -1  1470   510
	 8467 14965    -1  1450   510
	 8458 14956    -1  1450   510
	 8449 14965    -1  1430   510
	 8447 14969    -1  1430   510
	 8445 14972    -1  1430   510
	 8450 14984    -1  1430   510
	 8456 14988    -1  1420   500
	 8463 15001    -1  1420   500
	 8470 15014    -1  1420   500
	 8479 15020    -1  1420   500
	 8491 15032    -1  1420   500
	 8505 15046    -1  1420   500
	 8520 15051    -1  1420   500
	 8539 15063    -1  1430   500
	 8559 15077    -1  1430   500
	 8580 15084    -1  1430   500
	 8601 15099    -1  1440   490
	 8622 15114    -1  1450   500
	 8646 15128    -1  1450   500
	 8669 15143    -1  1460   490
	 8690 15158    -1  1460   490
	 8713 15164    -1  1470   490
	 8732 15179    -1  1480   480
	 8751 15190    -1  1490   490
	 8767 15192    -1  1490   490
	 8777 15194    -1  1490   490
	 8782 15194    -1  1490   490
	 8785 15195    -1  1510   490
	 8784 15192    -1  1510   490
	 8781 15192    -1  1510   490
	 8778 15192    -1  1530   490
	 8775 15192    -1  1530   490
	 8773 15191    -1  1530   490
	 8771 15191    -1  1530   490
	 8763 15180    -1  1530   490
	 8754 15176    -1  1530   490
	 8743 15174    -1  1530   490
	 8734 15173    -1  1520   490
	 8723 15160    -1  1520   490
	 8713 15157    -1  1520   490
	 8702 15146    -1  1520   490
	 8688 15143    -1  1520   490
	 8681 15132    -1  1520   490
	 8665 15129    -1  1510   490
	 8650 15125    -1  1510   490
	 8630 15112    -1  1510   490
	 8616 15109    -1  1510   490
	 8598 15098    -1  1510   490
	 8579 15084    -1  1490   490
	 8569 15082    -1  1480   500
	 8557 15079    -1  1480   500
	 8548 15068    -1  1480   500
	 8543 15066    -1  1480   500
	 8537 15066    -1  1470   490
	 8535 15065    -1  1470   490
	 8531 15065    -1  1470   490
	 8530 15063    -1  1470   490
	 8528 15064    -1  1470   490
	 8530 15062    -1  1470   490
	 8531 15062    -1  1470   490
	 8535 15064    -1  1470   490
	 8537 15064    -1  1450   500
	 8542 15067    -1  1450   500
	 8547 15067    -1  1450   500
	 8556 15078    -1  1450   500
	 8566 15080    -1  1450   500
	 8576 15083    -1  1450   500
	 8590 15095    -1  1450   500
	 8601 15100    -1  1460   500
	 8619 15113    -1  1460   500
	 8640 15126    -1  1460   500
	 8666 15142    -1  1460   500
	 8692 15161    -1  1460   500
	 8723 15180    -1  1460   500
	 8754 15211    -1  1460   500
	 8791 15243    -1  1470   510
	 8823 15285    -1  1470   510
	 8858 15307    -1  1470   510
	 8888 15336    -1  1460   520
	 8907 15355    -1  1470   520
	 8926 15372    -1  1470   520
	 8925 15365    -1  1460   530
	 8932 15399    -1  1460   530
	 8931 15372     0  1460   530
	 8928 15401   308  1460   530
	 8918 15404   331  1470   530
	 8911 15404   380  1460   540
	 8902 15402   385  1460   540
	 8891 15401   405  1460   540
	 8875 15387   420  1450   550
	 8855 15381   429  1450   550
	 8825 15352   437  1440   540
	 8790 15321   462  1440   540
	 8776 15288   473  1440   540
	 8719 15254   487  1440   540
	 8686 15209   494  1450   540
	 8654 15161   500  1450   540
	 8625 15125   507  1440   540
	 8603 15083   507  1420   540
	 8585 15049   510  1420   540
	 8568 15015   513  1420   540
	 8559 14985   513  1420   540
	 8554 14967   513  1420   540
	 8556 14952   513  1420   540
	 8560 14939   513  1410   550
	 8567 14934   516  1410   550
	 8579 14922   531  1400   540
	 8594 14917   542  1400   540
	 8612 14907   552  1400   540
	 8635 14907   560  1400   540
	 8661 14908   567  1390   550
	 8695 14921   574  1390   550
	 8728 14924   581  1390   550
	 8768 14951   581  1390   550
	 8812 14970   586  1390   550
	 8855 14999   588  1390   550
	 8896 15033   586  1390   550
	 8941 15068   586  1390   550
	 8996 15127   584  1390   550
	 9043 15179   586  1390   550
	 9086 15240   584  1390   550
	 9120 15289   584  1400   550
	 9148 15321   584  1400   550
	 9158 15340   584  1400   550
	 9171 15356   586  1410   550
	 9172 15367   595  1410   550
	 9169 15368   609  1410   550
	 9166 15368   617  1430   550
	 9159 15367   623  1430   550
	 9152 15365   625  1430   550
	 9142 15353   625  1440   540
	 9123 15338   627  1440   540
	 9099 15308   625  1440   540
	 9072 15274   627  1440   540
	 9043 15226   625  1440   540
	 9011 15189   627  1450   540
	 8985 15142   625  1450   540
	 8962 15109   625  1440   540
	 8949 15077   627  1440   540
	 8938 15050   625  1440   540
	 8938 15031   625  1440   540
	 8938 15004   625  1440   540
	 8945 14988   625  1440   540
	 8955 14981   625  1440   540
	 8967 14966   625  1440   540
	 8982 14952   623  1430   550
	 9002 14940   623  1430   550
	 9020 14938   623  1430   550
	 9042 14936   623  1410   550
	 9063 14936   623  1400   550
	 9090 14939   623  1400   550
	 9116 14940   625  1400   550
	 9144 14952   625  1400   550
	 9176 14967   627  1400   550
	 9203 14982   627  1400   550
	 9238 15000   627  1400   550
	 9274 15018   625  1400   550
	 9313 15050   627  1400   550
	 9355 15081   627  1400   550
	 9394 15116   625  1400   550
	 9434 15158   623  1400   550
	 9467 15195   623  1400   550
	 9499 15228   621  1410   560
	 9519 15257   621  1410   560
	 9537 15271   621  1430   550
	 9541 15273   621  1430   550
	 9541 15274   625  1430   550
	 9541 15272   629  1430   550
	 9538 15270   630  1440   560
	 9531 15259   634  1440   560
	 9523 15253   634  1440   560
	 9507 15226   636  1440   560
	 9484 15192   638  1450   550
	 9461 15158   641  1450   550
	 9440 15125   641  1450   550
	 9422 15093   641  1450   550
	 9408 15061   641  1450   550
	 9401 15033   641  1450   550
	 9399 15014   641  1450   550
	 9401 14999   641  1450   550
	 9405 14984   646  1450   550
	 9413 14970   648  1450   550
	 9419 14967   650  1440   560
	 9429 14965   650  1440   560
	 9436 14954   650  1430   550
	 9452 14954   655  1430   550
	 9467 14956   658  1430   550
	 9483 14965   661  1410   560
	 9507 14969   668  1410   560
	 9543 14988   674  1410   560
	 9576 15015   677  1410   560
	 9613 15048   680  1410   560
	 9658 15084   675  1410   560
	 9703 15145   671  1410   560
	 9752 15207   666  1410   560
	 9803 15258   660  1410   560
	 9842 15303   658  1410   560
	 9865 15320   655  1430   550
	 9886 15337   655  1430   550
	 9895 15340   655  1430   550
	 9898 15338   660  1440   560
	 9899 15338   664  1450   550
	 9895 15336   666  1450   550
	 9889 15324   671  1450   550
	 9881 15317   674  1450   550
	 9867 15290   678  1450   550
	 9844 15254   683  1450   550
	 9817 15210   683  1460   540
	 9794 15164   687  1470   550
	 9767 15125   689  1470   550
	 9743 15077   689  1470   550
	 9730 15036   690  1470   550
	 9720 15004   691  1470   550
	 9710 14981   693  1460   550
	 9703 14953   694  1450   550
	 9696 14923   697  1450   550
	 9690 14908   696  1450   550
	 9691 14902   698  1440   560
	 9692 14888   698  1440   560
	 9692 14874   700  1440   560
	 9692 14871   700  1440   560
	 9695 14870   700  1440   560
	 9696 14869   701  1430   560
	 9699 14859   702  1430   560
	 9700 14858   700  1430   560
	 9700 14857   702  1410   560
	 9699 14857   705  1410   560
	 9695 14856   741  1410   560
	 9694 14856   744  1410   560
	 9694 14855   746  1410   560
	 9690 14853   752  1410   560
	 9686 14843   758  1410   560
	 9680 14827   763  1410   560
	 9673 14821   772  1410   560
	 9660 14794   782  1410   560
	 9651 14774   791  1410   560
	 9636 14746   792  1410   560
	 9619 14725   792  1410   560
	 9609 14700   794  1410   560
	 9600 14684   794  1410   560
	 9594 14677   795  1410   560
	 9590 14664   796  1410   560
	 9588 14650   796  1400   560
	 9582 14635   797  1400   560
	 9571 14614   799  1400   560
	 9564 14586   801  1400   560
	 9551 14565   801  1400   560
	 9538 14538   803  1400   560
	 9525 14507   803  1400   560
	 9506 14472   804  1400   560
	 9486 14437   804  1400   560
	 9470 14394   805  1400   560
	 9448 14348   805  1400   560
	 9428 14310   806  1390   570
	 9413 14277   806  1390   570
	 9402 14248   806  1390   570
	 9396 14232   806  1390   570
	 9392 14219   806  1380   570
	 9388 14203   806  1380   570
	 9383 14200   806  1380   570
	 9379 14197   806  1360   570
	 9381 14188   807  1360   570
	 9381 14198   806  1360   570
	 9382 14197   805  1360   570
	 9384 14199   801  1360   570
	 9384 14201   794  1360   570
	 9384 14204   762  1360   570
	 9389 14220   687  1360   570
	 9400 14250   609  1350   570
	 9415 14284   484  1350   570
	 9432 14326   286  1360   570
	 9443 14347   160  1360   570
	 9452 14363    -1  1360   570
	 9446 14389    -1  1360   570
	 9431 14405    -1  1350   570
	 9406 14410    -1  1350   570
	 9371 14425    -1  1350   570
	 9330 14427    -1  1350   570
	 9281 14408    -1  1350   570
	 9244 14437    -1  1340   560
	 9154 14427    -1  1320   570
	 9072 14425    -1  1320   570
	 8975 14411    -1  1320   570
	 8862 14407    -1  1310   560
	 8751 14393    -1  1310   560
	 8640 14378    -1  1310   560
	 8528 14364    -1  1300   550
	 8411 14359    -1  1300   550
	 8297 14344    -1  1290   560
	 8192 14329    -1  1270   550
	 8102 14316    -1  1270   550
	 8022 14314    -1  1260   540
	 7952 14310    -1  1260   540
	 7881 14299    -1  1270   550
	 7822 14294    -1  1270   550
	 7791 14293    -1  1270   550
	 7733 14282    -1  1290   560
	 7704 14280    -1  1310   560
	 7676 14280    64  1310   560
	 7685 14279   344  1310   560
	 7643 14284   462  1320   570
	 7637 14295   473  1320   570
	 7630 14297   476  1320   570
	 7634 14298   487  1340   560
	 7644 14309   490  1350   570
	 7661 14311   494  1360   570
	 7694 14299   494  1360   570
	 7751 14330   500  1390   570
	 7817 14347   516  1390   570
	 7912 14373   539  1390   570
	 8036 14394   586  1390   570
	 8146 14425   597  1390   570
	 8290 14457   613  1390   570
	 8453 14486   629  1390   570
	 8627 14519   641  1420   570
	 8803 14553   660  1420   570
	 8993 14585   666  1420   570
	 9149 14617   678  1420   570
	 9311 14645   686  1420   570
	 9469 14668   689  1430   570
	 9627 14699   696  1430   570
	 9772 14726   698  1430   570
	 9898 14745   698  1440   570
	10020 14761   700  1460   570
	10112 14777   704  1460   570
	10184 14789   706  1470   580
	10236 14790   706  1470   580
	10270 14791   741  1470   580
	10290 14791   741  1490   580
	10297 14790   742  1490   580
	10301 14790   743  1490   580
	10298 14790   744  1490   580
	10298 14790   745  1500   570
	10298 14789   744  1500   570
	10301 14791   706  1500   570
	10298 14791   683  1500   570
	10292 14791   638  1500   570
	10287 14790   603  1500   570
	10279 14791   507  1500   570
	10269 14790   415  1500   570
	10256 14780   262  1480   570
