ABCDE-012_345_678 180
	20304  6934    64  1150   620
	20334  6954   275  1150   630
	20335  7001   344  1160   640
	20359  7051   360  1160   640
	20389  7109   360  1190   640
	20432  7205   360  1170   630
	20487  7307   367  1170   630
	20550  7435   302  1190   630
	20618  7575   324  1190   630
	20692  7721   331  1200   620
	20761  7883   331  1200   620
	20838  8060   344  1220   610
	20910  8246   338  1230   610
	20977  8427   338  1250   600
	21039  8619   350  1260   600
	21085  8775   344  1290   600
	21121  8859   357  1310   600
	21140  8889   368  1320   590
	21141  8887   363  1320   590
	21142  8871   357  1340   580
	21131  8828   395  1350   580
	21108  8777   539  1360   570
	21082  8683   599  1360   570
	21045  8567   645  1390   570
	20996  8422   664  1390   570
	20944  8262   686  1390   570
	20890  8076   689  1390   570
	20825  7884   696  1390   570
	20762  7721   700  1390   570
	20708  7563   701  1360   570
	20657  7420   698  1350   580
	20622  7291   691  1350   580
	20600  7193   681  1340   580
	20588  7125   674  1310   580
	20588  7050   668  1290   590
	20595  6999   658  1280   590
	20606  6969   658  1250   590
	20615  6955   655  1240   600
	20626  6955   653  1240   600
	20640  6967   651  1220   600
	20656  6997   655  1190   600
	20683  7045   661  1190   600
	20711  7099   663  1180   600
	20743  7178   663  1180   600
	20774  7269   664  1180   600
	20806  7370   661  1180   600
	20840  7495   661  1180   600
	20873  7622   660  1180   600
	20908  7736   658  1200   600
	20941  7831   660  1200   600
	20961  7879   663  1220   600
	20966  7894   666  1220   600
	20968  7893   668  1250   600
	20965  7880   671  1250   600
	20966  7863   675  1260   600
	20962  7834   684  1280   590
	20955  7800   693  1290   600
	20947  7753   701  1310   600
	20938  7717   706  1310   600
	20929  7669   714  1310   600
	20921  7621   718  1310   600
	20912  7573   718  1310   600
	20902  7530   725  1310   600
	20901  7484   723  1310   600
	20899  7450   722  1310   600
	20897  7418   721  1310   600
	20905  7398   715  1290   600
	20915  7371   714  1290   600
	20930  7352   706  1280   610
	20952  7337   697  1280   610
	20985  7324   693  1260   610
	21028  7324   690  1260   610
	21079  7335   689  1260   610
	21143  7351   686  1240   620
	21225  7381   686  1240   620
	21330  7416   683  1240   620
	21455  7462   680  1240   620
	21581  7498   681  1240   620
	21727  7546   678  1240   620
	21888  7592   678  1240   620
	22072  7637   678  1240   620
	22249  7672   681  1260   620
	22444  7704   680  1260   620
	22648  7739   683  1270   620
	22837  7771   681  1270   620
	23055  7803   681  1270   620
	23263  7835   681  1270   620
	23486  7865   681  1290   610
	23712  7884   684  1290   610
	23911  7913   684  1290   610
	24129  7941   689  1290   610
	24322  7961   689  1290   610
	24521  7974   689  1290   610
	24717  7978   689  1290   610
	24883  7994   693  1290   610
	25057  8008   693  1290   610
	25224  8021   693  1290   610
	25364  8022   693  1290   610
	25488  8027   691  1290   610
	25610  8037   689  1280   610
	25697  8041   689  1260   610
	25767  8042   689  1260   610
	25812  8043   689  1260   610
	25837  8042   686  1260   610
	25845  8040   686  1260   610
	25839  8040   690  1240   620
	25824  8038   696  1230   610
	25798  8028   702  1230   610
	25760  8026   704  1230   610
	25706  8022   700  1230   610
	25633  8009   697  1230   610
	25532  7994   697  1230   610
	25414  7974   693  1230   610
	25286  7947   684  1230   610
	25140  7926   681  1230   610
	24970  7896   678  1230   610
	24799  7864   677  1250   600
	24626  7833   681  1250   600
	24425  7801   681  1250   600
	24227  7767   681  1250   600
	24020  7733   684  1260   600
	23809  7690   686  1260   600
	23610  7654   693  1260   600
	23388  7609   689  1260   600
	23176  7564   693  1260   600
	22962  7525   696  1280   610
	22755  7468   700  1290   600
	22562  7430   693  1290   600
	22349  7385   700  1290   600
	22155  7335   698  1290   600
	21969  7288   697  1290   600
	21780  7242   702  1290   600
	21612  7194   702  1280   610
	21451  7148   702  1280   610
	21286  7110   702  1290   610
	21145  7068   708  1270   620
	21026  7035   713  1270   620
	20917  7014   725  1270   620
	20828  6987   734  1270   620
	20761  6969   736  1260   620
	20716  6954   755  1260   620
	20692  6953   768  1260   620
	20686  6952   768  1260   620
	20690  6953   738  1260   620
	20710  6954   736  1260   620
	20747  6967   733  1260   620
	20805  6983   737  1260   620
	20884  7002   744  1260   620
	20985  7032   766  1260   620
	21100  7066   766  1260   620
	21232  7100   768  1270   630
	21386  7146   769  1270   630
	21560  7195   770  1270   630
	21729  7243   772  1270   630
	21922  7302   773  1270   630
	22129  7355   774  1290   640
	22336  7429   774  1300   630
	22569  7494   775  1300   630
	22772  7559   776  1300   630
	22994  7612   776  1320   640
	23210  7672   778  1320   640
	23401  7708   780  1330   630
	23587  7735   781  1330   630
	23738  7755   782  1330   630
	23862  7783   784  1350   630
	23987  7798   785  1350   630
	24090  7801   786  1350   630
	24176  7802   785  1370   620
	24242  7803   784  1370   620
	24296  7803   784  1370   620
	24342  7803   783  1350   620
	24387  7813   780  1350   620
	24431  7814   776  1350   620
	24475  7817   768  1350   620
	24519  7829   723  1350   620
	24571  7835   680  1350   620
	24618  7845   645  1350   600
	24668  7851   550  1350   600
	24720  7864   344  1350   600
	24772  7877   286  1350   600
