ABCDE-012_345_678 549
	 6282 19066     0  1160   490
	 6282 19067     0  1160   490
	 6283 19068    35  1160   490
	 6282 19077    75  1160   490
	 6282 19079   108  1160   490
	 6282 19079   136  1160   490
	 6284 19082   136  1160   490
	 6284 19093   160  1160   490
	 6287 19097   160  1160   490
	 6287 19100   182  1160   490
	 6291 19112   218  1160   490
	 6294 19115   234  1160   490
	 6295 19126   262  1160   490
	 6296 19129   286  1160   490
	 6296 19131   317  1160   490
	 6296 19131   344  1160   490
	 6296 19141   367  1150   480
	 6296 19141   317  1150   480
	 6290 19141   357  1170   480
	 6292 19143   380  1170   480
	 6290 19143   401  1170   480
	 6290 19144   415  1170   480
	 6288 19146   424  1170   480
	 6288 19147   437  1170   480
	 6288 19148   450  1170   480
	 6287 19157   462  1170   480
	 6288 19159   469  1170   480
	 6287 19159   480  1170   480
	 6287 19160   487  1170   480
	 6285 19161   497  1170   480
	 6285 19161   504  1170   480
	 6285 19161   510  1180   480
	 6283 19161   536  1180   480
	 6285 19162   557  1180   480
	 6285 19161   577  1180   480
	 6285 19163   584  1180   480
	 6285 19162   590  1180   480
	 6281 19162   595  1180   480
	 6283 19161   597  1180   480
	 6283 19162   599  1180   480
	 6283 19161   603  1180   480
	 6282 19160   603  1180   480
	 6279 19160   603  1180   480
	 6282 19161   605  1180   480
	 6281 19160   605  1180   480
	 6282 19159   605  1180   480
	 6285 19157   605  1180   480
	 6283 19147   605  1180   480
	 6285 19143   605  1180   480
	 6285 19131   607  1180   480
	 6287 19127   605  1180   480
	 6287 19114   605  1180   480
	 6287 19100   605  1180   480
	 6288 19094   605  1180   480
	 6288 19081   605  1180   480
	 6288 19063   605  1180   480
	 6285 19047   605  1170   480
	 6290 19029   605  1170   480
	 6294 19001   605  1170   480
	 6297 18983   605  1170   480
	 6303 18965   605  1170   480
	 6305 18939   605  1170   480
	 6310 18918   605  1170   480
	 6319 18889   607  1170   480
	 6327 18859   607  1150   480
	 6334 18838   609  1160   490
	 6340 18805   609  1160   490
	 6352 18778   609  1160   490
	 6355 18748   609  1160   490
	 6362 18725   609  1160   490
	 6373 18693   609  1160   490
	 6376 18661   609  1150   490
	 6383 18631   609  1150   490
	 6393 18600   609  1150   490
	 6400 18570   611  1150   490
	 6407 18535   611  1150   490
	 6420 18505   611  1150   490
	 6430 18487   611  1140   500
	 6443 18460   611  1140   500
	 6452 18442   611  1140   500
	 6468 18412   611  1140   500
	 6477 18391   611  1140   500
	 6492 18363   611  1140   500
	 6506 18345   613  1130   500
	 6520 18326   613  1130   510
	 6540 18298   613  1130   510
	 6558 18281   613  1130   510
	 6572 18266   613  1120   510
	 6585 18262   613  1120   510
	 6602 18252   613  1120   510
	 6613 18249   611  1110   510
	 6627 18248   611  1110   510
	 6638 18248   613  1110   510
	 6650 18247   613  1110   510
	 6662 18248   613  1100   520
	 6667 18248   613  1100   520
	 6677 18247   613  1100   520
	 6685 18247   615  1100   520
	 6692 18248   615  1100   520
	 6696 18249   617  1090   520
	 6698 18250   617  1090   520
	 6700 18252   621  1090   520
	 6700 18251   623  1090   520
	 6704 18252   629  1100   530
	 6702 18261   641  1100   530
	 6704 18264   655  1100   530
	 6700 18265   664  1100   530
	 6699 18279   671  1100   530
	 6694 18294   671  1100   530
	 6684 18314   674  1110   530
	 6682 18341   672  1110   530
	 6672 18364   674  1110   530
	 6672 18392   675  1110   530
	 6664 18412   674  1120   530
	 6662 18443   674  1120   530
	 6654 18475   674  1120   520
	 6653 18505   674  1120   520
	 6650 18536   672  1120   520
	 6645 18568   671  1130   520
	 6643 18597   672  1130   520
	 6639 18618   672  1130   520
	 6635 18649   671  1140   510
	 6630 18679   671  1140   510
	 6624 18710   674  1130   510
	 6618 18732   672  1150   500
	 6611 18763   672  1150   500
	 6611 18794   672  1150   500
	 6604 18822   672  1150   500
	 6602 18853   674  1150   500
	 6601 18885   672  1150   500
	 6602 18920   674  1160   500
	 6604 18952   671  1160   500
	 6609 18986   666  1160   500
	 6611 19015   664  1160   500
	 6619 19033   663  1160   500
	 6621 19052   663  1160   500
	 6630 19068   660  1160   490
	 6633 19081   658  1160   490
	 6637 19093   655  1160   490
	 6642 19096   650  1170   500
	 6648 19097   645  1170   500
	 6657 19099   641  1180   490
	 6667 19099   636  1180   490
	 6674 19100   632  1180   490
	 6685 19099   629  1180   490
	 6691 19099   629  1180   490
	 6703 19098   627  1180   490
	 6714 19097   627  1190   490
	 6734 19097   625  1190   490
	 6750 19095   623  1200   500
	 6765 19095   623  1200   500
	 6782 19093   621  1200   500
	 6804 19083   617  1200   500
	 6799 19080   615  1200   500
	 6808 19077   613  1200   500
	 6811 19065   613  1210   510
	 6815 19063   613  1210   510
	 6821 19051   613  1210   510
	 6822 19035   617  1210   510
	 6824 19017   621  1210   510
	 6825 19000   625  1220   500
	 6824 18981   627  1220   500
	 6825 18954   630  1220   500
	 6826 18935   632  1220   500
	 6823 18907   632  1220   500
	 6830 18886   636  1220   500
	 6834 18856   638  1220   500
	 6841 18827   638  1220   510
	 6846 18809   638  1220   510
	 6852 18793   638  1220   510
	 6864 18776   638  1220   510
	 6875 18760   638  1220   510
	 6884 18745   638  1210   510
	 6894 18730   638  1200   510
	 6906 18715   639  1200   510
	 6918 18698   641  1200   510
	 6929 18681   641  1200   510
	 6936 18667   641  1200   510
	 6945 18662   641  1180   510
	 6948 18646   641  1180   510
	 6954 18631   641  1180   510
	 6959 18618   641  1180   510
	 6968 18613   641  1180   510
	 6972 18600   641  1180   510
	 6981 18585   641  1170   510
	 6988 18572   643  1170   510
	 6997 18565   645  1170   510
	 7004 18552   646  1170   510
	 7018 18538   646  1170   510
	 7025 18534   646  1170   510
	 7034 18533   646  1170   510
	 7041 18521   646  1170   510
	 7051 18519   646  1170   510
	 7064 18507   646  1170   510
	 7073 18505   646  1170   510
	 7081 18505   646  1170   510
	 7093 18492   648  1170   510
	 7107 18489   651  1170   510
	 7118 18487   650  1150   510
	 7126 18485   651  1150   510
	 7132 18475   651  1150   510
	 7141 18474   650  1150   510
	 7144 18473   650  1150   510
	 7150 18471   650  1150   510
	 7157 18470   651  1150   510
	 7161 18470   651  1150   510
	 7164 18459   650  1150   510
	 7171 18459   650  1150   510
	 7179 18458   653  1160   520
	 7183 18457   655  1160   520
	 7193 18456   655  1160   520
	 7199 18457   655  1160   520
	 7207 18457   655  1160   520
	 7213 18458   655  1160   520
	 7221 18458   655  1160   520
	 7228 18458   655  1160   520
	 7235 18459   655  1160   520
	 7244 18460   658  1160   520
	 7254 18469   656  1160   520
	 7261 18460   656  1160   520
	 7270 18470   656  1160   520
	 7281 18472   658  1160   520
	 7294 18472   660  1160   520
	 7305 18476   661  1160   520
	 7317 18486   661  1160   520
	 7323 18487   660  1160   520
	 7332 18488   663  1160   520
	 7343 18491   663  1160   520
	 7351 18501   663  1160   520
	 7364 18503   663  1160   520
	 7370 18505   664  1160   520
	 7376 18505   664  1160   520
	 7386 18517   666  1160   520
	 7391 18517   664  1160   520
	 7397 18518   666  1160   520
	 7399 18520   668  1170   530
	 7406 18522   669  1170   530
	 7417 18533   671  1170   530
	 7420 18535   671  1170   530
	 7425 18539   674  1170   530
	 7434 18550   674  1170   530
	 7441 18554   674  1170   530
	 7453 18569   674  1170   530
	 7465 18582   674  1170   530
	 7475 18587   674  1170   530
	 7487 18600   675  1170   530
	 7497 18614   674  1170   530
	 7507 18618   674  1170   530
	 7517 18631   674  1180   530
	 7526 18635   674  1180   530
	 7534 18648   674  1190   530
	 7541 18661   674  1190   530
	 7546 18663   675  1190   530
	 7551 18668   675  1190   530
	 7555 18679   677  1190   530
	 7562 18695   677  1210   530
	 7568 18713   674  1210   530
	 7575 18731   675  1210   530
	 7580 18757   674  1210   530
	 7586 18775   674  1210   530
	 7592 18794   674  1210   530
	 7595 18809   674  1210   530
	 7601 18826   674  1210   530
	 7602 18839   674  1210   530
	 7607 18855   674  1210   530
	 7612 18873   674  1210   530
	 7616 18886   674  1210   530
	 7617 18891   674  1220   530
	 7619 18906   674  1220   530
	 7620 18923   674  1220   530
	 7620 18939   674  1220   530
	 7624 18965   674  1220   530
	 7625 18983   672  1220   530
	 7627 19000   672  1220   530
	 7629 19019   671  1230   520
	 7633 19036   671  1230   520
	 7634 19061   671  1230   520
	 7636 19068   672  1230   520
	 7634 19084   671  1230   520
	 7634 19098   671  1230   520
	 7631 19110   669  1240   520
	 7630 19116   668  1240   520
	 7630 19128   668  1240   520
	 7626 19132   668  1240   520
	 7624 19145   669  1240   520
	 7621 19146   671  1260   510
	 7616 19157   671  1260   510
	 7612 19161   668  1260   510
	 7606 19173   668  1260   510
	 7598 19178   666  1260   510
	 7595 19191   666  1260   510
	 7589 19205   666  1260   510
	 7583 19209   666  1270   510
	 7576 19212   666  1270   510
	 7571 19224   664  1270   510
	 7566 19238   663  1270   510
	 7564 19241   658  1270   510
	 7560 19253   660  1270   510
	 7557 19256   660  1270   510
	 7551 19257   658  1270   510
	 7547 19258   658  1270   510
	 7542 19260   658  1280   500
	 7535 19270   658  1280   500
	 7530 19269   658  1280   500
	 7522 19271   660  1280   500
	 7519 19271   660  1280   500
	 7513 19271   663  1280   500
	 7504 19271   660  1280   500
	 7497 19272   658  1280   500
	 7492 19274   658  1270   500
	 7483 19273   658  1270   500
	 7474 19273   658  1270   500
	 7470 19273   658  1270   500
	 7465 19273   655  1270   500
	 7456 19272   655  1270   500
	 7451 19271   655  1270   500
	 7443 19270   655  1270   500
	 7439 19259   653  1270   500
	 7430 19256   655  1270   500
	 7422 19244   650  1270   500
	 7415 19241   650  1270   500
	 7409 19226   650  1270   500
	 7399 19222   650  1270   500
	 7389 19207   650  1270   500
	 7380 19195   650  1270   500
	 7372 19192   651  1270   500
	 7364 19179   651  1270   500
	 7356 19175   651  1270   500
	 7354 19173   651  1270   500
	 7346 19163   650  1270   500
	 7345 19159   650  1260   490
	 7334 19145   650  1260   490
	 7323 19141   651  1260   490
	 7314 19127   650  1260   490
	 7306 19113   651  1250   500
	 7296 19097   651  1250   500
	 7287 19081   651  1250   500
	 7276 19064   650  1250   500
	 7264 19046   653  1250   500
	 7256 19030   655  1250   500
	 7248 19013   656  1250   500
	 7244 18988   656  1240   500
	 7239 18981   658  1240   500
	 7237 18966   658  1240   500
	 7234 18953   658  1240   500
	 7230 18940   658  1240   500
	 7232 18936   658  1240   500
	 7233 18920   656  1240   500
	 7230 18904   658  1220   500
	 7230 18885   660  1220   500
	 7230 18859   660  1220   500
	 7228 18843   658  1220   500
	 7226 18826   658  1220   500
	 7224 18808   660  1220   500
	 7223 18780   663  1220   500
	 7221 18758   666  1220   500
	 7217 18729   666  1220   500
	 7211 18710   666  1210   510
	 7209 18682   666  1210   510
	 7204 18663   666  1210   510
	 7202 18636   668  1210   510
	 7197 18618   668  1210   510
	 7194 18599   668  1210   510
	 7191 18582   671  1210   510
	 7187 18553   671  1210   510
	 7178 18533   672  1200   510
	 7174 18505   674  1200   510
	 7165 18476   677  1200   510
	 7155 18453   683  1200   510
	 7147 18428   687  1200   510
	 7141 18409   689  1200   510
	 7125 18377   690  1200   510
	 7113 18346   691  1190   510
	 7104 18329   694  1190   510
	 7092 18312   696  1190   510
	 7081 18294   698  1190   510
	 7074 18279   701  1190   510
	 7062 18262   704  1170   520
	 7053 18249   738  1170   520
	 7044 18246   744  1170   520
	 7035 18236   749  1170   520
	 7022 18233   749  1170   520
	 7009 18231   750  1160   520
	 6993 18230   752  1160   520
	 6978 18220   755  1160   520
	 6962 18216   755  1160   520
	 6935 18213   752  1160   520
	 6898 18199   752  1150   520
	 6861 18184   750  1150   520
	 6824 18170   750  1150   520
	 6790 18166   749  1150   520
	 6759 18154   750  1150   520
	 6730 18152   752  1150   520
	 6702 18150   749  1150   520
	 6671 18149   750  1150   520
	 6644 18151   749  1150   520
	 6608 18154   745  1140   530
	 6581 18156   746  1140   530
	 6555 18156   749  1140   530
	 6530 18170   746  1140   530
	 6507 18183   746  1140   530
	 6487 18197   745  1140   530
	 6467 18204   746  1140   530
	 6448 18219   746  1140   530
	 6426 18236   741  1130   520
	 6409 18262   738  1130   520
	 6390 18278   740  1130   520
	 6377 18296   705  1130   520
	 6358 18314   704  1130   520
	 6344 18332   704  1120   510
	 6331 18348   702  1130   510
	 6320 18376   702  1130   510
	 6305 18391   702  1130   510
	 6292 18406   700  1130   510
	 6284 18422   702  1150   500
	 6278 18427   702  1150   500
	 6274 18439   702  1150   500
	 6272 18453   700  1160   500
	 6270 18458   702  1150   490
	 6270 18473   698  1150   490
	 6268 18489   701  1150   490
	 6276 18518   698  1160   490
	 6284 18537   697  1160   490
	 6360 18556   697  1160   490
	 6301 18581   697  1160   490
	 6308 18585   697  1160   490
	 6310 18588   697  1160   490
	 6316 18599   696  1170   490
	 6316 18600   696  1170   490
	 6319 18602   696  1170   490
	 6326 18604   694  1170   490
	 6338 18613   691  1170   490
	 6358 18615   693  1170   490
	 6382 18619   691  1170   490
	 6399 18631   690  1170   490
	 6431 18634   690  1190   480
	 6459 18645   687  1190   480
	 6494 18645   687  1190   480
	 6535 18648   686  1190   480
	 6578 18649   684  1190   480
	 6631 18650   683  1190   490
	 6682 18649   683  1190   490
	 6742 18649   683  1210   490
	 6819 18648   681  1210   490
	 6881 18648   680  1210   490
	 6954 18649   680  1220   500
	 7012 18652   683  1220   500
	 7082 18662   681  1220   500
	 7153 18668   683  1220   500
	 7225 18693   683  1220   500
	 7294 18698   683  1220   500
	 7361 18709   684  1220   500
	 7431 18715   684  1220   500
	 7492 18731   683  1220   500
	 7546 18747   686  1230   510
	 7600 18774   684  1230   510
	 7652 18792   686  1250   510
	 7700 18811   687  1250   510
	 7747 18843   687  1260   510
	 7794 18874   686  1260   510
	 7846 18906   684  1260   510
	 7895 18936   686  1260   510
	 7926 18966   686  1270   520
	 7964 18986   686  1270   520
	 7996 19016   684  1270   520
	 8017 19035   684  1280   520
	 8041 19061   684  1280   520
	 8056 19079   684  1280   520
	 8072 19097   686  1280   520
	 8083 19114   684  1280   520
	 8094 19128   684  1290   510
	 8098 19145   687  1290   510
	 8104 19163   687  1290   510
	 8103 19191   686  1290   510
	 8104 19210   684  1300   510
	 8104 19240   680  1300   510
	 8100 19270   675  1300   510
	 8092 19291   671  1300   510
	 8084 19320   664  1320   500
	 8067 19351   661  1320   500
	 8055 19370   658  1320   500
	 8039 19383   658  1330   500
	 8019 19398   650  1330   500
	 8000 19401   655  1340   490
	 7975 19413   655  1340   490
	 7948 19418   655  1350   490
	 7917 19420   655  1350   490
	 7879 19431   656  1350   490
	 7843 19436   655  1360   480
	 7801 19450   656  1360   480
	 7756 19463   656  1370   470
	 7712 19467   656  1370   470
	 7668 19482   655  1370   470
	 7622 19494   658  1380   470
	 7579 19499   658  1380   470
	 7531 19512   658  1390   460
	 7485 19525   660  1380   460
	 7438 19529   658  1380   460
	 7380 19531   658  1380   460
	 7317 19529   658  1380   460
	 7260 19527   658  1380   460
	 7207 19526   658  1380   460
	 7154 19513   663  1390   450
	 7109 19499   666  1380   450
	 7063 19483   666  1380   450
	 7020 19466   668  1380   450
	 6984 19445   674  1380   450
	 6950 19419   677  1380   450
	 6917 19398   678  1380   450
	 6885 19370   678  1370   450
	 6858 19340   677  1370   450
	 6832 19306   675  1360   460
	 6809 19285   675  1360   460
	 6787 19244   672  1350   460
	 6766 19207   672  1350   460
	 6747 19161   674  1340   470
	 6734 19113   674  1340   470
	 6720 19066   675  1330   470
	 6712 19018   674  1330   470
	 6708 18972   678  1320   480
	 6710 18924   678  1320   490
	 6714 18875   680  1320   490
	 6723 18840   680  1300   500
	 6741 18795   681  1300   500
	 6762 18759   683  1290   500
	 6790 18716   683  1290   500
	 6833 18684   683  1280   500
	 6892 18649   686  1280   500
	 6948 18618   689  1280   500
	 7008 18597   690  1280   500
	 7076 18568   694  1270   510
	 7152 18540   702  1270   510
	 7229 18520   705  1270   510
	 7316 18501   743  1270   510
	 7394 18486   743  1270   510
	 7474 18470   749  1270   510
	 7545 18444   752  1270   520
	 7612 18424   755  1270   520
	 7670 18405   755  1270   520
	 7718 18379   755  1270   520
	 7761 18363   754  1270   520
	 7799 18342   756  1280   530
	 7835 18325   754  1280   530
	 7866 18297   750  1280   530
	 7892 18279   702  1290   530
	 7909 18262   646  1280   540
	 7923 18236   531  1280   540
	 7923 18229   302  1280   540
	 7915 18219     0  1280   540
