ABCDE-012_345_678 641
	21008 12155     0  1240   490
	21006 12168   108  1240   490
	21008 12171   201  1240   490
	21003 12182   262  1240   490
	21000 12183   297  1240   490
	20998 12186   327  1230   490
	20997 12188   344  1230   490
	20994 12188   360  1230   490
	20992 12188   286  1230   490
	20990 12197   331  1230   490
	20990 12198   357  1230   490
	20991 12198   380  1230   490
	20990 12198   395  1230   490
	20991 12198   410  1230   490
	20990 12198   446  1230   490
	20991 12198   516  1230   490
	20991 12198   531  1240   490
	20990 12198   547  1240   490
	20990 12197   560  1240   490
	20990 12197   570  1240   490
	20988 12188   577  1240   490
	20986 12185   584  1240   490
	20989 12181   599  1240   490
	20990 12154   609  1240   490
	20992 12122   625  1240   490
	21000 12075   638  1240   490
	21005 12024   646  1240   490
	21002 11976   653  1240   490
	21005 11916   658  1240   490
	21002 11866   664  1240   490
	21002 11815   669  1240   490
	21001 11756   674  1250   500
	20998 11717   678  1250   500
	20998 11669   680  1240   500
	20995 11624   681  1240   500
	20993 11590   684  1240   500
	20993 11563   684  1240   500
	20995 11557   684  1240   500
	20999 11543   683  1240   500
	21001 11541   681  1220   500
	21001 11542   683  1220   500
	21004 11542   686  1220   500
	21005 11543   696  1220   500
	21002 11558   705  1210   510
	21003 11579   706  1210   510
	20999 11612   714  1210   510
	21001 11659   721  1210   510
	21002 11708   718  1210   510
	21005 11769   721  1210   510
	21008 11833   717  1210   510
	21013 11910   708  1210   510
	21015 11975   705  1210   510
	21024 12044   700  1210   510
	21033 12108   698  1210   510
	21047 12172   697  1220   500
	21067 12233   696  1220   500
	21094 12284   693  1220   500
	21115 12331   691  1220   500
	21138 12361   689  1230   490
	21153 12378   686  1230   490
	21165 12380   683  1230   490
	21169 12377   677  1230   490
	21173 12364   675  1240   490
	21183 12357   674  1250   500
	21195 12330   677  1250   500
	21210 12295   681  1250   500
	21227 12246   687  1260   490
	21243 12185   696  1260   490
	21258 12119   700  1260   490
	21272 12054   705  1260   490
	21281 11979   715  1260   490
	21290 11912   724  1270   500
	21288 11849   731  1270   500
	21287 11798   736  1260   500
	21287 11739   736  1260   500
	21289 11702   737  1260   500
	21293 11671   734  1270   510
	21296 11656   727  1260   510
	21300 11653   724  1260   510
	21301 11653   724  1260   510
	21301 11655   734  1260   510
	21302 11659   760  1240   520
	21300 11675   770  1240   520
	21295 11707   772  1240   520
	21293 11752   773  1240   520
	21295 11801   774  1240   520
	21295 11864   774  1240   520
	21300 11928   775  1240   520
	21305 12005   775  1240   520
	21313 12085   775  1240   520
	21329 12154   775  1240   520
	21355 12229   775  1240   520
	21381 12283   775  1240   520
	21408 12332   775  1240   520
	21424 12362   775  1250   510
	21438 12374   775  1250   510
	21447 12363   773  1250   510
	21452 12358   770  1260   500
	21462 12343   770  1260   500
	21482 12312   772  1260   500
	21495 12265   775  1270   510
	21510 12217   778  1270   510
	21522 12152   782  1270   510
	21526 12087   786  1280   500
	21523 12007   799  1280   500
	21519 11932   807  1280   500
	21513 11867   812  1280   500
	21510 11814   789  1280   520
	21508 11765   782  1280   520
	21508 11720   771  1280   520
	21508 11689   696  1280   520
	21510 11672   645  1270   520
	21512 11669   516  1270   520
	21515 11669   336  1270   520
	21516 11675    -1  1250   530
	21516 11703    -1  1250   530
	21515 11723    -1  1240   520
	21519 11753    -1  1240   520
	21520 11784    -1  1240   520
	21526 11817    -1  1230   510
	21535 11848    -1  1230   510
	21543 11880    -1  1230   510
	21554 11910    -1  1220   500
	21574 11941    -1  1220   500
	21586 11962    -1  1240   500
	21603 11978    -1  1230   490
	21615 11995    -1  1240   490
	21621 12010    -1  1240   490
	21632 12024    -1  1250   480
	21636 12040    -1  1240   480
	21641 12054    -1  1240   480
	21641 12060    -1  1250   470
	21642 12076    -1  1250   470
	21643 12089    -1  1250   470
	21642 12104    -1  1260   480
	21643 12117    -1  1260   480
	21638 12122   234  1260   480
	21637 12123   327  1270   490
	21636 12122   269  1270   490
	21635 12120   324  1260   490
	21640 12107   357  1260   490
	21644 12087   401  1270   500
	21658 12053   454  1270   500
	21668 12008   533  1260   500
	21677 11962   565  1270   510
	21684 11912   619  1270   510
	21690 11861   643  1270   510
	21691 11804   651  1260   510
	21688 11752   661  1270   520
	21687 11703   664  1270   520
	21684 11671   666  1270   520
	21686 11644   664  1250   530
	21691 11640   664  1250   530
	21694 11639   664  1250   530
	21695 11642   669  1250   530
	21695 11654   683  1250   530
	21698 11675   693  1250   530
	21697 11707   706  1250   530
	21699 11750   717  1240   530
	21702 11788   725  1240   530
	21703 11845   729  1240   530
	21706 11898   734  1240   530
	21706 11961   733  1240   530
	21708 12025   734  1240   530
	21715 12101   729  1250   530
	21725 12170   717  1250   530
	21744 12229   709  1250   530
	21762 12268   708  1250   530
	21777 12296   702  1250   530
	21788 12312   696  1270   520
	21797 12312   691  1270   520
	21811 12311   687  1270   520
	21825 12298   684  1270   520
	21842 12278   689  1280   520
	21862 12246   696  1280   520
	21874 12203   706  1280   520
	21890 12153   725  1280   520
	21902 12101   766  1280   520
	21904 12025   772  1280   520
	21904 11964   776  1290   520
	21908 11909   780  1290   520
	21900 11851   782  1290   520
	21898 11815   782  1290   520
	21898 11785   780  1290   520
	21904 11771   777  1280   530
	21912 11770   774  1280   530
	21912 11772   774  1280   530
	21914 11785   776  1280   530
	21919 11802   777  1280   530
	21925 11834   778  1280   530
	21927 11878   778  1270   530
	21938 11916   779  1280   530
	21943 11964   781  1280   530
	21952 12027   781  1280   530
	21970 12089   780  1280   530
	21982 12149   781  1280   530
	21994 12172   781  1280   530
	22003 12187   780  1280   530
	22008 12198   780  1280   530
	22009 12185   779  1280   530
	22024 12169   779  1280   530
	22044 12138   780  1280   530
	22066 12091   785  1290   520
	22087 12026   790  1290   520
	22104 11960   803  1290   520
	22114 11893   812  1300   530
	22118 11830   803  1300   530
	22121 11770   785  1300   530
	22120 11724   773  1300   530
	22129 11702   689  1290   530
	22140 11692   572  1290   530
	22150 11706   350  1300   540
	22169 11738   275  1300   540
	22193 11783    -1  1300   540
	22209 11830    -1  1300   540
	22220 11867    -1  1300   540
	22216 11910    -1  1300   540
	22215 11931    -1  1300   540
	22208 11961    -1  1300   540
	22206 11991    -1  1300   540
	22204 12022    -1  1310   540
	22211 12054    -1  1310   540
	22253 12074    -1  1330   530
	22245 12090    -1  1340   520
	22267 12106    -1  1340   520
	22296 12119    -1  1340   520
	22319 12108    -1  1350   520
	22350 12123    -1  1350   520
	22388 12133    -1  1350   520
	22399 12123    -1  1350   520
	22417 12124    -1  1350   520
	22430 12124    -1  1350   520
	22436 12123    -1  1340   520
	22432 12121    -1  1350   530
	22425 12119    -1  1350   530
	22417 12118    -1  1340   540
	22409 12119    -1  1340   540
	22400 12120    -1  1340   550
	22386 12122    -1  1340   550
	22371 12133    -1  1310   550
	22363 12137    -1  1300   550
	22351 12139    -1  1300   550
	22362 12139   275  1300   550
	22337 12155   360  1300   550
	22330 12156   380  1300   550
	22324 12156   533  1310   550
	22322 12154   574  1300   540
	22318 12151   613  1300   540
	22309 12135   630  1300   540
	22298 12104   643  1300   540
	22284 12060   650  1310   540
	22266 12022   656  1310   540
	22247 11977   660  1300   530
	22237 11927   661  1300   530
	22230 11883   663  1300   530
	22233 11847   660  1300   530
	22248 11818   653  1300   530
	22266 11798   645  1300   530
	22286 11782   634  1300   530
	22314 11768   621  1300   530
	22339 11755   590  1290   530
	22360 11750   577  1290   530
	22374 11739   574  1290   530
	22375 11737   572  1290   530
	22371 11721   572  1290   530
	22357 11705   577  1280   540
	22334 11689   577  1280   540
	22303 11673   577  1280   540
	22270 11659   572  1280   540
	22235 11655   550  1280   540
	22201 11654   410  1280   540
	22170 11657   269  1280   540
	22151 11672   218  1280   540
	22137 11701    -1  1280   540
	22125 11721    -1  1280   540
	22120 11755    -1  1280   540
	22125 11797    -1  1280   540
	22132 11835    -1  1280   540
	22148 11893    -1  1270   530
	22166 11947    -1  1270   530
	22193 12012    -1  1280   530
	22224 12091    -1  1280   530
	22253 12167    -1  1280   530
	22281 12234    -1  1280   530
	22313 12295    -1  1290   520
	22339 12345    -1  1290   520
	22368 12393    -1  1290   520
	22391 12428    -1  1290   520
	22401 12456    -1  1300   520
	22405 12469    -1  1300   520
	22402 12470    -1  1310   520
	22400 12469    -1  1310   520
	22398 12470    -1  1330   520
	22396 12471    -1  1330   520
	22396 12472    -1  1330   520
	22397 12475   262  1330   520
	22399 12476   352  1310   520
	22399 12486   338  1310   520
	22403 12476   385  1310   520
	22409 12474   410  1330   520
	22418 12469   454  1330   520
	22428 12454   531  1340   520
	22445 12423   557  1340   520
	22460 12379   601  1340   520
	22477 12330   636  1330   520
	22488 12277   651  1310   520
	22497 12200   668  1310   520
	22494 12121   678  1310   520
	22485 12025   681  1310   520
	22478 11961   674  1310   520
	22465 11898   658  1300   530
	22459 11848   630  1300   530
	22460 11803   544  1300   530
	22462 11771   363  1300   530
	22464 11753   308  1280   530
	22464 11740    64  1280   530
	22465 11739    -1  1280   530
	22472 11751    -1  1280   530
	22477 11765    -1  1270   520
	22490 11781    -1  1250   530
	22506 11784    -1  1250   530
	22516 11785    -1  1250   530
	22527 11783    -1  1250   530
	22535 11772    -1  1250   530
	22540 11768    -1  1250   530
	22545 11765    -1  1250   530
	22547 11753     0  1250   530
	22550 11754   297  1250   530
	22552 11755   360  1250   530
	22553 11768   368  1250   530
	22554 11771   516  1250   530
	22550 11787   565  1250   530
	22555 11803   621  1250   530
	22558 11832   630  1250   530
	22563 11861   641  1270   530
	22570 11883   650  1270   530
	22577 11914   668  1270   530
	22587 11932   683  1270   530
	22594 11961   689  1270   530
	22604 11992   689  1270   530
	22617 12010   689  1280   540
	22627 12027   690  1280   540
	22635 12037   689  1280   540
	22643 12037   686  1280   540
	22648 12027   678  1290   530
	22658 12022   675  1290   530
	22668 12007   674  1290   530
	22681 11990   674  1290   530
	22690 11961   677  1290   530
	22694 11930   677  1290   530
	22697 11911   677  1290   530
	22698 11882   675  1290   530
	22697 11864   672  1290   530
	22692 11846   672  1290   530
	22687 11830   671  1290   530
	22678 11817   671  1290   530
	22667 11813   674  1290   530
	22653 11801   675  1290   530
	22640 11800   681  1290   530
	22629 11800   686  1290   530
	22623 11801   693  1280   540
	22613 11802   696  1280   540
	22614 11802   701  1280   540
	22614 11801   701  1280   540
	22615 11800   700  1280   540
	22626 11799   696  1280   540
	22635 11786   691  1280   540
	22651 11781   686  1280   540
	22673 11766   678  1280   540
	22694 11752   664  1280   540
	22721 11749   641  1280   540
	22752 11740   562  1290   550
	22783 11751   385  1290   550
	22816 11768   308  1290   550
	22843 11786    64  1290   550
	22862 11814    -1  1290   550
	22871 11832    -1  1290   550
	22880 11850    -1  1290   550
	22886 11867    -1  1290   550
	22890 11883    -1  1290   550
	22890 11909    -1  1290   550
	22892 11925    -1  1300   540
	22893 11942    -1  1300   540
	22895 11959    -1  1300   540
	22898 11975    -1  1300   540
	22897 11992    -1  1310   540
	22898 12008    -1  1310   540
	22898 12022    -1  1310   540
	22893 12027    -1  1310   540
	22892 12037    75  1330   530
	22888 12040   352  1330   530
	22882 12040   380  1330   530
	22879 12039   533  1340   540
	22876 12027   574  1340   540
	22880 12023   623  1340   540
	22883 12007   646  1340   540
	22885 11979   664  1340   540
	22894 11957   686  1340   540
	22907 11911   706  1340   540
	22918 11862   725  1330   540
	22933 11788   750  1340   550
	22945 11718   768  1340   550
	22960 11628   770  1320   550
	22971 11541   770  1320   550
	22980 11452   772  1310   560
	22986 11367   773  1320   570
	22989 11290   773  1310   570
	22990 11227   772  1310   570
	22984 11192   772  1300   580
	22982 11160   771  1300   580
	22976 11147   770  1280   580
	22971 11147   770  1280   580
	22970 11158   767  1270   590
	22961 11175   729  1270   590
	22949 11196   696  1250   590
	22936 11227   658  1250   590
	22931 11258   638  1250   590
	22924 11290   550  1240   600
	22918 11322   363  1240   600
	22909 11365   262  1240   600
	22905 11402    -1  1240   600
	22899 11448    -1  1240   600
	22900 11494    -1  1240   580
	22907 11541    -1  1240   580
	22914 11592    -1  1240   580
	22925 11642    -1  1240   580
	22941 11702    -1  1240   570
	22954 11765    -1  1240   570
	22965 11820    -1  1260   570
	22979 11893    -1  1270   560
	22993 11959    -1  1270   560
	23014 12022    -1  1270   550
	23028 12075    -1  1270   550
	23030 12133    -1  1290   550
	23026 12168    -1  1290   550
	23021 12199    -1  1300   540
	23015 12218    -1  1300   540
	23008 12246    -1  1300   540
	22999 12265    -1  1310   540
	22988 12295   249  1310   540
	22982 12326   327  1310   540
	22982 12348   360  1310   540
	22984 12375   294  1330   530
	22991 12393   357  1330   530
	22999 12408   380  1340   540
	23007 12411   395  1330   540
	23019 12421   405  1330   540
	23027 12411   410  1330   540
	23039 12405   469  1330   540
	23054 12380   533  1330   540
	23073 12345   567  1330   540
	23083 12298   611  1330   540
	23093 12245   641  1330   540
	23102 12170   650  1340   550
	23102 12103   656  1340   550
	23106 12025   663  1340   550
	23102 11963   668  1340   550
	23100 11913   671  1340   550
	23100 11867   671  1340   550
	23107 11836   672  1340   550
	23117 11816   671  1350   550
	23122 11800   668  1350   550
	23131 11797   664  1340   560
	23140 11788   661  1340   560
	23145 11797   658  1340   560
	23148 11798   661  1340   560
	23153 11802   664  1340   560
	23156 11817   669  1320   570
	23162 11833   674  1320   570
	23169 11850   690  1320   570
	23171 11867   698  1320   570
	23178 11894   701  1320   570
	23183 11912   714  1320   570
	23189 11927   724  1320   570
	23194 11946   723  1320   570
	23206 11975   718  1320   570
	23216 11993   718  1320   570
	23225 12012   713  1340   560
	23236 12040   706  1340   560
	23241 12072   701  1340   560
	23254 12101   693  1340   560
	23257 12124   693  1340   560
	23258 12151   690  1340   560
	23255 12167   684  1340   560
	23248 12182   686  1340   560
	23241 12184   691  1340   560
	23234 12181   693  1340   560
	23225 12168   696  1340   560
	23216 12151   697  1340   560
	23206 12120   700  1340   560
	23203 12074   700  1340   560
	23204 12024   698  1340   560
	23211 11978   697  1340   560
	23214 11941   697  1350   570
	23224 11896   698  1350   570
	23237 11863   700  1350   570
	23252 11835   693  1350   570
	23268 11818   693  1350   570
	23282 11813   693  1350   570
	23294 11804   694  1350   570
	23303 11814   701  1350   570
	23312 11819   708  1350   570
	23325 11846   714  1350   570
	23334 11867   715  1350   570
	23350 11900   714  1350   570
	23359 11941   721  1360   570
	23369 11975   723  1360   570
	23378 12010   722  1360   570
	23396 12055   723  1360   570
	23406 12092   717  1360   570
	23425 12124   715  1360   570
	23446 12151   708  1360   570
	23462 12166   708  1360   570
	23474 12167   702  1380   580
	23492 12166   693  1380   580
	23507 12152   689  1380   580
	23523 12134   689  1380   580
	23538 12105   689  1380   580
	23547 12074   690  1380   580
	23546 12044   693  1380   580
	23542 12021   701  1380   580
	23534 11991   713  1380   580
	23523 11974   723  1360   570
	23506 11948   738  1380   580
	23493 11932   769  1380   580
	23482 11928   775  1380   580
	23473 11926   781  1380   580
	23472 11925   790  1380   580
	23472 11927   816  1380   580
	23472 11927   820  1380   580
	23475 11927   821  1390   570
	23472 11926   820  1390   570
	23480 11914   817  1390   570
	23495 11893   817  1390   570
	23515 11864   819  1400   580
	23529 11833   820  1400   580
	23551 11804   821  1390   580
	23575 11783   820  1390   580
	23591 11756   816  1390   580
	23615 11737   789  1390   580
	23636 11724   775  1390   580
	23647 11721   689  1380   580
	23654 11721   516  1380   580
	23656 11724   108  1360   580
	23651 11740    -1  1360   580
	23633 11765    -1  1350   580
	23606 11787    -1  1350   580
	23570 11820    -1  1350   580
	23524 11849    -1  1350   580
	23480 11909    -1  1350   580
	23446 11963    -1  1350   580
	23422 12028    -1  1350   580
	23414 12102    -1  1350   580
	23427 12166    -1  1350   580
	    0     0    -4     0     0
	    0     0    -4     0     0
	22346 11497    -1  1350   800
	22421 11511    -1  1350   800
	22488 11526    -1  1350   800
	22544 11543    -1  1350   800
	22598 11559    -1  1350   800
	22649 11575    -1  1380   780
	22702 11595    -1  1380   750
	22759 11611    -1  1370   730
	22824 11625    -1  1390   710
	22892 11641    -1  1430   690
	22963 11654    -1  1370   670
	23008 11658    -1  1430   640
	23084 11689    -1  1380   630
	23103 11659    -1  1440   600
	23165 11687    -1  1380   580
	23165 11643    -1  1430   550
	23205 11673    -1  1420   530
	23180 11674    -1  1430   510
	23176 11673    -1  1420   500
	23161 11611    -1  1450   470
	23154 11656    -1  1450   470
	23190 11595    -1  1460   470
	23152 11657    -1  1470   470
	23156 11655    -1  1470   470
	23209 11644    -1  1470   480
	23200 11642    -1  1480   480
	23238 11641    -1  1490   490
	23282 11641    -1  1510   490
	23329 11580    -1  1510   500
	23371 11654    -1  1510   500
	23411 11655   136  1510   510
	23437 11657   249  1530   520
	23452 11656   317  1530   520
	23457 11655   367  1530   530
	23452 11654   380  1530   530
	23447 11643   533  1530   530
	23421 11643   579  1530   530
	23377 11643   630  1540   530
	23292 11627   641  1540   530
	23176 11607   653  1540   530
	23046 11577   651  1540   530
	22802 11544   658  1540   530
	22568 11499   656  1540   530
	22301 11449   651  1520   540
	22014 11397   650  1520   540
	21715 11334   656  1510   530
	21448 11272   653  1510   530
	21224 11223   658  1490   530
	21031 11176   660  1490   530
	20850 11130   656  1470   530
	20701 11096   651  1460   530
	20584 11066   650  1460   530
	20502 11050   653  1450   530
	20460 11062   653  1450   530
	20450 11080   646  1430   520
	20462 11112   641  1420   520
	20512 11160   638  1420   520
	20593 11221   632  1410   510
	20709 11276   625  1410   510
	20860 11338   630  1410   510
	21044 11398   634  1410   510
	21233 11445   639  1410   510
	21446 11478   645  1410   510
	21629 11484   653  1420   500
	21804 11481   663  1420   500
	21977 11463   672  1430   510
	22129 11445   678  1430   510
	22240 11403   681  1430   510
	22313 11365   686  1440   510
	22360 11308   693  1440   510
	22386 11271   698  1440   510
	22389 11239   704  1460   520
	22383 11193   710  1460   520
	22380 11147   722  1470   520
	22370 11116   718  1470   520
	22366 11095   717  1480   530
	22372 11067   706  1470   530
	22381 11050   702  1470   530
	22394 11045   693  1480   540
	22414 11032   686  1480   540
	22439 11019   677  1480   540
	22477 11019   663  1480   540
	22524 11020   603  1480   540
	22581 11031   344  1480   540
	22634 11046     0  1490   530
