ABCDE-012_345_678 409
	 6584 19353    64  1190   490
	 6582 19352     0  1190   490
	 6581 19353     0  1190   490
	 6582 19355    35  1190   490
	 6580 19355   108  1190   490
	 6582 19354   136  1190   490
	 6579 19355   182  1190   490
	 6581 19354   201  1190   490
	 6580 19354   234  1190   490
	 6580 19354   249  1190   480
	 6580 19354   262  1190   480
	 6579 19354   286  1200   480
	 6579 19354   297  1200   480
	 6580 19354   308  1200   480
	 6580 19355   327  1200   480
	 6581 19355   336  1200   480
	 6580 19355   352  1200   480
	 6580 19365   360  1200   480
	 6579 19365   278  1200   480
	 6579 19367   302  1200   480
	 6578 19368   331  1200   480
	 6580 19368   344  1200   480
	 6578 19370   368  1200   480
	 6578 19372   385  1200   480
	 6578 19382   401  1200   480
	 6578 19385   415  1210   480
	 6579 19387   429  1210   480
	 6582 19397   437  1210   480
	 6581 19399   446  1210   480
	 6584 19402   454  1210   480
	 6582 19402   462  1210   480
	 6584 19403   465  1210   480
	 6585 19404   473  1210   480
	 6584 19404   480  1210   480
	 6584 19413   484  1210   480
	 6585 19413   490  1210   480
	 6584 19415   490  1210   480
	 6584 19414   494  1210   480
	 6585 19416   497  1210   480
	 6584 19415   497  1210   480
	 6585 19418   500  1210   480
	 6584 19420   500  1210   480
	 6587 19431   500  1210   480
	 6589 19433   504  1220   470
	 6587 19433   504  1220   470
	 6592 19436   504  1220   470
	 6592 19446   504  1220   470
	 6593 19446   504  1220   470
	 6594 19448   507  1220   470
	 6594 19450   507  1220   470
	 6594 19450   507  1220   470
	 6594 19452   507  1220   470
	 6597 19461   507  1230   470
	 6597 19462   510  1230   470
	 6598 19461   510  1230   470
	 6598 19462   510  1230   470
	 6601 19463   510  1240   480
	 6600 19463   510  1240   480
	 6602 19465   510  1240   480
	 6602 19466   510  1240   480
	 6604 19465   510  1240   480
	 6604 19467   510  1240   480
	 6608 19467   510  1250   470
	 6609 19477   510  1250   470
	 6609 19477   510  1250   470
	 6608 19478   510  1250   470
	 6611 19462   510  1250   470
	 6611 19479   510  1250   470
	 6612 19478   510  1250   470
	 6611 19479   510  1250   470
	 6612 19479   510  1250   470
	 6612 19480   510  1250   470
	 6612 19480   510  1250   470
	 6616 19480   510  1250   470
	 6616 19481   510  1250   470
	 6616 19480   510  1250   470
	 6616 19481   510  1250   470
	 6616 19480   510  1250   470
	 6618 19480   510  1250   470
	 6619 19481   510  1250   470
	 6618 19481   507  1250   470
	 6618 19480   507  1260   470
	 6617 19480   507  1260   470
	 6619 19479   507  1260   470
	 6620 19479   504  1260   470
	 6622 19478   504  1260   470
	 6619 19478   504  1260   470
	 6623 19468   504  1260   470
	 6626 19467   504  1250   470
	 6628 19467   504  1250   470
	 6629 19465   504  1250   470
	 6633 19464   504  1250   470
	 6634 19462   504  1250   470
	 6635 19461   507  1250   470
	 6637 19451   507  1250   470
	 6637 19449   507  1250   470
	 6641 19446   507  1250   470
	 6644 19445   507  1250   470
	 6645 19434   510  1250   470
	 6647 19433   510  1250   470
	 6650 19419   513  1250   470
	 6653 19415   516  1250   470
	 6660 19399   528  1240   480
	 6665 19384   536  1240   480
	 6671 19367   550  1240   480
	 6675 19338   555  1240   480
	 6681 19319   557  1230   480
	 6683 19292   562  1220   480
	 6687 19275   562  1220   480
	 6692 19255   567  1210   490
	 6697 19225   567  1210   490
	 6698 19206   570  1190   490
	 6708 19161   574  1190   490
	 6714 19110   581  1190   490
	 6726 19031   584  1170   500
	 6737 18988   586  1170   500
	 6749 18908   590  1160   500
	 6763 18825   595  1150   500
	 6780 18744   599  1150   500
	 6802 18683   603  1130   510
	 6828 18616   609  1120   510
	 6847 18554   613  1110   510
	 6866 18518   613  1110   510
	 6894 18474   617  1110   510
	 6927 18439   617  1100   510
	 6953 18407   619  1100   510
	 6981 18378   619  1080   520
	 7010 18347   619  1070   520
	 7044 18331   621  1070   520
	 7071 18325   619  1070   520
	 7101 18316   617  1060   520
	 7131 18315   619  1060   520
	 7165 18327   619  1060   520
	 7198 18332   617  1040   520
	 7227 18348   617  1040   520
	 7255 18377   619  1040   510
	 7282 18407   619  1040   510
	 7307 18440   621  1040   510
	 7328 18476   621  1040   510
	 7342 18522   623  1040   510
	 7361 18572   627  1040   510
	 7369 18631   630  1040   510
	 7369 18698   630  1040   510
	 7371 18791   629  1050   510
	 7368 18875   629  1050   510
	 7359 18969   629  1050   510
	 7347 19049   627  1060   510
	 7339 19129   629  1060   510
	 7326 19205   627  1080   510
	 7314 19259   629  1080   510
	 7301 19317   629  1080   510
	 7290 19356   629  1100   500
	 7274 19415   629  1110   500
	 7259 19449   630  1130   500
	 7248 19468   641  1140   500
	 7233 19500   641  1150   490
	 7223 19527   641  1160   490
	 7213 19545   648  1170   490
	 7207 19557   661  1190   480
	 7204 19559   666  1200   480
	 7204 19559   674  1210   480
	 7206 19558   677  1220   470
	 7204 19559   674  1220   470
	 7204 19547   666  1230   470
	 7204 19545   664  1240   470
	 7206 19528   661  1240   470
	 7209 19498   658  1250   460
	 7216 19450   656  1250   460
	 7224 19398   656  1250   460
	 7225 19352   653  1250   460
	 7236 19306   655  1240   470
	 7251 19260   655  1230   470
	 7270 19227   655  1220   470
	 7286 19206   655  1220   470
	 7307 19178   656  1210   480
	 7329 19144   655  1200   480
	 7347 19129   655  1190   480
	 7363 19114   655  1190   480
	 7379 19098   655  1170   490
	 7406 19083   655  1160   490
	 7429 19066   655  1150   490
	 7449 19062   650  1140   500
	 7473 19050   648  1140   500
	 7499 19046   643  1130   500
	 7523 19046   630  1110   500
	 7548 19045   630  1110   500
	 7577 19045   629  1120   510
	 7604 19051   629  1120   510
	 7629 19067   627  1110   510
	 7651 19082   627  1110   510
	 7663 19110   629  1110   510
	 7683 19144   630  1110   510
	 7699 19189   632  1110   510
	 7709 19239   630  1120   510
	 7715 19304   630  1120   510
	 7723 19383   630  1120   510
	 7727 19448   629  1130   510
	 7726 19499   629  1150   510
	 7725 19545   629  1170   510
	 7727 19591   629  1180   510
	 7726 19610   629  1190   500
	 7725 19624   630  1200   500
	 7723 19627   638  1200   500
	 7721 19627   646  1220   500
	 7721 19627   648  1230   490
	 7721 19625   648  1240   490
	 7720 19622   645  1250   480
	 7720 19607   641  1260   480
	 7721 19590   638  1260   480
	 7728 19562   638  1270   480
	 7736 19531   638  1280   470
	 7743 19496   638  1280   470
	 7752 19451   638  1280   470
	 7764 19414   636  1270   480
	 7781 19367   638  1270   480
	 7795 19336   638  1260   480
	 7811 19301   636  1260   480
	 7827 19270   638  1250   480
	 7858 19242   632  1240   490
	 7859 19222   632  1240   490
	 7876 19192   634  1230   490
	 7893 19173   629  1220   500
	 7913 19157   630  1200   500
	 7932 19132   629  1200   500
	 7950 19126   627  1190   500
	 7965 19112   627  1180   510
	 7976 19096   627  1170   510
	 7986 19080   627  1170   510
	 7993 19062   627  1150   510
	 7998 19045   627  1150   510
	 8004 19016   629  1140   510
	 8005 18988   629  1140   510
	 8003 18965   629  1140   510
	 8000 18917   629  1140   510
	 7995 18876   630  1140   510
	 7986 18840   629  1130   510
	 7979 18794   629  1120   510
	 7967 18760   629  1120   510
	 7955 18726   629  1120   510
	 7940 18684   629  1120   510
	 7915 18649   627  1120   510
	 7889 18613   625  1110   510
	 7857 18568   627  1120   520
	 7825 18524   627  1120   520
	 7785 18487   629  1120   520
	 7745 18444   627  1120   520
	 7698 18396   630  1100   520
	 7650 18347   638  1100   520
	 7597 18300   641  1100   520
	 7545 18263   650  1100   520
	 7496 18233   650  1090   520
	 7440 18202   655  1090   520
	 7388 18172   656  1090   520
	 7331 18154   660  1080   530
	 7275 18140   658  1080   530
	 7227 18136   658  1080   530
	 7179 18134   658  1080   530
	 7130 18134   658  1060   530
	 7081 18139   658  1060   530
	 7028 18156   653  1060   530
	 6973 18185   648  1060   530
	 6914 18217   641  1040   520
	 6850 18252   648  1040   520
	 6793 18284   646  1040   520
	 6734 18332   646  1040   520
	 6686 18379   650  1060   520
	 6639 18423   655  1060   520
	 6600 18460   655  1060   520
	 6561 18501   658  1070   520
	 6528 18536   658  1070   520
	 6508 18569   658  1080   520
	 6504 18600   658  1080   520
	 6506 18633   658  1100   510
	 6514 18677   655  1100   510
	 6529 18709   655  1110   510
	 6555 18746   655  1110   510
	 6589 18790   651  1120   510
	 6638 18841   650  1130   520
	 6701 18889   651  1140   510
	 6770 18935   650  1140   510
	 6857 18983   650  1150   510
	 6951 19030   650  1150   510
	 7048 19065   651  1150   510
	 7138 19097   655  1150   510
	 7242 19125   658  1170   510
	 7352 19147   660  1170   510
	 7447 19177   663  1170   510
	 7547 19193   664  1170   510
	 7636 19210   663  1180   510
	 7728 19237   666  1190   510
	 7833 19257   666  1190   510
	 7926 19288   666  1190   510
	 8011 19303   666  1200   510
	 8086 19321   669  1200   510
	 8155 19355   671  1200   510
	 8218 19384   671  1210   510
	 8274 19403   671  1210   510
	 8326 19431   672  1220   500
	 8368 19462   671  1240   500
	 8404 19493   674  1240   500
	 8432 19526   674  1250   500
	 8458 19548   678  1260   500
	 8483 19593   683  1270   500
	 8504 19637   684  1280   490
	 8514 19675   687  1280   490
	 8523 19722   690  1290   490
	 8528 19783   694  1310   480
	 8526 19830   698  1310   480
	 8522 19879   702  1320   480
	 8514 19931   705  1330   470
	 8502 19979   738  1330   470
	 8486 20021   742  1340   470
	 8525 20055   744  1340   470
	 8435 20088   749  1350   460
	 8396 20118   749  1350   460
	 8352 20139   752  1350   460
	 8304 20165   759  1360   460
	 8255 20171   753  1360   460
	 8204 20187   752  1370   450
	 8151 20200   752  1370   450
	 8099 20204   751  1370   450
	 8046 20214   745  1370   450
	 7996 20204   745  1380   450
	 7944 20199   743  1380   450
	 7888 20182   744  1380   450
	 7837 20156   742  1380   450
	 7793 20135   742  1380   450
	 7749 20101   741  1370   440
	 7715 20057   741  1370   440
	 7684 20022   741  1370   440
	 7662 19978   740  1370   440
	 7641 19941   706  1370   440
	 7621 19881   705  1370   440
	 7600 19813   702  1370   440
	 7582 19765   700  1370   440
	 7571 19705   700  1370   440
	 7565 19653   694  1360   450
	 7559 19605   691  1360   450
	 7554 19542   687  1360   450
	 7555 19468   683  1350   450
	 7550 19401   683  1360   460
	 7555 19340   681  1350   460
	 7556 19287   681  1330   460
	 7564 19237   683  1330   460
	 7559 19177   683  1320   470
	 7557 19143   683  1310   470
	 7557 19095   686  1300   480
	 7563 19046   690  1280   480
	 7569 18997   690  1270   490
	 7579 18940   691  1260   490
	 7589 18901   691  1260   490
	 7602 18843   693  1250   500
	 7617 18793   693  1240   500
	 7643 18743   690  1220   500
	 7667 18693   690  1220   510
	 7702 18629   690  1220   510
	 7746 18570   689  1210   520
	 7811 18534   689  1200   520
	 7858 18489   687  1200   520
	 7940 18457   687  1200   520
	 8020 18425   690  1180   530
	 8111 18395   697  1180   530
	 8206 18364   700  1180   530
	 8306 18347   705  1170   530
	 8423 18332   706  1170   530
	 8543 18341   706  1180   540
	 8661 18346   705  1180   540
	 8782 18361   698  1180   540
	 8900 18390   689  1180   540
	 9019 18424   660  1190   540
	 9109 18472   617  1190   540
	 9179 18520   599  1190   540
	 9243 18570   513  1190   540
	 9295 18617   469  1190   540
	 9332 18650   368  1200   550
	 9364 18680   327  1200   550
	 9386 18698   201  1200   550
	 9401 18713    35  1200   550
	 9410 18728     0  1210   550
	 9423 18729     0  1210   550
	 9434 18741   160  1210   550
	 9439 18742   297  1210   550
	 9440 18741   344  1210   550
	 9439 18731   350  1210   550
	 9436 18729   442  1210   550
	 9428 18727   480  1210   550
	 9419 18714   513  1210   550
	 9404 18697   581  1210   550
	 9378 18678   613  1210   550
	 9347 18649   641  1210   550
	 9316 18620   663  1210   550
	 9273 18588   675  1210   550
	 9226 18554   696  1210   550
	 9180 18517   742  1210   550
	 9128 18471   744  1210   550
	 9080 18428   749  1210   550
	 9035 18394   751  1210   550
	 8996 18361   745  1200   540
	 8953 18328   744  1200   540
	 8916 18299   738  1200   540
	 8880 18278   708  1200   540
	 8844 18261   740  1190   540
	 8810 18234   705  1190   540
	 8777 18214   700  1190   540
	 8737 18198   666  1170   550
	 8692 18172   629  1170   550
	 8641 18151   581  1170   550
	 8579 18118   473  1160   550
	 8515 18086   327  1160   550
