259
3413 7482 1390 450 212
3419 7519 1380 460 257
3411 7542 1380 470 257
3397 7516 1380 470 257
3378 7430 1380 480 259
3331 7236 1390 480 260
3247 6969 1390 480 262
3138 6630 1410 490 264
2996 6235 1410 490 269
2819 5804 1420 490 274
2619 5432 1420 490 282
2376 5070 1410 500 336
2178 4716 1400 510 364
2011 4550 1380 510 371
1951 4449 1370 520 340
2227 4635 1310 560 430
2335 4796 1310 560 492
2384 4909 1290 560 540
2479 5023 1290 560 542
2604 5155 1290 560 536
2784 5300 1290 560 527
2945 5437 1290 560 428
3092 5532 1290 560 244
3225 5599 1290 560 144
3300 5624 1290 560 137
3335 5611 1290 560 141
3323 5574 1290 560 142
3265 5493 1290 560 144
3177 5376 1290 560 144
3068 5235 1300 550 142
2959 5093 1300 550 149
2854 4955 1300 550 216
2757 4849 1300 550 371
2705 4764 1310 550 443
2681 4756 1310 550 450
2697 4771 1310 550 497
2766 4802 1310 550 515
2869 4888 1310 550 522
3008 4994 1310 550 512
3158 5114 1310 550 448
3315 5223 1310 550 301
3414 5287 1310 550 53
3242 4839 1310 550 10
2987 4448 1310 550 120
2899 4283 1310 550 186
2838 4179 1310 550 181
2829 4127 1310 550 225
2863 4110 1310 550 289
2925 4143 1310 550 297
3036 4250 1300 550 291
3166 4406 1300 550 242
3308 4569 1300 550 68
3556 5205 1310 560 106
3480 5148 1300 550 149
3423 5094 1300 550 185
3366 4980 1310 550 207
3316 4795 1310 550 245
3283 4563 1310 550 304
3260 4291 1310 550 344
3260 4020 1310 550 398
3282 3750 1310 550 440
3317 3580 1310 550 522
3359 3509 1310 550 584
3404 3504 1300 550 600
3479 3532 1300 550 592
3572 3636 1300 550 533
3679 3791 1290 560 241
4126 6004 1300 530 181
4171 6031 1310 520 203
4164 6076 1330 520 203
4159 6076 1340 510 208
4154 6038 1350 510 218
4136 5972 1350 510 235
4110 5864 1360 500 269
4073 5727 1370 510 287
4028 5568 1380 500 306
3977 5371 1380 500 316
3909 5150 1410 500 334
3864 5008 1400 510 351
3834 4941 1400 510 364
3834 4923 1410 510 397
3855 4923 1400 520 440
3898 4971 1410 520 455
3991 5052 1400 530 458
4105 5167 1400 530 453
4232 5248 1400 530 447
4326 5307 1390 540 438
4388 5296 1370 530 372
4428 5212 1360 540 269
4401 5079 1360 540 214
4308 4886 1360 540 216
4172 4693 1360 540 226
4026 4536 1350 540 256
3909 4404 1350 540 312
3810 4306 1350 540 369
3784 4275 1350 540 461
3810 4288 1340 550 537
3870 4371 1340 550 578
3998 4502 1340 550 589
4171 4665 1340 550 586
4375 4832 1330 540 559
4548 4963 1330 540 418
4673 5069 1330 540 173
4158 5575 1350 530 309
4269 5413 1340 520 314
4293 5435 1340 520 339
4304 5305 1360 520 342
4304 5074 1360 520 366
4258 4847 1360 520 433
4187 4639 1360 520 474
4093 4444 1350 530 465
4002 4242 1340 520 468
3946 4091 1340 520 363
4145 4286 1310 550 384
4315 4203 1310 550 425
4288 4247 1310 550 522
4368 4212 1310 550 575
4483 4171 1310 550 602
4621 4112 1310 550 613
4824 4042 1310 550 613
5032 3982 1310 550 545
5299 3943 1310 550 53
5898 5910 1380 470 369
5931 5880 1380 470 382
6007 5955 1370 460 377
6087 6058 1370 460 367
6229 6150 1370 460 367
6412 6253 1380 470 367
6569 6363 1380 470 369
6707 6453 1380 470 371
6831 6505 1390 470 374
6906 6531 1400 480 371
6942 6524 1420 480 381
6952 6476 1420 480 393
6920 6402 1420 490 398
6845 6272 1420 490 399
6742 6130 1430 500 399
6659 5980 1440 500 394
6580 5841 1430 510 369
6521 5741 1440 510 181
6423 5764 1420 530 291
6467 5764 1400 530 297
6480 5770 1400 530 304
6504 5720 1390 540 306
6522 5634 1390 540 301
6516 5522 1370 540 289
6494 5402 1360 540 208
6375 5163 1370 530 6
6388 5220 1360 540 173
6438 5314 1360 540 299
6525 5434 1360 540 353
6618 5536 1360 540 361
6719 5618 1360 540 351
6824 5686 1360 540 223
6298 5713 1390 540 202
6144 5590 1390 540 251
6105 5519 1400 540 294
6087 5440 1400 540 369
6040 5294 1400 540 441
5979 5169 1400 540 468
5909 5059 1400 540 467
5827 4952 1400 540 464
5735 4841 1400 540 456
5635 4747 1400 540 291
5564 4850 1350 530 213
5590 4814 1350 530 222
5608 4835 1340 520 251
5645 4847 1340 520 309
5695 4873 1340 520 348
5763 4909 1340 520 386
5861 4936 1340 520 417
5978 4964 1340 520 428
6140 4994 1350 530 439
6352 5027 1360 520 465
6597 5073 1360 520 494
6878 5129 1370 530 510
7119 5186 1370 530 509
7332 5235 1370 530 497
7495 5253 1390 540 477
7592 5253 1390 540 373
7646 5253 1390 540 55
6485 4898 1400 550 179
6480 4752 1400 550 282
6471 4733 1400 550 314
6433 4708 1390 560 339
6458 4624 1390 560 334
6486 4504 1380 550 339
6518 4405 1380 550 338
6552 4317 1380 550 334
6589 4237 1380 550 339
6609 4184 1360 550 329
6617 4154 1350 550 280
6612 4139 1350 550 173
6595 4139 1350 550 129
6571 4156 1350 550 130
6556 4190 1350 550 170
6544 4238 1340 560 253
6554 4302 1340 560 310
6576 4377 1340 560 369
6642 4478 1340 560 405
6750 4589 1340 560 420
6885 4708 1350 550 427
6990 4795 1350 550 425
7078 4824 1350 550 420
7154 4814 1350 550 414
7197 4763 1360 560 422
7179 4676 1360 560 420
7121 4564 1360 560 420
7013 4419 1360 560 427
6893 4274 1380 570 428
6765 4162 1380 570 430
6673 4074 1380 570 436
6640 4050 1380 570 438
6640 4050 1380 570 448
6706 4104 1380 570 449
6811 4200 1380 570 443
6945 4316 1380 570 431
7061 4445 1390 560 394
7156 4540 1380 570 259
7236 4611 1380 570 48
6869 4874 1390 570 142
6780 4899 1400 560 211
6772 4899 1400 560 253
6781 4899 1400 560 315
6801 4874 1400 560 371
6826 4837 1400 560 402
6844 4735 1400 560 422
6855 4615 1400 560 417
6850 4483 1400 560 420
6838 4325 1400 560 420
6821 4166 1410 560 415
6816 4008 1410 560 415
6816 3870 1410 560 399
6807 3744 1400 560 346
6788 3674 1400 560 274
6759 3613 1400 560 251
6699 3557 1380 570 251
6642 3511 1380 570 265
6587 3483 1360 570 340
6563 3467 1360 570 404
6563 3467 1360 570 521
6578 3485 1350 580 620
6639 3521 1350 580 656
6758 3614 1350 580 663
6916 3758 1340 570 666
7093 3937 1340 570 670
7270 4099 1350 580 613
7407 4204 1350 580 362
7629 4604 1430 560 338
7671 4471 1430 560 427
7671 4508 1430 560 445
7649 4508 1430 560 502
7659 4487 1430 560 574
7689 4464 1430 560 600
7732 4412 1430 560 613
7799 4340 1430 560 609
7868 4249 1430 560 602
7920 4169 1420 570 589
7960 4096 1430 570 449