268
2994 7007 260 1350 470
3091 7136 273 1360 470
3082 7212 284 1360 470
3043 7298 275 1370 460
3053 7281 274 1380 470
3063 7201 275 1380 470
3063 7080 277 1380 470
3038 6829 280 1390 470
2993 6552 285 1390 470
2930 6257 274 1390 470
2842 5900 282 1390 480
2737 5558 289 1390 480
2587 5227 294 1400 500
2438 4936 292 1400 500
2345 4747 286 1400 510
2289 4626 144 1380 510
2733 5188 221 1300 550
2959 5509 226 1290 560
3072 5644 202 1290 560
3268 5464 98 1260 560
3065 5065 181 1270 550
2957 4975 239 1270 550
2912 4934 247 1270 550
2912 4927 249 1290 550
2958 4945 260 1290 550
3053 5019 270 1290 550
3180 5131 272 1290 550
3314 5245 272 1300 540
3417 5303 267 1300 540
3499 5324 270 1300 540
3537 5280 279 1300 540
3516 5195 309 1300 540
3456 5082 381 1300 540
3375 4976 392 1300 540
3330 4909 388 1300 540
3309 4867 394 1300 540
3326 4849 339 1310 540
3365 4859 153 1310 540
3458 4697 56 1290 530
3342 4385 153 1300 540
3291 4245 191 1300 540
3268 4173 207 1300 540
3268 4146 212 1300 540
3303 4170 214 1290 550
3367 4259 209 1290 550
3447 4391 222 1290 550
3519 4532 217 1290 550
3573 4671 170 1270 550
3614 4806 136 1270 550
3620 4899 146 1270 550
3604 4965 156 1270 550
3572 4941 205 1270 550
3525 4848 274 1270 550
3483 4708 348 1270 550
3443 4522 393 1270 550
3425 4290 427 1270 550
3420 4027 488 1270 550
3420 3795 540 1270 550
3427 3657 560 1270 550
3446 3583 597 1270 550
3476 3569 617 1250 550
3533 3609 614 1250 550
3627 3684 557 1260 560
3745 3880 287 1260 560
4137 5787 369 1250 550
4208 5907 371 1260 540
4208 5936 367 1260 540
4221 5921 362 1280 540
4237 5871 362 1280 540
4213 5798 367 1290 530
4162 5668 371 1300 530
4095 5535 371 1310 520
4022 5401 376 1310 520
3945 5241 386 1330 520
3901 5154 393 1340 520
3896 5117 394 1340 520
3916 5117 405 1350 520
3979 5158 410 1350 530
4086 5222 404 1350 530
4223 5309 392 1350 530
4341 5375 358 1340 540
4417 5357 259 1340 540
4466 5289 226 1340 540
4438 5153 226 1330 540
4353 5000 281 1330 540
4230 4836 364 1330 540
4105 4703 423 1310 550
4023 4614 463 1310 550
3970 4555 496 1310 550
3970 4555 563 1310 550
4040 4603 575 1300 540
4153 4685 572 1290 550
4308 4835 561 1290 550
4454 4988 493 1290 550
4595 5143 267 1290 550
4234 5795 242 1290 530
4231 5617 289 1300 530
4246 5606 376 1300 530
4288 5493 415 1300 530
4347 5313 469 1300 530
4386 5138 532 1310 520
4378 4960 566 1310 520
4338 4753 581 1310 520
4273 4529 581 1310 520
4194 4317 572 1310 520
4106 4148 546 1330 530
4042 4007 242 1310 540
4170 4496 465 1290 550
4280 4481 494 1280 540
4314 4481 567 1280 540
4394 4495 627 1280 540
4503 4442 646 1280 540
4650 4359 646 1260 540
4829 4256 647 1260 540
5029 4145 515 1270 550
5585 6041 379 1370 450
5554 5943 412 1380 460
5529 5980 407 1380 460
5508 6065 412 1380 460
5589 6115 413 1390 450
5737 6186 417 1400 460
5918 6288 422 1400 470
6100 6404 423 1420 470
6283 6520 414 1430 480
6454 6606 418 1440 480
6587 6673 420 1440 490
6694 6711 422 1440 490
6770 6744 422 1440 490
6809 6755 418 1440 490
6822 6755 418 1440 490
6822 6750 417 1430 500
6808 6745 415 1430 500
6791 6721 415 1430 500
6760 6686 415 1430 500
6729 6650 415 1430 500
6700 6612 417 1430 500
6664 6566 425 1430 500
6624 6482 438 1430 500
6577 6373 465 1430 500
6530 6244 486 1430 500
6483 6116 496 1430 500
6444 5988 488 1430 500
6410 5864 483 1430 500
6394 5770 472 1430 500
6388 5697 440 1420 500
6383 5645 320 1420 500
6377 5618 136 1420 500
6308 5728 86 1400 520
6296 5882 222 1400 520
6314 5966 249 1400 520
6330 5985 274 1400 520
6360 5950 287 1400 520
6398 5879 322 1400 520
6415 5756 351 1390 520
6410 5633 371 1390 520
6390 5539 371 1390 520
6370 5465 376 1390 520
6357 5437 384 1390 520
6365 5442 396 1390 520
6384 5469 396 1390 520
6455 5573 393 1390 520
6540 5709 384 1390 520
6633 5866 334 1390 520
6709 6005 178 1390 520
6603 6066 22 1400 520
6328 5968 94 1400 520
6186 5895 193 1400 520
6076 5808 292 1400 520
5985 5719 374 1400 520
5928 5626 427 1410 510
5871 5527 474 1410 510
5811 5400 499 1410 510
5723 5256 512 1410 510
5618 5117 516 1410 510
5508 4976 512 1420 500
5399 4833 504 1410 510
5322 4713 373 1410 510
5421 5077 120 1350 520
5421 4980 207 1350 520
5378 5014 217 1350 520
5360 5025 220 1340 510
5360 5020 212 1340 510
5360 5020 216 1340 510
5360 5026 225 1340 510
5385 5031 232 1340 510
5417 5031 240 1340 510
5467 5031 262 1340 510
5520 5026 315 1350 510
5610 5017 399 1350 510
5722 5031 452 1360 510
5896 5060 489 1360 510
6126 5126 512 1360 510
6393 5225 524 1360 510
6717 5345 518 1370 520
7003 5450 516 1370 520
7263 5496 520 1360 520
7461 5503 442 1370 530
7574 5490 334 1370 530
7631 5457 165 1370 530
6292 5097 422 1390 550
6323 4792 438 1390 550
6299 4751 443 1390 550
6236 4642 460 1390 550
6251 4487 448 1390 550
6280 4391 442 1390 550
6318 4293 440 1390 550
6349 4229 443 1380 550
6375 4188 427 1380 550
6397 4166 393 1360 550
6404 4157 384 1360 550
6404 4157 386 1360 550
6404 4182 389 1350 550
6418 4243 399 1350 550
6436 4328 394 1350 550
6482 4444 402 1350 550
6545 4574 404 1350 550
6645 4714 400 1350 550
6750 4801 394 1350 550
6860 4833 394 1350 550
6937 4828 389 1350 550
6991 4767 391 1350 550
6991 4668 394 1360 560
6938 4545 400 1360 560
6840 4395 417 1360 560
6711 4267 446 1360 560
6617 4153 483 1360 560
6545 4105 517 1360 560
6527 4091 527 1360 560
6547 4101 533 1360 560
6592 4161 535 1360 560
6692 4276 530 1360 560
6813 4427 518 1360 560
6947 4552 472 1380 570
7039 4657 389 1380 570
7092 4748 285 1380 570
7119 4829 177 1380 570
7084 4906 91 1380 570
7014 4974 60 1380 570
6921 5039 56 1380 570
6821 5101 101 1380 570
6734 5138 171 1380 570
6688 5158 216 1380 550
6665 5138 282 1380 550
6665 5085 362 1380 550
6678 5011 430 1380 550
6696 4875 456 1380 550
6716 4736 485 1380 550
6733 4596 498 1380 550
6740 4455 498 1380 550
6740 4313 495 1380 550
6747 4176 488 1390 550
6753 4054 443 1380 550
6759 3939 230 1360 550
6422 3364 309 1340 560
6392 3270 443 1320 570
6387 3307 469 1320 570
6406 3368 510 1320 570
6494 3446 559 1320 570
6621 3580 584 1310 570
6812 3766 591 1320 580
7018 3988 569 1320 580
7235 4157 386 1320 580
7373 4673 402 1410 560
7454 4595 444 1410 560
7489 4621 517 1410 560
7558 4579 540 1410 560
7646 4492 538 1410 560
7728 4389 522 1410 560