367
2908 6578 12 1410 460
2946 6664 80 1420 450
2935 6685 93 1420 450
2923 6668 103 1420 450
2894 6606 137 1420 450
2856 6514 173 1440 460
2801 6364 212 1440 460
2731 6179 249 1440 460
2651 5972 270 1440 460
2549 5723 279 1440 460
2439 5474 282 1430 460
2324 5225 284 1410 460
2200 4970 284 1430 460
2080 4757 287 1420 470
1963 4571 285 1420 470
1896 4468 282 1400 480
1871 4432 244 1390 480
1871 4441 65 1390 480
2274 5437 86 1340 500
2473 5585 148 1340 500
2525 5643 139 1340 500
2583 5662 153 1340 500
2645 5654 179 1340 500
2732 5622 202 1350 500
2819 5584 235 1350 500
2940 5538 249 1350 500
3082 5486 267 1350 500
3245 5434 282 1360 490
3399 5383 281 1360 490
3547 5345 292 1360 490
3705 5315 301 1360 490
3833 5292 297 1360 490
3942 5276 289 1360 490
4036 5265 228 1360 490
2793 4539 158 1330 440
2801 4583 176 1330 440
2774 4593 185 1330 440
2764 4602 190 1330 450
2777 4610 198 1330 450
2806 4637 205 1340 460
2859 4678 215 1340 460
2928 4736 206 1340 460
3018 4809 222 1350 460
3118 4892 212 1350 460
3225 4953 211 1350 460
3315 4988 206 1360 470
3373 5005 222 1360 470
3409 4988 222 1360 470
3420 4937 218 1360 470
3396 4864 222 1370 470
3349 4747 211 1370 470
3272 4630 211 1370 470
3172 4491 214 1370 470
3057 4337 221 1370 470
2949 4194 247 1370 470
2866 4090 254 1370 470
2799 4012 270 1370 470
2764 3968 269 1370 470
2758 3955 280 1370 470
2772 3964 276 1370 470
2823 4002 277 1360 480
2910 4070 281 1360 480
3021 4158 277 1360 480
3160 4253 277 1360 480
3280 4346 276 1350 490
3388 4406 285 1350 490
3459 4446 280 1350 490
3479 4429 279 1350 490
3466 4360 275 1350 490
3407 4257 279 1350 490
3309 4106 279 1350 490
3185 3931 282 1350 490
3035 3740 287 1340 490
2900 3576 277 1340 490
2776 3411 292 1330 480
2664 3277 315 1330 480
2594 3165 336 1320 490
2551 3136 348 1320 490
2557 3152 368 1320 490
2628 3197 366 1320 490
2742 3316 382 1320 490
2876 3468 381 1320 490
3039 3643 382 1320 490
3222 3810 382 1320 490
3379 3973 384 1320 490
3505 4102 382 1300 500
3610 4210 374 1300 500
3689 4299 359 1300 500
3734 4385 296 1300 500
3757 4456 207 1300 500
3743 4518 108 1300 500
3692 4578 51 1300 500
3615 4642 48 1300 500
3541 4708 67 1300 500
3469 4762 90 1320 490
3420 4786 130 1320 490
3384 4786 148 1320 490
3362 4742 170 1320 490
3342 4634 191 1320 480
3323 4486 213 1320 480
3301 4271 211 1320 480
3276 4065 221 1320 480
3255 3864 249 1320 480
3241 3671 286 1310 480
3247 3512 310 1310 480
3263 3377 334 1310 480
3298 3259 368 1310 480
3356 3193 393 1300 500
3430 3161 400 1300 500
3523 3175 405 1300 500
3636 3255 397 1290 500
3761 3379 391 1280 500
3873 3557 351 1280 500
3999 3792 272 1280 500
4134 4065 127 1270 510
4494 5806 195 1320 480
4487 5811 208 1330 470
4480 5842 213 1330 470
4492 5855 215 1340 470
4519 5862 215 1340 470
4557 5857 218 1350 460
4588 5827 207 1350 460
4604 5781 218 1350 460
4609 5671 225 1360 460
4563 5483 228 1360 460
4494 5244 235 1360 460
4410 4992 237 1350 460
4319 4737 241 1350 460
4230 4563 277 1350 460
4173 4444 312 1340 470
4137 4381 340 1340 470
4137 4371 362 1330 470
4178 4396 393 1330 470
4238 4472 398 1330 470
4347 4587 399 1330 470
4478 4727 388 1320 480
4624 4877 389 1320 480
4773 5006 391 1320 480
4889 5120 389 1330 480
4983 5215 399 1330 480
5071 5280 391 1330 480
5130 5325 373 1330 480
5170 5320 359 1340 490
5170 5265 344 1340 490
5129 5178 333 1340 490
5054 5034 334 1350 500
4947 4857 334 1350 500
4822 4659 339 1350 500
4684 4477 346 1350 500
4550 4290 354 1350 500
4458 4149 363 1350 500
4394 4041 369 1360 500
4374 3993 371 1360 500
4382 3982 399 1360 500
4409 3997 407 1360 500
4472 4057 420 1350 500
4578 4170 415 1340 500
4713 4319 425 1340 500
4858 4471 430 1340 500
4997 4612 428 1340 500
5130 4738 420 1340 500
5261 4864 413 1340 500
5366 4989 276 1340 500
5067 5873 218 1360 500
5011 5815 206 1380 500
4975 5806 214 1380 500
4961 5771 218 1380 500
4949 5691 226 1400 500
4938 5580 239 1400 500
4923 5422 257 1400 500
4905 5224 286 1400 500
4885 5000 312 1410 490
4866 4729 309 1400 500
4837 4479 312 1400 500
4800 4244 312 1400 500
4747 4017 312 1400 500
4690 3823 314 1380 500
4629 3651 310 1380 500
4588 3548 312 1370 510
4566 3500 183 1360 510
4803 4206 56 1300 530
4907 4336 93 1300 530
4953 4368 120 1290 520
4998 4376 173 1290 520
5045 4357 225 1290 520
5108 4319 289 1300 530
5182 4251 340 1300 530
5281 4178 359 1310 520
5397 4106 363 1310 520
5523 4035 361 1310 520
5650 3988 374 1340 520
5786 3940 376 1340 520
5928 3892 377 1340 520
6055 3848 376 1350 530
6184 3812 371 1350 530
6317 3782 286 1350 530
6723 6399 195 1400 420
6728 6332 217 1400 420
6739 6377 206 1420 420
6753 6425 206 1420 420
6875 6495 211 1430 430
7000 6570 212 1430 430
7152 6649 212 1440 430
7321 6719 214 1440 430
7487 6784 216 1450 430
7633 6825 218 1440 440
7765 6853 216 1450 440
7875 6847 218 1470 450
7930 6811 221 1480 450
7949 6756 226 1470 460
7936 6672 228 1470 460
7883 6560 230 1470 460
7804 6430 228 1470 460
7717 6310 228 1470 460
7630 6217 230 1470 460
7564 6141 226 1470 460
7511 6106 223 1470 460
7476 6111 209 1470 460
7447 6143 215 1470 460
7431 6207 215 1470 460
7425 6303 217 1460 470
7425 6420 217 1460 470
7425 6537 215 1460 470
7433 6602 217 1460 470
7443 6633 222 1460 470
7455 6627 220 1460 470
7468 6585 209 1450 460
7476 6518 209 1450 460
7476 6412 211 1450 460
7468 6304 211 1450 460
7448 6193 212 1450 460
7423 6083 214 1450 460
7394 5975 214 1450 460
7378 5900 218 1450 460
7378 5846 230 1450 460
7389 5834 250 1450 460
7426 5854 270 1450 460
7496 5895 280 1450 460
7587 5977 280 1450 460
7686 6062 274 1450 460
7780 6150 262 1450 460
7835 6218 220 1460 470
7867 6282 42 1460 470
7266 6524 93 1450 460
7205 6453 98 1450 460
7182 6440 105 1450 460
7164 6370 115 1460 460
7127 6251 122 1460 460
7079 6099 122 1460 460
6994 5909 122 1460 460
6884 5720 120 1450 460
6758 5523 113 1450 460
6624 5315 73 1450 460
6479 5500 56 1380 480
6588 5605 151 1380 480
6643 5631 160 1360 480
6685 5658 168 1360 480
6759 5647 173 1360 480
6854 5632 184 1360 480
6949 5610 185 1370 470
7050 5586 218 1370 470
7185 5559 242 1380 480
7340 5528 272 1380 480
7516 5484 294 1380 480
7718 5431 316 1380 480
7936 5371 309 1390 480
8134 5323 312 1390 480
8358 5282 309 1390 480
8599 5266 309 1410 490
8823 5278 317 1410 490
9020 5308 297 1420 490
9198 5356 218 1420 490
9353 5415 18 1430 500
7264 5102 12 1440 460
7290 5175 41 1440 460
7228 5166 46 1440 460
7228 5155 54 1440 460
7228 5110 68 1440 460
7228 5042 53 1440 460
7228 4964 65 1440 460
7228 4884 76 1450 460
7228 4799 81 1450 460
7233 4729 83 1440 470
7233 4670 80 1440 470
7233 4624 80 1440 470
7233 4602 89 1430 480
7233 4595 101 1430 480
7233 4612 106 1430 480
7228 4651 117 1430 480
7238 4706 132 1430 480
7270 4775 175 1430 480
7316 4859 196 1430 480
7404 4952 215 1430 480
7530 5041 222 1430 480
7680 5127 206 1430 480
7854 5206 209 1430 480
8010 5278 209 1430 480
8154 5335 209 1440 480
8286 5384 209 1440 480
8384 5397 220 1440 480
8460 5370 220 1440 480
8472 5317 206 1450 480
8424 5233 222 1450 480
8335 5111 209 1450 480
8192 4965 214 1460 480
8029 4808 225 1460 480
7853 4669 260 1460 480
7684 4581 304 1450 480
7570 4522 333 1450 480
7492 4502 377 1450 480
7472 4513 384 1440 490
7504 4546 384 1440 490
7570 4623 382 1440 490
7686 4717 381 1440 490
7819 4823 377 1440 490
7964 4935 371 1430 490
8066 5027 341 1430 490
8142 5105 276 1430 490
8201 5171 178 1430 490
8222 5234 98 1430 490
8212 5291 39 1430 490
8181 5349 17 1430 490
8132 5412 15 1440 490
8082 5478 25 1440 490
8030 5537 66 1440 490
7996 5570 108 1450 500
7965 5585 93 1450 500
7937 5569 122 1450 500
7908 5493 149 1460 490
7856 5378 176 1460 490
7789 5204 216 1460 490
7725 4989 250 1460 490
7663 4747 280 1460 490
7606 4541 302 1450 480
7574 4333 325 1440 490
7559 4165 335 1440 490
7580 4024 340 1440 490
7621 3926 349 1440 490
7676 3877 374 1430 490
7753 3862 396 1420 490
7856 3896 391 1420 490
7975 3965 396 1420 490
8094 4057 402 1410 500
8218 4155 404 1410 500
8349 4251 402 1410 500
8475 4343 402 1400 510
8574 4427 397 1410 510
8658 4495 397 1410 510
8716 4552 394 1400 520
8746 4604 391 1400 520
8756 4655 389 1400 520
8747 4704 391 1400 520
8728 4759 392 1400 520
8702 4817 396 1400 520
8681 4844 396 1400 520
8674 4839 402 1410 520
8674 4814 409 1410 520
8685 4740 415 1410 520
8699 4662 440 1410 520
8724 4568 453 1410 520
8755 4464 473 1410 520
8794 4367 472 1410 520
8840 4274 477 1410 520
8902 4184 478 1410 520
8973 4108 467 1410 520
9030 4031 467 1420 530
9087 3953 388 1420 530