297
3580 6412 58 1430 560
3587 6482 103 1430 560
3594 6507 139 1430 560
3594 6526 160 1430 560
3594 6531 170 1430 560
3594 6531 183 1430 560
3602 6508 237 1430 560
3613 6433 279 1410 560
3613 6323 324 1410 560
3613 6141 334 1410 560
3591 5906 336 1410 560
3552 5636 339 1400 560
3502 5384 351 1400 560
3441 5126 369 1400 560
3375 4896 400 1400 580
3306 4688 428 1400 580
3240 4540 443 1390 580
3175 4411 449 1380 590
3116 4294 441 1360 600
3062 4188 428 1360 600
3027 4106 364 1350 600
3003 4040 127 1340 610
3141 4778 180 1260 610
3357 4898 371 1260 610
3432 4990 418 1280 610
3548 5103 444 1260 600
3708 5223 448 1260 600
3866 5308 450 1260 600
4015 5370 447 1280 590
4158 5431 443 1280 590
4285 5486 449 1280 590
4371 5520 417 1280 590
4430 5543 320 1290 590
4447 5537 185 1310 600
3237 4033 405 1290 610
3202 3932 485 1290 610
3214 3972 492 1290 610
3250 4041 497 1270 620
3387 4110 492 1270 620
3578 4215 502 1270 620
3805 4344 502 1260 620
3996 4437 497 1260 620
4162 4506 498 1260 620
4311 4558 467 1260 620
4406 4584 373 1260 620
4453 4578 139 1240 630
3569 3601 369 1240 630
3236 3247 522 1240 630
3124 3187 606 1220 630
3092 3187 616 1220 630
3117 3208 622 1220 630
3179 3249 624 1220 630
3358 3393 611 1200 640
3541 3538 611 1200 640
3730 3684 581 1200 640
3878 3828 495 1220 650
3998 3967 311 1220 650
4156 4326 63 1220 650
4069 4501 219 1200 640
4011 4517 312 1200 640
3932 4482 371 1220 630
3850 4375 420 1220 630
3765 4219 461 1220 630
3688 4006 490 1240 630
3615 3760 505 1240 630
3558 3492 535 1240 630
3510 3253 554 1240 630
3478 3068 580 1240 630
3488 2919 616 1240 630
3525 2874 624 1240 630
3601 2862 622 1240 630
3711 2872 617 1220 630
3844 2951 602 1220 630
3986 3112 514 1220 630
4148 3329 402 1200 640
4322 3598 292 1200 640
4486 3949 212 1200 640
4652 4356 222 1200 640
4822 4773 306 1200 640
4970 5171 418 1220 650
5103 5412 461 1220 650
5200 5555 472 1220 650
5281 5568 486 1240 640
5352 5510 488 1240 640
5377 5406 497 1270 640
5357 5259 499 1270 640
5306 5107 497 1290 640
5226 4946 489 1290 640
5146 4784 475 1300 630
5065 4622 376 1300 630
5006 4501 247 1320 640
4984 4433 187 1330 630
4984 4400 182 1330 630
5049 4453 170 1330 630
5165 4563 207 1330 630
5316 4712 247 1330 630
5467 4850 324 1330 630
5618 4964 399 1330 630
5778 5062 474 1330 630
5945 5144 532 1350 640
6092 5214 563 1330 650
6242 5277 567 1330 650
6361 5328 570 1330 650
6459 5360 559 1350 650
6509 5379 544 1350 650
6516 5379 524 1350 650
6493 5324 490 1370 650
6403 5242 366 1380 650
6259 5100 141 1380 650
5857 4669 139 1380 650
5324 4245 315 1380 650
5062 4091 417 1380 650
4887 3978 474 1380 650
4771 3924 512 1380 650
4740 3910 532 1380 650
4778 3923 541 1370 660
4861 3993 546 1370 660
5038 4117 564 1370 660
5267 4277 586 1350 650
5530 4454 585 1350 650
5834 4629 585 1350 650
6089 4799 583 1350 650
6311 4965 554 1350 650
6489 5103 439 1350 650
6606 5222 117 1350 650
6345 5772 239 1400 660
6068 5856 359 1400 660
5961 5873 402 1420 650
5860 5828 436 1420 650
5767 5742 481 1450 650
5678 5571 538 1460 640
5605 5317 561 1460 640
5534 5009 589 1460 640
5466 4656 599 1460 640
5400 4341 603 1450 640
5338 4052 606 1450 640
5277 3801 600 1430 640
5224 3617 600 1430 640
5178 3479 595 1430 640
5149 3376 483 1420 650
5475 4144 611 1280 660
5791 4045 702 1280 660
5930 4017 731 1280 660
6011 4017 743 1280 660
6150 3859 737 1300 670
6327 3689 734 1300 670
6536 3513 734 1300 670
6768 3419 737 1310 680
7016 3350 740 1290 680
7227 3297 740 1290 680
7438 3232 721 1310 690
7620 3167 647 1310 710
7783 3136 489 1310 710
7950 3129 249 1330 710
8812 5420 413 1400 670
8750 5415 469 1390 670
8743 5507 473 1400 660
8776 5577 477 1400 660
8891 5632 481 1400 660
9061 5713 488 1440 660
9229 5795 501 1440 660
9398 5873 546 1440 660
9567 5945 595 1460 660
9698 5997 634 1480 670
9805 6037 658 1480 670
9887 6057 673 1500 670
9941 6063 670 1500 670
9977 6063 682 1530 670
10001 6039 690 1550 670
10001 5999 691 1550 670
9994 5946 697 1580 670
9943 5857 690 1590 670
9864 5767 697 1610 670
9766 5678 670 1610 670
9666 5596 584 1610 670
9562 5518 394 1610 670
9113 5698 388 1510 680
9145 5655 496 1510 680
9145 5642 595 1490 690
9134 5533 613 1470 690
9116 5359 617 1470 690
9087 5145 611 1470 690
9067 4987 605 1470 690
9061 4866 597 1470 690
9061 4786 594 1470 690
9056 4737 536 1450 700
9056 4709 374 1450 700
9056 4697 120 1450 700
9080 4733 103 1440 720
9162 4893 262 1440 720
9216 4972 391 1440 720
9292 5040 486 1440 720
9381 5103 548 1440 720
9478 5156 584 1440 720
9572 5196 594 1440 720
9665 5227 599 1440 720
9751 5256 592 1440 720
9815 5282 581 1440 720
9863 5301 520 1440 720
9875 5315 369 1440 720
9849 5325 120 1440 720
8850 5265 440 1480 700
8617 5145 592 1480 700
8493 5096 673 1480 700
8351 4957 676 1450 700
8217 4759 679 1450 700
8127 4577 663 1450 700
8067 4442 647 1450 700
8041 4338 595 1430 700
8021 4278 467 1430 700
8013 4243 1 1430 700
8260 4708 488 1370 700
8595 4766 611 1370 700
8720 4814 644 1370 700
8813 4827 661 1370 700
9014 4817 668 1390 690
9247 4811 664 1410 700
9502 4829 679 1410 700
9792 4863 685 1410 700
10085 4908 691 1430 700
10333 4953 693 1430 700
10550 4997 691 1450 700
10734 5018 687 1480 700
10861 5044 676 1500 710
10949 5074 613 1500 710
10976 5082 433 1510 720
10951 5089 213 1540 720
8931 4635 588 1510 720
8781 4381 716 1530 710
8727 4298 721 1500 710
8643 4199 722 1480 710
8586 4048 700 1460 710
8622 3862 658 1430 700
8711 3775 589 1430 700
8807 3736 516 1420 710
8891 3728 413 1390 710
8927 3728 247 1370 710
8935 3739 27 1370 710
8917 3953 144 1330 730
8965 4090 272 1350 730
9021 4157 368 1350 730
9107 4227 449 1380 740
9214 4285 509 1380 740
9309 4338 560 1380 740
9425 4371 627 1380 740
9556 4394 669 1380 740
9672 4409 699 1380 740
9776 4409 721 1380 740
9873 4396 728 1380 740
9939 4371 730 1380 740
9968 4341 730 1400 730
9968 4300 731 1400 730
9934 4234 728 1400 730
9853 4151 722 1400 730
9742 4055 722 1400 730
9617 3962 719 1400 730
9479 3871 716 1400 730
9332 3803 713 1400 730
9212 3764 711 1400 730
9126 3745 700 1400 730
9063 3765 667 1430 740
9049 3825 589 1430 740
9074 3913 502 1430 740
9125 4041 461 1430 740
9196 4160 448 1430 740
9262 4274 450 1430 740
9324 4381 458 1430 740
9369 4421 473 1430 740
9402 4416 517 1430 740
9428 4379 546 1430 740
9443 4286 572 1430 740
9443 4155 589 1430 740
9429 3996 617 1430 740
9400 3835 637 1400 730
9373 3673 688 1400 730
9351 3538 719 1380 740
9363 3422 733 1380 740
9396 3349 733 1380 740
9459 3310 730 1350 750
9548 3295 721 1350 750
9653 3327 699 1350 750
9769 3389 664 1300 750
9887 3471 630 1320 750
9987 3554 613 1290 760
10075 3632 605 1290 760
10136 3703 611 1290 760
10190 3750 619 1290 760
10240 3780 637 1290 760
10285 3760 681 1290 770
10336 3697 717 1290 770
10390 3606 725 1290 770
10445 3496 745 1320 780
10492 3371 754 1320 780
10529 3235 752 1320 780
10558 3110 748 1350 790
10580 3018 690 1350 790
10587 2949 405 1350 790