367
4185 6463 616 1350 520
4346 6708 613 1330 500
4309 6779 613 1320 490
4331 6830 616 1300 470
4391 6783 622 1290 460
4426 6668 628 1280 450
4405 6509 634 1280 450
4347 6244 641 1280 450
4231 5941 641 1270 460
4069 5612 637 1270 460
3875 5234 637 1280 470
3634 4832 647 1270 480
3362 4414 665 1280 480
3070 4038 673 1280 480
2835 3766 675 1280 490
2647 3564 678 1270 500
2490 3443 685 1270 510
2397 3396 672 1260 510
2385 3396 644 1240 520
2426 3497 641 1250 530
2549 3687 638 1240 530
2733 3939 641 1250 540
2957 4227 661 1240 540
3238 4515 666 1240 540
3507 4803 673 1240 540
3767 5027 690 1240 540
4014 5224 690 1240 540
4251 5403 687 1240 540
4482 5501 682 1240 540
4592 5518 685 1230 530
4612 5480 688 1240 530
4572 5326 685 1240 530
4430 5104 675 1240 530
4242 4837 669 1250 530
4023 4610 673 1250 530
3904 4467 671 1250 530
3846 4380 650 1240 520
3828 4356 643 1260 510
3847 4383 641 1260 510
3920 4445 641 1240 520
4029 4549 640 1240 520
4153 4647 638 1240 520
4242 4679 636 1230 520
4307 4670 638 1220 510
4320 4591 644 1220 510
4276 4434 647 1210 520
4195 4226 650 1210 520
4076 4022 650 1210 520
3958 3836 653 1210 520
3841 3662 653 1200 520
3762 3574 649 1200 520
3716 3532 646 1200 520
3693 3522 641 1200 520
3701 3544 636 1180 530
3747 3611 639 1180 530
3818 3707 638 1180 530
3869 3761 641 1180 530
3915 3761 639 1180 530
3958 3735 645 1170 530
3987 3646 638 1170 530
3987 3507 656 1170 530
3963 3336 669 1180 540
3921 3149 699 1180 540
3875 2990 710 1170 540
3825 2849 717 1170 540
3788 2744 714 1170 540
3771 2690 713 1150 540
3771 2670 713 1150 540
3771 2680 713 1160 550
3791 2727 711 1160 550
3813 2800 717 1160 550
3863 2945 716 1160 550
3915 3139 717 1150 550
3975 3367 714 1150 550
4042 3614 713 1140 550
4110 3864 719 1140 550
4167 4115 716 1140 550
4216 4298 717 1150 540
4251 4418 711 1150 540
4267 4497 711 1150 540
4267 4542 711 1150 540
4267 4577 710 1140 530
4254 4605 700 1160 530
4240 4634 697 1160 530
4231 4660 699 1170 530
4224 4679 697 1170 530
4224 4684 697 1160 520
4224 4684 673 1170 520
4224 4684 667 1170 520
4224 4684 673 1170 520
4254 4677 644 1190 510
4276 4677 636 1190 510
4299 4683 627 1180 510
4324 4697 617 1190 500
4344 4728 614 1190 500
4360 4770 616 1200 510
4377 4819 614 1200 510
4397 4875 614 1200 510
4426 4940 616 1200 510
4477 5011 616 1210 510
4542 5083 617 1210 510
4605 5145 619 1220 510
4651 5179 622 1230 510
4686 5197 624 1230 510
4700 5191 640 1230 510
4689 5122 656 1260 510
4660 5011 658 1260 510
4612 4806 661 1260 510
4565 4605 670 1260 510
4524 4406 663 1260 510
4489 4234 663 1260 510
4475 4133 662 1260 510
4475 4079 666 1240 520
4498 4069 678 1250 530
4570 4141 679 1250 530
4673 4269 679 1250 530
4835 4494 687 1250 530
5000 4737 688 1240 530
5212 4991 697 1240 530
5453 5232 697 1240 530
5651 5389 693 1250 540
5796 5491 690 1250 540
5905 5491 690 1250 540
5925 5372 690 1250 540
5852 5182 687 1260 540
5716 4950 691 1280 540
5517 4687 694 1280 540
5301 4403 721 1290 550
5074 4146 740 1290 550
4948 3988 759 1290 550
4872 3897 787 1290 550
4828 3856 796 1290 550
4828 3847 800 1290 550
4857 3859 808 1290 550
4914 3915 805 1270 550
5046 4028 809 1270 550
5227 4180 806 1270 550
5440 4368 800 1260 560
5642 4555 793 1260 560
5813 4690 693 1260 560
5963 4790 379 1260 560
5632 5185 181 1290 560
5571 5360 556 1300 550
5521 5470 574 1290 550
5507 5574 569 1290 550
5516 5598 566 1300 540
5526 5571 592 1300 540
5531 5499 639 1310 540
5493 5271 659 1310 540
5427 4939 673 1330 530
5334 4533 681 1330 530
5199 4116 700 1310 520
5037 3691 730 1300 530
4891 3407 737 1300 530
4761 3168 733 1300 530
4642 2959 676 1290 530
4535 2816 329 1290 530
5047 3881 760 1210 520
5120 3787 796 1210 520
5073 3756 793 1210 520
5142 3648 836 1200 510
5195 3537 917 1210 520
5238 3424 978 1220 510
5353 3328 1023 1220 510
5506 3226 1023 1220 510
5683 3120 1023 1220 530
5842 3053 1023 1210 530
5974 3013 1023 1190 530
6087 2991 1023 1180 540
6191 2977 1023 1180 540
6282 2963 1023 1190 540
6365 2954 1023 1200 550
6411 2949 1023 1210 550
6427 2949 1023 1220 560
6427 2949 1023 1220 560
6404 2949 1023 1250 560
6370 2949 1023 1250 560
6327 2955 1023 1250 560
6290 2955 1023 1250 560
6259 2962 1023 1250 560
6247 2962 1023 1250 560
6247 2967 1023 1250 560
6247 2967 1023 1250 560
6247 2967 1023 1250 560
6247 2967 1023 1250 560
6291 2967 1023 1250 560
6346 2967 1023 1250 560
6489 2983 1023 1250 560
6693 3009 1023 1250 560
6938 3038 1023 1250 560
7200 3059 983 1260 570
7471 3069 585 1260 570
7239 5596 217 1410 490
7239 5596 512 1410 500
7191 5590 512 1410 500
7167 5619 504 1400 510
7167 5624 509 1410 510
7192 5611 512 1400 520
7209 5618 520 1390 520
7264 5662 515 1390 520
7345 5730 518 1390 540
7466 5816 522 1390 540
7592 5921 533 1370 540
7721 6038 544 1370 540
7833 6119 543 1390 550
7931 6194 556 1390 550
8019 6258 562 1400 550
8085 6285 560 1400 550
8129 6285 564 1410 560
8157 6247 586 1410 560
8152 6126 591 1410 560
8102 5951 592 1430 550
8022 5755 589 1430 550
7928 5583 595 1430 550
7827 5446 574 1430 550
7720 5324 447 1430 550
7591 5714 562 1430 560
7678 5788 616 1410 560
7678 5778 614 1410 560
7678 5743 614 1410 560
7669 5636 616 1410 560
7650 5481 624 1410 560
7623 5330 631 1410 560
7596 5226 638 1410 560
7569 5154 634 1410 560
7559 5121 628 1410 560
7559 5121 639 1410 560
7559 5121 645 1410 560
7608 5161 636 1410 560
7672 5244 636 1410 560
7759 5358 637 1400 560
7848 5470 637 1400 560
7943 5556 641 1400 560
8025 5624 640 1400 560
8097 5671 638 1400 560
8152 5699 638 1400 560
8177 5715 638 1400 560
8177 5715 647 1400 560
8167 5715 613 1400 560
8119 5710 570 1420 570
8048 5703 504 1420 570
7969 5694 496 1420 570
7877 5684 489 1420 570
7775 5673 512 1420 570
7675 5628 546 1420 570
7565 5527 556 1420 570
7449 5390 560 1420 570
7301 5181 570 1420 570
7154 4978 592 1390 570
7008 4778 613 1390 570
6871 4602 650 1390 570
6729 4469 664 1390 570
6635 4365 676 1390 570
6575 4312 685 1380 570
6547 4295 690 1380 570
6541 4302 688 1380 570
6549 4339 687 1360 570
6641 4451 690 1350 570
6802 4614 705 1350 570
7009 4791 754 1350 570
7283 4993 806 1350 570
7604 5213 832 1350 570
7956 5431 822 1350 570
8262 5563 825 1350 570
8568 5638 821 1350 570
8784 5678 818 1350 570
8938 5685 817 1360 570
8996 5670 817 1360 570
9008 5656 821 1360 570
8990 5637 797 1360 570
8899 5564 591 1380 580
7497 4957 790 1400 560
7421 4757 794 1400 560
7411 4782 785 1400 560
7453 4715 788 1400 560
7531 4586 797 1390 570
7634 4495 797 1380 570
7732 4415 806 1380 570
7829 4342 811 1390 570
7924 4288 815 1390 570
7989 4249 818 1380 580
8035 4221 817 1380 580
8067 4199 817 1380 580
8086 4187 817 1380 580
8096 4187 814 1380 580
8096 4193 784 1380 580
8083 4241 773 1380 580
8065 4314 761 1390 580
8032 4382 749 1390 580
7996 4434 746 1390 580
7959 4476 748 1390 580
7929 4509 746 1390 580
7905 4538 748 1390 580
7892 4560 740 1390 580
7892 4577 739 1390 580
7892 4593 737 1380 580
7897 4610 737 1380 580
7918 4632 736 1380 580
7948 4657 736 1380 580
7992 4690 737 1380 580
8042 4733 736 1380 580
8117 4783 739 1380 580
8207 4836 740 1380 580
8271 4860 739 1380 580
8318 4865 739 1380 580
8354 4840 742 1380 580
8347 4764 742 1360 570
8286 4654 743 1360 570
8189 4514 742 1380 580
8090 4374 737 1380 580
7991 4248 737 1380 580
7906 4133 736 1380 580
7829 4089 740 1380 580
7815 4075 751 1380 580
7820 4082 752 1380 580
7837 4105 761 1380 580
7905 4172 763 1380 580
7979 4269 763 1380 580
8086 4382 761 1360 580
8212 4495 761 1360 580
8338 4583 758 1360 580
8434 4655 754 1350 580
8509 4706 743 1350 580
8545 4741 721 1350 580
8540 4765 658 1350 580
8508 4797 586 1350 580
8448 4828 524 1350 580
8376 4855 505 1350 580
8297 4868 509 1350 580
8236 4873 510 1360 570
8188 4858 520 1360 570
8148 4800 532 1360 570
8120 4714 546 1360 570
8089 4550 556 1360 570
8055 4329 561 1360 570
8018 4070 565 1360 570
7977 3839 561 1360 570
7932 3654 592 1360 570
7891 3501 619 1350 580
7865 3397 647 1350 580
7848 3335 666 1350 580
7855 3301 719 1350 580
7863 3291 748 1340 580
7890 3301 750 1340 580
7930 3325 754 1340 580
8005 3394 753 1310 580
8124 3483 754 1310 580
8272 3586 751 1310 580
8383 3695 763 1310 580
8499 3800 760 1290 590
8617 3866 749 1290 590
8687 3908 700 1290 590
8719 3923 570 1290 590
8726 3923 339 1310 580
8307 4153 784 1340 580
8307 4153 790 1340 580
8364 4146 821 1340 580
8433 4085 830 1350 580
8564 3994 840 1350 580
8731 3881 851 1350 580
8923 3781 869 1350 580
9103 3689 893 1350 580
9252 3626 909 1350 580
9379 3563 914 1350 580
9461 3496 905 1340 580
9497 3429 839 1340 580
9503 3366 161 1340 580