385
3329 6626 387 1330 460
3406 6659 472 1340 470
3468 6726 480 1340 470
3456 6763 483 1350 470
3456 6763 485 1350 470
3522 6687 492 1360 480
3538 6629 533 1360 480
3521 6484 575 1360 490
3481 6281 611 1360 490
3391 6003 622 1370 500
3252 5690 638 1360 500
3081 5354 637 1360 500
2869 4987 638 1360 510
2626 4616 655 1350 520
2363 4243 668 1350 520
2129 3910 670 1330 530
1931 3649 673 1310 540
1757 3437 673 1310 540
1626 3297 673 1300 540
1548 3233 666 1290 550
1505 3219 662 1290 550
1505 3243 671 1270 550
1584 3380 670 1270 560
1716 3592 673 1270 560
1896 3876 666 1260 570
2156 4211 673 1260 570
2468 4580 679 1240 570
2818 4954 697 1240 570
3171 5322 710 1240 570
3535 5687 719 1230 560
3905 5973 731 1230 560
4197 6166 730 1250 560
4403 6296 730 1250 560
4552 6353 724 1260 560
4599 6363 733 1260 560
4570 6343 731 1270 550
4491 6226 724 1270 550
4319 6032 693 1290 550
4101 5787 666 1290 550
3852 5558 663 1300 540
3636 5369 664 1290 530
3474 5206 667 1300 530
3347 5085 670 1300 530
3266 5023 675 1300 530
3250 5001 681 1310 520
3278 5001 691 1310 520
3353 5020 690 1310 520
3478 5061 691 1310 520
3636 5087 688 1310 520
3764 5087 690 1300 530
3844 5075 687 1300 530
3891 5016 694 1300 530
3877 4875 702 1300 530
3783 4680 710 1300 530
3636 4459 720 1300 530
3473 4248 731 1300 530
3329 4043 730 1300 530
3250 3921 722 1290 530
3208 3848 722 1290 530
3208 3807 719 1290 530
3248 3794 708 1290 530
3321 3824 700 1290 530
3440 3884 697 1290 530
3562 3948 696 1290 530
3685 4010 697 1280 540
3802 4050 699 1280 540
3878 4076 697 1280 540
3931 4059 700 1280 540
3931 3983 699 1280 540
3882 3868 700 1280 540
3793 3680 702 1280 540
3681 3516 707 1280 540
3575 3368 708 1280 540
3522 3252 707 1260 540
3501 3179 705 1260 540
3519 3135 707 1260 540
3572 3114 705 1260 540
3648 3131 700 1260 540
3765 3174 700 1260 540
3876 3265 700 1250 550
3984 3378 702 1250 550
4096 3506 700 1250 550
4195 3626 699 1240 540
4284 3745 696 1240 540
4342 3865 697 1240 540
4375 3965 693 1240 540
4390 4051 691 1240 540
4378 4136 691 1240 540
4348 4222 694 1240 540
4307 4306 694 1240 540
4263 4350 697 1230 530
4222 4369 679 1230 530
4184 4348 678 1230 530
4142 4262 676 1230 530
4098 4132 678 1240 530
4072 3946 685 1240 530
4051 3730 693 1240 530
4042 3495 693 1250 540
4042 3286 708 1250 540
4042 3117 725 1250 540
4042 2976 731 1250 540
4057 2890 720 1250 540
4071 2832 731 1250 540
4085 2794 733 1250 540
4101 2781 733 1250 540
4119 2789 722 1250 540
4161 2810 720 1240 540
4219 2921 727 1240 540
4299 3098 722 1240 540
4383 3319 716 1240 540
4474 3590 711 1230 550
4577 3905 721 1230 550
4689 4250 724 1230 550
4808 4588 727 1230 550
4931 4895 730 1230 550
5065 5181 730 1240 550
5219 5454 727 1250 550
5386 5691 722 1250 550
5535 5903 722 1250 550
5653 6063 719 1260 540
5750 6148 713 1280 540
5789 6184 702 1280 540
5782 6179 694 1300 540
5745 6085 693 1300 540
5636 5933 691 1310 540
5518 5706 699 1310 540
5393 5500 690 1330 530
5276 5308 697 1340 540
5186 5166 699 1350 530
5115 5077 697 1350 530
5089 5023 696 1350 530
5089 5010 697 1360 520
5118 4997 691 1360 520
5186 5021 699 1360 520
5309 5071 693 1350 530
5469 5164 696 1350 530
5640 5263 694 1350 530
5814 5367 696 1340 540
5936 5416 691 1340 540
6022 5394 678 1330 540
6062 5324 668 1330 540
6025 5166 652 1330 540
5936 4963 647 1330 540
5797 4731 659 1340 550
5623 4530 693 1320 550
5426 4325 719 1320 550
5267 4169 725 1320 550
5172 4048 719 1310 550
5120 3987 713 1310 550
5120 3967 719 1310 550
5187 3974 711 1310 550
5298 4068 716 1300 550
5486 4229 717 1300 550
5707 4434 717 1300 550
5949 4638 719 1300 550
6181 4827 719 1300 550
6383 5005 710 1300 550
6564 5096 678 1300 550
6653 5134 602 1300 550
6661 5134 510 1300 550
6615 5108 425 1300 550
6485 5056 407 1300 550
6303 4989 417 1300 550
6085 4950 465 1300 550
5887 4950 481 1300 550
5699 4968 473 1300 550
5518 5032 420 1300 550
5420 5115 346 1300 550
5371 5210 341 1300 550
5355 5329 371 1310 550
5372 5431 394 1310 550
5393 5523 415 1310 550
5423 5537 495 1310 550
5465 5484 589 1310 550
5513 5387 650 1330 540
5529 5144 690 1330 540
5521 4827 690 1330 540
5496 4461 699 1330 540
5427 4116 705 1330 540
5303 3804 722 1300 540
5142 3514 733 1300 540
4963 3265 733 1300 540
4767 3027 721 1300 540
4560 2797 670 1290 550
4374 2594 514 1290 550
4644 3776 939 1250 540
5192 3694 934 1250 540
5242 3629 941 1250 530
5422 3514 940 1270 520
5620 3399 937 1270 510
5831 3293 944 1300 510
5999 3192 943 1300 510
6138 3114 941 1300 510
6258 3060 937 1300 510
6335 3023 914 1320 510
6378 2999 777 1330 510
6397 2986 279 1330 510
7672 6313 221 1470 530
7611 6239 317 1470 530
7594 6267 364 1470 530
7594 6294 362 1470 530
7635 6321 386 1450 540
7710 6400 399 1450 540
7847 6509 414 1450 540
7995 6637 438 1450 540
8149 6742 444 1450 540
8304 6831 440 1450 540
8460 6910 452 1450 540
8593 6968 473 1450 540
8709 6999 481 1450 540
8804 7012 486 1450 540
8867 6995 495 1450 540
8909 6927 497 1450 540
8876 6824 491 1450 540
8780 6666 498 1450 540
8642 6487 485 1450 540
8497 6295 440 1450 540
8367 6161 358 1450 540
8247 6057 158 1450 540
8042 6043 286 1460 530
8083 6119 319 1450 540
8083 6134 346 1450 540
8107 6112 409 1430 530
8137 6040 443 1430 530
8153 5935 473 1430 530
8162 5807 488 1420 540
8162 5720 512 1420 540
8169 5660 532 1420 540
8169 5628 556 1410 550
8175 5616 592 1410 550
8175 5616 592 1410 560
8175 5622 594 1410 560
8185 5666 592 1400 560
8240 5736 595 1400 560
8325 5858 605 1400 560
8417 5992 614 1400 560
8523 6135 617 1390 570
8638 6261 613 1390 570
8736 6341 605 1390 570
8812 6390 585 1380 570
8873 6403 538 1380 570
8899 6392 465 1380 570
8882 6366 414 1380 570
8836 6318 376 1390 560
8757 6270 325 1390 560
8655 6223 160 1400 550
8028 6126 307 1410 530
7948 6073 490 1410 530
7919 6081 557 1410 530
7908 6117 559 1410 530
7908 6117 567 1420 530
7919 6111 570 1420 530
7908 6044 592 1420 530
7883 5936 606 1420 530
7795 5727 630 1420 530
7679 5504 666 1410 530
7544 5272 713 1410 530
7368 5016 746 1410 530
7161 4752 763 1400 540
6933 4483 765 1400 540
6697 4195 774 1400 540
6467 3928 770 1390 550
6270 3676 771 1370 540
6092 3527 756 1360 550
5984 3420 681 1350 550
5924 3341 399 1350 550
7383 5271 532 1350 550
7413 5317 687 1350 550
7413 5439 757 1350 550
7422 5463 846 1350 550
7508 5508 923 1350 550
7646 5566 947 1340 560
7945 5629 974 1340 560
8319 5684 976 1340 560
8742 5708 967 1350 570
9175 5715 986 1350 570
9549 5698 984 1350 570
9884 5685 1023 1350 570
10138 5674 1023 1340 570
10298 5648 1023 1350 580
10396 5620 1023 1350 580
10452 5592 1023 1350 580
10469 5580 1023 1350 580
10461 5580 991 1350 580
10400 5580 870 1360 580
10285 5568 627 1360 580
7850 4810 546 1330 540
7892 4796 572 1330 540
7906 4796 671 1330 540
7953 4781 736 1320 550
8023 4749 802 1320 550
8118 4712 839 1340 560
8206 4668 866 1350 570
8289 4620 861 1350 570
8400 4566 864 1360 570
8501 4544 866 1360 570
8571 4544 864 1360 570
8622 4544 861 1360 570
8641 4537 855 1360 570
8647 4537 867 1360 570
8647 4537 827 1350 580
8628 4542 663 1350 580
8594 4553 329 1350 580
8297 4654 420 1360 570
8297 4654 463 1360 570
8284 4701 465 1360 570
8328 4730 469 1360 570
8394 4776 467 1360 570
8474 4831 473 1360 570
8559 4891 478 1360 570
8652 4946 495 1360 570
8744 4999 510 1360 570
8811 5029 522 1360 570
8863 5044 524 1360 570
8863 5044 570 1380 570
8862 4982 592 1380 570
8816 4894 586 1380 570
8716 4738 592 1360 560
8601 4592 599 1360 560
8477 4454 613 1360 560
8349 4318 638 1360 560
8251 4223 675 1360 560
8174 4156 700 1360 560
8148 4133 690 1360 560
8148 4128 697 1360 560
8176 4135 700 1360 560
8251 4166 699 1360 560
8372 4233 697 1350 570
8523 4323 694 1350 570
8683 4432 694 1350 570
8832 4521 694 1340 570
8974 4598 694 1350 580
9044 4644 696 1350 580
9068 4673 700 1350 580
9061 4692 691 1350 580
9015 4715 679 1340 580
8923 4735 670 1340 580
8800 4749 673 1340 580
8678 4780 667 1340 580
8580 4823 636 1340 580
8497 4865 647 1340 580
8426 4906 638 1340 580
8383 4926 638 1350 580
8359 4933 637 1350 580
8365 4933 646 1350 580
8376 4867 650 1350 580
8394 4765 658 1360 570
8414 4629 658 1360 570
8423 4467 661 1360 570
8423 4287 662 1360 570
8412 4126 668 1360 570
8369 3990 687 1360 570
8307 3871 716 1360 560
8223 3770 733 1360 560
8129 3688 746 1350 570
8028 3620 749 1350 570
7935 3559 748 1350 570
7843 3507 751 1340 570
7793 3462 752 1340 570
7770 3451 755 1320 580
7788 3444 750 1320 580
7849 3439 760 1310 580
7939 3457 767 1310 580
8066 3501 770 1310 580
8249 3563 767 1290 590
8469 3651 757 1290 590
8681 3744 756 1290 590
8867 3840 754 1290 590
9035 3919 759 1310 600
9118 3976 759 1310 600
9153 4018 757 1310 600
9153 4057 754 1310 600
9131 4113 722 1310 600
9082 4180 725 1320 600
9016 4250 736 1320 600
8950 4293 808 1320 600
8892 4318 834 1320 600
8882 4318 845 1340 600
8902 4260 858 1340 600
8961 4157 858 1350 600
9065 4026 851 1350 600
9198 3934 845 1350 600
9398 3868 836 1360 600
9598 3833 832 1360 600
9771 3810 721 1360 600