367
3906 6087 643 1320 460
4019 6265 669 1320 460
4011 6428 681 1320 460
4047 6601 684 1320 470
4113 6618 688 1320 470
4178 6629 693 1320 480
4233 6629 693 1320 480
4281 6602 697 1330 480
4313 6556 733 1330 500
4287 6424 733 1330 500
4222 6180 740 1340 500
4078 5862 745 1330 510
3901 5517 751 1340 510
3701 5157 760 1340 510
3469 4787 782 1340 520
3267 4520 793 1340 520
3084 4301 784 1340 520
2941 4115 783 1330 530
2837 4011 785 1340 540
2759 3956 787 1330 540
2706 3934 785 1330 540
2697 3939 796 1330 540
2716 4029 783 1310 550
2840 4175 784 1310 550
3036 4404 785 1300 550
3281 4657 793 1300 550
3554 4925 824 1290 560
3840 5179 839 1290 560
4135 5403 846 1290 560
4429 5608 840 1290 560
4654 5730 842 1290 560
4833 5784 840 1290 560
4901 5792 843 1290 560
4893 5757 843 1290 560
4835 5631 836 1290 560
4663 5444 824 1290 560
4466 5197 817 1290 560
4252 4967 802 1290 560
4049 4749 803 1270 550
3920 4615 800 1270 550
3841 4539 797 1290 550
3813 4502 767 1290 550
3827 4502 763 1280 540
3869 4543 759 1280 540
3970 4606 754 1280 540
4105 4701 763 1280 540
4263 4792 737 1280 540
4399 4842 710 1280 540
4484 4865 691 1280 540
4534 4820 699 1280 540
4525 4711 700 1280 540
4447 4560 690 1270 530
4322 4352 694 1270 530
4142 4137 696 1270 530
3962 3917 697 1280 540
3835 3757 694 1280 540
3742 3646 696 1280 540
3676 3567 691 1280 540
3661 3539 697 1280 540
3679 3530 697 1260 540
3747 3530 697 1260 540
3820 3537 702 1260 540
3899 3530 690 1260 540
3977 3466 694 1260 540
4025 3368 697 1250 550
4054 3198 699 1250 550
4045 3022 697 1250 550
3996 2833 707 1250 550
3920 2636 728 1250 550
3836 2512 750 1240 550
3785 2437 756 1240 550
3757 2410 760 1230 550
3757 2410 756 1230 550
3800 2439 756 1230 550
3870 2536 763 1230 550
3968 2689 757 1220 540
4094 2879 761 1220 540
4238 3099 758 1220 540
4372 3324 754 1200 540
4480 3553 752 1200 540
4570 3741 751 1200 540
4606 3882 755 1200 540
4606 3991 754 1200 540
4575 4046 749 1220 540
4515 4046 745 1220 540
4428 4016 742 1230 550
4322 3882 743 1230 550
4207 3676 749 1230 550
4096 3423 752 1230 550
3988 3129 761 1230 550
3910 2873 753 1230 550
3861 2642 763 1230 550
3832 2493 768 1230 550
3825 2381 770 1240 540
3835 2295 770 1250 550
3856 2238 771 1250 550
3882 2221 777 1250 550
3931 2230 780 1250 550
3996 2314 782 1250 550
4100 2481 777 1250 550
4233 2703 770 1240 550
4385 3011 773 1240 550
4547 3358 771 1210 550
4720 3730 773 1210 550
4899 4113 780 1220 560
5046 4495 773 1220 560
5183 4818 779 1220 560
5312 5102 779 1220 560
5397 5255 777 1220 560
5442 5367 771 1220 560
5460 5452 754 1240 550
5454 5429 740 1240 550
5390 5333 739 1250 560
5287 5188 739 1250 560
5146 4969 739 1260 560
5006 4747 749 1270 560
4882 4551 760 1270 560
4768 4372 751 1290 560
4686 4223 754 1290 560
4658 4124 761 1290 560
4666 4058 761 1300 550
4718 4030 763 1300 550
4824 4086 763 1300 550
4966 4198 754 1300 550
5160 4413 756 1300 550
5380 4638 753 1300 550
5618 4871 750 1310 560
5850 5057 751 1310 560
6006 5142 751 1310 560
6110 5159 728 1310 560
6158 5108 690 1310 560
6121 4957 688 1320 570
6028 4740 687 1320 570
5875 4518 694 1320 570
5668 4282 730 1320 570
5424 4068 754 1320 570
5240 3873 757 1320 570
5132 3733 756 1320 570
5074 3663 753 1310 570
5069 3641 760 1310 570
5127 3652 760 1310 570
5226 3751 759 1310 570
5408 3908 762 1310 570
5629 4096 759 1310 570
5877 4295 763 1310 570
6108 4502 755 1310 570
6300 4639 662 1300 580
6466 4703 405 1300 580
5618 5135 679 1310 570
5644 5270 702 1310 570
5644 5349 678 1320 570
5628 5325 669 1320 570
5657 5176 672 1320 570
5657 4943 676 1320 550
5629 4601 688 1320 550
5589 4253 693 1320 550
5490 3900 699 1340 550
5367 3567 696 1330 540
5227 3265 697 1330 540
5053 2984 696 1330 540
4882 2723 691 1330 540
4699 2538 693 1310 550
4507 2403 570 1310 550
4339 2299 12 1300 540
4309 3147 946 1240 540
4967 2972 980 1240 540
5045 3068 991 1240 540
5259 3048 977 1240 540
5564 2950 978 1240 540
5818 2912 987 1240 540
6040 2876 984 1240 540
6240 2841 978 1240 540
6400 2817 979 1250 540
6505 2817 905 1260 540
6574 2830 594 1260 540
7172 5472 94 1350 530
7114 5502 130 1350 530
7107 5511 180 1340 540
7107 5504 252 1340 540
7107 5504 320 1350 540
7117 5526 394 1350 540
7173 5566 415 1340 550
7259 5642 447 1350 550
7377 5737 465 1350 550
7500 5844 485 1350 550
7632 5976 491 1360 560
7766 6103 497 1360 560
7905 6220 499 1380 570
8009 6325 491 1380 570
8090 6409 467 1380 570
8158 6481 433 1400 560
8197 6509 422 1400 560
8217 6495 417 1400 560
8217 6452 443 1410 560
8180 6321 480 1410 560
8125 6158 489 1430 560
8072 5975 509 1440 560
8019 5803 522 1440 560
7969 5681 515 1450 560
7924 5592 515 1460 550
7885 5532 515 1460 550
7858 5498 520 1450 560
7840 5482 415 1450 560
7814 5475 146 1450 560
7680 5793 444 1390 570
7662 5705 447 1380 570
7649 5699 463 1380 570
7636 5593 473 1380 570
7611 5420 496 1380 570
7577 5257 517 1380 570
7543 5124 544 1360 560
7513 5010 551 1360 560
7489 4926 568 1360 560
7480 4882 567 1360 560
7480 4866 592 1360 560
7487 4866 617 1360 560
7518 4904 624 1360 560
7565 4969 631 1360 560
7641 5076 636 1360 560
7733 5190 645 1360 560
7835 5309 638 1380 570
7947 5422 644 1380 570
8041 5502 644 1380 570
8124 5561 638 1380 570
8205 5595 616 1380 570
8259 5605 491 1380 570
8296 5599 325 1380 580
7498 5527 614 1380 580
7474 5464 619 1380 580
7407 5536 613 1390 570
7368 5369 614 1390 570
7282 5108 614 1390 570
7165 4785 617 1380 570
7041 4513 619 1380 570
6903 4244 617 1380 570
6756 3978 620 1380 570
6638 3783 418 1360 570
6949 4972 498 1330 510
6949 4972 561 1340 510
6898 5050 566 1340 510
6876 5160 575 1330 520
6871 5140 627 1340 520
6876 5190 697 1350 530
6868 5286 761 1350 540
6860 5320 796 1350 540
6855 5349 808 1350 550
6855 5384 819 1360 560
6872 5425 861 1350 570
6908 5468 885 1350 570
6972 5489 929 1360 570
7120 5496 997 1360 570
7325 5468 1023 1360 570
7651 5399 1023 1360 570
8056 5304 1023 1360 570
8513 5164 1023 1380 570
8995 5001 1023 1380 570
9426 4823 1023 1380 570
9822 4681 1023 1380 570
10169 4574 1023 1380 570
10446 4491 1023 1380 570
10675 4428 866 1380 570
7264 4013 337 1350 550
7264 4013 402 1350 550
7264 4013 443 1360 560
7284 4053 546 1380 550
7294 4062 625 1380 550
7303 4093 675 1380 550
7312 4126 696 1380 550
7320 4161 703 1380 550
7335 4175 710 1390 560
7355 4184 716 1390 560
7386 4184 730 1390 560
7421 4156 742 1390 560
7456 4115 759 1390 560
7488 4043 782 1390 560
7519 3969 788 1390 560
7550 3894 808 1390 560
7583 3837 820 1390 560
7620 3790 830 1390 560
7657 3757 818 1390 560
7685 3739 818 1390 560
7707 3730 818 1380 570
7717 3722 824 1380 570
7717 3722 830 1380 570
7717 3727 834 1380 570
7703 3736 830 1360 560
7684 3761 827 1360 560
7660 3796 825 1360 560
7635 3838 824 1360 560
7613 3882 819 1360 560
7596 3928 818 1360 560
7583 3968 817 1360 560
7578 4007 829 1360 560
7605 4058 823 1350 570
7652 4118 818 1350 570
7740 4201 815 1350 570
7841 4287 814 1350 570
7951 4374 818 1360 560
8036 4427 815 1380 570
8097 4450 814 1380 570
8141 4450 815 1380 570
8172 4431 814 1390 560
8172 4367 809 1390 560
8149 4274 799 1390 560
8089 4143 787 1390 560
8009 4021 794 1380 570
7916 3904 790 1390 570
7786 3782 793 1390 570
7659 3691 797 1390 570
7576 3622 783 1380 580
7520 3584 784 1360 570
7499 3569 793 1360 570
7505 3569 793 1360 570
7528 3577 793 1350 580
7583 3614 791 1350 580
7679 3672 785 1350 580
7803 3767 784 1350 580
7962 3872 793 1340 570
8095 3985 790 1340 570
8210 4074 780 1340 570
8265 4124 748 1340 570
8258 4147 707 1340 570
8209 4167 693 1340 570
8105 4182 691 1340 570
7982 4193 691 1340 570
7845 4211 702 1340 570
7753 4234 690 1340 570
7685 4256 702 1340 570
7634 4273 693 1340 570
7611 4286 690 1340 570
7611 4286 693 1350 570
7630 4255 690 1350 570
7660 4196 693 1350 570
7691 4086 691 1350 570
7721 3934 691 1350 570
7739 3753 693 1350 570
7750 3622 696 1350 570
7735 3500 703 1340 560
7690 3383 707 1340 560
7625 3266 711 1320 570
7531 3159 733 1320 570
7431 3060 733 1320 570
7328 2969 743 1310 560
7243 2909 749 1320 570
7208 2869 751 1320 570
7208 2869 753 1320 570
7240 2889 762 1310 570
7318 2924 763 1310 570
7426 2991 765 1310 570
7568 3073 763 1310 570
7737 3164 759 1310 570
7925 3259 760 1320 580
8072 3336 760 1320 580
8203 3400 760 1320 580
8323 3451 759 1320 580
8399 3480 751 1310 580
8427 3495 725 1320 590
8427 3495 455 1320 590
8254 3773 796 1310 550
8444 3646 849 1310 540
8435 3626 906 1310 540
8483 3636 906 1330 540
8568 3552 902 1330 540
8729 3448 893 1310 550
8911 3330 853 1320 550
9108 3300 731 1310 560
9245 3250 10 1310 570