302
4804 6580 180 1400 500
4883 6611 223 1410 490
4864 6623 214 1420 480
4864 6587 233 1440 480
4854 6518 250 1440 480
4847 6333 284 1450 470
4838 6059 287 1450 470
4821 5725 294 1440 480
4779 5352 301 1440 480
4720 4944 307 1440 480
4620 4514 334 1430 490
4497 4128 373 1420 490
4358 3794 396 1420 490
4209 3496 391 1410 500
4061 3284 388 1400 510
3981 3145 314 1380 510
3947 3055 98 1370 520
4228 3616 289 1330 530
4416 3982 423 1310 540
4498 4154 496 1310 540
4627 4312 510 1300 530
4785 4453 509 1300 530
4966 4576 435 1300 530
5157 4686 176 1290 520
5500 4730 222 1300 530
5350 4453 344 1300 530
5220 4319 418 1300 530
5083 4161 438 1300 530
4976 3987 444 1310 520
4888 3811 440 1310 520
4849 3713 430 1330 530
4861 3666 431 1310 540
4907 3666 436 1310 540
4995 3736 425 1310 540
5128 3854 418 1310 540
5290 4009 409 1310 540
5421 4125 404 1310 540
5510 4214 394 1330 530
5570 4234 362 1330 530
5595 4182 366 1330 530
5571 4082 353 1330 530
5513 3909 349 1330 530
5407 3711 359 1330 530
5272 3496 407 1340 540
5118 3296 466 1340 540
4995 3150 489 1340 540
4931 3039 504 1340 540
4905 3016 504 1340 540
4905 3016 502 1340 540
4997 3089 467 1340 540
5112 3227 440 1340 540
5261 3387 443 1340 540
5380 3562 449 1340 540
5480 3686 443 1340 540
5545 3767 443 1340 540
5576 3819 428 1340 540
5585 3813 433 1340 540
5576 3752 441 1340 540
5539 3655 455 1340 540
5482 3498 477 1340 540
5417 3290 497 1340 540
5354 3049 518 1340 540
5292 2822 537 1330 540
5248 2635 564 1330 540
5225 2475 594 1340 550
5215 2429 617 1340 550
5231 2429 644 1340 550
5292 2470 638 1340 550
5383 2606 581 1340 550
5526 2834 475 1340 550
5685 3123 277 1340 550
5855 3433 1 1340 550
6050 4022 20 1350 550
6161 4545 130 1350 550
6198 4756 225 1350 550
6229 4897 317 1350 550
6249 4957 337 1350 550
6249 4964 344 1360 550
6243 4956 333 1360 550
6237 4942 336 1360 550
6210 4861 339 1390 550
6168 4738 349 1390 550
6128 4608 361 1390 550
6084 4434 397 1400 540
6037 4231 425 1400 540
5975 4011 453 1400 540
5914 3830 480 1410 530
5886 3675 486 1410 530
5879 3635 496 1410 530
5901 3635 522 1410 530
5960 3668 512 1400 540
6044 3779 514 1400 540
6184 3923 488 1400 540
6328 4090 485 1400 540
6440 4191 469 1400 540
6528 4221 439 1390 550
6571 4205 443 1390 550
6556 4113 440 1390 550
6502 3949 439 1390 550
6395 3737 467 1390 550
6262 3554 516 1390 550
6111 3418 537 1390 550
6042 3314 550 1390 550
6029 3290 551 1390 550
6052 3324 548 1390 550
6141 3396 536 1390 550
6281 3542 533 1390 550
6455 3723 512 1390 550
6613 3928 477 1390 550
6738 4106 394 1390 550
6840 4258 254 1400 550
6882 4392 46 1400 550
6882 4392 55 1390 560
6669 4633 214 1390 560
6575 4628 327 1390 560
6493 4594 371 1390 560
6449 4541 414 1400 550
6432 4443 450 1400 550
6432 4299 472 1400 550
6441 4124 488 1400 550
6441 3958 489 1400 550
6422 3790 499 1400 540
6388 3616 502 1410 550
6330 3438 496 1410 550
6256 3254 440 1410 550
6170 3134 314 1410 550
6216 3594 282 1380 550
6287 3594 312 1380 550
6281 3588 368 1380 550
6307 3581 407 1380 550
6338 3562 444 1380 550
6391 3541 472 1360 560
6457 3519 522 1360 560
6540 3486 572 1360 560
6663 3429 619 1360 560
6812 3355 636 1360 560
7001 3245 638 1360 560
7219 3134 646 1360 560
7457 3026 625 1360 560
7736 2991 535 1360 570
8034 3002 325 1360 570
7900 4962 136 1410 490
7818 4849 207 1410 490
7768 4842 209 1410 490
7768 4842 242 1420 490
7738 4859 265 1420 490
7758 4881 340 1420 490
7828 4919 391 1420 490
7930 5000 415 1430 500
8067 5098 438 1430 500
8257 5207 448 1430 500
8481 5316 440 1430 510
8683 5416 443 1430 510
8840 5473 442 1440 510
8968 5503 445 1440 510
9022 5508 448 1460 520
9038 5481 463 1460 520
9029 5433 461 1470 520
8972 5313 447 1460 530
8883 5185 374 1460 530
8772 5052 249 1470 530
8675 4938 58 1470 530
8440 5009 237 1460 540
8473 4930 344 1460 540
8447 4888 392 1460 540
8425 4778 412 1460 540
8403 4623 417 1450 540
8403 4520 414 1450 540
8427 4483 425 1450 540
8476 4489 418 1450 540
8530 4531 387 1440 540
8591 4596 314 1440 540
8628 4676 253 1440 540
8648 4750 136 1440 540
8634 4825 32 1440 540
8586 4901 48 1440 540
8515 4952 142 1440 540
8434 4952 242 1440 540
8346 4919 325 1440 540
8253 4823 387 1440 540
8176 4685 443 1440 540
8088 4519 465 1440 540
7993 4304 477 1440 540
7857 4104 491 1450 540
7700 3914 496 1440 540
7529 3746 496 1440 540
7371 3627 480 1440 540
7221 3541 410 1440 540
7140 3511 205 1440 540
7227 3818 18 1410 550
7361 3935 198 1410 550
7398 3960 255 1400 540
7406 3972 284 1400 540
7406 3972 304 1400 540
7406 3972 334 1400 540
7406 3972 336 1400 540
7406 3972 341 1400 540
7413 3972 349 1400 540
7424 3985 359 1400 540
7461 4000 371 1410 530
7515 4013 396 1410 530
7588 4006 418 1410 530
7688 3986 449 1410 530
7806 3960 480 1410 530
7959 3935 520 1420 530
8118 3940 541 1420 530
8354 3965 550 1420 530
8638 4027 562 1420 530
8988 4116 568 1420 540
9320 4224 554 1420 540
9640 4312 527 1420 540
9891 4359 505 1420 540
10060 4379 477 1440 540
10173 4379 407 1430 550
10216 4359 216 1430 550
8583 3865 393 1470 560
8521 3555 463 1450 560
8473 3502 491 1450 560
8460 3386 493 1450 560
8470 3229 470 1450 560
8494 3092 449 1450 560
8527 3001 414 1440 560
8557 2940 405 1440 560
8572 2907 404 1440 560
8577 2894 407 1430 550
8570 2894 407 1410 560
8552 2901 413 1410 560
8527 2925 417 1410 560
8502 2960 418 1410 560
8487 3028 417 1410 560
8509 3132 420 1410 560
8551 3260 418 1400 560
8632 3408 422 1400 560
8745 3507 423 1400 560
8878 3574 425 1400 560
9011 3585 417 1400 560
9108 3554 420 1400 560
9181 3494 435 1400 560
9197 3401 466 1400 560
9140 3272 514 1400 560
9033 3120 562 1420 570
8879 2981 595 1420 570
8729 2883 603 1420 570
8649 2812 613 1420 570
8614 2802 611 1420 570
8619 2839 594 1420 570
8685 2907 586 1420 570
8792 3028 570 1420 570
8933 3170 541 1420 570
9054 3327 478 1420 570
9161 3471 420 1420 570
9218 3592 361 1420 570
9223 3697 327 1430 570
9192 3800 329 1430 570
9111 3857 344 1430 570
9008 3883 392 1430 570
8889 3860 450 1440 570
8791 3818 464 1440 570
8739 3763 490 1440 570
8718 3702 515 1440 570
8718 3636 540 1440 570
8746 3561 548 1440 570
8784 3470 556 1440 570
8818 3371 559 1440 570
8843 3250 557 1440 570
8862 3115 554 1440 570
8862 2971 546 1440 570
8842 2821 512 1430 560
8818 2674 510 1430 560
8785 2569 517 1430 560
8738 2491 515 1430 560
8681 2411 533 1430 560
8632 2336 546 1420 570
8588 2265 580 1420 570
8566 2221 603 1420 570
8557 2208 624 1420 570
8570 2217 637 1420 570
8636 2270 637 1430 570
8738 2383 641 1430 570
8895 2535 614 1430 570
9062 2706 567 1430 570
9235 2873 512 1440 580
9360 2977 452 1440 580
9446 3042 376 1440 580
9507 3071 282 1440 580
9527 3080 163 1440 580
9451 3244 12 1470 590
9484 3244 191 1470 590
9484 3244 265 1470 590
9484 3252 316 1470 590
9484 3252 384 1470 590
9484 3261 474 1470 590
9484 3261 524 1470 590
9484 3261 554 1470 590
9484 3261 642 1470 590
9507 3211 685 1460 580
9550 3131 697 1460 580
9611 3022 705 1460 580
9675 2912 705 1460 580
9741 2828 699 1460 580
9808 2762 681 1460 580
9852 2744 580 1460 580