430
2611 7839 103 1400 510
2611 7839 95 1400 510
2611 7839 101 1410 500
2611 7839 110 1400 500
2611 7839 149 1380 500
2645 7822 193 1380 500
2657 7798 242 1380 500
2667 7766 285 1380 500
2677 7709 309 1380 500
2685 7635 346 1370 500
2685 7533 361 1370 500
2676 7396 389 1360 500
2654 7237 397 1360 500
2619 7065 438 1360 500
2576 6866 468 1350 500
2518 6649 499 1340 500
2447 6418 536 1340 500
2367 6167 566 1340 500
2284 5903 588 1330 510
2202 5678 617 1330 510
2126 5499 628 1320 510
2053 5351 645 1300 520
1996 5215 646 1290 520
1949 5132 665 1290 520
1919 5085 673 1280 530
1901 5080 673 1270 530
1892 5117 669 1250 540
1883 5182 667 1240 540
1883 5308 667 1230 550
1900 5459 667 1210 550
1932 5627 667 1210 550
1986 5779 669 1200 550
2068 5936 676 1200 550
2168 6084 681 1200 550
2279 6225 685 1200 550
2413 6383 681 1210 550
2562 6553 682 1210 550
2741 6732 684 1230 550
2894 6891 691 1230 550
3030 7010 694 1240 540
3153 7102 694 1250 540
3239 7149 690 1270 530
3300 7167 664 1280 530
3333 7167 591 1290 520
3343 7148 372 1300 520
2649 6098 260 1320 490
2489 5837 286 1300 500
2419 5757 289 1300 500
2384 5700 294 1290 500
2369 5669 317 1280 500
2364 5656 382 1270 510
2364 5656 441 1260 510
2389 5680 472 1260 510
2430 5716 496 1240 520
2508 5786 505 1230 520
2603 5868 515 1230 520
2709 5957 524 1220 530
2786 6019 530 1220 530
2853 6058 533 1220 530
2914 6083 537 1230 530
2956 6083 541 1230 530
2982 6066 546 1230 530
2996 6036 539 1240 530
2983 5974 543 1230 520
2942 5871 539 1230 520
2881 5742 548 1240 520
2804 5610 548 1240 520
2711 5470 548 1240 520
2606 5312 548 1240 520
2512 5145 550 1240 520
2441 5021 554 1240 520
2384 4936 561 1250 530
2353 4877 578 1250 530
2343 4865 588 1250 530
2343 4873 617 1240 530
2362 4894 617 1240 530
2404 4964 633 1230 530
2465 5064 639 1230 530
2550 5184 645 1220 540
2639 5299 636 1220 540
2720 5411 637 1200 540
2793 5501 638 1200 540
2854 5577 636 1200 540
2897 5633 645 1200 540
2928 5664 641 1200 540
2928 5678 606 1200 540
2917 5688 545 1190 530
2894 5697 414 1190 530
2865 5702 244 1190 530
2829 5712 110 1190 530
2788 5724 98 1190 530
2752 5746 117 1190 530
2720 5766 163 1190 530
2696 5783 233 1190 530
2682 5795 297 1210 530
2675 5800 310 1210 530
2675 5800 344 1200 520
2675 5787 386 1200 520
2685 5733 443 1210 520
2685 5651 498 1210 520
2685 5521 521 1210 520
2671 5347 545 1200 520
2648 5145 566 1200 520
2617 4928 589 1200 520
2581 4720 630 1200 520
2548 4519 659 1180 530
2535 4371 685 1180 530
2535 4248 690 1180 530
2540 4142 703 1170 530
2551 4085 705 1170 530
2569 4060 711 1160 530
2592 4060 719 1160 530
2619 4092 717 1150 540
2662 4210 716 1150 540
2716 4384 708 1150 540
2777 4592 690 1140 550
2861 4830 665 1140 550
2960 5089 592 1140 550
3072 5328 498 1140 550
3188 5579 384 1140 550
3306 5802 168 1150 540
3560 6553 25 1190 530
3635 6754 148 1210 530
3640 6778 226 1220 530
3640 6783 249 1230 520
3635 6776 307 1240 520
3635 6769 358 1240 520
3635 6738 427 1260 510
3635 6690 466 1270 510
3635 6622 481 1280 500
3641 6530 499 1280 500
3649 6423 532 1280 500
3658 6293 556 1290 500
3658 6162 574 1290 500
3658 6017 595 1290 500
3641 5863 613 1290 500
3622 5730 645 1280 500
3602 5638 643 1280 500
3594 5574 649 1280 500
3599 5539 661 1270 510
3612 5529 688 1270 510
3635 5537 696 1260 510
3687 5584 697 1260 510
3759 5664 705 1260 510
3838 5766 707 1240 520
3921 5893 713 1240 520
4015 6019 711 1240 520
4116 6124 713 1240 520
4210 6215 713 1240 520
4298 6291 705 1240 520
4359 6344 696 1240 520
4399 6383 678 1240 520
4426 6398 633 1240 520
4426 6380 567 1250 510
4404 6340 359 1250 510
3990 5677 180 1270 500
3770 5359 285 1270 500
3659 5221 361 1260 500
3581 5119 396 1260 500
3540 5040 425 1250 510
3523 5008 496 1250 510
3543 5016 545 1230 510
3613 5050 564 1240 520
3717 5148 581 1240 520
3844 5272 585 1230 520
3991 5414 619 1230 520
4152 5560 616 1210 520
4323 5700 627 1210 520
4486 5834 627 1210 520
4634 5968 627 1220 530
4773 6077 617 1220 530
4868 6170 616 1220 530
4938 6252 535 1220 530
4991 6332 361 1230 520
4493 6904 184 1280 490
4466 6928 209 1290 490
4450 6911 211 1290 490
4430 6887 214 1310 480
4430 6836 233 1310 480
4430 6767 287 1310 480
4430 6630 339 1300 480
4413 6483 420 1300 480
4394 6329 488 1310 470
4372 6126 537 1310 470
4340 5907 550 1300 480
4297 5678 591 1300 480
4247 5484 614 1280 480
4184 5280 625 1280 480
4109 5069 638 1270 490
4025 4875 647 1260 490
3947 4712 638 1250 500
3869 4570 637 1240 500
3794 4463 644 1210 510
3720 4396 613 1200 510
3652 4356 453 1190 510
3608 4387 249 1190 510
3876 5378 264 1140 510
4043 5500 282 1140 510
4091 5524 281 1140 510
4117 5535 307 1150 510
4158 5530 349 1150 510
4199 5506 420 1150 510
4243 5469 478 1170 510
4295 5427 529 1170 510
4356 5375 564 1170 510
4426 5316 594 1180 510
4503 5266 613 1180 510
4586 5215 642 1180 510
4684 5164 655 1200 510
4792 5113 669 1200 510
4882 5063 690 1210 520
4973 5023 696 1210 520
5066 4990 714 1220 530
5161 4951 720 1220 530
5258 4911 725 1220 530
5355 4870 730 1220 530
5446 4827 725 1230 530
5533 4792 733 1230 530
5614 4762 700 1230 530
5677 4751 605 1230 530
5727 4751 245 1230 530
6602 6844 148 1350 470
6439 6746 170 1350 470
6389 6729 239 1360 470
6355 6738 254 1360 480
6350 6744 260 1360 480
6371 6765 262 1360 480
6409 6798 272 1360 480
6480 6853 272 1360 480
6583 6926 279 1360 480
6706 7012 284 1360 480
6880 7103 286 1360 480
7039 7190 317 1370 480
7188 7244 381 1370 480
7334 7278 394 1370 480
7437 7278 456 1370 480
7512 7250 488 1390 480
7548 7200 530 1390 480
7548 7128 556 1390 480
7527 7026 564 1410 490
7461 6904 567 1420 480
7375 6787 574 1420 480
7275 6697 574 1420 480
7184 6626 572 1420 480
7122 6579 567 1420 490
7079 6559 564 1420 490
7055 6559 488 1420 490
7036 6596 441 1410 500
7025 6672 420 1410 500
7025 6774 420 1410 500
7025 6881 423 1400 510
7025 6934 420 1400 510
7031 6951 441 1400 510
7031 6939 473 1400 510
7031 6883 517 1400 510
7019 6799 556 1400 510
7000 6701 595 1400 510
6968 6597 641 1400 510
6929 6479 667 1400 510
6885 6350 671 1400 510
6830 6235 673 1400 510
6777 6131 663 1400 510
6750 6073 666 1400 510
6739 6049 666 1400 510
6739 6049 684 1380 500
6773 6061 691 1380 500
6820 6118 700 1370 510
6906 6205 691 1370 510
6996 6295 694 1370 510
7096 6389 697 1360 510
7203 6487 700 1360 510
7300 6560 705 1360 510
7389 6615 708 1360 510
7457 6659 707 1360 510
7504 6688 700 1360 510
7538 6703 690 1360 510
7547 6708 666 1360 510
7536 6708 548 1360 510
7511 6708 269 1360 510
6876 6752 181 1370 500
6780 6747 202 1370 500
6742 6747 226 1370 500
6716 6719 297 1370 500
6686 6684 387 1370 500
6635 6618 443 1360 490
6573 6507 515 1360 490
6498 6367 554 1360 490
6401 6195 586 1360 490
6289 6022 617 1350 500
6153 5846 639 1340 490
6021 5668 662 1330 500
5892 5526 667 1330 500
5760 5400 670 1320 500
5648 5286 667 1300 510
5550 5215 661 1300 510
5473 5185 636 1290 510
5420 5185 492 1290 510
5382 5222 339 1280 520
5367 5309 109 1280 520
5580 5740 93 1240 520
5730 5833 103 1240 520
5807 5874 173 1240 520
5890 5907 294 1240 520
5990 5942 371 1250 510
6100 5978 420 1270 510
6248 6014 486 1270 510
6410 6043 532 1280 500
6581 6069 560 1280 500
6772 6091 595 1300 510
6968 6113 630 1320 500
7164 6127 671 1320 500
7358 6143 699 1330 510
7587 6166 713 1340 500
7817 6193 724 1350 510
8048 6221 727 1350 510
8254 6247 731 1370 510
8444 6268 731 1370 510
8617 6289 731 1370 510
8756 6309 721 1370 510
8873 6329 727 1380 510
8956 6349 691 1380 510
8956 6349 490 1390 520
6895 5861 175 1340 500
6950 5894 186 1340 500
6961 5894 205 1340 500
6967 5888 276 1340 500
6967 5866 369 1330 510
6957 5815 456 1330 510
6932 5744 546 1340 510
6898 5648 595 1330 520
6868 5522 636 1330 520
6837 5376 665 1330 520
6807 5226 690 1330 520
6788 5094 697 1310 520
6777 4973 694 1310 520
6784 4879 691 1310 520
6802 4825 690 1300 530
6826 4797 688 1300 530
6836 4797 684 1300 530
6836 4821 665 1300 540
6848 4863 611 1300 540
6861 4935 560 1300 540
6876 5015 546 1300 540
6884 5101 537 1300 540
6884 5188 535 1300 540
6894 5256 538 1300 540
6901 5312 543 1300 540
6912 5349 543 1310 550
6927 5391 554 1310 550
6968 5436 560 1310 550
7025 5495 581 1310 550
7111 5554 591 1310 550
7226 5614 606 1310 550
7359 5669 616 1310 550
7483 5708 641 1310 550
7592 5736 662 1310 550
7690 5750 664 1310 550
7773 5758 673 1310 550
7832 5753 679 1310 550
7874 5733 693 1300 540
7886 5704 699 1300 540
7859 5656 699 1300 540
7805 5584 702 1300 540
7698 5497 700 1300 540
7570 5390 702 1300 540
7427 5278 700 1300 540
7285 5188 691 1300 540
7181 5115 696 1300 540
7103 5075 696 1310 550
7085 5061 711 1310 550
7085 5061 719 1330 540
7101 5079 722 1330 540
7151 5122 727 1330 540
7241 5185 724 1330 540
7357 5256 728 1330 540
7468 5328 727 1330 540
7559 5400 721 1330 540
7637 5450 713 1330 540
7674 5479 697 1310 540
7683 5494 627 1310 540
7673 5508 464 1310 540
7652 5524 42 1310 540
7481 5735 146 1300 530
7474 5830 212 1300 530
7468 5841 223 1300 530
7468 5841 282 1300 530
7468 5833 333 1300 530
7479 5799 392 1300 530
7479 5745 446 1300 530
7479 5663 483 1300 530
7473 5566 509 1300 530
7459 5460 519 1300 530
7440 5336 522 1300 530
7409 5218 532 1300 530
7371 5105 538 1300 530
7328 5003 539 1300 530
7288 4916 566 1300 530
7252 4840 594 1300 530
7226 4788 611 1300 530
7226 4758 630 1290 530
7236 4744 670 1290 530
7267 4744 693 1290 550
7324 4767 708 1290 550
7399 4803 719 1290 550
7483 4854 719 1290 550
7569 4905 716 1290 550
7657 4962 714 1290 550
7745 5024 708 1300 540
7811 5075 700 1300 540
7863 5111 696 1300 540
7885 5136 702 1310 550
7890 5145 663 1300 550
7883 5153 619 1300 550
7866 5153 580 1300 550
7849 5162 581 1300 550
7831 5167 592 1300 550
7825 5179 584 1310 550
7825 5195 584 1310 550
7831 5207 594 1310 550
7849 5217 609 1330 540
7878 5207 636 1330 540
7915 5184 711 1330 540
7959 5138 770 1340 550
8015 5087 826 1340 550
8079 5022 858 1340 550
8134 4951 881 1340 550
8189 4895 882 1340 550
8244 4856 876 1340 550
8283 4828 867 1340 550
8312 4818 673 1340 550