332
2039 8869 1470 430 75
2029 8844 1470 430 132
2004 8857 1460 440 134
2004 8883 1470 440 148
2004 8883 1470 450 110
2004 8883 1470 450 105
2004 8883 1470 460 105
2011 8873 1470 460 120
2011 8868 1470 470 149
2011 8856 1460 480 180
2011 8839 1460 480 183
2011 8818 1460 490 198
2011 8794 1450 500 218
2011 8763 1460 500 225
1996 8682 1450 510 251
1963 8569 1450 510 274
1907 8318 1440 510 292
1836 7954 1440 510 304
1745 7514 1440 510 307
1638 7044 1430 520 307
1521 6598 1430 520 309
1403 6169 1420 520 305
1289 5881 1410 520 310
1224 5753 1400 520 317
1189 5732 1370 520 222
1189 5732 1350 520 10
1225 5964 1290 510 54
1238 6174 1290 510 171
1238 6282 1270 510 282
1266 6426 1260 500 332
1333 6593 1240 500 339
1428 6759 1240 500 344
1582 6921 1240 500 338
1740 7015 1240 500 301
1876 7064 1250 510 235
1995 7045 1250 510 181
2082 6965 1270 510 186
2104 6845 1270 510 180
2083 6726 1280 520 254
2003 6604 1300 520 337
1903 6479 1300 520 392
1789 6353 1310 520 441
1690 6263 1310 520 474
1643 6197 1330 530 465
1630 6191 1340 540 465
1653 6205 1350 540 475
1734 6233 1360 550 475
1854 6323 1360 550 477
1982 6420 1380 550 472
2095 6523 1380 550 466
2198 6578 1360 560 417
2254 6597 1360 560 304
2268 6591 1360 560 198
2254 6524 1360 560 20
1785 5846 1360 560 75
1394 5415 1350 550 260
1193 5194 1320 550 414
1051 4973 1310 550 455
948 4864 1310 550 455
939 4825 1300 540 465
1014 4833 1280 540 465
1144 4925 1280 540 452
1339 5111 1280 540 443
1549 5361 1270 530 443
1770 5623 1250 540 440
1919 5833 1250 540 444
2030 6009 1250 540 444
2116 6130 1250 540 436
2169 6208 1250 540 427
2190 6258 1250 540 418
2190 6258 1260 540 392
2161 6253 1260 540 399
2104 6221 1280 540 391
2028 6172 1290 550 396
1963 6115 1310 550 409
1904 6025 1310 550 428
1857 5913 1320 550 463
1827 5720 1350 550 489
1808 5486 1350 550 522
1808 5225 1350 550 530
1839 4940 1350 550 550
1881 4781 1340 560 589
1931 4705 1340 560 641
1984 4719 1340 560 647
2081 4842 1320 570 636
2205 5037 1320 570 568
2321 5291 1310 570 448
2419 5541 1310 570 218
2631 7218 1310 570 212
2663 7292 1320 570 309
2650 7321 1340 560 342
2636 7321 1350 550 342
2626 7321 1360 550 342
2615 7274 1370 540 333
2601 7202 1390 540 334
2583 7080 1390 540 338
2556 6918 1400 530 363
2523 6730 1410 520 392
2477 6529 1410 520 438
2420 6332 1420 520 473
2355 6139 1420 520 494
2326 6066 1420 520 497
2326 6048 1410 520 510
2348 6066 1410 520 504
2409 6113 1410 520 498
2512 6227 1410 520 478
2644 6387 1400 530 475
2758 6527 1400 530 472
2835 6593 1400 530 468
2888 6611 1390 540 473
2927 6576 1390 540 452
2927 6460 1390 540 440
2900 6289 1390 540 428
2817 6086 1390 540 430
2705 5899 1370 540 452
2574 5724 1370 540 510
2479 5642 1370 540 565
2439 5608 1360 550 583
2439 5608 1360 550 586
2456 5624 1350 550 591
2564 5716 1350 550 578
2729 5858 1350 550 546
2902 6042 1350 550 488
3084 6224 1350 550 412
3271 6405 1350 550 306
3381 6544 1350 550 175
3012 6883 1350 540 289
2864 6907 1360 540 346
2830 6898 1370 530 361
2818 6837 1370 530 376
2818 6742 1390 520 399
2835 6572 1390 520 405
2835 6360 1410 520 420
2835 6121 1410 520 453
2804 5884 1410 520 491
2753 5661 1400 530 499
2688 5501 1400 530 499
2641 5380 1400 530 469
2621 5322 1390 540 309
2621 5303 1390 540 47
2616 5592 1340 560 55
2684 5725 1340 560 186
2705 5758 1320 570 221
2712 5758 1310 570 274
2733 5758 1310 570 309
2755 5745 1300 580 359
2782 5721 1300 580 423
2813 5691 1300 580 509
2872 5646 1300 580 583
2950 5590 1300 580 624
3092 5518 1300 580 628
3297 5441 1300 580 625
3544 5353 1280 580 561
3821 5305 1280 580 382
4266 7137 1380 480 67
4066 7122 1380 480 163
3992 7108 1390 470 291
3956 7099 1400 480 384
3943 7104 1400 480 394
3943 7109 1400 480 402
4005 7162 1420 480 413
4100 7247 1420 480 415
4253 7357 1420 480 413
4426 7468 1420 480 407
4612 7580 1400 480 394
4793 7649 1400 480 394
4917 7686 1390 480 387
5003 7703 1390 480 387
5061 7703 1390 480 387
5092 7692 1390 480 391
5105 7677 1390 480 394
5105 7659 1390 480 418
5091 7606 1410 490 422
5069 7530 1410 490 425
5023 7396 1410 490 425
4967 7258 1410 490 423
4903 7115 1410 490 415
4845 6979 1400 500 382
4793 6847 1400 500 312
4766 6778 1400 500 218
4754 6757 1400 500 185
4778 6768 1400 500 183
4805 6816 1400 500 240
4839 6901 1400 500 361
4878 7010 1400 500 453
4898 7085 1400 500 519
4912 7134 1400 500 532
4922 7167 1400 500 527
4922 7173 1400 500 512
4922 7173 1400 500 490
4922 7173 1400 500 443
4922 7173 1400 500 402
4905 7189 1400 500 372
4882 7209 1400 500 373
4851 7236 1410 490 364
4823 7264 1410 490 376
4797 7293 1410 490 387
4790 7304 1410 490 381
4784 7288 1410 490 382
4777 7253 1420 480 387
4753 7127 1420 480 399
4718 6968 1410 490 391
4681 6787 1410 490 394
4646 6682 1410 490 392
4631 6629 1410 490 392
4631 6611 1410 490 394
4631 6611 1380 490 396
4639 6636 1380 490 391
4677 6674 1380 490 386
4736 6750 1380 490 374
4787 6825 1380 490 363
4817 6873 1380 490 312
4832 6904 1380 490 191
4605 7185 1420 480 95
4495 6949 1420 480 214
4409 6873 1420 480 316
4320 6795 1420 480 336
4204 6698 1390 480 356
4071 6589 1390 480 361
3932 6453 1390 480 363
3785 6317 1390 480 363
3633 6183 1390 480 364
3507 6100 1380 490 348
3447 6048 1380 490 284
3430 6040 1380 490 27
3691 6449 1360 490 61
3764 6538 1360 490 109
3764 6548 1360 490 112
3771 6548 1360 490 132
3771 6538 1360 490 158
3778 6532 1360 490 175
3788 6521 1360 490 187
3806 6507 1350 500 181
3834 6491 1350 500 212
3882 6477 1350 500 237
3943 6465 1350 500 280
4026 6448 1340 490 305
4146 6429 1340 490 361
4291 6424 1340 490 420
4468 6429 1340 490 465
4706 6473 1340 490 480
4984 6538 1340 490 499
5297 6616 1340 490 502
5624 6695 1340 500 491
5959 6744 1340 500 453
6182 6774 1350 510 433
6344 6786 1340 510 409
6465 6795 1350 520 361
6500 6795 1350 520 259
4962 6255 1370 530 237
4796 6052 1370 530 287
4757 5998 1370 530 359
4733 5905 1370 530 394
4742 5786 1370 530 423
4764 5679 1370 530 425
4795 5571 1370 530 428
4819 5492 1370 530 427
4840 5432 1360 540 428
4859 5409 1350 530 428
4859 5402 1350 530 430
4859 5402 1340 540 428
4847 5426 1350 540 433
4830 5478 1350 540 431
4813 5551 1340 550 444
4822 5645 1320 550 450
4847 5738 1320 550 452
4908 5850 1320 550 455
5006 5976 1320 550 452
5128 6063 1320 550 433
5252 6099 1320 550 422
5348 6099 1320 550 407
5424 6078 1320 550 404
5450 6022 1320 550 414
5415 5944 1340 550 447
5338 5803 1340 550 489
5220 5679 1340 550 554
5117 5567 1350 540 588
5023 5500 1350 540 585
5005 5475 1350 540 578
5015 5475 1350 540 574
5043 5499 1350 540 565
5142 5573 1340 540 522
5258 5683 1340 540 495
5384 5803 1340 540 468
5470 5918 1340 540 449
5518 6030 1340 540 415
5540 6103 1340 540 384
5518 6170 1340 540 363
5460 6216 1350 540 356
5379 6250 1350 540 371
5289 6250 1350 540 402
5203 6242 1350 540 440
5149 6222 1360 540 452
5114 6195 1350 530 469
5100 6125 1360 520 480
5110 6027 1360 520 496
5135 5881 1360 520 491
5170 5735 1370 520 486
5205 5588 1370 520 447
5227 5440 1370 520 391
5239 5279 1360 520 348
5227 5150 1360 520 341
5195 5044 1360 520 399
5150 4985 1350 530 485
5121 4957 1350 530 548
5109 4951 1350 530 574
5109 4951 1340 540 580
5114 4958 1340 540 592
5165 4976 1340 540 592
5246 5051 1330 540 550
5365 5160 1330 540 452
5467 5292 1340 550 339
5558 5416 1320 550 225
5619 5517 1320 550 65
5641 5692 1310 550 29
5641 5692 1310 550 51
5633 5724 1300 550 103
5633 5732 1300 550 151
5633 5742 1300 550 240
5639 5747 1300 550 317
5639 5747 1290 560 394
5639 5747 1290 560 448
5639 5747 1290 560 489
5639 5747 1290 560 521
5644 5747 1290 560 567
5649 5747 1290 560 634
5680 5710 1290 560 664
5726 5657 1290 560 684
5795 5563 1300 560 690
5862 5469 1300 560 665
5928 5377 1300 560 515
6005 5319 1300 560 42