NLDCC-001_001_002 942
	13716 22131   112  1090   550
	13716 22149   182  1090   550
	13716 22166   239  1090   550
	13716 22179   311  1100   540
	13716 22190   368  1100   540
	13716 22197   407  1100   540
	13716 22204   453  1100   540
	13716 22209   496  1100   540
	13716 22209   544  1120   540
	13716 22209   572  1120   540
	13716 22209   594  1120   540
	13716 22209   613  1120   540
	13716 22209   619  1120   540
	13716 22209   639  1130   540
	13711 22190   637  1130   540
	13711 22163   644  1130   540
	13704 22128   653  1130   540
	13697 22071   661  1130   540
	13686 22000   668  1130   540
	13675 21920   673  1130   540
	13661 21838   667  1130   540
	13646 21749   675  1130   540
	13631 21653   676  1130   540
	13611 21544   679  1130   540
	13588 21428   681  1120   540
	13562 21309   682  1120   540
	13534 21190   682  1120   540
	13504 21076   685  1100   540
	13470 20966   697  1100   540
	13438 20875   717  1100   540
	13414 20810   727  1090   550
	13397 20762   720  1080   540
	13388 20739   721  1080   540
	13388 20728   721  1070   540
	13388 20728   724  1070   540
	13388 20728   725  1070   540
	13388 20728   725  1070   540
	13388 20742   725  1060   540
	13397 20773   728  1060   540
	13406 20819   730  1060   540
	13417 20874   728  1060   540
	13430 20949   727  1060   540
	13443 21029   725  1060   540
	13457 21113   724  1060   540
	13473 21198   722  1060   540
	13490 21283   721  1060   540
	13508 21374   722  1060   540
	13528 21469   721  1060   540
	13554 21569   720  1070   540
	13582 21676   720  1070   540
	13610 21787   721  1070   540
	13641 21880   727  1080   540
	13672 21970   725  1080   540
	13699 22052   727  1080   540
	13722 22129   728  1100   530
	13742 22183   736  1100   540
	13755 22223   740  1100   540
	13764 22239   749  1120   540
	13764 22250   760  1120   540
	13770 22250   751  1120   540
	13770 22250   751  1130   540
	13770 22256   750  1130   540
	13770 22250   763  1130   540
	13776 22243   750  1130   540
	13783 22231   763  1130   540
	13795 22215   751  1130   540
	13810 22194   753  1130   540
	13824 22170   753  1140   530
	13839 22146   754  1140   530
	13857 22125   754  1140   530
	13876 22106   756  1130   540
	13896 22093   756  1130   540
	13916 22079   756  1130   540
	13938 22070   756  1130   540
	13964 22065   756  1130   540
	13994 22065   756  1130   540
	14028 22070   757  1120   550
	14064 22078   757  1120   550
	14103 22093   757  1120   550
	14143 22114   759  1120   550
	14185 22138   757  1120   550
	14219 22166   759  1120   550
	14248 22195   756  1120   540
	14279 22225   754  1120   540
	14304 22253   753  1120   540
	14326 22280   754  1120   540
	14346 22304   750  1120   540
	14359 22322   750  1120   540
	14368 22337   763  1120   540
	14368 22348   763  1120   530
	14374 22355   750  1120   530
	14374 22355   751  1120   530
	14374 22355   754  1120   530
	14367 22349   753  1120   530
	14361 22341   753  1120   530
	14351 22326   754  1140   530
	14337 22303   754  1140   530
	14319 22271   754  1140   530
	14298 22233   756  1140   530
	14276 22187   757  1140   530
	14253 22132   757  1140   530
	14232 22073   759  1140   530
	14209 22011   760  1140   530
	14181 21944   760  1140   530
	14151 21861   760  1120   530
	14121 21769   762  1120   520
	14090 21665   763  1120   530
	14059 21560   767  1120   530
	14035 21458   771  1120   530
	14014 21365   771  1110   530
	13999 21275   773  1110   530
	13989 21183   771  1110   530
	13983 21105   770  1100   530
	13983 21037   768  1100   530
	13983 20992   768  1100   530
	13988 20951   768  1090   550
	13997 20912   765  1090   550
	14007 20889   759  1090   550
	14019 20876   756  1100   550
	14032 20870   750  1100   550
	14044 20870   758  1080   560
	14060 20870   751  1080   560
	14078 20870   746  1080   560
	14100 20887   742  1080   560
	14124 20910   733  1080   560
	14148 20940   722  1070   560
	14170 20975   719  1070   560
	14195 21013   710  1070   560
	14220 21053   696  1070   560
	14239 21093   697  1070   560
	14253 21133   688  1060   550
	14265 21170   667  1070   550
	14273 21200   673  1070   550
	14279 21223   668  1070   550
	14279 21236   668  1070   550
	14279 21236   667  1070   550
	14274 21236   670  1070   540
	14265 21226   673  1080   540
	14252 21206   664  1080   540
	14235 21179   681  1080   540
	14214 21139   690  1080   540
	14190 21098   693  1080   530
	14165 21053   696  1080   530
	14147 21009   717  1080   530
	14133 20966   733  1080   530
	14125 20927   721  1080   530
	14125 20894   725  1080   530
	14125 20864   727  1080   530
	14125 20832   728  1080   530
	14136 20804   727  1060   530
	14143 20782   730  1060   520
	14164 20762   728  1060   520
	14185 20748   730  1060   520
	14209 20740   731  1060   520
	14235 20740   731  1050   530
	14263 20740   731  1050   530
	14290 20749   733  1050   530
	14320 20769   731  1050   530
	14351 20796   730  1050   530
	14385 20831   731  1050   530
	14420 20872   725  1060   540
	14456 20912   730  1060   540
	14491 20956   711  1060   540
	14524 21003   697  1060   540
	14556 21045   687  1060   550
	14586 21087   663  1060   550
	14613 21126   671  1060   550
	14638 21159   668  1060   550
	14660 21186   670  1070   550
	14676 21209   667  1070   550
	14689 21225   668  1070   550
	14698 21235   667  1080   560
	14703 21235   665  1080   560
	14703 21235   667  1080   560
	14703 21235   670  1100   550
	14703 21227   664  1100   550
	14703 21216   670  1100   550
	14693 21200   687  1100   550
	14686 21180   697  1100   550
	14678 21160   711  1100   550
	14678 21140   721  1100   550
	14670 21121   728  1100   550
	14665 21106   733  1100   550
	14665 21094   720  1100   550
	14665 21088   720  1100   550
	14665 21082   720  1100   550
	14671 21075   720  1100   550
	14676 21069   731  1100   550
	14681 21069   731  1100   550
	14687 21063   731  1080   560
	14694 21063   730  1080   560
	14703 21069   730  1080   560
	14716 21074   731  1080   560
	14731 21086   731  1080   560
	14748 21104   730  1080   560
	14766 21126   730  1080   560
	14785 21144   731  1080   560
	14800 21162   731  1080   560
	14816 21180   731  1080   560
	14831 21197   731  1080   560
	14845 21211   730  1080   560
	14857 21222   730  1080   560
	14865 21232   727  1080   560
	14871 21237   728  1080   560
	14871 21237   724  1080   560
	14879 21237   724  1100   550
	14879 21237   724  1100   550
	14879 21237   724  1100   550
	14879 21237   722  1100   550
	14879 21231   724  1100   550
	14874 21221   727  1100   550
	14874 21208   728  1100   550
	14865 21192   730  1110   550
	14860 21174   720  1110   550
	14860 21155   725  1100   550
	14852 21134   727  1100   550
	14852 21115   728  1100   550
	14846 21094   728  1100   550
	14846 21077   727  1100   550
	14846 21063   728  1100   550
	14846 21053   727  1100   550
	14846 21044   728  1080   560
	14846 21036   727  1080   560
	14851 21028   727  1080   560
	14851 21020   725  1080   560
	14859 21011   725  1080   560
	14865 21006   721  1080   560
	14870 21006   733  1080   560
	14877 21006   731  1070   560
	14877 21006   728  1070   560
	14882 21006   727  1070   560
	14889 21006   728  1070   560
	14895 21006   728  1070   560
	14902 21015   727  1070   560
	14910 21027   728  1070   560
	14921 21043   728  1070   560
	14934 21061   724  1070   560
	14950 21080   724  1070   560
	14962 21098   722  1070   570
	14973 21112   721  1070   570
	14983 21127   716  1070   570
	14993 21139   711  1070   570
	15006 21150   707  1070   570
	15014 21160   702  1070   570
	15014 21169   700  1070   570
	15023 21169   696  1070   570
	15023 21169   694  1070   570
	15023 21169   694  1090   570
	15023 21164   696  1090   570
	15023 21164   699  1090   570
	15023 21152   702  1090   570
	15023 21143   711  1090   570
	15018 21132   719  1090   570
	15018 21121   724  1090   570
	15018 21111   724  1090   570
	15018 21105   724  1090   570
	15018 21105   725  1090   570
	15018 21097   724  1090   570
	15023 21097   728  1080   560
	15028 21091   727  1080   560
	15034 21091   728  1090   570
	15042 21091   731  1090   570
	15052 21091   731  1090   570
	15063 21099   733  1070   570
	15076 21099   731  1070   570
	15089 21110   733  1070   570
	15103 21119   733  1070   570
	15115 21130   733  1070   570
	15129 21142   733  1070   570
	15144 21156   733  1070   570
	15162 21173   733  1070   570
	15180 21191   720  1070   570
	15198 21207   733  1070   570
	15216 21225   720  1070   570
	15235 21245   733  1070   570
	15249 21261   731  1070   570
	15264 21277   730  1070   570
	15274 21290   730  1090   570
	15280 21298   730  1090   570
	15285 21298   731  1090   570
	15290 21305   731  1090   570
	15290 21305   731  1090   570
	15290 21310   733  1080   560
	15290 21310   733  1100   550
	15290 21310   720  1100   550
	15290 21310   721  1100   550
	15290 21310   724  1100   550
	15290 21310   727  1100   550
	15284 21302   727  1090   550
	15278 21302   728  1090   550
	15278 21294   731  1090   550
	15272 21289   736  1090   550
	15272 21289   734  1100   540
	15272 21280   736  1090   550
	15272 21280   736  1090   550
	15272 21274   731  1090   550
	15272 21274   734  1090   550
	15277 21274   737  1090   550
	15277 21274   734  1090   550
	15277 21274   737  1090   550
	15277 21274   737  1090   550
	15277 21274   740  1090   550
	15277 21274   739  1090   550
	15277 21274   743  1090   550
	15277 21274   752  1090   550
	15277 21279   750  1090   550
	15277 21279   763  1090   550
	15277 21279   780  1090   550
	15277 21279   783  1090   550
	15277 21279   803  1090   550
	15277 21279   820  1090   550
	15277 21279   817  1090   550
	15277 21279   825  1090   550
	15277 21279   831  1090   550
	15277 21279   831  1090   550
	15277 21279   833  1090   550
	15277 21273   834  1090   550
	15277 21265   836  1090   550
	15271 21251   836  1090   550
	15266 21233   837  1090   550
	15260 21214   839  1090   550
	15253 21176   842  1090   550
	15241 21125   845  1090   550
	15225 21058   845  1070   550
	15200 20985   840  1070   550
	15171 20890   842  1080   560
	15140 20782   836  1080   560
	15103 20666   827  1080   560
	15061 20529   822  1070   560
	15016 20379   822  1070   560
	14976 20245   822  1070   560
	14938 20128   827  1050   560
	14905 20023   833  1050   560
	14882 19953   833  1040   570
	14875 19905   828  1040   570
	14875 19873   818  1030   570
	14883 19856   809  1030   570
	14891 19856   803  1010   580
	14908 19862   796  1010   580
	14933 19888   791  1010   580
	14968 19942   787  1000   590
	15010 20016   788  1000   590
	15065 20107   768  1000   590
	15129 20197   760  1000   590
	15189 20285   760  1000   590
	15250 20370   760  1000   590
	15306 20453   759  1000   590
	15358 20535   759  1020   580
	15411 20607   759  1020   580
	15457 20663   759  1020   580
	15497 20709   762  1010   580
	15536 20745   768  1030   570
	15571 20766   777  1030   570
	15603 20778   791  1030   570
	15628 20783   783  1030   570
	15647 20783   794  1030   570
	15663 20789   821  1040   570
	15680 20789   819  1040   570
	15698 20789   839  1040   570
	15714 20789   861  1040   570
	15728 20789   864  1030   570
	15747 20789   879  1030   580
	15766 20789   888  1030   580
	15784 20796   896  1030   580
	15800 20796   897  1030   580
	15813 20804   899  1030   580
	15822 20809   897  1030   580
	15828 20816   891  1030   580
	15835 20824   867  1040   590
	15835 20832   780  1040   590
	15842 20840   603  1040   590
	15842 20852   203  1040   590
	15842 20852     0  1040   590
	15823 20880     0  1040   590
	15789 20894     0  1040   590
	15749 20910     0  1020   590
	15705 20930     0  1020   590
	15658 20961     0  1020   590
	15624 21000     0  1020   590
	15598 21038     0  1020   580
	15502 21099     0  1020   580
	15433 21175     0  1020   580
	15381 21257     0  1020   580
	15331 21349     0  1010   580
	15280 21448     0  1010   580
	15227 21556     0   990   570
	15202 21662     0   990   560
	15189 21729     0   990   550
	15189 21772     0   980   530
	15189 21792     0   980   520
	15198 21797     0   980   520
	15212 21797     0   970   510
	15228 21786     0   970   500
	15228 21786   763   970   480
	15228 21786   785   960   460
	15228 21786   788   960   450
	15228 21786   790   970   440
	15228 21786   796   970   440
	15228 21786   796   970   440
	15228 21786   794   980   440
	15235 21845   788   980   440
	15253 21872   773   990   440
	15278 21904   720   990   450
	15307 21933   645  1000   460
	15339 21963   497  1010   460
	15382 21991   249  1030   480
	15382 21991     0  1030   490
	15467 22032     0  1050   510
	15501 22046     0  1060   520
	15529 22053     0  1060   530
	15546 22053     0  1080   540
	15564 22053     0  1090   550
	15603 22042     0  1090   550
	15656 22031     0  1090   550
	15680 22022     0  1090   550
	15709 21998     0  1090   550
	15742 21987     0  1080   540
	15771 21987     0  1080   540
	15802 21987     0  1080   540
	15838 21993     0  1080   540
	15873 21993     0  1080   540
	15906 21993     0  1080   540
	15951 21993     0  1080   540
	15997 21993     0  1080   540
	16046 21993     0  1080   530
	16092 21993     0  1080   530
	16136 21993     0  1080   530
	16179 21984     0  1080   530
	16223 21978     0  1080   530
	16270 21966     0  1080   530
	16320 21957     0  1070   520
	16376 21949     0  1060   520
	16432 21939     0  1060   520
	16485 21921     0  1040   520
	16544 21899     0  1040   510
	16608 21868     0  1040   510
	16660 21834     0  1040   510
	16708 21793     0  1040   510
	16753 21745     0  1040   510
	16795 21694     0  1040   510
	16822 21641     0  1040   510
	16839 21587     0  1040   510
	16852 21538     0  1030   490
	16835 21488     0  1020   470
	16797 21443     0  1010   440
	16773 21401     0  1000   430
	16750 21365     0  1000   420
	16726 21329     0  1000   420
	16696 21300     0  1000   420
	16663 21276     0  1010   420
	16629 21246     0  1020   430
	16594 21222     0  1020   430
	16559 21203     0  1030   440
	16529 21188     0  1030   450
	16505 21179     0  1040   450
	16490 21173     0  1050   460
	16483 21173     0  1060   460
	16483 21180     0  1070   470
	16477 21187     0  1070   470
	16477 21197     0  1080   480
	16468 21206     0  1090   480
	16462 21213     0  1100   480
	16456 21222     0  1110   490
	16450 21230     0  1110   490
	16441 21240     0  1120   490
	16431 21246     0  1120   490
	16418 21246     0  1120   490
	16403 21251     0  1120   490
	16386 21256     0  1110   480
	16376 21263     0  1120   490
	16366 21268     0  1120   490
	16355 21273     0  1120   490
	16349 21273     0  1120   490
	16344 21281     0  1120   490
	16344 21281     0  1120   490
	16344 21287     0  1120   490
	16344 21287     0  1120   490
	16344 21296     0  1120   490
	16356 21296     0  1120   490
	16356 21301     0  1120   490
	16356 21301    36  1130   500
	16356 21301   267  1130   500
	16356 21301   333  1130   500
	16356 21301   362  1130   500
	16356 21301   396  1130   500
	16356 21301   425  1130   500
	16356 21301   450  1130   510
	16356 21301   471  1130   510
	16356 21301   488  1130   510
	16356 21301   520  1140   510
	16356 21301   526  1140   510
	16356 21301   546  1140   510
	16356 21301   562  1130   520
	16410 21309   594  1130   520
	16436 21309   600  1140   530
	16459 21318   620  1140   530
	16479 21318   625  1150   520
	16498 21324   636  1150   520
	16518 21324   641  1150   520
	16532 21324   646  1150   520
	16543 21316   649  1160   530
	16552 21306   655  1160   530
	16561 21294   671  1160   530
	16569 21275   672  1160   530
	16569 21250   684  1160   530
	16569 21217   688  1140   530
	16569 21181   700  1140   530
	16569 21145   696  1140   530
	16560 21112   697  1140   530
	16552 21080   700  1140   530
	16545 21041   703  1130   540
	16537 21003   707  1130   540
	16529 20965   710  1130   540
	16524 20931   713  1130   540
	16524 20898   716  1120   540
	16519 20870   717  1120   540
	16519 20846   716  1120   540
	16526 20824   716  1100   540
	16536 20805   713  1100   540
	16545 20790   713  1100   540
	16557 20778   713  1100   540
	16572 20768   713  1100   540
	16587 20768   713  1100   540
	16600 20768   710  1090   550
	16619 20780   713  1090   550
	16640 20798   713  1090   550
	16666 20821   714  1090   550
	16698 20855   713  1090   550
	16732 20888   714  1090   550
	16761 20922   711  1100   550
	16787 20956   713  1100   550
	16812 20989   711  1100   550
	16838 21021   713  1100   550
	16864 21051   714  1100   550
	16890 21080   713  1100   550
	16917 21105   711  1100   550
	16939 21129   714  1110   550
	16961 21151   714  1120   560
	16986 21168   714  1120   560
	17008 21179   713  1120   560
	17032 21188   714  1120   560
	17053 21197   713  1120   560
	17072 21203   713  1120   560
	17089 21209   714  1120   560
	17104 21214   714  1120   560
	17117 21220   713  1120   560
	17127 21227   713  1120   560
	17132 21227   717  1120   560
	17132 21227   717  1130   560
	17132 21227   721  1130   560
	17132 21232   722  1130   560
	17127 21232   724  1130   560
	17119 21232   727  1130   560
	17112 21232   730  1130   560
	17098 21222   730  1130   560
	17078 21209   725  1130   560
	17051 21190   728  1130   560
	17022 21168   730  1130   560
	16991 21142   720  1130   560
	16966 21111   720  1130   560
	16941 21078   733  1130   560
	16916 21045   740  1130   560
	16899 21017   742  1130   560
	16884 20992   742  1120   560
	16875 20974   746  1120   560
	16870 20957   746  1120   560
	16865 20941   746  1120   560
	16865 20926   742  1120   560
	16865 20920   740  1120   560
	16865 20920   737  1120   560
	16872 20920   736  1120   560
	16880 20920   736  1100   560
	16894 20927   731  1100   560
	16912 20941   731  1100   560
	16935 20969   730  1100   560
	16960 21006   727  1100   560
	16986 21045   728  1100   560
	17011 21085   724  1100   560
	17030 21127   722  1100   560
	17043 21166   727  1100   560
	17058 21201   725  1100   560
	17068 21222   725  1100   560
	17075 21236   728  1100   560
	17080 21243   733  1120   560
	17080 21243   740  1120   560
	17080 21243   754  1120   560
	17080 21243   750  1120   560
	17080 21237   762  1120   560
	17080 21229   773  1120   560
	17072 21215   777  1120   560
	17063 21197   779  1130   560
	17057 21177   779  1130   560
	17057 21155   777  1130   560
	17050 21135   780  1130   560
	17050 21113   784  1130   560
	17050 21092   784  1130   560
	17050 21070   784  1130   560
	17060 21053   785  1130   560
	17067 21039   784  1130   560
	17078 21022   782  1130   560
	17090 21007   780  1130   560
	17102 20997   780  1120   560
	17118 20991   779  1120   560
	17136 20985   779  1120   560
	17156 20985   780  1120   560
	17178 20985   779  1120   560
	17199 20991   777  1120   560
	17223 20999   779  1120   560
	17248 21010   779  1100   560
	17273 21018   780  1100   560
	17296 21025   782  1100   560
	17316 21025   784  1100   560
	17333 21025   784  1100   560
	17347 21025   793  1100   560
	17361 21025   794  1100   560
	17375 21013   787  1100   560
	17391 21005   794  1100   560
	17408 20996   799  1100   560
	17422 20989   799  1100   560
	17434 20989   799  1100   560
	17448 20984   802  1100   560
	17462 20984   803  1100   560
	17475 20984   803  1100   550
	17488 20990   802  1100   550
	17501 21003   794  1100   550
	17513 21015   780  1100   550
	17525 21024   748  1100   550
	17531 21031   696  1100   550
	17531 21031   644  1100   550
	17538 21037   548  1100   550
	17538 21037   473  1100   550
	17548 21028   358  1100   550
	17556 21014   161  1100   550
	17556 21014     0  1100   550
	17590 20979     0  1080   560
	17619 20972     0  1080   560
	17656 20972     0  1080   560
	17695 20981     0  1090   570
	17740 21001     0  1090   570
	17793 21026     0  1090   570
	17851 21055     0  1090   570
	17909 21084     0  1090   570
	17972 21110     0  1090   570
	18037 21135     0  1090   570
	18111 21175     0  1090   570
	18197 21231     0  1090   570
	18290 21299     0  1090   570
	18379 21342     0  1090   570
	18464 21403     0  1090   570
	18546 21476     0  1090   570
	18631 21533     0  1100   550
	18711 21592     0  1100   550
	18787 21652     0  1100   540
	18850 21701     0  1120   540
	18913 21746     0  1120   530
	18966 21772     0  1120   530
	19012 21788     0  1110   530
	19049 21798     0  1120   540
	19074 21804     0  1120   540
	19092 21804     0  1120   540
	19092 21804     0  1120   540
	19083 21796     0  1120   540
	19062 21782     0  1120   540
	19062 21773     0  1120   540
	19010 21773     0  1100   540
	18917 21748     0  1110   550
	18917 21734     0  1100   550
	18839 21726     0  1090   570
	18703 21718     0  1070   570
	18622 21706     0  1070   570
	18544 21689     0  1070   570
	18470 21669     0  1080   560
	18402 21651     0  1070   550
	18333 21635     0  1070   540
	18267 21622     0  1070   540
	18207 21608     0  1080   540
	18159 21599     0  1100   530
	18118 21594     0  1110   530
	18085 21594     0  1120   530
	18063 21607     0  1140   530
	18047 21624     0  1140   530
	18037 21643     0  1150   520
	18030 21660     0  1150   520
	18030 21683     0  1160   530
	18035 21710     0  1160   530
	18045 21729     0  1170   530
	18061 21754     0  1180   540
	18082 21783     0  1180   540
	18106 21809     0  1200   540
	18134 21836     0  1210   550
	18166 21862     0  1210   550
	18200 21884     0  1210   550
	18235 21903     0  1200   550
	18269 21915     0  1180   560
	18304 21928     0  1180   560
	18338 21942     0  1160   550
	18370 21949     0  1160   550
	18403 21956     0  1160   550
	18433 21964     0  1150   540
	18462 21972     0  1150   540
	18501 21972     0  1150   540
	18520 21972     0  1150   540
	18542 21972     0  1140   530
	18573 21972     0  1140   530
	18573 21972    96  1140   530
	18573 21972   156  1160   530
	18630 21985   212  1160   530
	18645 21985   241  1160   530
	18659 21991   314  1160   530
	18670 21991   364  1160   530
	18680 22001   397  1160   530
	18689 22010   448  1160   530
	18698 22018   491  1170   540
	18705 22030   532  1170   540
	18710 22045   561  1180   540
	18720 22058   592  1190   540
	18728 22073   616  1190   540
	18735 22089   636  1190   540
	18745 22106   671  1190   540
	18753 22122   693  1190   540
	18759 22136   694  1190   540
	18759 22147   713  1190   540
	18765 22156   731  1190   540
	18765 22165   739  1190   540
	18765 22171   754  1200   540
	18765 22171   788  1200   540
	18765 22171   796  1200   540
	18759 22171   811  1200   540
	18759 22171   817  1200   540
	18749 22171   820  1200   540
	18736 22159   821  1200   540
	18717 22142   821  1200   540
	18694 22121   824  1200   540
	18667 22092   829  1200   540
	18636 22058   827  1200   540
	18600 22019   827  1200   540
	18561 21978   830  1200   540
	18522 21934   817  1200   540
	18483 21889   828  1200   540
	18446 21843   840  1200   540
	18411 21800   843  1200   540
	18383 21762   845  1200   540
	18356 21726   845  1200   540
	18332 21688   845  1200   540
	18314 21660   845  1200   540
	18304 21639   840  1200   540
	18304 21625   833  1190   530
	18304 21616   818  1190   530
	18309 21610   821  1190   530
	18316 21600   811  1190   530
	18327 21594   805  1180   530
	18344 21594   802  1180   530
	18367 21594   800  1200   520
	18394 21599   799  1200   520
	18425 21611   794  1200   520
	18453 21632   790  1200   520
	18479 21651   794  1200   520
	18499 21665   785  1200   520
	18515 21677   780  1200   520
	18528 21687   774  1200   520
	18534 21693   768  1200   520
	18534 21693   762  1200   520
	18534 21693   763  1210   530
	18526 21684   760  1190   530
	18514 21670   759  1190   530
	18495 21646   763  1190   530
	18470 21616   768  1190   530
	18441 21580   770  1190   530
	18405 21538   771  1190   530
	18362 21493   774  1190   530
	18313 21448   779  1190   530
	18268 21402   790  1190   530
	18223 21355   788  1190   530
	18181 21308   790  1190   530
	18144 21257   793  1190   530
	18111 21204   797  1190   530
	18079 21149   784  1190   530
	18059 21096   784  1190   530
	18045 21052   784  1200   540
	18040 21014   796  1190   540
	18040 20989   796  1190   540
	18040 20962   794  1190   540
	18051 20944   793  1190   540
	18062 20932   791  1170   550
	18079 20927   791  1170   550
	18098 20927   793  1170   550
	18122 20932   793  1170   550
	18150 20948   793  1160   550
	18182 20971   794  1160   550
	18217 20999   796  1160   550
	18253 21030   793  1160   550
	18291 21067   791  1160   550
	18331 21107   791  1160   550
	18364 21141   790  1160   550
	18393 21172   790  1160   550
	18414 21198   785  1160   550
	18434 21220   782  1160   550
	18452 21240   779  1160   550
	18465 21258   771  1160   550
	18479 21272   767  1160   550
	18487 21283   767  1160   550
	18487 21289   765  1150   540
	18495 21289   767  1150   540
	18495 21294   768  1150   540
	18495 21294   770  1170   540
	18495 21294   774  1170   540
	18495 21294   780  1170   540
	18495 21288   782  1170   540
	18486 21288   787  1180   540
	18481 21278   790  1180   540
	18481 21269   791  1180   540
	18472 21258   793  1180   540
	18472 21244   793  1180   540
	18464 21232   791  1180   540
	18464 21221   791  1180   540
	18464 21211   793  1180   540
	18464 21203   793  1180   540
	18464 21203   790  1180   540
	18470 21197   791  1180   540
	18470 21197   788  1180   540
	18479 21191   788  1180   540
	18486 21191   790  1180   540
	18495 21191   787  1180   540
	18506 21191   787  1180   540
	18518 21197   785  1170   540
	18534 21206   784  1170   540
	18552 21217   780  1170   540
	18567 21227   779  1170   540
	18581 21241   768  1170   540
	18597 21258   768  1170   540
	18611 21272   765  1170   540
	18622 21283   763  1170   540
	18630 21289   760  1170   540
	18640 21295   759  1170   540
	18645 21295   756  1170   540
	18645 21300   753  1170   540
	18645 21300   753  1170   540
	18650 21300   763  1170   540
	18650 21300   761  1170   550
	18650 21293   760  1190   540
	18642 21288   760  1190   540
	18637 21275   761  1190   540
	18624 21258   763  1190   540
	18613 21237   763  1190   540
	18602 21216   754  1190   540
	18591 21195   760  1190   540
	18580 21169   768  1190   540
	18568 21143   773  1190   540
	18557 21116   784  1170   550
	18549 21095   790  1170   550
	18543 21079   788  1170   550
	18537 21056   793  1170   540
	18532 21031   791  1170   540
	18532 21014   791  1170   540
	18532 21002   791  1150   540
	18532 20992   791  1150   540
	18538 20984   790  1150   540
	18547 20978   791  1150   540
	18557 20978   791  1150   540
	18571 20978   791  1150   540
	18586 20978   791  1150   540
	18606 20988   794  1140   550
	18632 21005   793  1140   550
	18663 21026   784  1140   550
	18695 21049   794  1140   550
	18727 21077   793  1150   550
	18759 21108   793  1150   550
	18794 21143   790  1150   550
	18831 21175   787  1150   550
	18864 21204   784  1150   550
	18894 21232   780  1150   550
	18919 21259   777  1150   550
	18944 21284   779  1150   550
	18971 21308   777  1170   560
	18993 21332   779  1170   560
	19011 21355   779  1170   560
	19025 21377   779  1170   560
	19041 21395   779  1170   560
	19052 21408   779  1170   560
	19058 21419   780  1170   560
	19058 21419   788  1180   560
	19058 21424   796  1180   560
	19058 21424   796  1180   560
	19058 21424   809  1180   560
	19058 21415   821  1180   560
	19050 21406   817  1200   550
	19043 21391   821  1200   550
	19027 21353   834  1200   550
	19005 21301   848  1200   550
	18982 21245   869  1200   550
	18959 21183   863  1200   550
	18935 21110   866  1200   550
	18904 21031   869  1180   560
	18870 20936   870  1180   560
	18833 20831   867  1180   560
	18787 20713   858  1180   560
	18734 20578   854  1170   560
	18672 20433   855  1170   560
	18613 20310   851  1170   560
	18558 20214   851  1160   560
	18523 20137   852  1160   560
	18501 20100   846  1140   570
	18495 20083   823  1130   570
	18495 20083   794  1130   570
	18495 20083   773  1110   570
	18495 20098   762  1110   570
	18504 20123   752  1110   570
	18518 20176   734  1090   570
	18535 20245   722  1090   570
	18561 20324   694  1090   570
	18595 20412   676  1090   570
	18637 20500   669  1090   570
	18684 20592   666  1090   570
	18731 20687   666  1090   570
	18779 20764   685  1100   560
	18831 20837   688  1100   560
	18877 20903   711  1100   560
	18919 20952   745  1100   560
	18960 20989   770  1110   570
	18997 21015   784  1110   570
	19032 21037   799  1110   570
	19057 21050   820  1110   570
	19077 21057   821  1130   570
	19094 21057   840  1130   580
	19103 21057   861  1130   580
	19103 21057   864  1130   580
	19108 21057   899  1130   580
	19108 21057   914  1140   590
	19108 21052   942  1140   590
	19108 21052   937  1140   590
	19100 21052   946  1140   590
	19095 21043   949  1140   590
	19084 21038   955  1140   590
	19070 21027   955  1140   590
	19050 21015   946  1140   590
	19027 20992   935  1140   590
	19003 20963   926  1140   590
	18979 20941   896  1140   590
	18954 20919   849  1140   590
	18928 20898   753  1140   590
	18901 20879   613  1140   590
	18871 20862   359  1140   590
