NLDCC-022_006_005 1111
	 9588  4060   110  1130   630
	 9588  4060   144  1130   630
	 9588  4060   163  1130   630
	 9588  4060   188  1130   630
	 9588  4060   219  1130   630
	 9588  4060   255  1130   630
	 9588  4060   286  1130   630
	 9588  4060   309  1130   630
	 9588  4060   345  1130   630
	 9588  4060   361  1130   630
	 9588  4060   381  1130   630
	 9588  4060   404  1130   630
	 9588  4060   425  1130   630
	 9588  4060   439  1130   630
	 9588  4060   463  1130   630
	 9588  4060   475  1130   630
	 9588  4060   498  1130   630
	 9588  4060   515  1130   630
	 9588  4060   522  1130   630
	 9588  4060   537  1130   630
	 9588  4060   561  1130   630
	 9588  4060   572  1130   630
	 9588  4060   594  1130   630
	 9588  4060   605  1130   630
	 9588  4060   616  1130   630
	 9588  4060   634  1130   630
	 9588  4060   644  1130   630
	 9588  4060   667  1130   630
	 9591  4119   664  1130   630
	 9591  4141   669  1130   630
	 9598  4169   681  1130   630
	 9604  4204   690  1130   630
	 9610  4239   693  1130   630
	 9619  4270   693  1130   630
	 9632  4325   693  1130   630
	 9645  4397   691  1130   630
	 9656  4459   691  1130   630
	 9671  4520   687  1130   630
	 9687  4578   685  1130   630
	 9705  4634   685  1130   630
	 9723  4687   687  1150   630
	 9740  4734   685  1150   630
	 9758  4775   687  1150   630
	 9776  4816   688  1170   630
	 9798  4858   690  1170   630
	 9820  4902   691  1170   630
	 9843  4939   694  1190   630
	 9867  4975   697  1190   630
	 9891  5006   700  1190   630
	 9912  5032   702  1210   630
	 9930  5050   690  1210   630
	 9942  5062   690  1210   630
	 9953  5067   694  1230   620
	 9962  5067   694  1230   620
	 9971  5067   696  1230   620
	 9981  5059   699  1230   620
	 9992  5036   707  1230   620
	10006  5003   719  1230   620
	10023  4949   724  1230   620
	10041  4880   731  1230   620
	10060  4802   745  1230   620
	10075  4715   755  1230   620
	10090  4626   754  1230   620
	10109  4531   762  1210   630
	10127  4436   771  1210   630
	10147  4351   784  1210   630
	10169  4274   794  1190   630
	10190  4221   785  1190   630
	10212  4171   788  1190   630
	10233  4122   793  1170   630
	10253  4081   794  1170   630
	10273  4048   797  1160   640
	10292  4020   797  1140   640
	10312  3994   790  1140   640
	10333  3972   791  1120   640
	10347  3954   757  1100   650
	10356  3945   721  1080   650
	10365  3940   644  1080   650
	10371  3940   512  1060   660
	10371  3940   277  1060   660
	10371  3940     0  1040   660
	10376  3964     0  1040   660
	10366  3995     0  1020   670
	10343  4028     0  1020   670
	10317  4063     0  1020   670
	10289  4097     0  1010   660
	10260  4131     0  1010   660
	10229  4164     0  1010   660
	10203  4208     0  1010   660
	10180  4248     0  1010   650
	10155  4281     0  1000   640
	10132  4307     0  1000   640
	10112  4326     0  1020   630
	10092  4341     0  1020   630
	10071  4355     0  1030   610
	10047  4370     0  1020   600
	10020  4381     0  1040   600
	 9993  4391     0  1040   590
	 9965  4400     0  1050   590
	 9936  4410     0  1050   590
	 9908  4420     0  1070   590
	 9880  4431     0  1070   590
	 9854  4440     0  1090   590
	 9830  4447     0  1090   590
	 9806  4452     0  1090   600
	 9785  4452     0  1110   590
	 9772  4458     0  1110   590
	 9761  4458     0  1120   600
	 9750  4458     0  1120   600
	 9745  4452     0  1130   610
	 9745  4452   361  1140   610
	 9745  4452   422  1150   620
	 9745  4452   443  1160   630
	 9745  4452   440  1170   630
	 9745  4452   509  1170   630
	 9745  4452   577  1170   630
	 9745  4452   628  1170   630
	 9745  4452   668  1170   630
	 9817  4446   691  1170   630
	 9840  4446   730  1170   630
	 9863  4441   730  1160   630
	 9900  4441   731  1160   630
	 9937  4441   724  1160   630
	 9976  4455   697  1160   630
	10018  4466   638  1160   630
	10064  4481   489  1160   630
	10114  4498   179  1160   630
	10114  4498     0  1160   630
	10206  4537     0  1160   630
	10243  4558     0  1160   630
	10266  4572     0  1160   630
	10282  4564     0  1160   630
	10294  4542     0  1160   630
	10340  4542     0  1160   630
	10374  4520     0  1160   630
	10401  4480     0  1150   620
	10401  4461     0  1150   620
	10428  4420     0  1170   610
	10470  4398     0  1160   600
	10547  4398     0  1160   600
	10561  4365     0  1160   600
	10534  4338     0  1150   600
	10557  4316     0  1130   600
	10579  4296     0  1130   600
	10593  4277     0  1140   610
	10602  4258     0  1130   610
	10608  4242     0  1130   610
	10608  4225     0  1130   610
	10608  4209     0  1110   610
	10599  4197     0  1120   620
	10593  4184     0  1100   630
	10585  4172     0  1100   630
	10585  4162     0  1090   640
	10585  4149     0  1070   640
	10576  4139     0  1070   640
	10569  4129     0  1050   650
	10569  4120     0  1050   650
	10569  4110     0  1030   650
	10569  4098     0  1030   650
	10575  4089     0  1030   650
	10582  4082     0  1030   650
	10589  4074     0  1030   650
	10601  4067     0  1030   650
	10627  4060     0  1040   660
	10663  4052     0  1040   660
	10663  4052   757  1040   660
	10663  4052   797  1040   660
	10663  4052   800  1050   670
	10663  4052   803  1070   670
	10663  4052   806  1070   670
	10663  4052   808  1080   680
	10663  4052   811  1100   680
	10663  4052   809  1100   680
	10663  4052   808  1120   670
	10663  4052   788  1120   670
	10663  4052   759  1140   680
	10663  4052   694  1160   680
	10663  4052   569  1160   680
	10663  4052   339  1160   680
	10663  4052     0  1160   680
	10663  4052     0  1160   680
	10663  4052     0  1160   680
	10663  4052     0  1140   680
	10663  4052     0  1140   680
	10663  4052     0  1140   680
	10696  4114     0  1140   680
	10712  4123     0  1110   690
	10732  4136     0  1110   690
	10777  4152     0  1090   690
	10806  4159     0  1090   690
	10823  4164     0  1060   690
	10888  4175     0  1060   690
	10949  4191     0  1040   690
	11008  4204     0  1040   690
	11068  4218     0  1040   690
	11128  4232     0  1030   690
	11190  4243     0  1020   680
	11246  4254     0  1020   670
	11299  4266     0  1020   670
	11355  4281     0  1010   660
	11408  4295     0  1010   660
	11460  4313     0  1030   650
	11509  4333     0  1030   640
	11556  4356     0  1050   640
	11602  4379     0  1050   640
	11643  4401     0  1070   640
	11676  4422     0  1070   640
	11703  4438     0  1090   640
	11726  4455     0  1090   640
	11742  4472     0  1090   640
	11753  4487     0  1110   640
	11753  4502     0  1120   640
	11753  4515     0  1150   650
	11753  4526     0  1150   650
	11732  4534     0  1160   660
	11714  4534     0  1180   650
	11694  4540     0  1180   650
	11675  4547     0  1180   650
	11656  4554     0  1200   650
	11639  4560     0  1200   650
	11619  4565     0  1200   650
	11596  4570     0  1220   650
	11580  4570     0  1220   650
	11560  4570     0  1220   650
	11537  4576     0  1240   640
	11516  4576     0  1240   640
	11495  4576     0  1220   630
	11474  4576     0  1220   630
	11452  4576     0  1220   630
	11434  4576     0  1230   620
	11415  4581     0  1230   620
	11395  4581     0  1230   620
	11377  4581     0  1230   620
	11359  4581     0  1220   610
	11342  4588     0  1220   610
	11326  4588     0  1220   610
	11312  4588     0  1220   610
	11298  4588     0  1200   600
	11289  4588     0  1220   600
	11280  4571     0  1220   600
	11273  4596     0  1220   600
	11266  4604     0  1210   590
	11258  4604     0  1210   590
	11253  4604     0  1210   590
	11253  4604     0  1210   590
	11245  4604     0  1210   590
	11240  4604     0  1210   590
	11240  4604     0  1210   590
	11230  4609     0  1210   590
	11230  4609     0  1210   590
	11223  4614     0  1210   590
	11223  4614     0  1210   590
	11223  4619     0  1210   590
	11223  4619     0  1210   590
	11223  4625     0  1210   590
	11223  4625     0  1210   590
	11223  4625     0  1210   590
	11223  4631     0  1210   590
	11223  4631     0  1210   590
	11228  4631     0  1210   590
	11228  4631     0  1210   590
	11228  4631     0  1210   590
	11228  4636     0  1190   600
	11233  4636     0  1190   600
	11233  4636     0  1190   600
	11233  4636     0  1190   600
	11233  4636     0  1210   590
	11227  4643     0  1210   590
	11227  4649     0  1210   590
	11227  4649     0  1220   600
	11227  4654     0  1220   600
	11227  4654     0  1220   600
	11222  4654     0  1220   600
	11222  4654     0  1220   600
	11222  4675     0  1220   600
	11222  4684     0  1220   600
	11222  4684     0  1220   600
	11222  4684     0  1220   600
	11217  4690     0  1220   600
	11217  4690     0  1220   600
	11217  4690     0  1220   600
	11217  4690     0  1220   600
	11217  4690     0  1220   600
	11217  4690     0  1220   600
	11217  4690     0  1220   600
	11217  4698     0  1220   600
	11217  4698     0  1220   600
	11217  4698     0  1220   600
	11217  4698     0  1220   600
	11217  4698     0  1220   600
	11222  4703     0  1220   600
	11222  4703     0  1220   600
	11222  4703     0  1220   600
	11222  4710     0  1220   600
	11222  4710     0  1220   600
	11222  4710     0  1220   600
	11222  4710     0  1220   600
	11222  4710     0  1220   600
	11222  4710     0  1220   600
	11222  4716     0  1220   600
	11222  4716     0  1220   600
	11222  4716     0  1220   600
	11222  4721     0  1220   600
	11222  4721     0  1220   600
	11222  4721     0  1240   600
	11222  4728     0  1240   600
	11222  4728     0  1240   600
	11222  4734     0  1240   600
	11222  4734     0  1230   590
	11216  4740     0  1230   590
	11216  4740     0  1230   590
	11216  4746     0  1240   600
	11211  4751     0  1240   600
	11211  4751     0  1240   600
	11211  4762     0  1240   600
	11211  4770     0  1240   600
	11211  4776     0  1240   600
	11211  4782     0  1240   600
	11211  4782   142  1240   600
	11211  4782   215  1240   600
	11211  4782   223  1240   600
	11211  4782   254  1250   600
	11211  4782   274  1250   600
	11211  4782   305  1250   600
	11211  4782   333  1250   600
	11210  4831   366  1250   600
	11210  4831   413  1250   600
	11216  4831   443  1230   610
	11216  4831   480  1230   610
	11216  4823   513  1230   610
	11223  4810   568  1230   610
	11223  4792   602  1240   620
	11231  4757   641  1240   620
	11231  4712   661  1240   620
	11239  4646   684  1240   620
	11239  4596   693  1240   620
	11245  4556   717  1230   620
	11245  4502   720  1230   620
	11245  4449   736  1240   630
	11245  4396   748  1240   630
	11245  4353   760  1220   630
	11240  4316   754  1220   630
	11240  4283   754  1220   630
	11235  4250   757  1200   640
	11235  4223   760  1200   640
	11227  4199   763  1220   650
	11227  4181   767  1200   650
	11227  4166   767  1200   650
	11227  4152   767  1200   650
	11222  4135   757  1180   650
	11222  4125   760  1180   650
	11222  4119   743  1180   650
	11222  4114   730  1180   650
	11222  4114   700  1160   660
	11222  4114   655  1160   660
	11222  4114   589  1160   660
	11217  4114   473  1160   660
	11217  4120   334  1160   660
	11217  4125    99  1150   650
	11217  4125     0  1150   650
	11230  4159     0  1150   650
	11240  4187     0  1150   650
	11253  4215     0  1150   650
	11268  4246     0  1150   650
	11284  4278     0  1150   650
	11304  4311     0  1150   650
	11326  4346     0  1150   650
	11350  4382     0  1150   650
	11374  4414     0  1140   640
	11400  4446     0  1140   640
	11427  4479     0  1140   640
	11454  4511     0  1160   640
	11482  4542     0  1150   630
	11511  4572     0  1160   630
	11536  4598     0  1160   630
	11557  4622     0  1180   620
	11583  4644     0  1180   620
	11600  4663     0  1190   630
	11611  4679     0  1210   630
	11621  4692     0  1210   630
	11631  4703     0  1230   620
	11639  4712     0  1240   630
	11645  4719     0  1240   630
	11650  4727     0  1260   620
	11656  4732     0  1270   630
	11656  4732     0  1270   630
	11661  4741     0  1270   630
	11670  4741     0  1290   640
	11677  4748     0  1300   630
	11685  4753     0  1290   640
	11693  4759     0  1290   640
	11693  4759     0  1290   640
	11701  4767     0  1290   640
	11701  4767     0  1290   640
	11709  4772     0  1290   640
	11709  4772     0  1290   640
	11709  4772     0  1300   650
	11715  4772     0  1300   650
	11715  4777     0  1300   650
	11715  4777     0  1300   650
	11715  4777     0  1300   650
	11715  4777     0  1300   650
	11721  4777     0  1300   650
	11721  4777     0  1300   650
	11721  4772     0  1300   650
	11728  4772     0  1300   650
	11728  4772     0  1300   650
	11728  4772     0  1300   650
	11728  4772     0  1300   650
	11728  4772    78  1300   650
	11728  4772   151  1300   650
	11728  4772   181  1300   650
	11728  4772   225  1300   650
	11728  4772   272  1300   650
	11728  4772   312  1300   650
	11728  4772   369  1280   650
	11728  4772   420  1280   650
	11728  4772   466  1280   650
	11728  4772   507  1280   650
	11728  4772   535  1280   650
	11728  4772   559  1280   650
	11728  4772   572  1280   650
	11728  4772   592  1280   650
	11728  4772   613  1280   650
	11728  4772   610  1280   650
	11728  4772   622  1280   650
	11728  4772   630  1280   650
	11675  4731   643  1280   650
	11665  4720   662  1280   650
	11651  4709   671  1280   650
	11635  4696   670  1280   650
	11617  4679   693  1280   650
	11599  4660   696  1280   650
	11582  4642   703  1280   650
	11561  4624   713  1280   650
	11536  4603   730  1280   650
	11514  4584   731  1280   650
	11493  4567   742  1280   650
	11473  4552   751  1270   640
	11453  4538   754  1270   640
	11433  4524   761  1250   650
	11413  4510   751  1250   650
	11396  4499   757  1250   650
	11382  4491   760  1250   650
	11370  4484   763  1250   650
	11360  4479   767  1250   650
	11353  4479   767  1250   650
	11347  4473   767  1250   650
	11339  4473   770  1220   650
	11330  4466   768  1220   650
	11330  4466   767  1220   650
	11321  4460   768  1220   650
	11314  4460   767  1220   650
	11314  4460   768  1220   650
	11314  4460   767  1220   650
	11314  4460   762  1220   650
	11314  4460   763  1220   650
	11309  4460   762  1220   650
	11309  4460   762  1220   650
	11309  4460   762  1220   650
	11309  4460   763  1220   650
	11309  4460   763  1220   650
	11309  4460   762  1220   650
	11309  4460   760  1220   650
	11314  4460   760  1220   650
	11314  4460   760  1220   650
	11314  4460   759  1220   650
	11314  4460   760  1220   650
	11314  4460   757  1220   650
	11314  4460   759  1220   650
	11314  4460   756  1220   650
	11314  4460   757  1220   650
	11320  4460   757  1220   650
	11320  4460   757  1220   650
	11330  4460   756  1220   650
	11330  4466   756  1220   650
	11340  4466   756  1220   650
	11345  4466   757  1220   650
	11351  4466   756  1220   650
	11357  4471   756  1220   650
	11362  4471   756  1220   650
	11368  4476   756  1220   650
	11374  4481   757  1220   650
	11379  4481   756  1220   650
	11379  4481   757  1220   650
	11388  4481   757  1220   650
	11394  4486   757  1220   650
	11400  4486   757  1220   650
	11400  4491   757  1220   650
	11405  4491   759  1220   650
	11405  4491   757  1220   650
	11405  4491   757  1220   650
	11405  4491   757  1220   650
	11410  4491   760  1220   650
	11410  4491   759  1220   650
	11410  4491   757  1220   650
	11415  4491   757  1220   650
	11415  4491   760  1220   650
	11421  4491   757  1240   640
	11421  4491   757  1240   640
	11428  4491   757  1240   640
	11428  4491   759  1240   640
	11428  4491   760  1240   640
	11428  4491   759  1240   640
	11428  4491   759  1240   640
	11428  4491   762  1240   640
	11428  4491   762  1240   640
	11428  4491   759  1240   640
	11428  4491   760  1240   640
	11428  4491   760  1240   640
	11428  4491   760  1240   640
	11428  4491   762  1240   640
	11428  4491   760  1240   640
	11428  4491   762  1240   640
	11434  4491   762  1220   650
	11434  4491   760  1220   650
	11442  4482   763  1220   650
	11448  4473   768  1220   650
	11455  4463   771  1220   650
	11462  4453   773  1220   650
	11469  4446   771  1220   650
	11476  4446   774  1220   650
	11476  4440   773  1220   650
	11482  4435   774  1220   650
	11482  4435   774  1220   650
	11490  4424   774  1200   650
	11495  4417   774  1200   650
	11495  4417   777  1200   650
	11501  4402   777  1200   650
	11501  4394   777  1200   650
	11501  4387   777  1200   650
	11507  4378   777  1200   650
	11512  4369   777  1200   650
	11518  4358   782  1200   650
	11523  4343   782  1200   650
	11528  4323   785  1200   650
	11533  4304   785  1200   650
	11538  4288   784  1210   660
	11538  4267   785  1210   660
	11547  4246   788  1210   660
	11552  4226   790  1190   660
	11557  4207   790  1190   660
	11557  4189   791  1190   660
	11565  4167   794  1190   660
	11573  4145   794  1190   660
	11578  4132   796  1190   660
	11583  4125   784  1190   660
	11592  4118   797  1190   660
	11602  4112   796  1190   660
	11613  4106   783  1170   670
	11628  4106   797  1180   680
	11650  4106   791  1180   680
	11676  4106   760  1180   680
	11703  4120   728  1180   680
	11732  4139   634  1180   680
	11759  4163   425  1180   680
	11784  4188   137  1180   680
	11784  4188     0  1180   680
	11819  4248     0  1180   680
	11829  4263     0  1180   680
	11829  4273     0  1180   680
	11829  4273     0  1190   680
	11835  4278     0  1190   680
	11815  4278     0  1190   680
	11827  4288     0  1190   680
	11861  4288     0  1190   680
	11861  4280     0  1210   690
	11877  4295     0  1210   690
	11904  4295     0  1210   690
	11924  4289     0  1210   690
	11942  4289     0  1220   700
	11958  4289     0  1220   700
	11973  4289     0  1220   700
	11983  4289     0  1220   700
	11989  4284     0  1220   700
	11989  4284     0  1220   700
	11989  4284     0  1220   700
	11982  4277     0  1240   710
	11975  4277     0  1240   710
	11975  4277     0  1270   700
	11964  4284     0  1270   700
	11955  4284     0  1270   700
	11949  4291     0  1270   700
	11943  4291     0  1270   700
	11936  4291     0  1270   700
	11931  4285     0  1250   700
	11931  4308     0  1250   700
	11931  4318     0  1270   690
	11931  4318     0  1270   690
	11931  4324     0  1270   690
	11931  4324     0  1270   690
	11937  4332     0  1270   690
	11943  4332     0  1270   690
	11949  4338     0  1270   690
	11954  4338     0  1270   690
	11959  4343     0  1270   690
	11965  4343     0  1270   690
	11965  4343     0  1270   690
	11972  4343     0  1270   690
	11972  4343     0  1270   690
	11978  4343     0  1270   690
	11978  4343     0  1270   690
	11978  4348     0  1270   690
	11978  4348     0  1270   690
	11978  4348     0  1270   690
	11984  4348     0  1270   690
	11984  4348     0  1270   690
	11984  4354     0  1270   690
	11991  4359     0  1270   690
	11991  4359     0  1270   690
	11996  4366     0  1270   690
	11996  4366     0  1270   690
	12001  4372     0  1270   690
	12001  4377     0  1270   690
	12001  4377     0  1270   690
	12001  4384     0  1270   690
	12006  4389     0  1270   690
	12006  4389     0  1270   690
	12006  4389     0  1270   690
	12006  4395     0  1270   690
	12006  4400     0  1270   690
	12006  4400     0  1290   680
	12006  4407     0  1290   680
	12006  4407     0  1290   680
	12006  4407     0  1290   680
	12001  4407     0  1290   680
	12001  4407     0  1290   680
	12001  4407     0  1290   680
	12001  4407     0  1290   680
	12001  4407     0  1290   680
	12001  4407     0  1290   680
	12001  4407     0  1290   680
	12001  4407     0  1290   680
	12001  4407     0  1290   680
	12001  4407     0  1290   680
	12001  4407     0  1290   680
	12001  4413     0  1290   680
	12001  4413     0  1290   680
	12001  4413     0  1290   680
	12001  4413     0  1290   680
	12001  4419     0  1290   680
	12001  4419     0  1290   680
	12001  4419     0  1290   680
	12001  4425     0  1290   680
	12006  4425     0  1290   680
	12006  4430     0  1290   680
	12011  4430     0  1290   680
	12017  4435     0  1310   690
	12022  4435     0  1310   690
	12028  4435     0  1310   690
	12028  4440     0  1310   690
	12038  4440     0  1310   690
	12043  4440     0  1310   690
	12043  4440     0  1330   690
	12049  4440     0  1330   690
	12049  4440     0  1330   690
	12057  4440     0  1330   690
	12057  4440     0  1330   690
	12057  4440     0  1330   690
	12057  4433     0  1330   690
	12057  4433     0  1330   690
	12057  4427     0  1330   690
	12052  4427     0  1330   690
	12052  4427     0  1330   690
	12047  4427     0  1330   690
	12047  4427     0  1330   690
	12047  4427     0  1330   690
	12047  4427     0  1330   690
	12047  4427     0  1330   690
	12047  4427     0  1330   690
	12047  4427     0  1330   690
	12047  4427     0  1310   680
	12047  4427     0  1310   680
	12047  4427     0  1310   680
	12047  4427     0  1310   680
	12047  4427     0  1310   680
	12047  4427     0  1310   680
	12047  4427     0  1330   690
	12047  4427     0  1330   690
	12047  4427     0  1330   690
	12047  4427     0  1330   690
	12047  4427     0  1330   690
	12047  4427     0  1330   690
	12047  4427     0  1330   690
	12053  4434     0  1330   690
	12053  4434     0  1330   690
	12053  4434     0  1330   690
	12053  4439     0  1330   690
	12048  4439     0  1330   690
	12048  4439     0  1330   690
	12048  4445     0  1330   690
	12048  4445     0  1330   690
	12048  4445     0  1330   690
	12048  4445     0  1330   690
	12048  4445     0  1330   690
	12043  4450     0  1330   690
	12043  4450     0  1330   690
	12043  4450     0  1330   690
	12043  4450     0  1330   690
	12043  4450     0  1330   690
	12043  4455     0  1330   690
	12043  4455     0  1350   680
	12043  4460     0  1350   680
	12043  4460     0  1350   680
	12037  4460     0  1350   680
	12037  4460     0  1350   680
	12037  4460     0  1350   680
	12037  4460     0  1350   680
	12031  4467     0  1350   680
	12031  4467     0  1350   680
	12031  4472     0  1350   680
	12031  4472     0  1350   680
	12031  4477     0  1350   680
	12031  4477     0  1350   680
	12031  4477     0  1350   680
	12031  4477     0  1350   680
	12031  4477     0  1350   680
	12031  4477     0  1350   680
	12031  4477     0  1350   680
	12031  4477     0  1350   680
	12025  4467     0  1350   680
	12025  4467     0  1350   680
	12025  4467     0  1350   680
	12025  4461     0  1350   680
	12018  4449     0  1330   670
	12018  4430     0  1330   670
	12013  4461     0  1330   670
	12013  4469     0  1330   670
	12013  4463     0  1330   670
	12013  4463     0  1330   670
	12013  4463     0  1330   670
	12013  4463    46  1330   670
	12013  4463   143  1330   670
	12013  4463   202  1330   670
	12013  4463   225  1330   670
	12013  4463   265  1330   670
	12013  4463   310  1330   670
	12013  4463   371  1330   670
	12013  4463   418  1310   670
	12013  4463   466  1310   670
	12013  4463   509  1310   670
	12013  4463   543  1310   670
	12013  4463   584  1310   670
	12013  4463   614  1310   670
	12013  4463   650  1310   670
	12013  4463   688  1310   670
	12013  4463   719  1310   670
	12013  4463   746  1310   670
	12013  4463   768  1310   670
	12013  4463   785  1310   670
	12013  4463   821  1310   670
	12013  4463   828  1310   670
	12013  4463   851  1310   670
	12013  4463   854  1300   670
	12013  4463   866  1300   670
	12013  4463   876  1300   670
	12013  4463   884  1300   670
	12013  4463   888  1300   670
	12013  4463   897  1300   670
	12013  4463   905  1300   670
	12013  4463   906  1300   670
	12013  4463   897  1300   670
	12013  4463   903  1300   670
	12013  4463   906  1300   670
	12013  4463   923  1300   670
	12013  4463   926  1300   670
	12013  4463   932  1300   670
	12013  4463   933  1300   670
	12013  4463   939  1300   670
	12013  4463   942  1300   670
	12013  4463   944  1300   670
	12013  4463   942  1300   670
	12013  4463   944  1300   670
	12013  4463   944  1310   680
	12013  4463   944  1310   680
	12013  4463   944  1310   680
	12013  4463   944  1310   680
	12013  4463   942  1310   680
	12013  4463   941  1310   680
	12013  4463   941  1310   680
	12013  4463   942  1310   680
	12013  4463   942  1310   680
	12013  4463   944  1310   680
	12013  4463   942  1310   680
	12013  4463   944  1310   680
	12013  4463   945  1310   680
	12013  4463   947  1310   680
	12013  4463   947  1310   680
	12013  4463   947  1310   680
	12013  4463   948  1310   680
	12013  4463   950  1310   680
	12013  4463   951  1310   680
	12013  4463   934  1310   680
	12013  4463   934  1310   680
	12013  4463   934  1310   680
	12013  4463   933  1310   680
	12013  4463   933  1310   680
	12013  4463   947  1310   680
	12013  4463   939  1310   680
	12013  4463   933  1310   680
	12013  4463   932  1310   680
	12013  4463   929  1310   680
	12013  4463   926  1310   680
	12013  4463   926  1310   680
	12013  4463   923  1330   670
	12013  4463   920  1330   670
	12013  4463   920  1330   670
	12013  4463   912  1330   670
	12013  4463   909  1310   670
	12013  4463   902  1310   670
	12013  4463   899  1310   670
	12013  4463   894  1310   670
	12013  4463   892  1310   670
	12013  4463   906  1310   670
	12013  4463   905  1310   670
	12013  4463   902  1310   670
	12013  4463   899  1310   670
	12013  4463   899  1310   670
	12013  4463   897  1310   670
	12013  4463   894  1310   670
	12013  4463   890  1310   670
	12013  4463   887  1310   670
	12013  4463   887  1310   670
	12013  4463   884  1310   670
	12013  4463   885  1310   670
	12013  4463   884  1310   670
	12013  4463   881  1310   670
	12013  4463   878  1310   670
	12013  4463   878  1310   670
	12013  4463   875  1310   670
	12013  4463   876  1310   670
	12013  4463   875  1310   670
	12013  4463   876  1310   670
	12013  4463   875  1310   670
	12013  4463   876  1310   670
	12013  4463   876  1310   670
	12013  4463   876  1310   670
	12013  4463   876  1310   670
	12013  4463   878  1310   670
	12013  4463   875  1310   670
	12013  4463   875  1310   670
	12029  4479   875  1310   670
	12024  4479   875  1310   670
	12024  4479   872  1310   670
	12024  4479   872  1310   670
	12024  4479   872  1310   670
	12019  4479   872  1310   670
	12019  4474   869  1310   670
	12010  4469   869  1310   670
	11997  4459   866  1310   670
	11980  4442   866  1310   670
	11963  4416   866  1310   670
	11945  4383   867  1310   670
	11929  4360   867  1310   670
	11914  4335   864  1310   670
	11900  4304   866  1300   660
	11886  4269   866  1300   660
	11873  4235   864  1300   660
	11863  4208   867  1280   660
	11856  4185   866  1280   660
	11856  4160   866  1280   660
	11856  4145   863  1280   660
	11856  4136   863  1280   660
	11865  4128   861  1280   660
	11878  4117   861  1280   660
	11896  4104   863  1260   670
	11918  4093   860  1260   670
	11941  4086   860  1260   670
	11965  4086   858  1260   670
	11994  4078   860  1260   670
	12026  4078   858  1260   670
	12056  4078   855  1260   670
	12081  4093   853  1260   670
	12101  4104   866  1260   670
	12123  4119   864  1260   670
	12143  4136   861  1260   670
	12160  4155   860  1240   670
	12178  4174   858  1240   670
	12191  4193   855  1240   670
	12200  4211   848  1250   680
	12207  4239   842  1250   680
	12207  4267   839  1250   680
	12207  4293   839  1250   680
	12202  4316   837  1250   680
	12197  4334   839  1250   680
	12191  4350   839  1250   680
	12186  4366   837  1280   680
	12179  4378   837  1260   670
	12171  4389   836  1260   670
	12162  4397   837  1260   670
	12157  4405   839  1260   670
	12152  4412   837  1260   670
	12146  4417   836  1260   670
	12140  4422   839  1260   670
	12132  4422   839  1260   670
	12132  4430   839  1260   670
	12124  4430   839  1260   670
	12124  4430   839  1260   670
	12118  4435   840  1260   670
	12118  4435   840  1260   670
	12118  4435   839  1280   660
	12118  4435   839  1280   660
	12118  4435   840  1280   660
	12118  4435   840  1280   660
	12118  4435   839  1280   660
	12118  4435   839  1280   660
	12118  4430   837  1280   660
	12118  4430   839  1280   660
	12118  4425   837  1280   660
	12118  4425   837  1280   660
	12118  4425   839  1280   660
	12123  4416   837  1280   660
	12123  4411   839  1280   660
	12129  4411   837  1280   660
	12134  4406   839  1280   660
	12140  4398   840  1280   660
	12146  4390   840  1280   660
	12152  4382   842  1280   660
	12161  4373   842  1280   660
	12171  4362   842  1280   660
	12184  4351   840  1280   660
	12196  4342   842  1280   660
	12207  4335   840  1280   660
	12221  4320   839  1280   660
	12236  4309   839  1280   660
	12252  4302   840  1280   660
	12274  4296   839  1280   680
	12300  4290   842  1280   680
	12328  4284   840  1280   680
	12360  4284   839  1280   680
	12393  4284   840  1280   680
	12424  4292   839  1280   680
	12455  4306   839  1280   680
	12488  4320   837  1280   680
	12519  4335   839  1280   680
	12550  4355   837  1280   680
	12582  4378   836  1290   680
	12612  4395   834  1290   680
	12638  4414   833  1290   680
	12662  4431   834  1290   680
	12674  4448   830  1290   680
	12679  4457   828  1290   680
	12679  4464   828  1290   680
	12679  4471   828  1290   680
	12679  4479   828  1290   680
	12679  4489   828  1290   680
	12670  4496   833  1310   690
	12670  4501   833  1310   690
	12663  4501   833  1310   690
	12657  4512   830  1330   690
	12649  4521   828  1330   690
	12637  4527   833  1330   690
	12626  4533   833  1330   690
	12617  4533   834  1330   690
	12610  4542   836  1330   690
	12602  4542   836  1330   690
	12595  4548   837  1330   690
	12585  4548   839  1330   690
	12578  4548   842  1350   680
	12569  4553   845  1350   680
	12558  4553   846  1350   680
	12547  4553   846  1350   680
	12534  4547   846  1330   670
	12520  4540   846  1330   670
	12507  4533   845  1330   670
	12495  4523   845  1330   670
	12485  4517   846  1330   670
	12475  4507   846  1330   670
	12466  4497   848  1330   670
	12459  4488   849  1330   670
	12453  4477   849  1330   670
	12445  4466   851  1330   670
	12436  4451   851  1310   670
	12425  4429   851  1310   670
	12414  4409   852  1310   670
	12406  4391   855  1310   670
	12400  4375   855  1300   670
	12395  4354   857  1300   670
	12388  4329   858  1300   670
	12388  4304   858  1300   670
	12388  4276   858  1300   670
	12388  4254   858  1300   670
	12393  4236   860  1300   670
	12402  4215   863  1280   680
	12416  4194   863  1280   680
	12433  4176   861  1280   680
	12452  4160   861  1280   680
	12472  4148   864  1280   680
	12497  4139   863  1280   680
	12525  4132   864  1280   680
	12554  4132   861  1250   680
	12582  4132   858  1250   680
	12613  4132   858  1250   680
	12646  4148   854  1250   680
	12678  4168   848  1250   680
	12708  4191   837  1270   690
	12739  4217   831  1270   690
	12768  4243   824  1270   690
	12794  4267   827  1270   690
	12817  4291   817  1270   690
	12836  4315   803  1270   690
	12848  4340   794  1290   700
	12855  4365   790  1290   700
	12855  4386   790  1290   700
	12863  4404   788  1290   700
	12863  4415   788  1290   700
	12863  4423   793  1290   700
	12863  4430   797  1290   700
	12863  4430   802  1290   700
	12863  4437   809  1290   700
	12863  4437   817  1290   700
	12863  4437   820  1310   690
	12858  4431   824  1310   690
	12858  4425   827  1310   690
	12858  4415   829  1310   690
	12852  4402   830  1310   690
	12852  4383   818  1310   690
	12844  4362   819  1310   690
	12838  4336   818  1310   690
	12832  4303   822  1310   690
	12825  4274   822  1310   690
	12825  4249   821  1310   690
	12818  4237   821  1310   690
	12818  4224   821  1310   690
	12818  4215   822  1310   690
	12818  4208   821  1310   690
	12818  4208   822  1290   700
	12818  4208   822  1290   700
	12818  4208   825  1290   700
	12818  4208   825  1290   700
	12818  4213   828  1290   700
	12818  4221   830  1290   700
	12818  4237   828  1290   700
	12823  4256   828  1290   700
	12829  4278   827  1290   700
	12836  4302   825  1290   700
	12845  4332   817  1290   700
	12856  4365   817  1270   690
	12869  4396   817  1270   690
	12884  4423   818  1270   690
	12901  4449   817  1270   690
	12919  4477   818  1270   690
	12938  4497   817  1290   700
	12959  4514   818  1290   700
	12976  4525   822  1290   700
	12990  4525   822  1290   700
	12997  4525   822  1310   690
	13004  4525   827  1310   690
	13010  4525   831  1310   690
	13010  4516   837  1310   690
	13020  4499   843  1310   690
	13025  4475   851  1310   690
	13031  4445   863  1330   690
	13036  4413   853  1330   690
	13043  4380   861  1330   690
	13050  4348   864  1350   690
	13061  4321   870  1350   690
	13074  4299   873  1330   700
	13089  4275   876  1330   700
	13110  4257   878  1330   700
	13134  4242   878  1330   700
	13161  4233   882  1330   700
	13190  4228   885  1310   710
	13226  4228   888  1310   710
	13266  4228   888  1310   710
	13308  4235   887  1310   710
	13344  4247   885  1290   700
	13376  4259   887  1290   700
	13405  4270   888  1270   700
	13437  4289   888  1280   710
	13468  4314   887  1280   710
	13494  4336   885  1280   710
	13517  4360   885  1280   710
	13535  4388   884  1280   710
	13549  4418   882  1280   710
	13559  4444   884  1280   710
	13564  4468   885  1280   710
	13564  4489   884  1280   710
	13556  4507   887  1280   710
	13548  4524   887  1310   710
	13539  4539   893  1310   710
	13528  4549   896  1310   710
	13513  4556   897  1310   710
	13499  4562   905  1310   710
	13482  4562   894  1310   710
	13464  4569   900  1330   700
	13451  4569   906  1330   700
	13437  4563   905  1330   700
	13415  4552   908  1330   700
	13388  4536   918  1350   690
	13369  4519   924  1350   690
	13350  4499   930  1350   690
	13334  4474   936  1350   690
	13323  4450   947  1350   690
	13317  4427   935  1350   690
	13312  4400   947  1330   700
	13312  4370   959  1330   700
	13319  4340   976  1330   700
	13332  4311   982  1310   690
	13350  4283   992  1310   690
	13369  4256   978  1290   700
	13387  4237   990  1290   700
	13420  4224   996  1290   700
	13455  4205  1000  1270   700
	13494  4198  1003  1270   700
	13537  4198  1003  1270   700
	13586  4198   985  1270   700
	13632  4210   950  1270   700
	13675  4224   897  1280   710
	13720  4245   796  1280   710
	13763  4265   561  1280   710
