NLDCC-008_008_001 859
	 5380 26303   132  1520   490
	 5326 26270   175  1510   490
	 5265 26236   195  1510   490
	 5198 26203   239  1510   490
	 5133 26168   262  1510   490
	 5069 26132   277  1500   500
	 5007 26096   301  1480   500
	 4947 26061   312  1480   500
	 4892 26025   325  1480   500
	 4842 25990   330  1480   500
	 4795 25960   334  1470   490
	 4754 25933   334  1470   490
	 4723 25902   335  1460   500
	 4701 25879   335  1450   500
	 4687 25862   334  1450   500
	 4680 25846   332  1450   500
	 4680 25833   325  1450   500
	 4691 25822   322  1450   500
	 4709 25810   319  1460   500
	 4735 25799   315  1460   500
	 4765 25791   312  1460   500
	 4809 25784   312  1460   500
	 4860 25784   310  1460   500
	 4911 25776   312  1470   490
	 4963 25771   310  1470   490
	 5011 25760   315  1470   490
	 5057 25748   315  1470   490
	 5099 25733   319  1470   490
	 5133 25718   324  1470   490
	 5162 25697   325  1470   490
	 5181 25673   327  1470   490
	 5188 25645   332  1480   480
	 5188 25613   334  1480   480
	 5169 25574   373  1480   480
	 5141 25529   381  1480   480
	 5106 25479   400  1460   490
	 5060 25425   417  1460   490
	 5005 25366   452  1460   490
	 4943 25304   465  1460   490
	 4870 25244   480  1450   500
	 4788 25189   504  1450   500
	 4700 25137   527  1450   500
	 4624 25089   564  1440   500
	 4552 25044   569  1440   500
	 4486 25002   583  1440   500
	 4426 24969   586  1430   510
	 4368 24936   591  1420   500
	 4314 24901   592  1420   500
	 4259 24864   591  1410   510
	 4208 24826   594  1410   510
	 4161 24795   592  1410   510
	 4126 24768   594  1410   510
	 4098 24749   591  1410   510
	 4082 24735   581  1410   510
	 4073 24724   543  1410   510
	 4073 24719   488  1410   510
	 4073 24714   415  1410   510
	 4080 24714   315  1410   510
	 4087 24704   175  1420   500
	 4087 24704     0  1420   500
	 4136 24721     0  1420   500
	 4170 24764     0  1420   500
	 4208 24822     0  1420   500
	 4250 24890     0  1410   500
	 4293 24957     0  1420   490
	 4339 25027     0  1420   490
	 4386 25098     0  1430   500
	 4439 25165     0  1430   500
	 4494 25230     0  1430   500
	 4576 25293     0  1430   500
	 4642 25355     0  1430   500
	 4697 25368     0  1430   500
	 4767 25432     0  1430   500
	 4838 25530     0  1440   490
	 4915 25582     0  1440   480
	 5001 25633     0  1440   470
	 5091 25688     0  1460   460
	 5181 25747     0  1470   440
	 5268 25806     0  1470   430
	 5352 25856     0  1480   420
	 5423 25903     0  1490   420
	 5485 25945     0  1500   420
	 5543 25981     0  1500   420
	 5595 26014     0  1500   420
	 5643 26043     0  1510   420
	 5686 26072     0  1510   420
	 5722 26091     0  1500   430
	 5753 26109     0  1500   430
	 5786 26124     0  1510   430
	 5810 26163     0  1520   440
	 5827 26218     0  1510   450
	 5853 26233     0  1510   460
	 5877 26248     0  1490   480
	 5899 26265     0  1480   480
	 5918 26257     0  1460   490
	 5937 26233     0  1450   500
	 5955 26322     0  1440   490
	 5973 26364     0  1440   490
	 5991 26375     0  1440   480
	 6009 26406     0  1440   470
	 6027 26434     0  1440   470
	 6046 26460     0  1440   460
	 6064 26486     0  1420   450
	 6080 26512     0  1420   440
	 6094 26533     0  1410   440
	 6106 26551     0  1420   430
	 6116 26562     0  1420   430
	 6145 26571     0  1440   430
	 6137 26571     0  1450   430
	 6149 26571     0  1450   430
	 6186 26550     0  1470   430
	 6149 26515     0  1480   430
	 6138 26540     0  1480   430
	 6144 26530     0  1490   440
	 6136 26497     0  1490   440
	 6136 26497   148  1500   440
	 6136 26497   144  1500   440
	 6136 26497   148  1510   450
	 6088 26444   158  1510   450
	 6076 26429   170  1510   450
	 6064 26399   181  1500   460
	 6050 26361   210  1500   460
	 6034 26317   216  1500   460
	 6015 26269   251  1500   470
	 5993 26214   279  1490   480
	 5969 26148   292  1490   480
	 5947 26075   314  1480   480
	 5919 26001   345  1480   480
	 5887 25912   371  1470   490
	 5847 25814   377  1460   490
	 5807 25715   388  1460   490
	 5769 25623   407  1450   500
	 5731 25537   418  1450   500
	 5696 25448   430  1440   500
	 5667 25364   436  1440   500
	 5640 25284   436  1440   500
	 5614 25204   436  1430   510
	 5591 25137   440  1430   510
	 5571 25079   441  1430   510
	 5554 25021   443  1420   520
	 5537 24970   441  1420   520
	 5521 24924   441  1420   520
	 5509 24893   444  1410   520
	 5497 24866   449  1410   520
	 5488 24843   439  1410   520
	 5480 24827   440  1410   520
	 5475 24819   445  1400   530
	 5470 24819   455  1400   530
	 5470 24819   464  1400   530
	 5462 24819   483  1400   530
	 5462 24824   489  1400   530
	 5455 24836   489  1390   540
	 5455 24857   498  1390   540
	 5455 24885   498  1390   540
	 5455 24925   496  1370   530
	 5461 24977   491  1370   530
	 5473 25037   493  1370   530
	 5490 25104   490  1370   530
	 5510 25184   483  1390   520
	 5535 25272   477  1390   520
	 5567 25370   470  1390   520
	 5606 25472   471  1400   530
	 5648 25576   453  1400   530
	 5693 25675   445  1410   520
	 5748 25778   444  1410   520
	 5810 25884   436  1410   520
	 5874 25977   425  1420   520
	 5933 26058   418  1420   520
	 5989 26130   407  1430   510
	 6043 26197   404  1430   510
	 6095 26260   407  1440   510
	 6146 26318   405  1450   510
	 6195 26374   404  1450   510
	 6245 26426   407  1460   500
	 6295 26471   405  1460   500
	 6344 26509   412  1460   500
	 6390 26536   412  1470   490
	 6430 26556   417  1470   490
	 6464 26564   417  1470   490
	 6493 26564   418  1480   480
	 6515 26564   418  1480   480
	 6532 26551   422  1490   490
	 6553 26537   423  1490   490
	 6572 26519   414  1490   490
	 6584 26495   417  1500   480
	 6592 26465   420  1510   480
	 6592 26428   425  1510   480
	 6587 26382   440  1510   480
	 6572 26326   439  1510   480
	 6549 26266   456  1510   480
	 6512 26205   465  1510   490
	 6466 26132   471  1510   490
	 6409 26055   467  1510   490
	 6340 25977   473  1510   490
	 6262 25901   488  1500   500
	 6191 25825   493  1500   500
	 6119 25755   491  1500   500
	 6052 25689   517  1480   500
	 5990 25642   515  1480   500
	 5940 25602   521  1480   500
	 5894 25566   522  1460   500
	 5856 25531   522  1460   500
	 5820 25504   522  1460   500
	 5800 25482   522  1450   500
	 5786 25470   518  1450   500
	 5786 25457   513  1450   500
	 5786 25446   517  1440   500
	 5794 25436   509  1440   500
	 5807 25423   501  1440   500
	 5836 25410   492  1440   500
	 5876 25403   493  1440   500
	 5919 25403   486  1440   500
	 5965 25403   483  1430   500
	 6014 25403   480  1430   500
	 6061 25403   478  1430   500
	 6100 25403   477  1440   500
	 6135 25390   477  1440   500
	 6162 25376   480  1440   500
	 6182 25359   481  1430   510
	 6198 25336   485  1430   510
	 6208 25313   488  1430   510
	 6208 25291   495  1420   500
	 6199 25261   489  1420   500
	 6183 25230   496  1420   500
	 6163 25193   502  1420   500
	 6140 25156   512  1410   510
	 6118 25122   514  1410   510
	 6102 25096   509  1410   510
	 6089 25070   507  1410   510
	 6075 25042   499  1410   510
	 6075 25015   485  1410   510
	 6075 24988   445  1400   520
	 6083 24968   392  1400   520
	 6098 24953   307  1400   520
	 6114 24941   181  1400   520
	 6114 24941     0  1400   520
	 6164 24946     0  1390   520
	 6195 24967     0  1390   520
	 6226 24998     0  1390   520
	 6254 25036     0  1390   520
	 6280 25073     0  1390   520
	 6307 25110     0  1390   520
	 6334 25146     0  1390   520
	 6362 25186     0  1390   520
	 6392 25225     0  1390   520
	 6425 25268     0  1390   520
	 6458 25313     0  1390   520
	 6492 25357     0  1410   520
	 6525 25397     0  1410   520
	 6555 25429     0  1420   520
	 6582 25453     0  1420   520
	 6600 25472     0  1440   510
	 6614 25484     0  1440   510
	 6625 25492     0  1450   510
	 6637 25492     0  1450   510
	 6637 25492   307  1450   510
	 6637 25492   335  1460   500
	 6637 25492   345  1460   500
	 6637 25492   333  1460   500
	 6566 25484   336  1480   500
	 6543 25464   338  1480   500
	 6518 25438   339  1480   500
	 6492 25409   338  1480   500
	 6465 25374   344  1480   500
	 6435 25333   341  1450   510
	 6404 25292   343  1450   510
	 6378 25250   344  1450   510
	 6355 25206   344  1440   510
	 6337 25168   344  1440   510
	 6326 25134   343  1440   510
	 6326 25104   344  1430   520
	 6326 25082   338  1430   520
	 6334 25065   339  1420   520
	 6348 25049   338  1420   520
	 6365 25042   338  1410   520
	 6385 25042   339  1410   520
	 6410 25042   334  1410   520
	 6442 25051   339  1410   520
	 6476 25068   339  1410   520
	 6516 25090   343  1410   520
	 6558 25124   338  1410   520
	 6599 25166   341  1410   520
	 6645 25212   336  1410   520
	 6690 25261   338  1420   530
	 6735 25313   333  1420   530
	 6779 25369   345  1420   530
	 6814 25423   344  1420   530
	 6844 25473   333  1420   530
	 6871 25517   333  1420   530
	 6884 25553   343  1420   530
	 6884 25578   364  1430   520
	 6884 25593   369  1430   520
	 6863 25600   371  1430   520
	 6840 25600   361  1430   520
	 6809 25600   362  1440   510
	 6777 25586   366  1440   510
	 6745 25569   366  1440   510
	 6708 25546   369  1450   510
	 6674 25522   369  1450   510
	 6646 25495   372  1450   510
	 6623 25466   372  1450   510
	 6606 25434   372  1450   510
	 6595 25400   374  1450   510
	 6595 25365   372  1450   510
	 6595 25335   371  1450   510
	 6607 25308   374  1470   510
	 6622 25285   374  1470   510
	 6650 25269   374  1470   510
	 6685 25259   374  1460   520
	 6728 25259   377  1460   520
	 6776 25271   379  1460   520
	 6833 25290   379  1460   520
	 6898 25313   379  1460   520
	 6962 25346   379  1460   520
	 7024 25386   379  1430   520
	 7083 25427   379  1430   520
	 7137 25466   379  1430   520
	 7188 25506   377  1430   520
	 7240 25546   379  1430   520
	 7287 25589   379  1440   510
	 7326 25628   379  1440   510
	 7362 25659   384  1440   510
	 7384 25682   394  1440   510
	 7398 25697   400  1440   510
	 7407 25704   414  1440   510
	 7407 25704   435  1450   510
	 7407 25704   446  1450   510
	 7407 25704   440  1470   510
	 7407 25704   442  1470   510
	 7407 25696   445  1480   500
	 7407 25689   452  1480   500
	 7402 25676   458  1480   500
	 7397 25653   465  1480   500
	 7390 25623   473  1480   500
	 7368 25577   470  1480   500
	 7346 25522   472  1480   500
	 7323 25468   473  1480   500
	 7298 25414   473  1480   500
	 7273 25360   473  1480   500
	 7253 25306   473  1470   510
	 7233 25258   473  1470   510
	 7213 25213   477  1470   510
	 7194 25177   477  1460   520
	 7178 25151   478  1460   520
	 7162 25131   481  1460   520
	 7145 25110   485  1460   520
	 7128 25091   486  1450   530
	 7107 25073   483  1430   520
	 7084 25058   483  1430   520
	 7060 25046   485  1430   520
	 7035 25035   483  1420   530
	 7011 25035   483  1420   530
	 6990 25035   486  1410   520
	 6974 25042   485  1410   520
	 6958 25054   483  1410   520
	 6940 25067   477  1410   520
	 6929 25080   481  1400   520
	 6922 25089   485  1400   520
	 6922 25100   475  1400   520
	 6928 25110   472  1380   510
	 6938 25120   473  1380   510
	 6952 25132   472  1380   510
	 6972 25145   472  1380   510
	 6995 25156   470  1370   510
	 7021 25166   472  1370   510
	 7050 25174   472  1370   510
	 7080 25182   473  1370   510
	 7115 25194   470  1370   510
	 7153 25208   468  1380   510
	 7196 25218   468  1380   510
	 7242 25232   467  1380   510
	 7288 25251   468  1380   510
	 7336 25273   470  1400   520
	 7383 25295   470  1400   520
	 7431 25322   467  1400   520
	 7481 25353   468  1410   520
	 7521 25384   470  1410   520
	 7555 25415   472  1420   520
	 7585 25444   472  1420   520
	 7615 25475   470  1430   520
	 7641 25507   475  1430   520
	 7663 25534   483  1430   520
	 7681 25558   485  1450   530
	 7693 25573   488  1460   520
	 7700 25583   517  1460   520
	 7705 25583   527  1460   520
	 7705 25589   538  1460   520
	 7705 25589   541  1470   510
	 7705 25589   544  1480   510
	 7705 25589   544  1480   510
	 7705 25589   536  1480   510
	 7705 25589   537  1480   510
	 7705 25589   536  1480   510
	 7700 25589   536  1480   510
	 7700 25580   536  1480   510
	 7700 25573   536  1480   510
	 7700 25564   536  1490   510
	 7694 25552   539  1490   510
	 7687 25535   543  1490   510
	 7680 25515   543  1490   510
	 7674 25493   551  1480   510
	 7669 25468   554  1480   510
	 7656 25437   556  1480   510
	 7642 25399   561  1480   510
	 7626 25363   561  1480   510
	 7615 25330   562  1480   510
	 7598 25293   562  1480   510
	 7576 25254   561  1480   510
	 7555 25214   559  1470   520
	 7531 25178   559  1470   520
	 7506 25146   561  1470   520
	 7485 25115   559  1470   520
	 7465 25091   561  1460   530
	 7447 25071   557  1460   530
	 7426 25056   559  1460   530
	 7402 25040   561  1460   530
	 7380 25030   557  1430   530
	 7360 25023   557  1430   530
	 7342 25018   559  1430   530
	 7328 25018   557  1430   530
	 7315 25018   559  1430   530
	 7303 25018   556  1430   530
	 7292 25028   557  1420   530
	 7281 25036   556  1420   530
	 7281 25041   546  1420   530
	 7281 25046   539  1420   530
	 7287 25054   537  1420   530
	 7298 25065   536  1420   530
	 7317 25081   546  1410   520
	 7344 25097   546  1410   520
	 7375 25111   544  1410   520
	 7411 25124   544  1410   520
	 7450 25138   544  1410   520
	 7496 25154   543  1410   520
	 7542 25175   544  1410   520
	 7592 25201   543  1410   520
	 7649 25224   544  1420   530
	 7706 25249   544  1420   530
	 7761 25276   544  1420   530
	 7818 25302   544  1420   530
	 7869 25329   536  1430   530
	 7916 25353   546  1430   530
	 7956 25377   536  1430   530
	 7985 25398   540  1430   530
	 8006 25420   545  1450   530
	 8025 25441   548  1430   520
	 8037 25458   562  1430   520
	 8043 25472   574  1430   520
	 8043 25481   591  1430   520
	 8043 25481   605  1430   520
	 8043 25489   617  1440   510
	 8032 25489   616  1440   510
	 8026 25496   617  1440   510
	 8021 25496   614  1440   510
	 8021 25496   613  1440   510
	 8015 25496   613  1430   510
	 8015 25486   610  1430   510
	 8007 25476   611  1430   510
	 7999 25460   613  1420   500
	 7992 25436   611  1420   500
	 7980 25406   620  1420   500
	 7964 25365   619  1420   500
	 7959 25317   617  1420   500
	 7959 25275   617  1420   500
	 7959 25236   614  1410   510
	 7959 25200   611  1410   510
	 7968 25165   589  1410   510
	 7979 25137   578  1410   510
	 7995 25114   562  1410   510
	 8013 25098   538  1380   510
	 8031 25091   488  1380   510
	 8058 25091   425  1380   510
	 8086 25097   277  1380   510
	 8116 25114    41  1370   520
	 8116 25114     0  1370   520
	 8182 25177     0  1370   520
	 8207 25222     0  1370   520
	 8226 25273     0  1390   520
	 8244 25325     0  1390   520
	 8260 25382     0  1390   520
	 8275 25442     0  1400   520
	 8290 25509     0  1400   520
	 8305 25588     0  1410   510
	 8320 25675     0  1410   510
	 8334 25767     0  1420   500
	 8346 25853     0  1420   500
	 8359 25936     0  1420   500
	 8365 25981     0  1440   500
	 8365 26003     0  1440   500
	 8365 26011     0  1440   500
	 8356 26005     0  1450   500
	 8343 25993     0  1450   500
	 8343 25993   453  1450   500
	 8343 25993   466  1450   500
	 8268 25991   471  1450   500
	 8251 25991   471  1450   500
	 8239 25991   455  1440   500
	 8239 25977   440  1440   500
	 8239 25965   414  1450   510
	 8239 25948   358  1440   510
	 8247 25925   273  1430   520
	 8255 25897   168  1430   520
	 8262 25869     5  1430   520
	 8262 25869     0  1430   520
	 8279 25821     0  1430   520
	 8286 25805     0  1430   520
	 8295 25790     0  1430   520
	 8306 25775     0  1440   510
	 8317 25761     0  1440   510
	 8331 25745     0  1450   510
	 8348 25728     0  1440   500
	 8367 25710     0  1450   500
	 8386 25693     0  1460   490
	 8406 25670     0  1470   480
	 8428 25656     0  1480   470
	 8453 25649     0  1490   470
	 8477 25621     0  1500   460
	 8501 25613     0  1510   450
	 8524 25618     0  1520   440
	 8549 25610     0  1520   440
	 8578 25603     0  1540   430
	 8610 25598     0  1540   430
	 8643 25591     0  1540   430
	 8671 25582     0  1550   420
	 8696 25569     0  1550   420
	 8722 25553     0  1560   420
	 8722 25553   444  1550   430
	 8757 25467   572  1550   430
	 8730 25533   583  1560   440
	 8712 25561   589  1550   450
	 8699 25561   584  1550   450
	 8699 25561   589  1540   460
	 8694 25556   592  1530   470
	 8694 25556   594  1520   480
	 8679 25556   585  1510   480
	 8661 25556   595  1510   490
	 8661 25546   595  1510   490
	 8611 25535   588  1500   500
	 8536 25522   589  1490   510
	 8483 25507   592  1490   510
	 8432 25490   592  1480   510
	 8385 25469   592  1480   510
	 8342 25445   591  1470   510
	 8304 25407   591  1470   510
	 8272 25361   588  1460   520
	 8247 25308   585  1460   520
	 8230 25258   594  1440   510
	 8222 25210   592  1440   510
	 8222 25169   584  1430   520
	 8222 25136   580  1430   520
	 8236 25109   580  1420   520
	 8254 25088   578  1410   520
	 8281 25076   574  1410   520
	 8313 25071   574  1410   520
	 8350 25071   575  1400   520
	 8401 25093   574  1400   520
	 8460 25124   567  1390   520
	 8516 25167   566  1390   520
	 8573 25216   564  1390   520
	 8630 25268   560  1400   530
	 8678 25326   561  1400   530
	 8721 25381   560  1400   530
	 8756 25431   563  1400   530
	 8780 25473   569  1420   530
	 8797 25510   586  1420   530
	 8809 25541   609  1420   530
	 8809 25556   617  1420   530
	 8803 25556   625  1450   530
	 8803 25556   627  1450   530
	 8795 25556   627  1450   530
	 8795 25556   627  1450   530
	 8778 25545   627  1460   520
	 8760 25516   628  1460   520
	 8729 25473   630  1460   520
	 8696 25420   631  1470   510
	 8661 25356   634  1470   510
	 8636 25285   634  1460   520
	 8615 25222   636  1460   520
	 8603 25159   636  1460   520
	 8588 25079   639  1460   520
	 8569 24988   641  1450   530
	 8550 24898   641  1450   530
	 8532 24806   641  1450   530
	 8519 24712   644  1420   530
	 8511 24631   642  1420   530
	 8503 24557   644  1410   530
	 8493 24489   645  1410   530
	 8484 24425   644  1410   530
	 8473 24363   645  1390   540
	 8459 24309   647  1390   540
	 8445 24258   636  1390   540
	 8428 24209   647  1370   540
	 8409 24182   636  1370   540
	 8391 24161   638  1360   550
	 8373 24144   646  1350   540
	 8358 24138   647  1350   540
	 8350 24138   649  1350   540
	 8350 24133   650  1350   540
	 8342 24133   658  1340   550
	 8335 24145   662  1340   550
	 8330 24157   663  1340   550
	 8324 24181   664  1330   540
	 8324 24212   667  1310   550
	 8324 24249   668  1310   550
	 8333 24295   668  1310   550
	 8342 24363   662  1310   550
	 8378 24446   659  1310   550
	 8431 24537   659  1330   540
	 8498 24628   658  1330   540
	 8560 24717   658  1330   540
	 8619 24806   658  1330   540
	 8680 24879   658  1330   540
	 8741 24948   655  1340   540
	 8801 25010   656  1340   540
	 8859 25069   653  1340   540
	 8918 25128   647  1340   540
	 8976 25187   637  1340   540
	 9026 25249   642  1360   540
	 9068 25311   639  1360   540
	 9108 25367   639  1370   530
	 9143 25420   639  1370   530
	 9175 25455   639  1370   530
	 9199 25479   644  1390   520
	 9208 25484   647  1390   520
	 9208 25484   643  1390   520
	 9208 25484   641  1390   520
	 9201 25478   646  1400   520
	 9201 25470   649  1400   520
	 9185 25454   652  1400   520
	 9168 25426   655  1400   520
	 9147 25389   655  1410   510
	 9113 25325   658  1410   510
	 9079 25261   656  1410   510
	 9046 25206   661  1410   510
	 9029 25159   659  1400   520
	 9015 25111   658  1400   520
	 9009 25075   659  1400   520
	 9009 25046   659  1400   520
	 9014 25025   656  1390   520
	 9021 25011   658  1390   520
	 9026 25003   658  1390   520
	 9036 24993   656  1390   520
	 9047 24993   656  1370   530
	 9061 24993   658  1370   530
	 9076 24993   658  1360   520
	 9096 25008   659  1360   520
	 9123 25024   658  1360   520
	 9152 25060   661  1360   520
	 9188 25110   662  1360   520
	 9229 25170   665  1360   520
	 9270 25230   661  1360   520
	 9308 25294   659  1360   520
	 9346 25355   664  1360   520
	 9380 25414   665  1370   530
	 9404 25453   668  1370   530
	 9420 25474   673  1370   530
	 9425 25482   662  1370   530
	 9425 25482   663  1390   520
	 9420 25482   662  1390   520
	 9420 25482   671  1400   530
	 9420 25482   673  1410   520
	 9413 25472   671  1410   520
	 9405 25458   671  1410   520
	 9396 25437   671  1410   520
	 9383 25406   670  1410   520
	 9367 25369   668  1420   520
	 9352 25325   661  1420   520
	 9340 25279   637  1410   520
	 9334 25231   622  1410   520
	 9334 25190   584  1410   520
	 9340 25153   538  1410   520
	 9353 25119   472  1400   530
	 9371 25093   425  1400   530
	 9395 25073   361  1400   530
	 9426 25068   281  1400   530
	 9463 25068   180  1400   530
	 9504 25083    76  1370   530
	 9504 25083     0  1370   530
	 9596 25146     0  1370   530
	 9644 25186     0  1390   540
	 9688 25233     0  1390   540
	 9731 25280     0  1390   540
	 9770 25332     0  1390   540
	 9806 25388     0  1390   540
	 9806 25388    50  1400   540
	 9861 25496   167  1400   540
	 9873 25539   259  1410   530
	 9878 25571   333  1420   540
	 9873 25587   392  1420   540
	 9861 25594   455  1420   540
	 9844 25594   496  1430   530
	 9829 25594   519  1430   530
	 9808 25589   535  1430   530
	 9783 25575   537  1430   530
	 9749 25547   570  1450   530
	 9711 25510   564  1450   530
	 9669 25458   569  1450   530
	 9631 25406   575  1450   530
	 9596 25353   580  1450   530
	 9568 25300   578  1450   530
	 9546 25244   580  1430   530
	 9531 25189   578  1430   530
	 9523 25144   578  1430   530
	 9523 25107   578  1420   530
	 9523 25072   575  1410   530
	 9530 25046   574  1410   530
	 9542 25026   567  1410   530
	 9556 25011   567  1400   540
	 9572 25005   567  1390   540
	 9593 25005   566  1390   540
	 9620 25014   566  1390   540
	 9653 25040   563  1390   540
	 9693 25077   565  1370   540
	 9737 25125   562  1370   540
	 9783 25179   561  1370   540
	 9823 25237   550  1370   540
	 9858 25303   542  1370   540
	 9895 25373   537  1370   540
	 9924 25445   537  1390   540
	 9948 25500   536  1400   540
	 9955 25549   539  1400   540
	 9955 25578   542  1400   540
	 9944 25597   550  1420   540
	 9929 25603   556  1420   540
	 9914 25603   556  1420   540
	 9892 25597   554  1420   540
	 9864 25578   556  1430   530
	 9832 25551   567  1430   530
	 9802 25518   560  1450   540
	 9776 25483   563  1460   530
	 9756 25443   561  1460   530
	 9756 25413   563  1460   530
	 9756 25391   561  1460   530
	 9771 25363   561  1460   530
	 9790 25337   566  1460   530
	 9821 25319   567  1450   540
	 9862 25305   570  1430   530
	 9927 25311   570  1430   530
	10007 25328   572  1430   530
	10095 25352   572  1430   530
	10185 25391   577  1430   530
	10281 25443   575  1420   530
	10376 25503   578  1420   530
	10473 25567   578  1420   530
	10561 25631   578  1420   530
	10644 25698   581  1420   530
	10722 25781   583  1420   530
	10801 25873   581  1430   530
	10880 25971   580  1430   530
	10957 26073   569  1430   530
	11046 26179   567  1430   530
	11117 26291   567  1450   540
	11176 26401   567  1460   530
	11219 26509   572  1460   530
	11245 26584   584  1470   530
	11260 26631   597  1480   530
	11260 26659   606  1480   530
	11252 26671   614  1490   520
	11240 26679   617  1500   520
	11228 26679   616  1500   520
	11211 26671   617  1510   510
	11191 26659   613  1510   510
	11157 26620   627  1510   510
	11099 26564   634  1510   510
	11026 26499   642  1510   510
	10981 26434   655  1520   510
	10941 26363   671  1520   510
	10877 26255   667  1520   510
	10796 26127   675  1520   510
	10716 25991   675  1520   510
	10629 25829   681  1510   510
	10538 25650   684  1510   510
	10449 25501   684  1500   520
	10367 25352   688  1500   520
	10309 25205   687  1490   530
	10264 25099   688  1490   530
	10241 25018   687  1470   530
	10223 24955   685  1470   530
	10213 24899   678  1460   540
	10204 24849   663  1450   540
	10196 24811   659  1440   540
	10190 24782   636  1420   540
	10190 24759   592  1410   550
	10184 24747   548  1410   550
	10184 24742   465  1400   540
	10175 24742   307  1400   540
	10175 24742     0  1400   540
	10147 24764     0  1390   540
	10121 24790     0  1390   540
	10091 24828     0  1390   540
	10055 24865     0  1360   540
	10015 24902     0  1360   540
	 9972 24915     0  1360   540
	 9932 24927     0  1360   540
	 9894 24927     0  1360   540
	 9857 24921     0  1360   540
	 9821 24910     0  1360   540
	 9788 24894     0  1360   540
	 9759 24869     0  1360   540
	 9736 24841     0  1350   540
	 9718 24812     0  1360   550
	 9718 24812   486  1360   550
	 9718 24812   578  1350   550
	 9718 24812   595  1350   550
	 9718 24812   600  1350   550
	 9718 24812   613  1350   550
	 9718 24812   650  1360   560
	 9718 24812   675  1360   560
	 9813 24822   700  1380   550
	 9887 24847   721  1380   550
	 9978 24885   720  1380   550
	10099 24932   739  1380   550
	10221 24990   746  1380   550
	10344 25056   754  1380   550
	10497 25128   754  1380   550
	10651 25205   752  1390   560
	10802 25280   751  1390   560
	10938 25350   728  1400   550
	11067 25398   728  1410   560
	11163 25432   696  1410   560
	11242 25455   646  1410   560
	11310 25471   564  1440   560
	11369 25477   423  1440   560
	11415 25467   249  1440   560
	11415 25467     0  1460   550
	11471 25403     0  1460   550
	11458 25357     0  1460   550
	11424 25317     0  1470   550
	11390 25282     0  1470   550
	11362 25245     0  1470   550
	11339 25207     0  1470   550
	11286 25162     0  1470   550
	11250 25112     0  1460   540
	11226 25016     0  1450   550
	11174 24957     0  1450   550
	11124 24922     0  1440   540
	11075 24846     0  1420   540
	11026 24791     0  1420   540
	10986 24750     0  1420   540
	10953 24716     0  1420   540
	10916 24690     0  1450   540
	10891 24670     0  1460   530
	10876 24648     0  1480   530
	10862 24633     0  1480   530
	10850 24624     0  1480   530
	10857 24615     0  1490   520
	10877 24615     0  1500   520
	10877 24615   851  1520   530
	10877 24615   951  1540   520
	10862 24693   967  1550   520
	10857 24703   979  1560   510
	10857 24703   987  1570   520
	10868 24698  1021  1570   520
	10868 24698  1023  1580   520
	10868 24698  1023  1580   520
	10868 24698   994  1560   530
	10868 24698   949  1560   530
	10868 24698   866  1550   540
	10873 24698   670  1530   550
