ABCDE-012_345_678 707
	13779 12011    64  1220   480
	13780 12011     0  1220   480
	13781 12011     0  1220   480
	13784 12010    75  1220   480
	13785 12010   136  1220   480
	13837 12011   160  1220   480
	13785 12012   201  1210   490
	13785 12012   218  1210   490
	13785 12012   234  1210   490
	13786 12012   262  1210   490
	13788 12021   275  1210   490
	13788 12022   286  1210   490
	13789 12023   297  1210   490
	13788 12025   308  1210   490
	13788 12028   317  1210   490
	13790 12041   327  1210   490
	13789 12053   336  1210   490
	13787 12056   344  1210   490
	13785 12072   344  1220   480
	13785 12086   352  1220   480
	13778 12101   352  1220   480
	13771 12117   360  1220   480
	13762 12124   360  1220   480
	13752 12139   360  1220   480
	13746 12155   367  1230   480
	13731 12171   367  1230   480
	13717 12186   367  1230   480
	13700 12201   367  1230   480
	13677 12214   367  1230   480
	13654 12219   360  1230   480
	13629 12230   360  1230   480
	13601 12214   360  1240   480
	13573 12231   360  1240   480
	13543 12220   360  1240   480
	13517 12216   360  1240   480
	13492 12201   360  1240   480
	13468 12185   360  1240   480
	13441 12155   360  1240   480
	13414 12121   360  1230   470
	13383 12086   360  1230   470
	13360 12040   360  1230   470
	13335 11992   360  1230   470
	13312 11946   360  1230   470
	13290 11894   360  1220   470
	13268 11835   360  1220   470
	13252 11772   360  1230   480
	13234 11707   367  1230   480
	13215 11653   367  1230   480
	13203 11578   367  1220   480
	13188 11514   269  1220   480
	13183 11448   269  1220   480
	13179 11386   269  1210   490
	13178 11338   367  1210   490
	13186 11292   367  1210   490
	13198 11254   367  1210   490
	13215 11211   360  1190   490
	13232 11174   352  1190   490
	13257 11145   352  1190   490
	13287 11115   344  1190   490
	13322 11096   327  1190   490
	13359 11083   308  1190   490
	13403 11083   297  1180   490
	13444 11096   286  1180   490
	13490 11116   275  1180   490
	13531 11158   275  1180   490
	13572 11205   262  1180   490
	13609 11253   249  1170   490
	13643 11303   249  1170   490
	13670 11354   249  1170   490
	13696 11413   249  1170   490
	13716 11466   262  1160   490
	13739 11527   286  1160   490
	13759 11576   297  1160   490
	13778 11621   308  1160   490
	13791 11642   317  1160   490
	13798 11643   317  1160   490
	13800 11642   327  1170   490
	13802 11638   344  1170   490
	13802 11621   352  1170   490
	13799 11590   360  1170   490
	13797 11543   367  1180   490
	13791 11494   269  1180   490
	13787 11430   286  1180   490
	13780 11366   294  1180   490
	13776 11305   302  1180   490
	13768 11240   302  1180   490
	13763 11176   302  1180   490
	13757 11111   310  1170   500
	13752 11046   302  1170   500
	13748 10971   310  1170   500
	13748 10917   302  1170   500
	13750 10854   294  1160   500
	13750 10790   367  1160   500
	13757 10716   352  1150   500
	13761 10650   327  1150   500
	13769 10586   275  1130   510
	13774 10534   218  1130   510
	13784 10474    75  1120   510
	13786 10441    -1  1120   510
	13786 10422    -1  1110   510
	13778 10422    -1  1110   510
	13770 10428    -1  1100   510
	13761 10458    -1  1100   510
	13746 10492    -1  1080   520
	13734 10539    -1  1080   520
	13715 10599    -1  1080   520
	13697 10664    -1  1080   520
	13673 10742    -1  1080   520
	13650 10827    -1  1080   520
	13690 10933    -1  1080   520
	13592 11047    -1  1100   510
	13559 11163    -1  1090   500
	13532 11276    -1  1100   500
	13505 11385    -1  1100   500
	13484 11493    -1  1110   490
	13461 11593    -1  1120   490
	13442 11689    -1  1110   480
	13431 11767    -1  1120   480
	13419 11819    -1  1130   470
	13406 11863    -1  1140   460
	13393 11884    -1  1150   460
	13376 11899    -1  1140   450
	13359 11914    -1  1150   450
	13340 11914    -1  1150   450
	13321 11912    -1  1160   440
	13303 11911    -1  1160   440
	13288 11909    -1  1170   440
	13276 11900    -1  1170   440
	13259 11911     0  1170   450
	13245 11912     0  1170   450
	13231 11926    35  1170   450
	13215 11942   136  1180   450
	13207 11959   160  1180   450
	13203 11978   182  1190   460
	13205 12008   201  1190   460
	13213 12042   234  1190   460
	13226 12088   262  1200   470
	13239 12134   275  1200   470
	13255 12183   286  1200   470
	13273 12220   308  1210   480
	13294 12246   327  1210   480
	13338 12293   336  1210   480
	13327 12311   336  1210   480
	13348 12327   336  1220   470
	13361 12332   336  1220   470
	13371 12341   336  1220   470
	13376 12331   327  1220   470
	13381 12328   317  1230   470
	13382 12311   327  1230   470
	13383 12281   327  1230   470
	13378 12235   327  1230   470
	13371 12171   327  1230   470
	13359 12086   327  1230   470
	13347 11992   336  1210   470
	13334 11896   327  1210   470
	13319 11800   336  1210   470
	13307 11703   336  1200   470
	13299 11605   336  1200   470
	13296 11499   336  1190   470
	13301 11403   336  1190   470
	13312 11324   336  1180   480
	13328 11258   327  1180   480
	13347 11205   327  1170   480
	13374 11148   327  1170   480
	13404 11110   317  1170   480
	13438 11077   317  1150   480
	13477 11049   308  1150   480
	13510 11035   308  1140   480
	13543 11036   308  1140   480
	13574 11047   317  1140   480
	13607 11063   317  1130   490
	13632 11083   327  1130   490
	13652 11125   336  1130   490
	13680 11163   344  1130   490
	13706 11212   352  1130   490
	13731 11276   360  1130   490
	13755 11351   367  1130   490
	13786 11431   278  1130   490
	13807 11526   286  1130   490
	13827 11624   294  1130   490
	13842 11706   302  1130   490
	13853 11783   302  1130   490
	13861 11849   294  1130   490
	13862 11910   286  1130   490
	13868 11945   278  1130   490
	13866 11974   360  1130   490
	13857 11977   336  1140   480
	13851 11977   286  1140   480
	13838 11964   182  1140   480
	13824 11945     0  1140   480
	13806 11913    -1  1140   480
	13792 11880    -1  1140   480
	13778 11845    -1  1150   480
	13768 11813    -1  1150   480
	13758 11782    -1  1150   480
	13752 11752    -1  1150   480
	13750 11720    -1  1150   480
	13751 11687    -1  1150   480
	13754 11654    -1  1150   480
	13760 11610    -1  1150   480
	13767 11577    -1  1150   480
	13830 11546    -1  1150   480
	13782 11511    -1  1150   480
	13791 11477    -1  1150   480
	13798 11446    -1  1150   480
	13808 11415    -1  1150   480
	13818 11385    -1  1150   480
	13828 11356    -1  1150   480
	13838 11336    -1  1150   480
	13849 11319    -1  1140   480
	13857 11292    -1  1140   480
	13867 11276    -1  1140   480
	13875 11271    -1  1140   480
	13887 11256    -1  1140   480
	13896 11242    -1  1140   500
	13908 11239    -1  1140   500
	13920 11226    -1  1140   500
	13929 11222    -1  1140   500
	13941 11222    -1  1140   500
	13952 11212    -1  1140   500
	13956 11221    35  1140   500
	13958 11221   136  1140   500
	13960 11222   160  1150   500
	13966 11223   182  1150   500
	13974 11224   201  1150   500
	13980 11226   234  1150   500
	13991 11239   249  1150   500
	14003 11255   249  1160   500
	14017 11273   262  1160   500
	14035 11292   275  1160   500
	14051 11321   275  1160   500
	14068 11351   286  1170   510
	14087 11383   286  1170   510
	14107 11416   286  1170   510
	14125 11451   297  1170   510
	14139 11483   297  1170   510
	14155 11526   308  1170   510
	14165 11557   308  1170   510
	14174 11590   308  1170   510
	14179 11611   308  1170   510
	14175 11639   308  1170   510
	14171 11655   297  1170   510
	14161 11673   297  1170   510
	14146 11687   297  1170   510
	14132 11692   297  1170   510
	14115 11702   297  1170   510
	14100 11692   297  1170   510
	14084 11690   297  1170   510
	14070 11685   297  1160   500
	14059 11671   297  1160   500
	14053 11655   297  1160   500
	14045 11638   297  1160   500
	14039 11609   297  1160   500
	14035 11580   297  1160   500
	14029 11548   297  1160   500
	14027 11528   297  1160   500
	14027 11494   297  1160   500
	14023 11463   297  1170   500
	14027 11431   308  1170   500
	14030 11401   308  1170   500
	14034 11372   308  1170   500
	14042 11350   308  1170   500
	14052 11320   297  1170   500
	14061 11302   297  1170   500
	14074 11285   297  1170   500
	14090 11270   297  1170   500
	14106 11256   297  1170   500
	14124 11253   297  1170   500
	14141 11240   286  1170   500
	14162 11239   286  1170   500
	14186 11237   286  1170   510
	14207 11238   286  1170   510
	14223 11239   286  1170   510
	14240 11240   286  1170   510
	14256 11244   286  1170   510
	14272 11259   286  1170   510
	14290 11273   286  1170   510
	14306 11291   286  1170   510
	14323 11307   286  1170   510
	14341 11334   286  1170   510
	14355 11353   275  1170   510
	14368 11369   275  1170   510
	14381 11388   275  1170   510
	14395 11404   275  1170   510
	14404 11431   262  1170   510
	14411 11446   262  1160   500
	14420 11462   262  1160   500
	14427 11468   262  1160   500
	14467 11481   262  1160   500
	14435 11493   262  1160   500
	14436 11498   262  1160   500
	14441 11499   262  1160   500
	14442 11510   262  1160   500
	14442 11513   262  1160   500
	14450 11513   262  1160   500
	14451 11514   262  1160   500
	14454 11514   262  1160   500
	14456 11514   262  1160   500
	14460 11515   262  1160   500
	14466 11516   262  1160   500
	14470 11516   262  1160   500
	14473 11525   262  1160   500
	14479 11525   262  1160   500
	14484 11526   262  1160   500
	14488 11528   262  1160   500
	14494 11531   262  1160   500
	14500 11532   262  1160   500
	14503 11542   262  1160   500
	14508 11543   262  1160   500
	14512 11545   275  1160   500
	14520 11546   275  1160   500
	14525 11547   275  1160   500
	14527 11547   275  1160   500
	14536 11548   286  1160   500
	14541 11557   286  1160   500
	14546 11557   286  1160   500
	14552 11557   286  1160   500
	14562 11560   286  1160   500
	14571 11562   286  1160   500
	14581 11562   297  1160   500
	14592 11563   297  1150   490
	14602 11573   297  1150   490
	14613 11564   297  1150   490
	14623 11575   297  1150   490
	14628 11575   297  1150   490
	14634 11574   297  1150   490
	14636 11564   308  1150   490
	14636 11562   308  1150   490
	14634 11558   317  1150   490
	14634 11544   317  1150   490
	14630 11530   327  1160   500
	14618 11512   327  1160   500
	14616 11493   327  1160   500
	14607 11468   327  1160   500
	14604 11448   327  1160   500
	14602 11429   327  1160   500
	14598 11403   327  1160   500
	14602 11387   327  1160   500
	14612 11371   327  1160   500
	14620 11355   327  1160   500
	14630 11339   327  1160   500
	14643 11335   327  1160   500
	14659 11323   327  1160   500
	14672 11319   327  1160   500
	14686 11308   327  1160   500
	14707 11306   317  1160   500
	14724 11304   317  1160   500
	14741 11305   317  1160   500
	14762 11307   317  1160   500
	14779 11319   317  1160   500
	14800 11323   317  1160   500
	14818 11339   317  1160   500
	14842 11354   327  1170   500
	14864 11372   327  1160   500
	14884 11402   336  1160   500
	14906 11430   344  1160   500
	14932 11451   344  1170   510
	14958 11481   352  1170   510
	14985 11513   352  1170   510
	15013 11543   352  1170   510
	15038 11562   360  1170   510
	15055 11590   360  1170   510
	15073 11605   360  1170   510
	15083 11612   360  1170   510
	15090 11624   360  1170   510
	15095 11626   360  1170   510
	15110 11626   367  1170   510
	15096 11626   286  1170   510
	15094 11626   310  1170   520
	15094 11626   324  1170   520
	15094 11626   338  1170   520
	15093 11625   338  1170   520
	15093 11623   338  1170   520
	15095 11622   331  1170   520
	15098 11621   331  1170   520
	15096 11609   331  1170   520
	15102 11592   331  1170   520
	15105 11577   331  1170   520
	15115 11561   331  1170   520
	15125 11546   331  1180   530
	15138 11529   331  1180   530
	15153 11513   331  1180   530
	15170 11493   331  1170   530
	15193 11464   331  1170   530
	15213 11435   324  1170   530
	15238 11414   317  1170   530
	15259 11382   317  1170   530
	15277 11352   302  1170   530
	15293 11321   302  1170   530
	15306 11301   294  1160   520
	15320 11275   294  1160   520
	15319 11260   294  1160   520
	15319 11243   294  1160   520
	15318 11228   302  1160   520
	15315 11212   302  1160   520
	15306 11207   302  1160   520
	15298 11193   310  1160   520
	15288 11190   310  1150   520
	15276 11178   310  1150   520
	15266 11175   310  1150   520
	15257 11175   302  1150   520
	15245 11176   294  1150   520
	15235 11189   269  1150   520
	15226 11194   352  1150   520
	15214 11211   336  1150   520
	15208 11237   308  1150   520
	15199 11258   249  1150   520
	15194 11289   108  1150   520
	15191 11323    64  1150   520
	15193 11355    -1  1150   520
	15199 11397    -1  1150   520
	15214 11420    -1  1150   520
	15234 11450    -1  1150   520
	15254 11480    -1  1150   520
	15276 11499    -1  1140   510
	15295 11529    -1  1140   510
	15318 11560    -1  1140   510
	15342 11594    -1  1150   510
	15369 11625    -1  1150   510
	15392 11656    -1  1150   510
	15420 11687    -1  1150   510
	15446 11721    -1  1150   510
	15471 11754    -1  1150   510
	15489 11786     0  1150   510
	15500 11817    75  1150   510
	15508 11832   160  1170   510
	15514 11846   182  1170   510
	15516 11852   234  1170   510
	15516 11864   275  1170   510
	15514 11865   317  1170   510
	15510 11865   344  1170   510
	15507 11865   352  1180   510
	15499 11863   367  1180   510
	15493 11861   269  1180   510
	15486 11851   294  1180   510
	15479 11848   310  1180   510
	15471 11833   317  1180   510
	15464 11814   331  1180   510
	15458 11797   344  1180   510
	15453 11770   350  1180   510
	15453 11750   357  1180   510
	15453 11719   357  1180   510
	15454 11689   363  1180   510
	15457 11657   357  1180   510
	15462 11624   363  1180   510
	15466 11591   363  1180   510
	15472 11559   363  1170   510
	15480 11525   357  1170   510
	15485 11484   357  1170   510
	15494 11451   344  1170   510
	15501 11417   331  1170   510
	15508 11384   310  1170   510
	15510 11355   294  1170   510
	15512 11338   278  1170   510
	15515 11321   269  1150   510
	15516 11306   367  1150   510
	15515 11301   367  1150   510
	15515 11292   367  1150   510
	15514 11290   367  1150   510
	15516 11291   367  1150   510
	15516 11292   367  1150   510
	15520 11292   360  1150   510
	15527 11303   360  1150   510
	15530 11305   360  1150   510
	15542 11317   360  1150   510
	15550 11320   360  1150   510
	15558 11333   360  1150   510
	15570 11339   360  1150   510
	15579 11355   360  1150   510
	15590 11370   360  1150   510
	15602 11385   360  1150   510
	15613 11399   360  1150   510
	15624 11414   360  1150   510
	15634 11429   360  1150   510
	15645 11435   360  1150   510
	15654 11450   360  1150   510
	15664 11463   360  1150   510
	15676 11468   360  1150   510
	15684 11483   360  1150   510
	15691 11497   360  1160   520
	15702 11511   360  1160   520
	15711 11515   360  1160   520
	15719 11527   360  1160   520
	15721 11529   360  1160   520
	15720 11529   360  1160   520
	15721 11531   367  1160   520
	15717 11531   269  1160   520
	15717 11531   286  1160   520
	15717 11531   294  1160   520
	15719 11532   302  1160   520
	15720 11532   302  1160   520
	15720 11532   302  1160   520
	15720 11543   302  1160   520
	15726 11542   302  1160   520
	15727 11544   302  1160   520
	15731 11546   302  1160   520
	15736 11547   302  1160   520
	15739 11548   302  1160   520
	15745 11559   294  1160   520
	15748 11560   302  1160   520
	15749 11563   302  1160   520
	15748 11563   302  1160   520
	15749 11573   302  1160   520
	15748 11574   302  1160   520
	15748 11575   302  1160   520
	15749 11574   310  1160   520
	15747 11574   317  1160   520
	15743 11563   324  1160   520
	15742 11560   324  1160   520
	15737 11547   324  1160   520
	15730 11543   324  1160   520
	15723 11527   324  1160   520
	15714 11511   324  1160   520
	15705 11495   324  1160   520
	15696 11478   324  1160   520
	15690 11452   324  1160   520
	15684 11436   324  1160   520
	15676 11416   324  1160   520
	15670 11399   324  1160   520
	15662 11381   324  1160   520
	15660 11366   324  1160   520
	15659 11350   317  1160   520
	15664 11333   317  1160   520
	15666 11318   310  1160   520
	15678 11306   302  1160   520
	15686 11301   286  1160   520
	15694 11290   367  1160   520
	15709 11289   367  1160   520
	15720 11289   360  1160   520
	15731 11290   360  1160   520
	15740 11305   352  1160   520
	15748 11308   352  1160   520
	15757 11323   352  1160   520
	15771 11351   352  1160   520
	15781 11370   352  1160   520
	15796 11400   352  1160   520
	15806 11429   352  1160   520
	15813 11451   344  1160   520
	15816 11480   336  1160   520
	15821 11500   336  1160   520
	15819 11528   336  1160   520
	15816 11543   336  1160   520
	15812 11547   336  1160   520
	15805 11548   336  1160   520
	15799 11547   336  1160   520
	15794 11542   336  1160   520
	15781 11527   344  1160   520
	15773 11511   344  1160   520
	15765 11483   344  1160   520
	15759 11465   352  1160   520
	15753 11446   352  1160   520
	15753 11430   352  1160   520
	15755 11413   352  1160   520
	15761 11398   352  1160   520
	15777 11382   352  1160   520
	15793 11368   352  1160   520
	15814 11356   352  1160   520
	15843 11352   352  1170   530
	15877 11351   344  1170   530
	15915 11353   344  1170   530
	15962 11366   344  1170   530
	16008 11382   336  1170   530
	16065 11400   336  1170   530
	16126 11429   336  1170   530
	16191 11452   336  1170   530
	16266 11495   327  1170   530
	16335 11541   327  1170   530
	16404 11580   327  1170   530
	16477 11639   327  1170   530
	16554 11688   336  1170   530
	16636 11739   336  1170   530
	16724 11797   336  1170   530
	16811 11846   344  1180   530
	16891 11893   344  1180   530
	16965 11931   344  1180   530
	17034 11975   344  1180   530
	17093 12009   344  1190   530
	17144 12039   344  1190   530
	17188 12059   344  1210   530
	17213 12072   344  1210   530
	17224 12073   336  1210   530
	17222 12060   336  1210   530
	17213 12043   336  1210   530
	17190 12023   344  1220   530
	17158 11990   344  1220   530
	17118 11957   344  1220   530
	17074 11911   352  1220   530
	17021 11867   360  1220   530
	16963 11817   269  1220   530
	16898 11766   286  1220   530
	16830 11702   331  1220   530
	16760 11641   357  1220   530
	16691 11577   380  1210   530
	16623 11514   395  1210   530
	16565 11464   405  1210   530
	16509 11413   405  1210   530
	16466 11366   410  1210   530
	16429 11322   410  1200   520
	16399 11289   405  1200   520
	16377 11269   405  1200   520
	16371 11255   401  1200   520
	16373 11244   385  1200   520
	16384 11242   368  1180   530
	16406 11240   350  1180   530
	16444 11242   344  1180   530
	16497 11260   338  1180   530
	16565 11290   331  1180   530
	16650 11339   331  1180   530
	16760 11401   331  1180   530
	16869 11477   331  1180   530
	16985 11547   331  1180   530
	17103 11627   338  1180   530
	17235 11705   344  1180   530
	17360 11769   344  1180   530
	17453 11832   344  1200   520
	17544 11881   350  1200   520
	17618 11916   350  1200   520
	17671 11945   344  1200   520
	17698 11961   350  1200   520
	17699 11962   368  1200   520
	17679 11958   395  1210   520
	17641 11943   410  1220   530
	17580 11927   415  1220   530
	17503 11895   420  1220   530
	17403 11850   415  1220   530
	17271 11799   446  1220   530
	17113 11724   454  1220   530
	16935 11654   494  1220   530
	16734 11560   522  1210   520
	16501 11465   544  1210   520
	16277 11365   542  1210   520
	16018 11257   539  1210   520
	15749 11144   533  1210   520
	15455 11017   528  1200   520
	15174 10906   513  1200   520
	14890 10793   415  1200   520
	14583 10679   401  1180   530
	14299 10566   405  1180   530
	14027 10455   410  1170   530
	13778 10362   410  1160   520
	13553 10284   415  1160   520
	13348 10220   410  1150   520
	13192 10171   410  1150   520
	13048 10134   410  1150   520
	12945 10104   415  1150   520
	12876 10085   415  1140   530
	12836 10070   420  1130   520
	12816 10058   415  1130   520
	12819 10059   395  1130   520
	12839 10073   380  1130   520
	12885 10089   363  1130   520
	12944 10117   350  1130   520
	13032 10150   344  1130   520
	13143 10186   344  1130   520
	13257 10235   344  1130   520
	13400 10299   344  1130   520
	13576 10379   344  1130   520
	13768 10473   350  1130   520
	13972 10585   357  1130   520
	14214 10695   363  1130   520
	14429 10806   368  1130   520
	14687 10917   374  1140   510
	14943 11031   374  1140   510
	15211 11145   380  1140   510
	15440 11256   385  1150   520
	15667 11349   385  1160   520
	15886 11416   380  1160   520
	16057 11494   374  1160   520
	16218 11547   368  1160   520
	16345 11591   368  1160   520
	16437 11624   363  1170   520
	16504 11644   357  1170   520
	16549 11655   344  1170   520
	16572 11656   294  1170   520
	16574 11644   344  1170   520
	16553 11626   286  1190   510
	16511 11605     0  1190   510
	16454 11573    -1  1190   510
	16383 11546    -1  1190   510
	16291 11525    -1  1190   510
	16170 11497    -1  1190   510
	16044 11467    -1  1190   510
	15929 11432    -1  1170   520
	15812 11398    -1  1170   510
	15697 11356    -1  1170   510
	15573 11334    -1  1170   510
	15466 11306    -1  1160   500
	15361 11292    -1  1160   500
	15267 11270    -1  1150   490
	15180 11276    -1  1150   490
	15133 11269    -1  1150   490
	15087 11255    -1  1150   490
	15083 11242    -1  1150   490
	15097 11240    -1  1150   490
	15125 11253    -1  1150   490
	15161 11269   262  1160   500
	15185 11276   338  1160   490
	15196 11335   338  1170   500
	15223 11351   344  1170   500
	15272 11388   357  1170   500
	15328 11436   357  1170   500
	15418 11495   363  1180   490
	15475 11562   363  1190   500
	15573 11637   363  1190   500
	15684 11703   310  1200   510
	15799 11765   352  1200   510
	15916 11819   182  1210   510
