ABCDE-012_345_678 568
	13746 19525    35  1320   450
	13748 19528   108  1330   450
	13752 19531   182  1330   450
	13761 19543   234  1330   450
	13768 19546   262  1330   450
	13774 19560   297  1330   450
	13778 19573   327  1330   450
	13780 19578   352  1330   450
	13782 19580   278  1330   450
	13784 19593   324  1330   450
	13784 19609   357  1330   450
	13782 19624   380  1330   450
	13784 19607   385  1330   450
	13787 19659   401  1330   450
	13783 19676   420  1330   450
	13775 19702   513  1330   450
	13763 19717   536  1330   450
	13750 19723   536  1330   450
	13731 19736   536  1330   450
	13708 19751   542  1330   450
	13678 19753   542  1330   450
	13648 19753   536  1330   450
	13613 19750   533  1330   450
	13565 19735   531  1330   450
	13517 19705   533  1330   450
	13464 19659   533  1330   450
	13409 19605   533  1330   450
	13361 19526   542  1320   450
	13318 19435   544  1320   450
	13284 19336   544  1310   450
	13257 19243   547  1310   450
	13239 19159   544  1300   460
	13225 19078   544  1290   460
	13225 18999   542  1270   460
	13225 18921   539  1260   470
	13238 18843   533  1250   470
	13254 18777   531  1240   470
	13279 18715   528  1230   470
	13304 18667   522  1220   470
	13342 18629   519  1210   480
	13382 18586   500  1200   480
	13426 18552   462  1190   480
	13476 18522   420  1170   490
	13538 18492   410  1160   490
	13599 18472   401  1150   490
	13655 18457   385  1150   490
	13711 18454   374  1150   490
	13762 18455   363  1150   500
	13806 18469   357  1150   500
	13842 18501   357  1150   500
	13869 18533   357  1150   500
	13892 18569   363  1150   500
	13910 18613   363  1150   500
	13921 18649   368  1150   500
	13930 18684   374  1150   500
	13935 18726   385  1150   500
	13935 18757   390  1150   500
	13935 18773   401  1150   500
	13934 18776   446  1150   500
	13933 18773   525  1150   500
	13927 18764   533  1150   500
	13926 18760   539  1150   500
	13923 18744   542  1150   510
	13923 18716   544  1150   510
	13916 18679   547  1150   510
	13914 18632   547  1150   510
	13909 18581   547  1150   510
	13906 18523   544  1150   510
	13900 18471   542  1150   510
	13900 18423   544  1140   510
	13897 18362   539  1140   510
	13901 18294   525  1140   510
	13906 18245   519  1140   510
	13911 18197   437  1130   520
	13914 18152   401  1130   520
	13919 18108   380  1120   520
	13925 18072   350  1120   520
	13927 18038   302  1100   520
	13932 17996   352  1100   520
	13936 17973   297  1090   520
	13934 17947   201  1080   530
	13927 17944     0  1080   530
	13917 17947    -1  1060   530
	13904 17962    -1  1060   530
	13887 17980    -1  1060   530
	13869 18022    -1  1050   530
	13842 18058    -1  1050   530
	13821 18107    -1  1050   530
	13788 18171    -1  1050   530
	13758 18250    -1  1050   530
	13719 18345    -1  1060   530
	13675 18453    -1  1060   530
	13630 18553    -1  1080   530
	13579 18666    -1  1070   520
	13527 18789    -1  1080   520
	13470 18918    -1  1100   510
	13409 19045    -1  1100   500
	13363 19147    -1  1110   500
	13347 19244    -1  1110   500
	13293 19307    -1  1130   490
	13276 19356    -1  1130   490
	13261 19387    -1  1150   470
	13253 19403    -1  1160   470
	13243 19415   136  1170   470
	13221 19429   336  1180   460
	13199 19448   352  1190   460
	13185 19465   360  1200   460
	13178 19483   367  1210   460
	13181 19498   278  1210   460
	13189 19528   294  1220   450
	13196 19561   294  1230   450
	13212 19593   302  1230   450
	13244 19638   310  1250   450
	13251 19675   317  1250   450
	13272 19672   324  1270   450
	13291 19736   331  1270   450
	13311 19755   331  1280   450
	13327 19770   331  1290   450
	13342 19781   338  1290   450
	13358 19786   338  1290   450
	13371 19785   331  1280   440
	13388 19783   331  1280   440
	13398 19767   324  1290   440
	13415 19740   324  1290   440
	13427 19706   331  1290   440
	13434 19639   331  1290   440
	13442 19546   338  1280   440
	13440 19446   331  1280   440
	13438 19321   338  1270   450
	13432 19223   338  1270   450
	13429 19129   338  1250   450
	13432 19045   344  1240   460
	13439 18956   344  1230   460
	13456 18875   344  1220   460
	13483 18795   344  1210   470
	13518 18732   338  1200   470
	13571 18681   331  1190   470
	13625 18636   324  1180   480
	13686 18604   310  1170   480
	13749 18585   302  1150   480
	13818 18582   286  1140   480
	13880 18586   286  1130   490
	13936 18614   278  1120   490
	13984 18650   278  1110   490
	14025 18699   294  1110   500
	14059 18759   317  1110   500
	14082 18826   350  1100   500
	14103 18902   368  1100   500
	14124 18972   390  1100   500
	14135 19063   410  1100   500
	14147 19157   437  1100   500
	14151 19257   487  1100   500
	14145 19381   500  1110   500
	14134 19493   462  1130   500
	14117 19596   415  1140   500
	14102 19702   405  1150   490
	14087 19784   405  1160   490
	14077 19830   405  1170   490
	14072 19831   385  1190   480
	14064 19820   344  1200   480
	14048 19816   367  1210   480
	14037 19784   327  1220   470
	14024 19733   275  1230   470
	14008 19669   108  1240   470
	13995 19593    -1  1250   460
	13986 19528    -1  1260   460
	13975 19465    -1  1280   450
	13968 19404    -1  1290   460
	13971 19351    -1  1290   460
	13980 19290    -1  1290   460
	13993 19243    -1  1270   460
	14030 19196    -1  1270   460
	14017 19147    -1  1260   470
	14022 19098    -1  1250   470
	14031 19050    -1  1250   470
	14043 19000    -1  1240   480
	14055 18949    -1  1240   490
	14068 18888    -1  1230   490
	14078 18826    -1  1230   490
	14084 18775    -1  1220   500
	14092 18730    -1  1200   500
	14098 18693    -1  1190   500
	14106 18651    -1  1190   500
	14114 18629    -1  1180   510
	14113 18599    64  1180   510
	14109 18599   297  1170   510
	14108 18588   308  1170   510
	14107 18586   317  1170   510
	14109 18588   327  1150   510
	14113 18599   327  1150   510
	14117 18601   336  1150   500
	14132 18618   344  1150   500
	14146 18636   352  1130   510
	14166 18664   360  1130   510
	14180 18684   367  1130   510
	14205 18725   286  1130   510
	14225 18759   310  1130   500
	14247 18794   324  1110   500
	14265 18838   331  1110   500
	14284 18876   331  1110   500
	14302 18921   338  1110   500
	14317 18965   338  1110   500
	14327 18997   338  1110   500
	14333 19030   331  1110   500
	14334 19051   331  1110   500
	14331 19079   331  1110   500
	14323 19093   324  1110   500
	14311 19098   302  1110   500
	14297 19100   294  1130   500
	14284 19099   294  1130   500
	14270 19093   294  1130   500
	14252 19079   286  1130   500
	14241 19061   286  1130   500
	14230 19031   286  1130   500
	14222 19001   286  1130   500
	14215 18971   286  1130   500
	14214 18938   286  1130   500
	14215 18904   286  1130   500
	14217 18873   286  1140   500
	14224 18843   286  1140   500
	14236 18823   286  1140   500
	14253 18794   286  1140   500
	14271 18774   286  1130   500
	14294 18758   278  1130   500
	14317 18742   278  1130   500
	14343 18728   278  1130   500
	14396 18716   269  1130   500
	14393 18714   269  1130   500
	14424 18715   367  1130   500
	14453 18726   360  1130   500
	14479 18731   360  1130   500
	14508 18745   352  1130   500
	14534 18761   352  1130   500
	14561 18777   344  1130   500
	14586 18795   344  1130   500
	14611 18823   336  1130   500
	14631 18843   336  1130   500
	14653 18874   327  1130   500
	14670 18902   327  1130   500
	14687 18923   317  1130   500
	14705 18951   317  1130   500
	14710 18967   317  1130   500
	14717 18981   317  1130   500
	14720 18985   317  1130   500
	14719 18988   317  1130   500
	14720 18998   327  1130   500
	14720 18999   327  1130   500
	14717 18999   327  1130   500
	14713 18999   327  1140   500
	14710 18997   327  1140   500
	14709 18988   336  1140   500
	14711 18987   336  1140   500
	14711 18985   336  1140   500
	14710 18982   336  1140   500
	14713 18972   336  1140   500
	14717 18970   336  1140   500
	14721 18968   336  1140   500
	14727 18967   336  1140   500
	14730 18966   336  1150   500
	14740 18965   336  1150   500
	14747 18955   336  1150   500
	14755 18955   344  1150   500
	14766 18955   336  1150   500
	14777 18955   336  1150   500
	14789 18965   344  1150   500
	14804 18967   344  1150   500
	14820 18969   336  1130   510
	14838 18981   336  1130   510
	14857 18984   336  1130   510
	14874 18988   344  1130   510
	14893 19002   344  1130   510
	14912 19013   344  1130   510
	14933 19017   344  1130   510
	14947 19030   344  1130   510
	14961 19034   344  1130   510
	14973 19036   344  1140   510
	14982 19045   344  1140   510
	14988 19045   352  1140   510
	14995 19046   352  1140   510
	15001 19045   352  1140   510
	15007 19036   352  1140   510
	15012 19034   360  1140   510
	15015 19033   360  1140   510
	15017 19032   360  1150   510
	15023 19020   367  1150   510
	15024 19019   367  1150   510
	15029 19016   367  1150   510
	15031 19004   269  1150   510
	15031 18998   278  1150   510
	15034 18984   278  1150   510
	15033 18968   286  1150   510
	15031 18953   294  1150   510
	15033 18935   302  1150   510
	15034 18908   302  1150   510
	15040 18892   302  1160   520
	15045 18875   302  1160   520
	15054 18859   302  1150   520
	15071 18842   302  1150   520
	15092 18826   294  1150   520
	15117 18822   286  1150   520
	15143 18810   278  1150   520
	15176 18809   278  1150   520
	15208 18810   269  1140   510
	15244 18821   367  1140   510
	15276 18826   367  1140   510
	15307 18841   367  1140   510
	15338 18856   367  1140   510
	15363 18874   367  1140   510
	15386 18889   367  1140   510
	15414 18908   269  1140   510
	15433 18935   278  1130   510
	15456 18954   278  1130   510
	15477 18983   286  1130   510
	15501 19004   286  1130   510
	15520 19031   294  1130   510
	15536 19048   294  1130   510
	15552 19065   294  1130   510
	15560 19080   302  1130   510
	15565 19083   302  1130   510
	15565 19094   324  1130   510
	15559 19093   357  1130   510
	15555 19093   374  1130   510
	15550 19083   390  1130   510
	15542 19083   401  1130   510
	15530 19083   420  1130   510
	15522 19079   462  1130   510
	15512 19068   500  1130   510
	15505 19063   522  1130   510
	15500 19052   525  1130   510
	15499 19045   522  1130   510
	15500 19032   525  1130   510
	15500 19017   522  1130   510
	15506 19013   494  1130   510
	15518 18999   446  1130   510
	15529 18986   415  1130   510
	15548 18972   405  1130   510
	15568 18966   395  1130   510
	15594 18952   380  1130   510
	15626 18939   357  1130   510
	15662 18934   317  1130   510
	15698 18922   367  1140   510
	15739 18918   327  1140   510
	15780 18919   249  1140   510
	15815 18921    35  1130   520
	15843 18934    -1  1130   520
	15868 18939    -1  1130   520
	15884 18966    -1  1130   520
	15892 18983    -1  1130   520
	15893 18998    -1  1130   520
	15892 19016    -1  1130   520
	15887 19036    -1  1150   520
	15877 19066    -1  1150   520
	15869 19110    -1  1150   520
	15857 19147    -1  1160   520
	15844 19193    -1  1160   520
	15830 19239    -1  1170   520
	15822 19276    -1  1170   520
	15816 19304    -1  1190   510
	15819 19318    -1  1190   510
	15822 19322    -1  1190   500
	15824 19322    -1  1190   500
	15821 19308    -1  1190   500
	15819 19291   317  1200   500
	15808 19289   344  1200   500
	15800 19286   352  1200   500
	15802 19272   352  1200   500
	15803 19256   367  1200   500
	15805 19242   269  1200   500
	15806 19226   294  1200   500
	15808 19206   310  1200   500
	15809 19190   317  1200   500
	15806 19173   324  1190   500
	15806 19148   338  1190   500
	15809 19129   350  1190   500
	15809 19110   357  1180   510
	15814 19083   363  1180   510
	15815 19061   363  1180   510
	15823 19032   363  1170   510
	15829 19002   363  1170   510
	15832 18970   363  1170   510
	15844 18939   350  1170   510
	15855 18919   338  1150   510
	15871 18889   324  1150   510
	15884 18872   294  1150   510
	15899 18857   269  1150   510
	15914 18854   367  1140   510
	15925 18843   367  1150   520
	15939 18840   367  1150   520
	15953 18840   360  1150   520
	15964 18843   360  1150   520
	15980 18854   360  1140   530
	15992 18860   360  1140   530
	16005 18872   360  1140   530
	16020 18885   360  1140   530
	16033 18902   360  1140   530
	16048 18918   360  1140   530
	16065 18936   360  1140   530
	16084 18954   360  1140   530
	16101 18970   360  1140   530
	16119 18986   367  1140   530
	16141 19002   367  1140   530
	16157 19016   367  1140   530
	16185 19030   367  1140   530
	16193 19035   269  1140   530
	16208 19047   278  1140   530
	16223 19050   278  1140   530
	16247 19062   286  1140   530
	16266 19066   294  1140   530
	16285 19077   294  1140   530
	16301 19080   294  1160   530
	16314 19082   294  1150   520
	16324 19083   294  1150   520
	16327 19083   294  1150   520
	16325 19081   310  1150   520
	16327 19081   338  1150   520
	16319 19079   363  1150   520
	16317 19078   374  1140   510
	16304 19065   380  1140   510
	16287 19049   385  1140   510
	16267 19034   390  1140   510
	16252 19017   395  1140   510
	16240 18998   395  1140   510
	16234 18981   395  1140   510
	16236 18966   390  1140   510
	16244 18954   390  1140   510
	16262 18940   385  1140   510
	16282 18924   380  1140   510
	16307 18922   374  1140   510
	16336 18920   374  1140   510
	16373 18918   368  1140   510
	16414 18919   368  1140   510
	16461 18923   368  1140   510
	16511 18937   368  1140   510
	16571 18953   368  1140   510
	16636 18971   368  1140   510
	16704 18999   374  1140   510
	16781 19018   374  1150   520
	16849 19050   374  1150   520
	16921 19082   368  1150   520
	16984 19113   368  1150   520
	17044 19144   363  1150   520
	17099 19164   363  1150   520
	17148 19194   363  1160   530
	17188 19212   363  1170   530
	17224 19226   363  1170   530
	17253 19238   363  1170   530
	17265 19240   363  1170   530
	17274 19239   363  1170   530
	17278 19240   363  1170   530
	17274 19238   374  1180   530
	17268 19237   385  1180   530
	17258 19227   390  1180   530
	17248 19226   401  1180   530
	17231 19223   415  1180   530
	17211 19212   513  1180   530
	17188 19206   516  1180   530
	17163 19191   533  1180   530
	17141 19177   560  1200   520
	17118 19163   570  1210   530
	17097 19157   574  1210   530
	17084 19144   588  1210   530
	17075 19141   601  1210   530
	17076 19130   592  1210   530
	17082 19130   579  1210   530
	17091 19126   574  1210   530
	17106 19113   572  1220   540
	17131 19100   567  1220   540
	17159 19098   560  1220   540
	17205 19100   557  1220   540
	17261 19109   555  1220   540
	17322 19110   557  1220   540
	17389 19116   557  1220   540
	17459 19130   557  1220   540
	17535 19147   560  1210   530
	17613 19175   560  1210   530
	17691 19194   560  1210   530
	17770 19210   562  1210   530
	17840 19228   560  1210   530
	17902 19254   560  1210   530
	17953 19270   557  1210   530
	17982 19274   557  1210   530
	18001 19276   557  1210   530
	18001 19276   562  1210   530
	17985 19274   570  1220   530
	17959 19270   577  1220   530
	17916 19257   592  1220   530
	17845 19244   579  1220   530
	17740 19221   574  1220   530
	17608 19175   574  1220   530
	17459 19130   603  1220   530
	17280 19082   603  1220   530
	17075 19029   638  1220   530
	16856 18954   638  1220   530
	16604 18875   639  1220   530
	16356 18793   645  1220   530
	16081 18712   643  1220   530
	15805 18636   639  1200   520
	15506 18569   632  1200   520
	15229 18492   634  1200   520
	14952 18425   632  1200   520
	14682 18348   638  1200   520
	14424 18295   634  1200   520
	14214 18247   621  1180   530
	14018 18202   634  1170   520
	13865 18166   638  1170   520
	13753 18133   648  1170   520
	13675 18104   650  1170   520
	13623 18086   646  1170   520
	13604 18075   645  1170   520
	13604 18075   615  1170   520
	13625 18075   588  1160   520
	13672 18088   572  1160   520
	13740 18103   567  1160   520
	13826 18122   562  1160   520
	13929 18152   560  1160   520
	14061 18187   562  1160   520
	14233 18246   560  1160   520
	14401 18310   565  1160   520
	14611 18373   567  1160   520
	14833 18439   574  1160   520
	15060 18504   574  1170   520
	15316 18581   574  1170   520
	15545 18661   579  1170   520
	15806 18742   584  1170   520
	16044 18823   588  1170   520
	16296 18901   599  1170   520
	16494 18966   605  1190   510
	16698 19015   601  1190   510
	16878 19063   577  1190   510
	17014 19110   565  1190   510
	17122 19143   550  1200   520
	17206 19159   528  1210   520
	17266 19175   410  1210   520
	17296 19177   317  1210   520
	17300 19177   275  1210   520
	17281 19177     0  1210   520
	17220 19174    -1  1210   520
	17141 19163    -1  1210   520
	17049 19159    -1  1220   510
	16953 19157    -1  1220   510
	16846 19145    -1  1210   510
	16722 19143    -1  1210   510
	16578 19132    -1  1210   510
	16438 19113    -1  1220   500
	16298 19116    -1  1230   490
	16145 19109    -1  1220   480
	16010 19079    -1  1230   480
	15904 19047    -1  1220   470
	15809 19002    -1  1220   470
	15718 18970    -1  1230   470
	15642 18940    -1  1220   460
	15575 18919    -1  1220   460
	15528 18889    -1  1220   460
	15505 18869    -1  1210   460
	15502 18844    -1  1210   460
	15515 18854    -1  1210   460
	15596 18822   278  1200   460
	15543 18892   310  1200   460
	15556 18921   324  1200   460
	15587 18967   338  1200   470
	15633 19004   363  1210   480
	15691 19045   385  1200   470
	15750 19078   401  1190   470
	15815 19113   410  1200   480
	15879 19145   410  1190   480
	15948 19174   401  1190   480
	16019 19194   344  1190   480
	16101 19221   327  1190   480
