ABCDE-012_345_678 629
	 6658 11994     0  1170   500
	 6618 12005   218  1170   500
	 6612 12009   286  1170   500
	 6604 12010   336  1160   500
	 6601 12012   360  1150   490
	 6596 12012   317  1150   490
	 6592 12011   363  1150   490
	 6592 12011   395  1150   490
	 6590 12010   415  1150   490
	 6590 12007   480  1150   490
	 6590 11995   513  1150   490
	 6593 11989   522  1150   490
	 6592 11958   525  1150   490
	 6597 11927   531  1150   490
	 6613 11878   544  1140   500
	 6626 11819   557  1140   500
	 6637 11753   570  1140   500
	 6650 11676   588  1140   500
	 6658 11605   629  1140   500
	 6668 11515   641  1140   500
	 6673 11446   651  1130   510
	 6674 11385   656  1130   510
	 6676 11337   660  1130   510
	 6682 11302   658  1120   510
	 6685 11274   660  1120   510
	 6689 11258   660  1120   510
	 6692 11255   658  1120   520
	 6692 11254   660  1120   520
	 6693 11257   668  1120   520
	 6692 11269   675  1100   520
	 6689 11290   678  1100   520
	 6684 11334   681  1100   520
	 6685 11385   681  1090   520
	 6685 11448   686  1090   520
	 6685 11513   689  1090   520
	 6681 11580   690  1090   520
	 6677 11656   690  1090   520
	 6673 11734   693  1100   520
	 6671 11804   693  1100   520
	 6669 11881   693  1100   520
	 6672 11958   689  1100   520
	 6680 12024   689  1100   520
	 6687 12086   689  1120   520
	 6700 12124   687  1110   510
	 6706 12151   686  1120   510
	 6711 12156   684  1120   510
	 6716 12155   678  1120   510
	 6719 12153   671  1130   510
	 6733 12137   672  1130   510
	 6747 12120   671  1130   510
	 6773 12085   674  1130   510
	 6796 12038   677  1150   500
	 6825 11979   678  1150   500
	 6855 11914   684  1170   510
	 6876 11835   689  1170   510
	 6892 11755   696  1150   510
	 6902 11676   700  1150   510
	 6914 11592   706  1150   510
	 6920 11514   706  1150   510
	 6922 11450   705  1150   510
	 6927 11403   700  1140   510
	 6931 11385   696  1140   510
	 6938 11371   689  1140   510
	 6938 11381   684  1130   520
	 6939 11382   684  1130   520
	 6938 11385   689  1140   530
	 6932 11403   689  1120   530
	 6925 11434   693  1120   530
	 6922 11479   696  1120   520
	 6918 11541   694  1100   520
	 6922 11608   696  1100   520
	 6927 11676   700  1100   520
	 6920 11755   702  1100   520
	 6922 11833   714  1100   520
	 6924 11911   724  1120   520
	 6932 11989   733  1120   520
	 6941 12055   738  1120   520
	 6958 12105   769  1120   520
	 6969 12140   771  1130   520
	 6977 12165   772  1130   520
	 6985 12170   773  1130   520
	 6987 12169   773  1140   510
	 6995 12155   775  1140   510
	 7005 12139   776  1140   510
	 7024 12107   778  1150   520
	 7045 12060   782  1160   520
	 7068 12006   789  1160   520
	 7091 11932   812  1170   520
	 7113 11865   817  1170   520
	 7132 11787   820  1170   520
	 7147 11703   821  1170   520
	 7158 11610   820  1160   520
	 7163 11525   794  1160   520
	 7168 11434   777  1160   520
	 7173 11370   725  1150   520
	 7171 11333   669  1150   520
	 7173 11292   565  1140   530
	 7168 11273   324  1140   530
	 7165 11269   136  1120   530
	 7152 11271    -1  1120   530
	 7143 11285    -1  1110   530
	 7133 11303    -1  1110   530
	 7132 11324    -1  1100   530
	 7128 11366    -1  1080   530
	 7129 11399    -1  1080   530
	 7132 11446    -1  1080   530
	 7138 11494    -1  1070   520
	 7148 11541    -1  1070   520
	 7157 11589    -1  1060   510
	 7174 11625    -1  1060   510
	 7183 11642    -1  1060   500
	 7194 11692    -1  1060   500
	 7203 11708    -1  1070   490
	 7214 11738    -1  1070   490
	 7221 11752    -1  1080   490
	 7225 11766    -1  1080   480
	 7235 11771    -1  1080   480
	 7236 11784    -1  1090   460
	 7243 11787    -1  1090   460
	 7247 11798    -1  1100   460
	 7247 11802    -1  1100   460
	 7246 11803    -1  1110   460
	 7245 11817    -1  1110   460
	 7241 11829    -1  1120   460
	 7237 11833    -1  1120   460
	 7233 11848    -1  1130   470
	 7235 11864    -1  1140   460
	 7233 11880    -1  1140   460
	 7232 11897    -1  1150   470
	 7232 11916    -1  1150   470
	 7231 11943    -1  1150   470
	 7232 11963    -1  1150   480
	 7230 11989    -1  1150   480
	 7231 11996    -1  1160   490
	 7232 12008    -1  1160   490
	 7234 12009   234  1160   490
	 7230 12009   336  1160   490
	 7229 12006   310  1170   500
	 7230 11994   380  1170   500
	 7232 11989   415  1170   500
	 7235 11960   525  1180   510
	 7243 11926   555  1180   510
	 7254 11882   588  1170   510
	 7268 11820   632  1170   510
	 7278 11753   650  1170   510
	 7288 11673   660  1170   510
	 7291 11593   661  1160   520
	 7294 11515   661  1160   520
	 7300 11451   663  1150   520
	 7312 11414   658  1150   520
	 7326 11385   648  1150   520
	 7335 11381   638  1140   530
	 7345 11382   632  1140   530
	 7345 11384   638  1120   530
	 7343 11400   646  1120   530
	 7341 11430   650  1120   530
	 7338 11465   660  1110   530
	 7335 11512   666  1110   530
	 7336 11560   674  1110   530
	 7332 11621   684  1110   530
	 7325 11673   693  1110   530
	 7316 11737   700  1110   530
	 7310 11803   701  1110   530
	 7306 11877   702  1110   530
	 7312 11932   700  1120   530
	 7323 11989   700  1120   530
	 7339 12024   691  1120   530
	 7352 12053   684  1140   530
	 7370 12059   671  1140   530
	 7386 12058   660  1150   520
	 7409 12042   658  1150   520
	 7433 12012   661  1160   520
	 7454 11962   671  1160   520
	 7474 11900   683  1160   520
	 7488 11845   697  1170   520
	 7501 11769   713  1170   520
	 7511 11688   727  1170   520
	 7510 11608   736  1170   520
	 7516 11530   766  1170   530
	 7517 11468   737  1170   530
	 7523 11434   715  1170   530
	 7529 11419   690  1170   530
	 7534 11420   672  1160   530
	 7539 11434   674  1160   530
	 7539 11452   677  1140   530
	 7546 11493   683  1140   530
	 7546 11532   686  1140   530
	 7549 11590   694  1130   540
	 7553 11644   697  1130   540
	 7556 11704   709  1130   540
	 7555 11756   714  1130   540
	 7558 11818   715  1130   540
	 7566 11866   718  1130   540
	 7570 11900   721  1140   550
	 7583 11927   724  1140   530
	 7590 11930   723  1140   530
	 7595 11932   721  1140   530
	 7605 11928   715  1160   530
	 7626 11909   724  1170   540
	 7650 11866   744  1170   540
	 7670 11816   768  1170   540
	 7691 11751   770  1180   540
	 7713 11671   771  1180   540
	 7726 11577   769  1180   540
	 7736 11493   727  1180   540
	 7745 11418   681  1180   540
	 7759 11369   574  1170   540
	 7773 11350   367  1170   550
	 7791 11350     0  1170   550
	 7804 11383    -1  1160   550
	 7819 11430    -1  1160   550
	 7829 11480    -1  1160   550
	 7847 11531    -1  1160   560
	 7862 11591    -1  1160   560
	 7878 11641    -1  1150   550
	 7886 11692    -1  1150   550
	 7893 11753    -1  1140   550
	 7902 11804    -1  1140   550
	 7919 11864    -1  1130   540
	 7929 11926    -1  1140   530
	 7945 11978    -1  1150   520
	 7968 12028    -1  1150   520
	 7988 12086    -1  1140   510
	 8007 12122    -1  1150   510
	 8029 12154    -1  1150   500
	 8048 12171    -1  1160   500
	 8065 12181    -1  1150   490
	 8069 12172    -1  1150   490
	 8067 12167    -1  1150   490
	 8063 12153    -1  1150   490
	 8053 12150   352  1150   490
	 8035 12139   401  1150   490
	 8017 12136   572  1160   500
	 8001 12123   651  1160   500
	 7985 12117   678  1170   510
	 7958 12103   690  1170   510
	 7934 12085   696  1170   520
	 7908 12055   705  1160   520
	 7884 12022   710  1170   530
	 7864 11979   715  1170   530
	 7851 11945   715  1170   530
	 7850 11909   706  1180   540
	 7850 11850   700  1180   540
	 7858 11831   693  1180   540
	 7875 11802   681  1180   540
	 7894 11772   672  1180   540
	 7918 11753   663  1180   540
	 7948 11739   660  1180   540
	 7975 11724   658  1180   540
	 8003 11708   660  1180   540
	 8027 11690   660  1180   540
	 8043 11672   661  1180   540
	 8050 11653   664  1170   540
	 8055 11621   674  1170   540
	 8049 11580   683  1170   540
	 8036 11545   689  1170   540
	 8018 11512   694  1150   540
	 7992 11483   697  1150   540
	 7967 11462   700  1140   530
	 7935 11449   702  1140   530
	 7904 11449   696  1140   530
	 7873 11451   686  1130   540
	 7849 11466   674  1130   540
	 7835 11480   663  1140   550
	 7825 11497   641  1140   550
	 7819 11526   565  1140   550
	 7820 11559   410  1140   550
	 7826 11606   336  1140   550
	 7838 11656    -1  1140   550
	 7848 11708    -1  1140   550
	 7858 11768    -1  1140   550
	 7868 11830    -1  1140   550
	 7885 11893    -1  1140   550
	 7901 11958    -1  1140   530
	 7923 12022    -1  1160   530
	 7942 12088    -1  1150   520
	 7964 12153    -1  1150   520
	 7983 12213    -1  1150   520
	 8001 12252    -1  1140   510
	 8015 12293    -1  1140   510
	 8028 12314    -1  1150   510
	 8039 12332    -1  1150   510
	 8048 12347     0  1150   510
	 8054 12358   317  1160   500
	 8054 12361   363  1160   500
	 8051 12361   531  1160   500
	 8050 12357   570  1160   500
	 8057 12345   619  1170   500
	 8060 12329   641  1170   510
	 8068 12309   655  1170   510
	 8085 12264   663  1170   510
	 8100 12218   669  1170   520
	 8121 12151   675  1170   520
	 8142 12069   678  1180   530
	 8156 11979   684  1180   530
	 8167 11894   686  1180   530
	 8167 11800   681  1180   530
	 8163 11707   666  1180   530
	 8165 11638   632  1180   540
	 8171 11577   539  1180   540
	 8181 11531   380  1180   540
	 8184 11511   302  1170   540
	 8187 11497   360  1170   540
	 8187 11498   344  1150   540
	 8184 11510   327  1150   540
	 8184 11514   317  1150   540
	 8183 11527   317  1140   550
	 8181 11529   344  1140   550
	 8180 11528   269  1140   550
	 8179 11529   344  1120   540
	 8178 11528   395  1120   540
	 8178 11530   513  1120   540
	 8181 11543   544  1120   540
	 8184 11548   565  1120   540
	 8194 11575   623  1120   540
	 8201 11605   646  1120   540
	 8214 11639   661  1120   550
	 8228 11686   671  1120   550
	 8249 11735   683  1120   550
	 8267 11785   689  1140   550
	 8287 11835   691  1140   550
	 8307 11882   691  1140   550
	 8325 11916   696  1140   550
	 8337 11942   696  1150   540
	 8345 11946   696  1150   540
	 8349 11946   689  1150   540
	 8353 11942   683  1170   540
	 8357 11928   678  1170   540
	 8361 11910   683  1170   540
	 8372 11877   684  1170   540
	 8375 11836   681  1170   550
	 8380 11803   677  1190   540
	 8379 11768   666  1190   540
	 8375 11738   653  1190   540
	 8373 11719   641  1190   540
	 8359 11704   632  1190   540
	 8352 11702   621  1170   550
	 8337 11703   623  1170   550
	 8319 11706   636  1170   550
	 8299 11719   648  1170   550
	 8278 11723   664  1170   550
	 8259 11736   680  1170   550
	 8249 11735   721  1170   550
	 8245 11737   760  1170   550
	 8244 11735   760  1160   550
	 8248 11733   737  1160   550
	 8263 11718   734  1160   550
	 8288 11691   733  1160   550
	 8320 11669   733  1160   550
	 8356 11638   714  1160   550
	 8398 11609   690  1160   550
	 8448 11579   660  1160   550
	 8497 11573   574  1160   550
	 8547 11561   374  1160   550
	 8592 11562   317  1160   550
	 8629 11576    35  1170   560
	 8647 11607    -1  1160   560
	 8650 11638    -1  1160   560
	 8652 11657    -1  1160   560
	 8648 11686    -1  1160   560
	 8645 11718    -1  1160   560
	 8639 11750    -1  1160   570
	 8628 11783    -1  1180   570
	 8615 11815    -1  1180   570
	 8610 11848    -1  1180   570
	 8608 11878    -1  1180   570
	 8611 11893    -1  1180   570
	 8612 11897    -1  1190   560
	 8608 11895    64  1190   560
	 8605 11883   327  1190   560
	 8592 11877   331  1190   560
	 8584 11861   454  1190   560
	 8579 11835   552  1190   560
	 8577 11816   581  1180   560
	 8580 11785   632  1180   560
	 8585 11751   648  1180   560
	 8595 11704   675  1180   560
	 8604 11654   698  1180   560
	 8611 11593   723  1180   560
	 8618 11532   744  1180   560
	 8627 11478   769  1180   570
	 8638 11415   772  1180   570
	 8645 11365   775  1180   570
	 8645 11318   776  1160   570
	 8645 11276   776  1160   570
	 8644 11256   777  1160   570
	 8642 11228   776  1150   580
	 8636 11223   775  1150   580
	 8634 11210   773  1130   580
	 8630 11210   771  1130   580
	 8628 11208   738  1130   580
	 8623 11210   683  1130   580
	 8613 11221   574  1120   580
	 8600 11228   360  1120   580
	 8583 11255    -1  1120   580
	 8570 11285    -1  1120   580
	 8554 11319    -1  1120   580
	 8543 11365    -1  1120   580
	 8533 11418    -1  1120   580
	 8518 11494    -1  1120   580
	 8512 11573    -1  1110   570
	 8504 11654    -1  1110   570
	 8497 11749    -1  1130   570
	 8499 11834    -1  1130   570
	 8502 11916    -1  1140   570
	 8508 12010    -1  1130   560
	 8514 12091    -1  1150   550
	 8520 12165    -1  1150   550
	 8524 12213    -1  1150   550
	 8530 12248    -1  1150   540
	 8538 12279    -1  1150   540
	 8543 12297    -1  1150   540
	 8547 12312    -1  1170   540
	 8553 12326    -1  1170   540
	 8561 12341    -1  1170   540
	 8569 12327     0  1180   540
	 8572 12358   367  1180   540
	 8571 12376   374  1180   540
	 8571 12390   462  1180   540
	 8577 12395   552  1180   540
	 8585 12407   577  1180   540
	 8594 12410   588  1170   550
	 8599 12409   599  1190   540
	 8611 12405   619  1190   540
	 8630 12391   634  1190   540
	 8644 12364   641  1200   540
	 8670 12326   651  1200   540
	 8694 12277   661  1210   550
	 8706 12204   671  1210   550
	 8722 12121   683  1210   550
	 8731 12026   702  1210   550
	 8726 11944   713  1210   550
	 8720 11865   727  1210   550
	 8720 11803   734  1210   550
	 8720 11755   734  1220   560
	 8729 11720   733  1210   560
	 8737 11691   724  1210   560
	 8745 11675   706  1210   560
	 8752 11672   696  1210   560
	 8760 11669   686  1190   560
	 8770 11673   681  1190   560
	 8777 11685   681  1190   560
	 8786 11691   684  1180   570
	 8793 11706   689  1190   580
	 8800 11724   696  1190   580
	 8805 11740   700  1190   580
	 8810 11756   713  1190   580
	 8814 11771   722  1190   580
	 8820 11801   722  1190   580
	 8829 11831   723  1190   580
	 8845 11864   718  1190   580
	 8855 11898   718  1190   580
	 8864 11930   715  1190   580
	 8870 11962   704  1190   580
	 8878 11994   700  1200   570
	 8887 12024   696  1210   580
	 8884 12044   681  1210   580
	 8881 12074   669  1210   580
	 8874 12087   668  1230   580
	 8872 12087   668  1230   580
	 8868 12087   669  1230   580
	 8859 12074   674  1230   580
	 8848 12072   678  1230   580
	 8841 12055   683  1230   580
	 8830 12027   689  1240   570
	 8825 11996   690  1240   570
	 8820 11961   690  1240   570
	 8820 11925   693  1240   570
	 8819 11884   694  1240   570
	 8822 11852   696  1240   570
	 8831 11830   693  1230   580
	 8837 11802   690  1230   580
	 8850 11787   684  1230   580
	 8873 11771   678  1230   580
	 8895 11769   671  1230   580
	 8913 11770   668  1230   580
	 8936 11783   663  1230   580
	 8955 11800   660  1230   580
	 8972 11819   658  1200   570
	 8983 11849   660  1200   570
	 8995 11881   660  1200   570
	 9004 11913   661  1200   570
	 9015 11947   663  1200   570
	 9018 11980   663  1200   570
	 9024 12021   666  1220   570
	 9032 12040   666  1220   570
	 9038 12044   668  1220   570
	 9040 12042   666  1220   570
	 9047 12037   668  1210   560
	 9056 12009   674  1210   560
	 9072 11976   681  1220   560
	 9083 11932   687  1220   560
	 9098 11893   689  1220   560
	 9110 11848   689  1220   560
	 9122 11801   687  1220   560
	 9122 11766   690  1230   560
	 9121 11735   697  1220   570
	 9115 11718   700  1220   570
	 9112 11703   704  1220   570
	 9103 11691   714  1220   570
	 9092 11691   737  1220   570
	 9081 11704   772  1200   570
	 9071 11717   778  1200   570
	 9060 11722   784  1200   570
	 9054 11735   790  1200   570
	 9052 11737   814  1200   570
	 9054 11738   815  1190   580
	 9054 11737   815  1190   580
	 9060 11733   812  1190   580
	 9077 11717   812  1190   580
	 9095 11691   814  1190   580
	 9117 11673   815  1190   580
	 9142 11653   816  1190   580
	 9168 11638   817  1190   580
	 9200 11624   816  1190   580
	 9224 11621   812  1190   580
	 9244 11621   783  1190   580
	 9260 11625   737  1190   580
	 9275 11640   641  1170   580
	 9287 11658   344  1170   580
	 9281 11685    -1  1200   580
	 9266 11701    -1  1200   580
	 9237 11718    -1  1190   580
	 9202 11735    -1  1190   580
	 9178 11734    -1  1190   580
	 9136 11772    -1  1190   580
	 9095 11787    -1  1190   580
	 9068 11830    -1  1190   580
	 9056 11865    -1  1190   580
	 9059 11899    -1  1190   580
	 9073 11946    -1  1190   580
	 9088 11979    -1  1190   580
	 9107 12027    -1  1190   580
	 9116 12043    -1  1190   580
	    0     0    -4     0     0
	    0     0    -4     0     0
	 7570 10870    -1  1050   650
	 7641 10935    -1  1050   650
	 7710 11003    -1  1050   650
	 7780 11068    -1  1050   650
	 7851 11141    -1  1050   650
	 7924 11208    -1  1050   650
	 8002 11270    -1  1070   640
	 8067 11323    -1  1080   630
	 8152 11370    -1  1080   610
	 8219 11418    -1  1110   590
	 8286 11468    -1  1130   580
	 8347 11525    -1  1140   570
	 8406 11579    -1  1160   550
	 8473 11638    -1  1190   540
	 8516 11673    -1  1180   540
	 8502 11702    -1  1170   530
	 8541 11706    -1  1170   530
	 8630 11703    -1  1260   500
	 8661 11718    -1  1260   480
	 8642 11717    -1  1250   470
	 8661 11658    -1  1290   460
	 8666 11685    -1  1290   460
	 8664 11612    -1  1330   450
	 8659 11654    -1  1340   460
	 8649 11641    -1  1350   460
	 8643 11628    -1  1360   470
	 8638 11623    -1  1360   470
	 8683 11622    -1  1370   470
	 8659 11622    -1  1370   480
	 8685 11624    -1  1370   480
	 8717 11637    -1  1370   480
	 8785 11580    -1  1400   500
	 8814 11656    -1  1400   500
	 8872 11621    -1  1380   500
	 8937 11687    -1  1400   510
	 9003 11702    -1  1380   510
	 9067 11720    -1  1400   520
	 9107 11736   249  1400   520
	 9141 11752   297  1400   520
	 9161 11765   360  1400   520
	 9171 11765   368  1400   520
	 9169 11756   539  1400   520
	 9164 11753   641  1410   520
	 9156 11751   689  1410   520
	 9142 11740   729  1410   520
	 9108 11737   768  1410   520
	 9045 11722   772  1410   520
	 8944 11692   776  1410   520
	 8815 11657   778  1410   520
	 8666 11612   778  1410   520
	 8475 11557   778  1410   520
	 8247 11482   776  1400   530
	 8022 11413   772  1400   530
	 7781 11333   770  1390   520
	 7563 11257   772  1390   520
	 7389 11206   772  1390   520
	 7237 11162   773  1370   520
	 7129 11126   770  1360   520
	 7049 11097   768  1360   520
	 6991 11081   755  1350   520
	 6947 11080   725  1350   520
	 6922 11093   714  1340   510
	 6914 11099   706  1330   520
	 6917 11125   694  1330   520
	 6933 11162   680  1320   510
	 6963 11208   671  1320   510
	 7002 11260   666  1320   510
	 7060 11322   660  1320   510
	 7135 11397   660  1320   510
	 7220 11452   660  1300   510
	 7328 11512   664  1300   510
	 7441 11541   669  1300   510
	 7545 11548   671  1320   500
	 7634 11557   675  1320   500
	 7719 11525   681  1320   500
	 7792 11479   686  1330   510
	 7862 11415   693  1330   510
	 7916 11353   697  1330   510
	 7957 11287   700  1330   510
	 7984 11226   705  1330   510
	 8013 11160   709  1330   510
	 8045 11100   713  1330   510
	 8079 11065   714  1330   510
	 8111 11034   715  1340   510
	 8151 11004   723  1340   510
	 8196 10986   733  1330   520
	 8254 10971   744  1330   520
	 8310 10972   766  1340   520
	 8374 10981   766  1340   520
	 8447 10985   734  1340   520
	 8518 11001   700  1340   520
	 8587 11014   625  1350   530
	 8651 11029   360  1350   530
