ABCDE-012_345_678 318
	20523 11484    64  1270   450
	20536 11478    75  1290   460
	20514 11465   234  1270   460
	20509 11466   327  1280   470
	20502 11467   360  1280   480
	20496 11478   302  1290   490
	20496 11480   324  1290   490
	20501 11484   331  1290   500
	20508 11509   344  1300   510
	20525 11530   350  1300   510
	20545 11562   363  1320   510
	20575 11610   374  1300   520
	20613 11669   385  1310   520
	20657 11722   395  1310   520
	20704 11787   405  1330   530
	20756 11863   415  1330   530
	20813 11932   519  1340   520
	20865 12008   536  1340   520
	20917 12106   544  1340   520
	20965 12203   550  1350   530
	21009 12297   552  1350   530
	21053 12390   555  1350   530
	21089 12442   557  1360   520
	21122 12587   555  1360   520
	21154 12710   547  1370   520
	21186 12822   544  1370   520
	21214 12923   542  1400   520
	21232 13020   539  1400   520
	21250 13125   544  1400   520
	21256 13212   542  1410   510
	21258 13288   539  1420   500
	21260 13349   539  1420   500
	21252 13387   539  1440   500
	21240 13420   539  1440   500
	21225 13449   542  1450   500
	21205 13463   542  1450   500
	21185 13477   547  1460   490
	21168 13480   544  1460   490
	21145 13479   539  1470   480
	21122 13468   533  1470   480
	21101 13465   531  1480   470
	21081 13448   525  1480   470
	21059 13430   522  1480   470
	21035 13397   519  1490   470
	21010 13349   519  1490   470
	20990 13287   522  1500   470
	20974 13196   522  1500   470
	20962 13100   525  1500   470
	20953 13002   531  1500   470
	20944 12903   533  1500   470
	20942 12780   536  1500   470
	20944 12651   539  1500   470
	20949 12508   539  1490   480
	20958 12375   542  1490   480
	20971 12229   542  1490   480
	20981 12075   542  1480   480
	20993 11944   544  1480   480
	21005 11818   544  1480   480
	21012 11689   547  1470   490
	21018 11564   550  1470   490
	21021 11445   557  1480   500
	21022 11335   560  1480   500
	21025 11224   565  1480   500
	21025 11125   570  1480   500
	21026 11016   574  1470   510
	21026 10922   584  1470   510
	21026 10837   601  1460   520
	21023 10758   605  1460   520
	21021 10679   613  1460   520
	21016 10601   615  1460   530
	21012 10533   615  1460   530
	21010 10470   623  1460   530
	21010 10412   625  1450   540
	21009 10377   625  1450   540
	21006 10346   629  1450   540
	21005 10329   629  1450   540
	21002 10326   625  1450   540
	21002 10325   630  1450   540
	21002 10326   638  1460   540
	21004 10327   648  1460   540
	21010 10331   658  1450   550
	21007 10348   661  1450   550
	21011 10389   661  1450   550
	21014 10441   658  1450   550
	21017 10503   660  1450   550
	21021 10582   660  1450   550
	21022 10664   660  1460   540
	21021 10748   653  1460   540
	21025 10844   655  1460   540
	21020 10937   656  1470   550
	21015 11034   655  1470   550
	21010 11129   648  1480   540
	21002 11212   650  1480   540
	20981 11286   651  1480   540
	20950 11349   651  1490   530
	20907 11399   651  1490   530
	20848 11450   648  1490   530
	20778 11493   641  1500   520
	20701 11516   641  1500   520
	20619 11543   638  1510   510
	20530 11546   636  1510   510
	20435 11557   632  1510   510
	20324 11545   615  1520   510
	20215 11528   599  1520   510
	20104 11499   588  1510   500
	19990 11467   574  1510   500
	19872 11431   574  1520   490
	19755 11388   572  1520   490
	19657 11355   572  1520   490
	19574 11323   572  1520   490
	19502 11290   574  1530   490
	19444 11258   574  1510   480
	19408 11238   574  1510   480
	19385 11222   574  1510   480
	19372 11196   572  1510   480
	19379 11177   570  1500   480
	19395 11146   567  1500   480
	19417 11125   560  1500   480
	19446 11097   562  1500   480
	19490 11079   562  1500   480
	19544 11065   567  1500   480
	19607 11062   572  1500   480
	19686 11065   577  1500   480
	19780 11077   590  1500   480
	19883 11094   605  1500   480
	19994 11113   615  1500   480
	20101 11142   629  1500   480
	20203 11174   630  1500   480
	20314 11208   630  1500   480
	20428 11253   632  1510   480
	20523 11289   634  1510   480
	20612 11324   636  1510   480
	20687 11368   634  1510   480
	20757 11400   634  1530   490
	20804 11430   634  1530   490
	20851 11449   632  1520   490
	20880 11467   634  1520   490
	20895 11483   632  1520   490
	20891 11495   625  1520   490
	20882 11497   592  1520   490
	20855 11499   572  1530   500
	20815 11498   565  1530   500
	20759 11483   565  1530   500
	20707 11465   567  1530   500
	20645 11449   567  1530   500
	20583 11429   567  1530   500
	20522 11402   570  1530   500
	20472 11385   572  1530   500
	20438 11381   592  1530   500
	20429 11371   611  1520   490
	20429 11371   609  1520   490
	20442 11371   584  1520   490
	20466 11381   574  1520   490
	20505 11388   574  1520   490
	20565 11413   574  1520   490
	20641 11436   577  1520   490
	20738 11478   588  1520   490
	20854 11513   592  1520   490
	20986 11561   590  1520   490
	21121 11609   599  1520   490
	21257 11669   603  1520   490
	21395 11721   623  1520   490
	21537 11771   625  1530   500
	21656 11818   632  1530   500
	21772 11862   632  1530   500
	21880 11897   632  1540   490
	21979 11930   630  1550   490
	22060 11960   625  1550   490
	22126 11978   621  1550   490
	22166 11993   613  1550   490
	22193 12005   605  1550   490
	22200 12008   592  1550   490
	22198 12005   581  1550   490
	22184 11994   588  1550   490
	22162 11993   590  1550   490
	22122 11978   603  1550   490
	22076 11963   621  1550   490
	22023 11947   625  1550   490
	21969 11941   630  1550   490
	21920 11926   634  1550   490
	21895 11915   639  1540   490
	21888 11915   645  1540   490
	21890 11916   645  1540   490
	21904 11926   638  1540   490
	21941 11931   638  1540   490
	21998 11947   638  1540   490
	22069 11976   639  1540   490
	22149 12009   639  1530   490
	22234 12044   639  1530   490
	22326 12091   639  1530   490
	22435 12137   638  1530   490
	22549 12186   638  1540   490
	22642 12233   638  1540   490
	22746 12268   641  1540   490
	22842 12313   643  1540   490
	22938 12347   645  1540   490
	23024 12380   643  1540   490
	23096 12408   643  1540   490
	23151 12428   643  1540   490
	23185 12454   641  1540   490
	23212 12470   643  1540   490
	23223 12476   645  1540   490
	23223 12486   651  1540   490
	23218 12487   658  1540   490
	23203 12491   658  1540   490
	23182 12502   660  1540   490
	23158 12503   661  1540   490
	23127 12502   661  1540   490
	23088 12503   660  1540   490
	23048 12492   661  1540   490
	23013 12492   661  1540   490
	22991 12490   664  1540   490
	22989 12491   669  1530   490
	22991 12501   669  1530   490
	22999 12501   661  1530   490
	23021 12505   660  1530   490
	23062 12519   660  1530   490
	23115 12539   658  1530   490
	23179 12567   658  1530   490
	23250 12598   656  1530   490
	23328 12630   655  1530   490
	23422 12662   651  1530   490
	23516 12696   650  1530   490
	23607 12729   650  1530   490
	23683 12761   651  1530   490
	23758 12790   653  1530   490
	23820 12810   651  1530   490
	23870 12837   651  1530   490
	23909 12843   650  1530   490
	23933 12857   650  1540   490
	23939 12859   650  1540   490
	23940 12857   655  1540   490
	23931 12857   653  1540   490
	23910 12856   650  1540   490
	23873 12857   651  1540   490
	23827 12854   650  1560   480
	23777 12842   653  1560   480
	23719 12839   653  1560   480
	23661 12826   656  1560   480
	23606 12825   658  1560   480
	23545 12823   658  1560   480
	23496 12822   660  1560   480
	23461 12821   664  1560   480
	23443 12824   666  1550   480
	23437 12824   668  1550   480
	23437 12826   669  1550   480
	23439 12828   663  1550   480
	23450 12837   660  1550   480
	23469 12839   658  1540   490
	23490 12842   660  1540   490
	23519 12856   658  1530   490
	23564 12873   658  1530   490
	23613 12888   658  1530   490
	23670 12905   656  1530   490
	23727 12923   656  1530   490
	23792 12949   656  1530   490
	23863 12968   655  1530   490
	23937 12988   655  1530   490
	24022 13017   653  1540   490
	24106 13045   653  1540   490
	24187 13068   650  1540   490
	24273 13110   646  1540   490
	24348 13143   645  1550   480
	24422 13175   645  1550   480
	24496 13207   643  1550   480
	24565 13237   639  1550   480
	24623 13259   636  1560   480
	24673 13287   636  1560   480
	24715 13307   636  1560   480
	24748 13333   636  1560   480
	24773 13350   638  1570   480
	24796 13368   639  1580   480
	24816 13385   638  1580   480
	24831 13402   639  1580   480
	24841 13417   641  1580   480
	24850 13432   643  1580   480
	24853 13446   643  1590   480
	24855 13452   643  1590   480
	24859 13466   641  1590   480
	24857 13480   643  1590   480
	24850 13484   643  1600   480
	24845 13497   645  1600   480
	24836 13511   645  1600   480
	24825 13516   645  1600   480
	24807 13528   646  1600   480
	24784 13542   645  1600   480
	24750 13545   643  1600   480
	24708 13544   643  1600   480
	24653 13544   643  1600   480
	24587 13542   641  1600   480
	24495 13531   639  1610   470
	24391 13513   641  1610   470
	24277 13497   641  1610   470
	24148 13477   641  1610   470
	23982 13447   641  1610   470
	23803 13415   639  1610   470
	23617 13369   638  1610   470
	23404 13321   641  1600   480
	23170 13271   643  1590   480
	22907 13209   653  1590   480
	22643 13141   663  1590   480
	22374 13062   674  1590   480
	22090 12981   683  1580   480
	21789 12901   702  1580   480
	21520 12809   704  1580   480
	21240 12711   721  1570   480
	20965 12613   733  1570   480
	20692 12508   738  1570   480
	20470 12421   736  1570   480
	20233 12326   733  1550   480
	20025 12230   722  1550   480
	19816 12134   713  1550   480
	19639 12028   697  1530   480
	19491 11947   680  1530   480
	19351 11878   656  1530   480
	19229 11802   603  1520   480
	19139 11735   525  1520   480
	19069 11673   367  1520   480
