ABCDE-012_345_678 140
	 6979 12331     0  1240   480
	 6985 12344    75  1250   470
	 6992 12359   234  1260   480
	 6992 12374   308  1260   480
	 6989 12389   344  1260   480
	 6983 12393   269  1270   490
	 6975 12396   317  1270   490
	 6964 12410   350  1270   490
	 6946 12422   374  1280   490
	 6922 12427   385  1290   490
	 6888 12439   395  1290   490
	 6845 12440   405  1290   490
	 6794 12439   410  1290   490
	 6747 12428   437  1290   490
	 6698 12422   513  1290   490
	 6653 12408   531  1290   490
	 6602 12393   539  1290   490
	 6554 12377   544  1290   490
	 6507 12358   550  1290   490
	 6514 12330   555  1280   480
	 6418 12309   560  1300   480
	 6378 12281   562  1300   480
	 6346 12263   562  1300   480
	 6323 12245   562  1300   480
	 6300 12220   560  1270   480
	 6282 12201   560  1270   480
	 6268 12185   560  1270   480
	 6264 12168   557  1270   480
	 6268 12151   550  1270   480
	 6283 12134   547  1270   480
	 6307 12104   542  1270   480
	 6336 12085   536  1270   480
	 6380 12056   533  1270   480
	 6423 12039   531  1270   480
	 6475 12009   531  1270   480
	 6522 11990   531  1270   480
	 6571 11963   531  1270   480
	 6614 11941   533  1270   480
	 6652 11910   531  1270   480
	 6687 11880   533  1260   480
	 6718 11845   533  1260   480
	 6745 11803   533  1260   480
	 6768 11766   536  1270   490
	 6784 11717   539  1270   490
	 6793 11656   539  1270   490
	 6799 11594   542  1270   490
	 6790 11546   544  1270   490
	 6787 11494   550  1260   490
	 6768 11448   555  1260   490
	 6755 11414   560  1260   490
	 6741 11382   567  1270   500
	 6730 11352   572  1270   500
	 6721 11323   577  1260   500
	 6712 11303   588  1260   500
	 6707 11287   590  1260   500
	 6703 11275   592  1250   510
	 6706 11273   577  1250   510
	 6709 11273   565  1250   510
	 6717 11275   557  1250   510
	 6737 11290   555  1250   510
	 6770 11323   557  1230   510
	 6824 11382   557  1230   510
	 6900 11462   552  1230   510
	 6965 11560   552  1230   510
	 7030 11685   550  1230   510
	 7100 11802   552  1250   510
	 7164 11931   550  1250   510
	 7226 12071   547  1250   510
	 7292 12204   544  1250   510
	 7363 12331   547  1260   500
	 7414 12422   547  1260   500
	 7457 12470   547  1270   500
	 7487 12490   544  1270   500
	 7500 12492   533  1280   490
	 7514 12474   528  1280   490
	 7521 12458   531  1290   490
	 7534 12424   533  1290   490
	 7546 12380   542  1290   490
	 7558 12316   544  1310   480
	 7569 12234   550  1310   480
	 7581 12135   552  1310   480
	 7594 12006   555  1310   480
	 7610 11884   555  1310   480
	 7633 11756   557  1310   480
	 7640 11655   555  1290   490
	 7650 11573   557  1290   490
	 7664 11513   557  1280   490
	 7688 11480   557  1280   490
	 7715 11461   557  1270   500
	 7742 11448   557  1270   500
	 7778 11448   560  1270   500
	 7829 11463   565  1260   500
	 7892 11496   570  1260   500
	 7967 11548   570  1250   510
	 8041 11624   574  1250   510
	 8121 11707   584  1250   510
	 8193 11797   605  1250   510
	 8266 11882   625  1250   510
	 8334 11976   634  1250   510
	 8408 12073   638  1250   510
	 8468 12165   641  1260   500
	 8503 12203   641  1260   500
	 8524 12215   639  1270   510
	 8532 12201   634  1280   500
	 8538 12188   630  1280   500
	 8536 12181   625  1280   500
	 8537 12152   632  1280   500
	 8535 12104   634  1280   500
	 8534 12023   634  1290   500
	 8520 11945   630  1300   500
	 8509 11862   632  1300   500
	 8493 11783   632  1300   500
	 8474 11702   629  1290   500
	 8448 11609   632  1290   500
	 8425 11514   630  1290   500
	 8394 11436   634  1290   500
	 8379 11370   634  1280   500
	 8358 11320   639  1270   500
	 8338 11273   643  1260   500
	 8323 11240   641  1260   500
	 8322 11227   636  1250   510
	 8338 11226   630  1250   510
	 8377 11227   625  1220   500
	 8442 11240   634  1220   500
	 8518 11269   641  1210   510
	 8627 11304   650  1210   510
	 8754 11340   664  1200   510
	 8905 11386   696  1200   510
	 9071 11432   734  1200   510
	 9216 11484   776  1200   510
	 9366 11532   785  1200   510
	 9511 11590   790  1200   510
	 9641 11637   812  1210   520
	 9742 11686   812  1220   510
	 9818 11720   790  1230   520
	 9881 11740   786  1230   520
	 9927 11767   776  1240   520
	 9970 11801   710  1240   520
	10022 11852   550  1270   520
	10077 11927   160  1270   520
