ABCDE-012_345_678 640
	 6172 18134     0  1150   580
	 6181 18089   218  1150   580
	 6179 18085   344  1130   580
	 6181 18073   294  1130   580
	 6179 18055   374  1130   580
	 6185 18040   522  1140   590
	 6189 18012   572  1130   590
	 6195 17994   636  1130   590
	 6199 17979   664  1130   590
	 6200 17974   686  1130   590
	 6202 17963   709  1130   590
	 6204 17959   737  1110   590
	 6204 17948   772  1110   590
	 6204 17947   778  1110   590
	 6204 17945   785  1100   600
	 6207 17945   807  1100   600
	 6209 17945   819  1100   600
	 6208 17946   827  1100   600
	 6205 17945   836  1100   600
	 6209 17945   848  1080   610
	 6206 17947   872  1080   610
	 6205 17946   880  1080   610
	 6207 17947   893  1080   610
	 6205 17947   910  1080   610
	 6204 17957   926  1080   610
	 6204 17960   937  1080   610
	 6200 17964   946  1080   610
	 6197 17979   949  1080   610
	 6193 18008   951  1080   610
	 6189 18054   951  1080   610
	 6181 18122   950  1080   610
	 6177 18197   948  1080   610
	 6171 18297   943  1080   610
	 6167 18454   926  1100   600
	 6165 18604   918  1100   600
	 6155 18780   902  1120   600
	 6146 18984   888  1130   600
	 6137 19177   881  1130   600
	 6123 19383   875  1170   590
	 6112 19578   875  1200   580
	 6104 19738   874  1210   580
	 6095 19861   875  1240   570
	 6088 19947   877  1270   560
	 6089 20023   875  1290   560
	 6089 20076   876  1310   550
	 6091 20102   879  1340   540
	 6091 20101   879  1350   530
	 6118 20091   879  1370   520
	 6090 20091   877  1380   510
	 6091 20088   874  1410   500
	 6092 20074   872  1420   490
	 6097 20054   871  1430   490
	 6108 19991   871  1440   480
	 6121 19899   870  1440   480
	 6137 19788   871  1440   480
	 6163 19669   871  1440   480
	 6192 19498   871  1440   480
	 6223 19307   871  1430   490
	 6253 19176   875  1420   490
	 6288 19032   877  1410   500
	 6320 18892   880  1400   510
	 6357 18761   880  1370   520
	 6387 18636   882  1360   520
	 6411 18517   885  1360   540
	 6432 18411   887  1340   550
	 6454 18325   886  1340   550
	 6466 18263   886  1300   560
	 6490 18215   886  1280   570
	 6501 18181   887  1260   580
	 6511 18150   884  1240   580
	 6515 18137   880  1210   590
	 6518 18135   872  1190   600
	 6516 18134   850  1180   600
	 6518 18135   833  1160   600
	 6513 18139   817  1160   600
	 6509 18153   766  1140   610
	 6497 18185   592  1140   610
	 6484 18251   278  1140   610
	 6470 18346    -1  1140   610
	 6450 18456    -1  1150   620
	 6423 18570    -1  1150   620
	 6392 18698    -1  1140   610
	 6363 18838    -1  1160   600
	 6335 18982    -1  1180   600
	 6320 19116    -1  1190   600
	 6311 19259    -1  1190   600
	 6309 19398    -1  1230   590
	 6321 19527    -1  1260   580
	 6337 19624    -1  1270   570
	 6366 19701    -1  1270   560
	 6396 19751    -1  1270   560
	 6430 19739    -1  1310   550
	 6454 19799   655  1330   540
	 6451 19831   736  1350   530
	 6450 19849   773  1360   520
	 6449 19850   783  1370   520
	 6457 19846   812  1380   510
	 6455 19850   820  1400   510
	 6459 19851   829  1400   510
	 6457 19850   835  1420   500
	 6457 19851   838  1420   500
	 6459 19849   839  1420   500
	 6461 19845   838  1420   500
	 6469 19829   835  1420   500
	 6478 19788   838  1420   500
	 6502 19723   841  1430   510
	 6526 19625   846  1430   510
	 6559 19497   849  1430   510
	 6588 19356   853  1430   510
	 6616 19241   862  1420   520
	 6638 19132   868  1410   520
	 6658 19018   871  1400   530
	 6680 18906   875  1390   540
	 6700 18808   877  1370   540
	 6726 18714   878  1360   550
	 6739 18636   880  1340   560
	 6753 18571   882  1340   570
	 6765 18518   882  1320   580
	 6775 18473   882  1310   580
	 6788 18440   882  1290   590
	 6793 18424   882  1280   590
	 6799 18412   881  1250   600
	 6801 18412   879  1230   610
	 6798 18411   872  1220   610
	 6802 18421   850  1210   630
	 6804 18422   834  1210   630
	 6799 18428   816  1190   630
	 6800 18456   782  1190   630
	 6796 18505   693  1190   630
	 6796 18586   528  1190   630
	 6786 18681   262  1190   630
	 6776 18792    -1  1190   630
	 6754 18905    -1  1210   630
	 6733 19017    -1  1210   630
	 6712 19131    -1  1230   620
	 6690 19257    -1  1230   620
	 6671 19398    -1  1260   610
	 6657 19529    -1  1290   610
	 6652 19654    -1  1310   610
	 6653 19755    -1  1340   600
	 6654 19835    -1  1350   590
	 6658 19898    -1  1380   580
	 6666 19944    -1  1390   570
	 6682 19964    -1  1410   560
	 6692 19974   336  1410   550
	 6690 19980   686  1420   540
	 6686 20007   767  1430   530
	 6681 20008   776  1450   530
	 6685 19994   782  1460   520
	 6689 19992   786  1470   510
	 6688 19996   789  1480   500
	 6690 19993   799  1480   500
	 6695 19991   803  1480   500
	 6703 19976   812  1480   500
	 6716 19942   815  1480   500
	 6738 19881   818  1480   500
	 6765 19803   822  1480   500
	 6803 19718   827  1480   500
	 6830 19607   829  1470   510
	 6857 19484   835  1470   510
	 6886 19370   836  1470   510
	 6904 19254   841  1460   520
	 6929 19174   847  1450   530
	 6949 19080   862  1420   530
	 6962 18985   868  1410   530
	 6975 18919   868  1400   540
	 6994 18855   868  1380   550
	 7002 18796   870  1360   560
	 7016 18744   871  1340   560
	 7017 18683   871  1320   570
	 7026 18650   870  1310   570
	 7034 18634   867  1300   580
	 7041 18616   841  1270   570
	 7045 18603   827  1260   580
	 7049 18602   807  1240   580
	 7053 18602   772  1210   580
	 7059 18602   669  1200   580
	 7068 18604   522  1200   580
	 7082 18614   344  1180   590
	 7092 18630     0  1180   590
	 7101 18649    -1  1180   590
	 7108 18665    -1  1180   590
	 7119 18683    -1  1180   590
	 7130 18710    -1  1180   590
	 7143 18729    -1  1180   590
	 7160 18758    -1  1180   590
	 7170 18773    -1  1200   580
	 7180 18778    -1  1200   580
	 7192 18790    -1  1200   580
	 7205 18789    -1  1200   580
	 7215 18776    -1  1200   580
	 7213 18763    -1  1200   580
	 7213 18748   360  1200   580
	 7208 18747   557  1200   580
	 7206 18744   590  1200   580
	 7203 18742   639  1200   580
	 7202 18730   658  1210   590
	 7202 18726   671  1230   590
	 7207 18715   684  1230   590
	 7208 18712   689  1230   590
	 7211 18710   693  1230   590
	 7216 18696   696  1210   590
	 7228 18682   698  1210   590
	 7237 18663   701  1210   590
	 7249 18648   698  1210   590
	 7259 18635   697  1220   600
	 7274 18630   696  1220   600
	 7284 18618   689  1220   600
	 7298 18616   686  1220   600
	 7316 18613   686  1220   600
	 7327 18615   683  1200   600
	 7345 18617   681  1200   600
	 7352 18629   681  1200   600
	 7364 18645   681  1200   600
	 7376 18662   684  1200   600
	 7380 18679   689  1200   600
	 7376 18697   690  1200   600
	 7374 18727   691  1200   600
	 7366 18759   693  1200   600
	 7358 18790   696  1200   600
	 7345 18808   704  1200   600
	 7334 18822   706  1200   600
	 7318 18837   718  1220   600
	 7306 18837   738  1220   600
	 7298 18837   760  1220   600
	 7288 18838   738  1220   600
	 7282 18828   713  1220   600
	 7278 18826   680  1220   600
	 7275 18812   643  1220   600
	 7271 18795   531  1220   600
	 7274 18775   360  1220   600
	 7274 18748     0  1220   600
	 7274 18742    -1  1220   600
	 7277 18741    -1  1220   600
	 7283 18741    -1  1220   600
	 7294 18743    -1  1220   600
	 7306 18747    -1  1220   600
	 7324 18758    -1  1210   590
	 7341 18775    -1  1210   590
	 7360 18792    -1  1210   590
	 7381 18807    -1  1210   590
	 7401 18823    -1  1210   590
	 7416 18837    -1  1210   590
	 7434 18841    -1  1210   590
	 7448 18854    -1  1210   590
	 7459 18856    -1  1220   600
	 7471 18857    -1  1220   600
	 7476 18859   108  1240   600
	 7473 18870   363  1240   600
	 7470 18873   487  1240   600
	 7467 18875   555  1240   600
	 7465 18873   601  1240   600
	 7463 18873   641  1240   600
	 7463 18873   658  1250   600
	 7462 18872   668  1250   600
	 7464 18870   671  1250   600
	 7465 18860   672  1250   600
	 7467 18854   674  1250   600
	 7472 18838   674  1250   600
	 7478 18823   674  1250   600
	 7484 18810   674  1230   610
	 7494 18795   674  1230   610
	 7504 18789   671  1230   610
	 7511 18779   666  1230   610
	 7522 18776   664  1230   610
	 7529 18776   663  1230   610
	 7538 18780   660  1230   610
	 7548 18789   660  1230   610
	 7555 18793   661  1230   610
	 7563 18806   666  1230   610
	 7567 18811   671  1230   610
	 7568 18827   674  1230   610
	 7565 18855   681  1230   610
	 7561 18871   689  1230   610
	 7556 18886   705  1230   610
	 7546 18888   738  1230   610
	 7537 18891   769  1230   610
	 7524 18902   769  1230   610
	 7511 18904   770  1230   610
	 7503 18903   770  1230   610
	 7497 18904   766  1250   600
	 7490 18903   714  1250   600
	 7491 18901   664  1250   600
	 7487 18902   550  1250   600
	 7490 18889   331  1250   600
	 7494 18872   201  1250   600
	 7497 18860    -1  1250   600
	 7500 18872    -1  1250   600
	 7511 18876    -1  1250   600
	 7526 18889    -1  1250   600
	 7538 18903    -1  1250   600
	 7554 18917    -1  1250   600
	 7566 18923    -1  1260   600
	 7583 18938    -1  1260   600
	 7600 18952    -1  1260   600
	 7615 18956    -1  1280   610
	 7629 18967    -1  1280   610
	 7638 18970    -1  1280   610
	 7647 18983   367  1280   610
	 7647 18987   401  1280   610
	 7642 18998   552  1280   610
	 7646 19000   655  1280   610
	 7645 19001   702  1290   600
	 7643 19002   769  1290   600
	 7644 19002   782  1290   600
	 7642 19003   812  1290   600
	 7640 19001   818  1290   600
	 7640 19000   820  1290   600
	 7643 19000   821  1280   610
	 7646 18998   821  1280   610
	 7649 18985   820  1280   610
	 7657 18972   821  1280   610
	 7663 18965   820  1280   610
	 7673 18949   821  1280   610
	 7681 18924   820  1280   610
	 7690 18919   820  1280   610
	 7698 18901   820  1260   610
	 7707 18885   821  1260   610
	 7716 18869   820  1260   610
	 7723 18856   820  1260   610
	 7730 18841   818  1260   610
	 7735 18838   816  1260   610
	 7739 18839   807  1260   610
	 7740 18839   787  1240   620
	 7742 18840   782  1240   620
	 7742 18840   777  1240   620
	 7741 18842   770  1240   620
	 7741 18854   766  1240   620
	 7742 18875   717  1240   620
	 7745 18917   671  1240   620
	 7746 18966   609  1260   620
	 7750 19018   525  1260   620
	 7748 19081   302  1270   620
	 7749 19160   297  1270   620
	 7743 19243    75  1290   610
	 7734 19352    -1  1290   610
	 7725 19480    -1  1310   610
	 7724 19591    -1  1320   600
	 7728 19669    -1  1340   600
	 7733 19705   352  1350   590
	 7735 19724   531  1360   580
	 7736 19737   643  1380   580
	 7736 19740   683  1390   570
	 7740 19738   704  1400   560
	 7742 19738   721  1410   560
	 7746 19733   733  1430   550
	 7752 19717   767  1430   550
	 7761 19687   772  1450   550
	 7772 19626   778  1460   540
	 7788 19560   784  1460   540
	 7812 19482   790  1460   540
	 7835 19413   814  1460   540
	 7857 19338   820  1460   540
	 7880 19274   827  1450   550
	 7905 19222   829  1440   560
	 7918 19180   832  1430   550
	 7942 19144   835  1410   560
	 7956 19113   835  1410   560
	 7971 19094   836  1390   560
	 7983 19068   837  1380   570
	 7990 19062   836  1360   570
	 7994 19050   834  1360   570
	 7999 19049   822  1340   570
	 8001 19049   783  1320   580
	 8003 19048   706  1320   580
	 8000 19061   516  1300   580
	 7994 19080   160  1300   580
	 7980 19125    -1  1300   580
	 7958 19178    -1  1280   570
	 7929 19242    -1  1280   570
	 7898 19336    -1  1280   570
	 7870 19449    -1  1270   560
	 7827 19558    -1  1270   560
	 7807 19676    -1  1300   550
	 7776 19847    -1  1300   550
	 7752 19960    -1  1300   550
	 7728 20136    -1  1300   550
	 7715 20330    -1  1300   550
	 7707 20506    -1  1300   550
	    0     0    -4     0     0
	    0     0    -4     0     0
	 8541 19687    -1  1650   650
	 8510 19660    -1  1650   650
	 8477 19641    -1  1650   650
	 8439 19622    -1  1650   650
	 8399 19593    -1  1650   650
	 8369 19595    -1  1650   650
	 8343 19577    -1  1650   650
	 8324 19541    -1  1630   640
	 8302 19543    -1  1630   640
	 8304 19511    -1  1590   610
	 8294 19514    -1  1590   610
	 8321 19494    -1  1560   590
	 8331 19500    -1  1560   590
	 8381 19493    -1  1510   580
	 8395 19497    -1  1550   540
	 8454 19529    -1  1530   530
	 8454 19548    -1  1530   510
	 8478 19573    -1  1520   510
	 8499 19560    -1  1530   480
	 8516 19611    -1  1520   460
	 8530 19641    -1  1530   450
	 8536 19660    -1  1530   430
	 8541 19676    -1  1530   420
	 8543 19691    -1  1550   410
	 8542 19702    -1  1550   410
	 8540 19692    -1  1560   400
	 8532 19688    -1  1560   410
	 8520 19685    -1  1570   400
	 8513 19669    -1  1570   400
	 8500 19654    -1  1570   400
	 8529 19639    -1  1590   390
	 8464 19625    -1  1590   390
	 8449 19610    -1  1590   390
	 8430 19593    -1  1590   390
	 8412 19575    -1  1580   400
	 8392 19548    -1  1580   400
	 8373 19529    -1  1580   400
	 8355 19479    -1  1560   410
	 8338 19483    -1  1560   410
	 8319 19464    -1  1560   410
	 8300 19445    -1  1560   410
	 8280 19416    -1  1560   410
	 8262 19384    -1  1550   420
	 8239 19368   218  1540   430
	 8230 19367   286  1540   430
	 8215 19356   317  1530   440
	 8202 19350   344  1530   440
	 8187 19335   331  1540   440
	 8171 19320   415  1540   450
	 8168 19319   557  1540   450
	 8165 19319   601  1530   460
	 8166 19317   632  1530   460
	 8165 19308   645  1530   460
	 8165 19308   656  1530   460
	 8167 19308   660  1530   460
	 8167 19307   660  1530   460
	 8170 19307   660  1530   460
	 8173 19307   660  1530   470
	 8180 19306   663  1530   470
	 8193 19305   674  1530   470
	 8218 19305   689  1530   470
	 8259 19306   721  1530   470
	 8320 19319   767  1530   470
	 8410 19339   772  1530   470
	 8488 19372   775  1530   470
	 8583 19417   777  1540   460
	 8677 19463   780  1540   460
	 8780 19509   785  1540   460
	 8863 19548   788  1550   450
	 8950 19578   794  1550   450
	 9037 19609   812  1560   450
	 9101 19641   817  1570   450
	 9148 19659   819  1570   440
	 9200 19686   821  1570   440
	 9226 19703   822  1580   430
	 9240 19705   822  1580   430
	 9242 19706   824  1590   420
	 9240 19705   824  1590   410
	 9237 19705   824  1590   410
	 9236 19704   821  1600   400
	 9227 19702   815  1610   400
	 9192 19675   789  1610   400
	 9120 19626   781  1620   400
	 9016 19547   776  1620   400
	 8873 19452   770  1610   390
	 8716 19351   760  1600   400
	 8549 19253   715  1600   400
	 8360 19145   705  1590   410
	 8174 19045   697  1590   410
	 8015 18854   698  1590   420
	 7853 18825   704  1580   430
	 7701 18725   706  1570   440
	 7564 18617   715  1570   440
	 7412 18492   721  1560   440
	 7267 18405   727  1560   440
	 7166 18316   766  1540   460
	 7094 18262   771  1540   460
	 7058 18231   776  1530   470
	 7034 18215   777  1520   480
	 7035 18204   777  1510   470
	 7034 18204   777  1500   480
	 7040 18213   777  1500   480
	 7049 18215   778  1490   490
	 7079 18220   783  1490   490
	 7127 18246   790  1490   490
	 7195 18267   817  1480   500
	 7301 18313   824  1480   500
	 7421 18375   829  1480   500
	 7549 18437   831  1480   500
	 7690 18502   833  1480   500
	 7837 18570   835  1480   500
	 7967 18632   832  1480   500
	 8074 18679   832  1490   490
	 8177 18726   830  1490   490
	 8270 18760   825  1490   490
	 8344 18793   790  1490   490
	 8410 18821   770  1490   490
	 8459 18840   671  1490   490
	 8489 18841   544  1500   480
	 8501 18840   262  1500   480
	 8487 18839    -1  1500   480
	 8440 18839    -1  1500   480
	 8375 18841    -1  1510   470
	 8301 18842    -1  1510   470
	 8219 18854    -1  1510   470
	 8131 18789    -1  1520   460
	 8054 18871    -1  1510   460
	 7944 18805    -1  1510   460
	 7846 18889    -1  1510   460
	 7716 18825    -1  1510   460
	 7628 18839    -1  1520   450
	 7525 18918    -1  1520   440
	 7418 18842    -1  1520   440
	 7279 18842    -1  1520   440
	 7148 18843    -1  1520   440
	 7011 18840    -1  1510   410
	 6871 18838    -1  1510   410
	 6752 18826    -1  1510   390
	 6640 18825    -1  1520   380
	 6547 18824    -1  1520   380
	 6461 18821    -1  1520   380
	 6376 18821    -1  1530   370
	 6286 18822    -1  1530   360
	 6210 18824    -1  1530   350
	 6147 18828    -1  1530   350
	 6094 18842    -1  1530   340
	 6039 18854    -1  1530   330
	 6001 18860    -1  1520   330
	 5971 18874    -1  1510   330
	 5941 18983    -1  1500   320
	 5941 18918    -1  1510   320
	 5943 18935    -1  1510   320
	 5959 18954    -1  1530   320
	 5963 18968    -1  1530   320
	 6004 18981    -1  1530   320
	 6035 18987    -1  1520   330
	 6071 19066    -1  1520   330
	 6112 19018    -1  1490   320
	 6117 19035    -1  1490   320
	 6201 19109    -1  1490   320
	 6194 19068   308  1490   330
	 6202 19146   547  1500   330
	 6206 19173   619  1500   340
	 6210 19178   671  1500   350
	 6211 19179   702  1500   360
	 6214 19179   718  1500   370
	 6215 19178   760  1500   380
	 6210 19177   769  1500   390
	 6199 19177   768  1510   390
	 6178 19164   770  1510   400
	 6146 19163   768  1510   410
	 6079 19129   760  1510   420
	 6001 19068   766  1510   430
	 5906 19013   760  1500   440
	 5794 18918   766  1520   450
	 5669 18825   767  1520   460
	 5549 18714   767  1520   460
	 5427 18601   766  1520   460
	 5292 18492   766  1520   460
	 5175 18405   766  1520   460
	 5075 18299   766  1510   470
	 4996 18231   755  1510   470
	 4919 18168   760  1510   470
	 4875 18133   767  1500   480
	 4840 18107   766  1500   480
	 4828 18101   760  1500   480
	 4831 18091   737  1490   490
	 4842 18101   729  1490   490
	 4882 18106   733  1490   490
	 4951 18137   766  1480   500
	 5056 18188   774  1480   500
	 5203 18266   777  1480   500
	 5389 18390   779  1480   500
	 5598 18524   782  1480   500
	 5830 18665   786  1480   500
	 6084 18823   790  1480   500
	 6341 18988   817  1490   490
	 6618 19145   821  1490   490
	 6898 19301   829  1490   490
	 7154 19465   829  1500   480
	 7421 19610   841  1510   470
	 7687 19751   849  1520   460
	 7951 19884   870  1540   460
	 8151 20012   875  1550   450
	 8354 20122   884  1560   440
	 8516 20204   891  1560   430
	 8650 20279   897  1580   420
	 8739 20330   904  1590   410
	 8806 20363   906  1600   400
	 8833 20391   910  1610   390
	 8840 20392   919  1620   390
	 8837 20392   929  1630   380
	 8832 20390   932  1630   380
	 8815 20378   913  1630   370
	 8740 20347   893  1640   360
	 8601 20293   880  1640   350
	 8407 20204   873  1640   350
	 8191 20117   868  1640   350
	 7976 19995   849  1640   350
	 7752 19866   846  1640   350
	 7542 19752   847  1640   360
	 7354 19627   846  1640   360
	 7186 19498   847  1630   360
	 7025 19369   841  1620   380
	 6880 19258   841  1610   380
	 6743 19176   835  1610   390
	 6640 19094   838  1600   390
	 6558 19016   838  1590   400
	 6510 18965   838  1580   410
	 6479 18921   836  1570   420
	 6476 18903   835  1560   420
	 6479 18888   830  1550   430
	 6492 18873   827  1540   440
	 6525 18859   826  1540   450
	 6564 18844   826  1520   450
	 6620 18841   827  1510   460
	 6682 18841   825  1510   460
	 6770 18842   825  1510   460
	 6842 18855   825  1500   470
	 6935 18858   826  1500   470
	 6996 18872   826  1500   470
	 7039 18869   825  1500   470
	 7075 18855   826  1500   470
	 7099 18842   825  1500   470
	 7118 18828   826  1500   470
	 7130 18811   826  1500   470
	 7145 18792   826  1500   470
	 7154 18774   827  1500   470
	 7160 18746   827  1500   470
	 7164 18714   829  1500   470
	 7163 18695   827  1500   470
	 7165 18668   827  1500   470
	 7167 18652   820  1500   470
	 7176 18635   790  1500   470
	 7182 18629   776  1500   470
	 7190 18615   700  1500   470
	 7198 18603   634  1500   470
	 7211 18597   338  1500   470
	 7227 18597    64  1500   470
