ABCDE-012_345_678 600
	20824  9832    64  1180   600
	20825  9786   182  1180   600
	20820  9769   344  1180   600
	20816  9753   302  1180   600
	20811  9737   368  1160   600
	20817  9721   480  1170   610
	20817  9708   570  1170   610
	20818  9706   646  1170   610
	20822  9706   678  1170   610
	20821  9705   717  1170   610
	20823  9705   772  1170   610
	20820  9706   784  1170   610
	20823  9705   814  1170   610
	20821  9706   825  1170   610
	20824  9707   833  1170   610
	20824  9707   844  1170   610
	20824  9719   864  1150   620
	20824  9721   872  1150   620
	20825  9733   877  1150   620
	20825  9749   880  1150   620
	20827  9768   879  1150   620
	20827  9819   879  1150   620
	20834  9893   879  1150   620
	20843  9989   877  1150   620
	20853 10103   876  1150   620
	20866 10216   873  1150   620
	20881 10347   869  1150   620
	20892 10517   847  1150   620
	20906 10710   838  1170   610
	20923 10918   825  1170   610
	20946 11157   815  1190   610
	20970 11401   789  1190   610
	20994 11675   776  1200   600
	21022 11957   723  1200   600
	21047 12232   691  1240   600
	21064 12472   678  1250   590
	21075 12681   681  1270   590
	21078 12840   681  1280   580
	21077 12951   689  1310   570
	21066 13015   704  1320   570
	21061 13032   722  1340   560
	21056 13031   730  1350   550
	21051 13013   734  1360   550
	21051 12985   738  1370   540
	21046 12923   766  1390   540
	21035 12842   769  1400   530
	21026 12715   776  1400   530
	21018 12550   782  1400   530
	21018 12361   789  1400   530
	21029 12150   815  1400   530
	21042 11900   819  1400   530
	21056 11673   822  1410   530
	21072 11420   825  1400   540
	21097 11189   825  1400   540
	21120 10954   826  1390   550
	21142 10807   827  1380   550
	21168 10681   829  1360   560
	21190 10583   827  1350   570
	21206 10502   826  1320   580
	21226 10427   825  1310   580
	21245 10380   822  1290   590
	21257 10360   818  1290   600
	21271 10345   799  1280   610
	21282 10343   780  1260   610
	21286 10346   773  1240   620
	21290 10361   771  1240   620
	21287 10394   721  1230   620
	21287 10474   686  1230   620
	21287 10566   651  1230   620
	21288 10663   570  1210   630
	21282 10775   338  1220   630
	21277 10904   234  1220   630
	21279 11065    -1  1240   630
	21267 11239    -1  1240   630
	21249 11414    -1  1260   620
	21231 11608    -1  1260   620
	21223 11816    -1  1270   620
	21218 12023    -1  1270   620
	21224 12230    -1  1310   610
	21238 12395    -1  1320   600
	21272 12508    -1  1340   600
	21314 12585    -1  1350   590
	21359 12629    -1  1360   580
	21387 12635   344  1360   580
	21386 12649   565  1380   580
	21389 12649   609  1380   570
	21386 12646   630  1380   570
	21389 12630   639  1390   560
	21393 12588   650  1390   560
	21407 12533   663  1400   550
	21413 12456   675  1400   550
	21428 12363   704  1400   550
	21431 12263   738  1390   560
	21439 12124   775  1380   550
	21442 11973   783  1380   550
	21449 11829   812  1380   550
	21460 11654   821  1360   560
	21466 11467   827  1360   560
	21476 11308   834  1350   570
	21493 11161   836  1340   560
	21496 11030   840  1320   570
	21511 10904   841  1310   570
	21510 10809   844  1310   570
	21516 10746   846  1300   580
	21526 10696   846  1280   580
	21533 10648   846  1280   580
	21540 10620   847  1270   590
	21545 10615   844  1250   590
	21550 10601   838  1250   590
	21555 10600   829  1240   600
	21554 10602   822  1240   600
	21557 10613   815  1220   600
	21560 10632   789  1220   600
	21562 10667   781  1220   600
	21574 10731   768  1220   600
	21586 10822   690  1220   600
	21600 10920   645  1220   600
	21611 11046   415  1200   600
	21618 11191   308  1220   600
	21626 11338    35  1220   600
	21630 11510    -1  1220   600
	21633 11692    -1  1240   600
	21625 11882    -1  1240   600
	21626 12086    -1  1240   600
	21629 12277    -1  1270   590
	21639 12442    -1  1280   580
	21654 12583    -1  1300   580
	21674 12681    -1  1300   580
	21695 12741   234  1310   570
	21690 12777   420  1320   570
	21691 12795   590  1340   560
	21693 12806   648  1340   560
	21690 12805   660  1350   550
	21692 12794   663  1360   550
	21695 12790   663  1360   550
	21699 12763   664  1370   540
	21713 12729   674  1370   540
	21724 12667   691  1370   540
	21729 12601   701  1370   540
	21740 12507   725  1390   550
	21745 12394   767  1390   550
	21755 12264   771  1390   550
	21762 12119   776  1390   550
	21770 11974   778  1380   550
	21776 11836   783  1380   550
	21778 11703   786  1360   560
	21779 11563   790  1360   560
	21779 11430   814  1350   570
	21775 11317   820  1340   570
	21775 11221   822  1340   570
	21775 11129   824  1320   580
	21781 11048   822  1320   580
	21774 10987   823  1310   580
	21784 10939   822  1290   590
	21784 10907   820  1290   590
	21788 10888   799  1280   590
	21791 10876   782  1280   590
	21795 10871   770  1280   590
	21799 10872   689  1260   600
	21808 10874   625  1260   600
	21816 10891   516  1280   610
	21829 10936   317  1280   610
	21848 10987    -1  1280   610
	21864 11061    -1  1280   610
	21877 11113    -1  1280   610
	21893 11159    -1  1280   610
	21911 11195    -1  1280   610
	21926 11226    -1  1280   610
	21948 11254    -1  1280   610
	21965 11270    -1  1280   610
	21983 11274    -1  1280   610
	21994 11273    -1  1280   610
	21994 11273    -1  1280   610
	21996 11271   367  1280   610
	21994 11271   374  1290   610
	21989 11269   390  1290   610
	21990 11256   410  1290   610
	21990 11241   507  1290   610
	21990 11225   536  1290   610
	21989 11207   555  1290   610
	21988 11180   572  1290   610
	21993 11160   619  1290   610
	21989 11144   630  1290   610
	21995 11131   636  1290   610
	22001 11114   645  1290   610
	22009 11094   651  1290   610
	22020 11068   658  1290   610
	22029 11064   660  1290   610
	22036 11063   661  1290   610
	22043 11062   664  1290   610
	22056 11062   672  1290   610
	22064 11064   686  1290   630
	22075 11077   693  1290   630
	22091 11094   698  1290   630
	22103 11114   700  1290   630
	22115 11145   704  1290   630
	22125 11178   705  1290   630
	22127 11221   705  1290   630
	22124 11254   706  1290   630
	22115 11275   713  1290   630
	22103 11304   713  1300   620
	22088 11322   717  1300   620
	22071 11337   725  1300   620
	22054 11349   725  1300   620
	22038 11352   718  1300   620
	22024 11351   706  1320   610
	22011 11351   686  1320   610
	21998 11338   651  1320   610
	21993 11334   562  1320   610
	21988 11307   338  1320   610
	21980 11287   249  1310   610
	21976 11259    -1  1310   610
	21974 11255    -1  1310   610
	21974 11244    -1  1310   610
	21982 11241    -1  1310   610
	21992 11242    -1  1310   610
	22001 11254    -1  1310   610
	22021 11257    -1  1310   610
	22039 11271    -1  1310   610
	22062 11276    -1  1310   610
	22084 11289    -1  1310   610
	22110 11301    -1  1290   610
	22132 11304    -1  1290   610
	22153 11304    -1  1290   610
	22172 11304    -1  1290   610
	22179 11305    -1  1300   620
	22187 11304   262  1300   620
	22184 11306   278  1320   610
	22181 11307   357  1320   610
	22179 11308   405  1320   610
	22179 11308   513  1320   610
	22180 11308   539  1320   610
	22182 11308   565  1320   610
	22182 11308   603  1320   610
	22182 11307   639  1320   610
	22184 11306   650  1320   610
	22189 11304   653  1320   610
	22193 11292   656  1320   610
	22194 11290   658  1320   610
	22203 11286   660  1320   610
	22205 11271   663  1320   610
	22212 11259   664  1320   610
	22218 11256   666  1320   610
	22223 11255   668  1320   610
	22229 11255   669  1320   610
	22232 11255   669  1320   610
	22238 11256   671  1320   610
	22238 11256   677  1320   610
	22243 11259   683  1320   610
	22242 11270   691  1320   610
	22242 11273   697  1320   610
	22240 11287   700  1320   610
	22232 11304   691  1320   610
	22228 11323   691  1320   610
	22220 11338   691  1320   610
	22208 11350   690  1320   610
	22203 11354   681  1340   610
	22192 11367   669  1340   610
	22186 11369   656  1340   610
	22183 11371   605  1340   610
	22182 11370   462  1340   610
	22185 11369   367  1340   610
	22191 11367   182  1340   610
	22195 11365    -1  1340   610
	22197 11355    -1  1340   610
	22202 11353    -1  1340   610
	22214 11353    -1  1340   610
	22223 11353    -1  1340   610
	22233 11355    -1  1350   620
	22248 11365    -1  1350   620
	22260 11367    -1  1350   620
	22279 11370    -1  1350   620
	22295 11372    -1  1350   620
	22307 11382    -1  1350   620
	22315 11385    -1  1350   620
	22327 11387    -1  1350   620
	22330 11398    -1  1350   620
	22336 11404    75  1330   620
	22339 11417   327  1350   620
	22338 11433   310  1350   620
	22336 11448   368  1350   620
	22338 11461   415  1350   620
	22336 11465   531  1350   620
	22336 11477   547  1350   620
	22337 11480   562  1350   620
	22336 11481   595  1350   620
	22332 11480   634  1350   620
	22336 11480   639  1350   620
	22336 11479   643  1340   610
	22335 11479   645  1340   610
	22335 11467   645  1340   610
	22336 11466   646  1340   610
	22335 11461   646  1340   610
	22338 11450   646  1340   610
	22342 11436   650  1340   610
	22345 11430   651  1340   610
	22344 11414   653  1340   610
	22349 11402   655  1340   610
	22351 11387   656  1340   610
	22352 11372   658  1340   610
	22350 11368   658  1340   610
	22352 11366   658  1340   610
	22352 11365   660  1340   610
	22353 11356   660  1340   610
	22355 11356   660  1340   610
	22352 11355   658  1340   610
	22355 11365   653  1340   610
	22357 11365   646  1340   610
	22361 11369   630  1340   610
	22364 11384   590  1350   620
	22373 11404   560  1350   620
	22383 11435   531  1350   620
	22399 11477   405  1350   620
	22409 11512   368  1350   620
	22420 11560   302  1350   620
	22429 11621   344  1350   620
	22441 11687   308  1350   620
	22451 11766   249  1360   610
	22466 11847   201  1360   610
	22486 11945   136  1360   610
	22508 12041   108  1360   610
	22535 12133   160  1380   600
	22555 12187   360  1360   600
	22564 12230   390  1360   600
	22566 12249   533  1380   590
	22573 12261   581  1380   590
	22573 12252   623  1380   590
	22573 12250   632  1380   580
	22575 12245   639  1380   580
	22579 12217   655  1380   580
	22579 12169   671  1380   580
	22578 12105   686  1360   570
	22576 12041   696  1360   570
	22578 11989   700  1360   570
	22578 11928   706  1380   570
	22582 11877   718  1360   570
	22585 11830   725  1360   570
	22589 11784   722  1360   570
	22588 11756   722  1360   570
	22588 11737   725  1360   570
	22587 11705   725  1360   570
	22583 11686   717  1360   570
	22577 11674   696  1360   570
	22577 11672   658  1350   580
	22576 11673   557  1350   580
	22576 11672   294  1350   580
	22571 11687   108  1350   580
	22565 11708    -1  1350   580
	22558 11749    -1  1350   580
	22555 11785    -1  1360   570
	22553 11830    -1  1360   570
	22557 11882    -1  1350   570
	22555 11942    -1  1350   570
	22559 12025    -1  1350   570
	22571 12119    -1  1350   570
	22572 12216    -1  1340   550
	22578 12313    -1  1340   550
	22585 12412    -1  1340   550
	22595 12519    -1  1340   550
	22592 12636    -1  1340   550
	22598 12778    -1  1340   550
	22599 12934    -1  1340   550
	22591 13109    -1  1340   550
	22605 13254    -1  1340   550
	    0     0    -4     0     0
	    0     0    -4     0     0
	22709 11835    -1  1350   800
	22750 11830    -1  1380   770
	22788 11804    -1  1430   740
	22827 11787    -1  1370   730
	22856 11772    -1  1370   730
	22881 11756    -1  1370   730
	22906 11754    -1  1370   730
	22919 11749    -1  1370   730
	22923 11736    -1  1370   730
	22925 11723    -1  1370   730
	22920 11718    -1  1370   730
	22913 11719    -1  1480   460
	22886 11737    -1  1490   440
	22852 11771    -1  1490   420
	22841 11771    -1  1500   400
	22830 11769    -1  1500   400
	22854 11703    -1  1500   360
	22804 11750    -1  1510   370
	22790 11737    -1  1500   380
	22817 11722    -1  1500   380
	22768 11627    -1  1490   400
	22760 11689    -1  1480   400
	22753 11671    -1  1480   400
	22777 11576    -1  1470   420
	22741 11639    -1  1460   430
	22765 11622    -1  1460   440
	22734 11605    -1  1470   450
	22735 11577    -1  1470   450
	22734 11478    -1  1470   450
	22758 11451    -1  1450   460
	22730 11510    -1  1450   460
	22746 11484    -1  1450   470
	22725 11463     0  1450   470
	22725 11434   201  1450   480
	22720 11418   357  1450   480
	22717 11417   405  1450   500
	22712 11414   420  1450   500
	22704 11400   525  1450   500
	22705 11397   555  1450   510
	22700 11385   574  1450   510
	22699 11383   609  1470   510
	22699 11384   638  1470   510
	22703 11385   656  1470   510
	22703 11385   671  1470   520
	22705 11386   686  1470   520
	22718 11400   697  1470   520
	22748 11417   709  1480   530
	22797 11462   717  1480   530
	22864 11450   737  1480   530
	22952 11575   766  1480   530
	23063 11655   769  1480   530
	23181 11739   771  1480   530
	23306 11832   775  1490   520
	23431 11914   776  1490   520
	23573 11996   777  1490   520
	23690 12088   782  1490   520
	23798 12167   787  1490   520
	23889 12232   803  1490   520
	23965 12278   815  1490   520
	24028 12309   818  1500   520
	24065 12325   820  1500   520
	24081 12328   820  1500   520
	24080 12327   816  1500   520
	24076 12327   790  1500   520
	24070 12316   780  1500   520
	24035 12295   773  1500   520
	23954 12231   770  1500   520
	23842 12121   766  1500   520
	23701 11980   706  1500   520
	23532 11851   669  1500   520
	23341 11702   660  1500   520
	23134 11530   660  1500   520
	22927 11372   663  1490   530
	22736 11227   678  1490   530
	22564 11081   702  1490   530
	22390 10939   736  1490   530
	22232 10837   774  1490   530
	22099 10728   780  1490   530
	22010 10633   782  1510   530
	21853 10539   785  1510   530
	21775 10487   788  1510   530
	21720 10442   803  1500   540
	21696 10425   812  1500   540
	21689 10412   816  1500   540
	21695 10422   819  1500   540
	21704 10423   820  1500   540
	21724 10428   822  1500   540
	21759 10454   825  1500   540
	21822 10489   829  1500   540
	21909 10537   841  1500   540
	22001 10598   845  1500   540
	22103 10664   846  1500   540
	22205 10729   847  1500   540
	22308 10805   846  1510   540
	22406 10871   841  1510   540
	22510 10933   833  1500   540
	22597 10985   826  1500   540
	22674 11046   817  1500   540
	22736 11093   777  1500   540
	22789 11127   724  1500   540
	22828 11146   595  1500   540
	22852 11161   294  1500   540
	22856 11175     0  1500   540
	22849 11180    -1  1500   540
	22818 11180    -1  1500   540
	22769 11180    -1  1480   540
	22711 11161    -1  1480   540
	22659 11177    -1  1480   540
	22569 11173    -1  1480   540
	22487 11146    -1  1470   550
	22380 11161    -1  1470   550
	22294 11132    -1  1450   540
	22170 11128    -1  1440   540
	22100 11128    -1  1420   540
	22003 11100    -1  1410   530
	21894 11083    -1  1410   530
	21779 11066    -1  1400   540
	21666 11049    -1  1400   520
	21560 11031    -1  1420   500
	21449 11014    -1  1440   490
	21343 11001    -1  1440   480
	21245 10986    -1  1460   470
	21154 10983    -1  1470   460
	21071 10970    -1  1500   450
	20998 10970    -1  1510   430
	20982 10956    -1  1520   420
	20923 10966    -1  1540   410
	20869 10969    -1  1550   400
	20818 10971    -1  1560   380
	20782 10985    -1  1570   380
	20753 11000    -1  1580   360
	20728 11018    -1  1590   350
	20710 11034    -1  1600   330
	20704 11063    -1  1610   340
	20680 11111    -1  1610   340
	20722 11142    -1  1600   360
	20717 11176    -1  1590   370
	20783 11206    -1  1590   370
	20827 11192    -1  1570   370
	20840 11210    -1  1530   410
	20939 11274    -1  1530   410
	20998 11242    -1  1520   400
	20978 11257   297  1470   440
	21051 11350   675  1470   450
	21015 11369   717  1460   470
	21017 11382   733  1450   470
	21021 11372   738  1450   480
	21020 11372   736  1440   490
	21019 11369   729  1440   500
	21012 11366   721  1420   520
	21001 11352   715  1420   530
	20963 11322   710  1420   530
	20898 11286   714  1450   530
	20815 11227   713  1450   530
	20726 11160   713  1460   530
	20631 11079   713  1470   520
	20528 10972   715  1470   520
	20407 10872   715  1470   520
	20273 10762   717  1490   520
	20136 10646   721  1490   520
	20007 10533   725  1480   530
	19882 10438   737  1480   530
	19761 10344   770  1480   530
	19660 10267   774  1480   530
	19574 10213   778  1480   530
	19510 10171   784  1480   530
	19470 10150   789  1480   530
	19451 10140   815  1480   530
	19453 10149   822  1480   530
	19461 10150   824  1470   530
	19486 10165   828  1460   530
	19544 10202   832  1460   530
	19639 10278   840  1460   530
	19787 10380   845  1460   530
	19986 10469   849  1460   530
	20210 10709   869  1460   530
	20486 10889   871  1460   530
	20758 11096   874  1460   530
	21093 11305   877  1460   530
	21457 11528   877  1470   530
	21799 11766   880  1470   530
	22179 11980   890  1470   530
	22562 12217   894  1480   530
	22900 12428   902  1480   530
	23265 12636   906  1480   530
	23599 12822   902  1500   520
	23858 12965   900  1500   520
	24118 13093   891  1520   530
	24329 13205   879  1520   530
	24483 13275   875  1520   530
	24582 13318   868  1540   520
	24622 13333   839  1540   520
	24622 13324   818  1540   520
	24584 13306   788  1540   520
	24476 13257   777  1540   520
	24304 13162   738  1540   520
	24082 13032   698  1540   520
	23800 12892   677  1540   520
	23496 12730   661  1540   520
	23159 12549   661  1530   530
	22816 12360   678  1530   530
	22501 12166   729  1530   530
	22201 11962   775  1530   530
	21885 11798   786  1520   540
	21616 11627   819  1520   540
	21365 11461   827  1510   530
	21150 11320   828  1510   530
	20958 11192   829  1510   530
	20810 11082   832  1510   530
	20715 11001   834  1480   540
	20671 10952   838  1480   540
	20654 10919   838  1490   530
	20656 10907   836  1480   540
	20671 10901   838  1480   540
	20702 10886   841  1480   540
	20749 10871   846  1480   540
	20818 10859   862  1480   540
	20921 10859   870  1480   540
	21024 10875   873  1480   540
	21134 10886   875  1480   540
	21225 10901   875  1480   540
	21321 10906   874  1470   550
	21428 10924   875  1470   550
	21521 10940   872  1470   550
	21580 10956   870  1470   550
	21638 10969   864  1470   550
	21685 10972   848  1470   550
	21725 10972   835  1470   550
	21751 10972   824  1470   550
	21770 10972   788  1470   550
	21774 10969   766  1470   550
	21776 10968   664  1470   550
	21776 10965   525  1470   550
	21773 10955   308  1470   550
