ABCDE-012_345_678 618
	13318 14300   182  1290   590
	13330 14235   363  1280   590
	13336 14188   462  1280   590
	13339 14137   565  1250   600
	13352 14075   643  1250   600
	13366 14026   689  1250   600
	13378 13978   738  1230   610
	13387 13960   776  1230   610
	13392 13945   790  1220   610
	13399 13927   829  1200   600
	13408 13898   844  1190   610
	13407 13896   856  1190   610
	13407 13894   872  1190   610
	13411 13894   875  1170   610
	13410 13894   878  1170   610
	13412 13895   880  1170   610
	13412 13895   885  1180   620
	13414 13895   890  1180   620
	13416 13896   894  1180   620
	13417 13899   897  1160   630
	13418 13900   897  1160   630
	13419 13914   901  1160   630
	13418 13930   902  1160   630
	13413 13989   895  1160   630
	13421 14072   891  1160   630
	13433 14200   883  1160   630
	13442 14341   878  1160   630
	13451 14475   862  1160   630
	13453 14620   841  1160   630
	13457 14827   824  1160   630
	13457 15020   812  1160   630
	13449 15239   783  1180   620
	13446 15462   780  1200   620
	13450 15671   779  1220   610
	13457 15884   779  1230   610
	13472 16072   777  1250   600
	13481 16250   779  1260   600
	13499 16392   780  1280   590
	13506 16475   784  1290   590
	13512 16517   789  1310   580
	13512 16519   803  1310   580
	13514 16504   799  1320   580
	13524 16491   799  1340   570
	13539 16470   812  1350   570
	13559 16412   820  1350   570
	13583 16313   825  1350   570
	13612 16169   834  1360   560
	13643 16028   841  1360   560
	13672 15864   846  1360   560
	13700 15659   862  1380   570
	13727 15465   869  1360   570
	13737 15272   870  1360   570
	13765 15079   870  1360   570
	13779 14953   871  1350   580
	13785 14842   872  1340   580
	13804 14730   871  1320   590
	13816 14646   870  1320   590
	13826 14566   862  1310   600
	13837 14506   846  1310   610
	13843 14476   837  1290   610
	13848 14458   825  1270   620
	13848 14457   812  1270   620
	13851 14457   786  1260   620
	13851 14472   777  1240   630
	13843 14506   706  1250   640
	13835 14570   632  1250   640
	13833 14651   437  1250   640
	13828 14758   297  1250   640
	13818 14860    -1  1240   640
	13802 14985    -1  1250   640
	13779 15131    -1  1250   640
	13756 15319    -1  1250   640
	13734 15510    -1  1250   640
	13718 15701    -1  1270   630
	13715 15898    -1  1290   630
	13723 16076    -1  1290   610
	13741 16234    -1  1290   610
	13764 16346    -1  1320   600
	13800 16428    -1  1320   600
	13836 16472    -1  1340   600
	13853 16491   656  1350   590
	13854 16504   724  1340   580
	13854 16504   738  1350   580
	13858 16492   769  1350   580
	13866 16486   776  1360   570
	13877 16455   782  1360   570
	13886 16395   807  1360   570
	13902 16327   822  1360   570
	13911 16235   835  1360   570
	13924 16124   858  1360   570
	13938 16024   877  1360   570
	13950 15910   895  1350   580
	13965 15766   913  1350   580
	13978 15605   932  1340   580
	13991 15462   949  1340   580
	14003 15333   954  1320   590
	14017 15196   956  1340   600
	14030 15084   959  1320   600
	14040 14988   963  1320   600
	14052 14918   965  1310   610
	14060 14871   966  1310   610
	14067 14808   966  1290   610
	14069 14775   965  1290   630
	14083 14761   964  1290   630
	14088 14744   959  1270   630
	14088 14742   949  1270   630
	14089 14742   934  1270   640
	14090 14743   912  1270   640
	14090 14743   884  1270   640
	14090 14744   868  1250   650
	14090 14759   835  1250   650
	14083 14793   786  1250   650
	14073 14855   729  1250   650
	14071 14939   630  1250   650
	14065 15035   420  1250   650
	14060 15157   275  1250   650
	14045 15291    -1  1250   650
	14024 15447    -1  1270   640
	14004 15590    -1  1270   640
	13984 15739    -1  1290   640
	13972 15896    -1  1290   640
	13966 16039    -1  1300   630
	13968 16169    -1  1300   630
	13980 16279    -1  1320   630
	13992 16357   374  1330   620
	13993 16407   645  1340   610
	13993 16424   706  1340   610
	13989 16425   773  1350   600
	13997 16421   780  1350   600
	13999 16412   784  1360   600
	14003 16408   787  1360   600
	14010 16395   790  1380   590
	14023 16364   816  1380   590
	14039 16315   824  1380   590
	14053 16247   832  1380   580
	14074 16150   841  1380   580
	14088 16043   847  1360   580
	14113 15945   864  1380   590
	14132 15818   872  1380   590
	14143 15686   879  1380   590
	14160 15557   886  1350   590
	14166 15431   894  1350   590
	14169 15306   900  1340   600
	14183 15224   908  1340   600
	14198 15114   913  1320   600
	14209 15034   919  1320   600
	14211 14971   921  1310   600
	14214 14938   921  1290   600
	14218 14905   918  1290   600
	14221 14875   910  1280   610
	14225 14856   894  1280   610
	14228 14841   877  1260   610
	14230 14840   841  1260   610
	14230 14839   813  1250   600
	14232 14840   768  1230   610
	14235 14842   660  1230   610
	14241 14856   555  1230   610
	14256 14888   344  1230   610
	14271 14924    -1  1230   610
	14277 14968    -1  1230   610
	14284 15000    -1  1230   610
	14291 15034    -1  1230   610
	14303 15064    -1  1250   600
	14313 15096    -1  1250   600
	14326 15116    -1  1250   600
	14341 15132    -1  1260   600
	14354 15145    -1  1260   600
	14366 15146    -1  1260   600
	14371 15147   405  1280   590
	14366 15147   638  1280   590
	14365 15148   664  1280   590
	14366 15148   706  1290   590
	14367 15148   766  1290   590
	14366 15146   773  1310   600
	14369 15144   777  1310   600
	14368 15132   778  1310   600
	14370 15127   781  1310   600
	14372 15109   783  1310   600
	14377 15078   785  1310   600
	14379 15049   786  1310   600
	14388 15019   787  1290   600
	14392 14999   787  1290   600
	14399 14971   788  1290   600
	14409 14951   787  1290   600
	14412 14937   786  1290   600
	14417 14933   785  1280   610
	14429 14919   784  1280   610
	14441 14917   781  1280   610
	14451 14906   776  1290   610
	14460 14908   772  1290   610
	14471 14918   769  1270   620
	14475 14923   770  1270   620
	14487 14936   770  1270   620
	14493 14965   773  1270   620
	14502 14998   773  1270   620
	14506 15020   775  1260   620
	14506 15052   776  1260   620
	14499 15083   777  1270   620
	14489 15113   779  1270   620
	14480 15131   785  1270   620
	14470 15144   787  1270   620
	14455 15157   789  1270   620
	14446 15161   807  1270   620
	14434 15164   807  1300   620
	14426 15164   803  1290   610
	14419 15162   786  1300   620
	14414 15160   776  1300   620
	14406 15147   723  1310   610
	14398 15131   646  1310   610
	14395 15112   415  1310   610
	14394 15081   218  1310   610
	14389 15061    -1  1310   610
	14386 15047    -1  1320   600
	14386 15047    -1  1320   600
	14391 15045    -1  1320   600
	14394 15045    -1  1310   600
	14400 15048    -1  1310   600
	14407 15050    -1  1320   590
	14420 15062    -1  1320   590
	14436 15068    -1  1310   580
	14456 15082    -1  1310   580
	14476 15095    -1  1320   580
	14499 15110    -1  1320   580
	14520 15115    -1  1320   580
	14541 15126    -1  1320   580
	14558 15132    -1  1320   580
	14575 15143    -1  1340   570
	14585 15146    -1  1340   570
	14589 15148   286  1320   580
	14586 15162   390  1340   580
	14580 15173   542  1340   580
	14582 15175   599  1340   580
	14583 15174   641  1350   590
	14582 15174   656  1340   600
	14583 15164   666  1340   600
	14582 15164   680  1340   600
	14583 15162   690  1340   610
	14582 15157   698  1340   610
	14583 15143   706  1320   610
	14588 15116   714  1320   610
	14593 15109   715  1320   610
	14598 15096   717  1300   620
	14604 15082   718  1300   620
	14612 15077   718  1300   620
	14621 15063   721  1300   620
	14628 15052   717  1300   620
	14636 15050   713  1300   620
	14644 15049   705  1300   620
	14655 15047   698  1320   630
	14663 15050   698  1320   630
	14676 15052   700  1300   630
	14683 15064   704  1300   630
	14686 15068   708  1300   630
	14687 15084   723  1300   630
	14694 15098   737  1300   630
	14686 15112   744  1300   630
	14681 15131   737  1300   630
	14672 15148   738  1300   630
	14663 15175   736  1320   630
	14655 15179   733  1320   630
	14647 15192   723  1320   630
	14642 15193   706  1320   630
	14637 15195   693  1320   630
	14636 15194   675  1320   630
	14634 15193   646  1330   620
	14639 15192   560  1330   620
	14639 15180   380  1330   620
	14639 15173   327  1330   620
	14644 15158    -1  1330   620
	14648 15147    -1  1350   620
	14656 15158    -1  1350   620
	14669 15161    -1  1350   620
	14685 15173    -1  1360   610
	14699 15179    -1  1360   610
	14717 15191    -1  1360   610
	14737 15195    -1  1360   610
	14756 15209    -1  1380   610
	14776 15211   218  1370   620
	14782 15225   390  1370   620
	14781 15228   531  1370   620
	14782 15239   621  1350   630
	14786 15241   683  1350   630
	14786 15243   760  1350   630
	14784 15243   782  1350   630
	14784 15244   820  1350   630
	14785 15244   835  1350   630
	14785 15243   845  1330   630
	14783 15242   848  1330   630
	14784 15242   849  1330   630
	14785 15239   853  1320   640
	14789 15228   856  1320   640
	14790 15223   853  1320   640
	14792 15207   850  1320   640
	14796 15190   858  1320   640
	14799 15163   862  1320   640
	14803 15147   862  1320   640
	14810 15131   853  1320   640
	14812 15115   849  1320   640
	14822 15109   847  1320   640
	14825 15097   841  1320   640
	14825 15094   829  1320   640
	14829 15096   820  1320   640
	14831 15096   790  1320   640
	14832 15097   783  1320   640
	14833 15100   777  1320   640
	14839 15113   773  1320   640
	14843 15141   769  1320   640
	14850 15173   738  1320   640
	14852 15222   700  1320   640
	14855 15271   693  1320   640
	14864 15322   689  1320   640
	14867 15387   671  1320   640
	14872 15464   660  1320   640
	14883 15545   661  1330   630
	14892 15623   668  1330   630
	14901 15690   683  1330   630
	14906 15750   706  1350   640
	14912 15785   771  1350   640
	14915 15799   784  1370   630
	14915 15801   815  1370   630
	14915 15801   822  1370   630
	14915 15800   824  1370   630
	14920 15788   824  1380   630
	14923 15772   824  1380   630
	14930 15751   830  1380   630
	14942 15692   839  1380   630
	14948 15640   846  1380   630
	14954 15578   856  1380   630
	14964 15527   872  1380   630
	14968 15462   876  1380   630
	14974 15403   879  1380   630
	14978 15355   880  1380   630
	14981 15320   881  1380   630
	14984 15292   880  1380   630
	14989 15275   880  1370   630
	14990 15269   877  1370   630
	14994 15258   869  1370   630
	14993 15256   841  1370   630
	14993 15257   820  1370   630
	14994 15257   778  1370   650
	14994 15259   689  1370   650
	14991 15259   542  1370   650
	14988 15272    -1  1370   650
	14977 15308    -1  1370   650
	14965 15355    -1  1370   650
	14949 15413    -1  1370   650
	14941 15468    -1  1380   650
	14933 15542    -1  1380   650
	14944 15591    -1  1380   650
	14918 15707    -1  1380   650
	14929 15784    -1  1380   650
	14925 15897    -1  1380   650
	14923 16023    -1  1380   650
	14921 16168    -1  1380   650
	14915 16313    -1  1380   650
	14910 16455    -1  1380   650
	    0     0    -4     0     0
	    0     0    -4     0     0
	15367 15020    -1  1650   650
	15368 15030    -1  1650   650
	15370 15033    -1  1650   650
	15378 15047    -1  1650   650
	15385 15065    -1  1630   640
	15393 15081    -1  1650   620
	15397 15099    -1  1610   590
	15403 15115    -1  1600   560
	15406 15132    -1  1600   540
	15409 15147    -1  1580   520
	15412 15158    -1  1580   520
	15418 15148    -1  1550   510
	15418 15143    -1  1590   460
	15416 15132    -1  1560   450
	15405 15126    -1  1590   410
	15417 15128    -1  1590   410
	15419 15116    -1  1580   380
	15403 15130    -1  1570   380
	15409 15141    -1  1580   350
	15408 15147    -1  1590   330
	15407 15162    -1  1580   340
	15402 15177    -1  1580   340
	15396 15191    -1  1580   350
	15386 15205    -1  1570   360
	15374 15206    -1  1580   360
	15358 15210    -1  1580   370
	15338 15210    -1  1570   380
	15307 15210    -1  1580   380
	15272 15196    -1  1570   390
	15232 15191    -1  1560   400
	15187 15176    -1  1560   400
	15147 15163    -1  1550   410
	15115 15148    -1  1560   410
	15063 15129    -1  1560   410
	15045 15113    -1  1560   410
	14992 15080    -1  1550   420
	14958 15067    -1  1550   420
	14928 15048    -1  1540   430
	14933 15033    -1  1540   440
	14888 15013   249  1540   440
	14879 15003   344  1550   450
	14875 15003   367  1550   450
	14878 15000   294  1540   460
	14888 14987   338  1550   460
	14901 14983   357  1540   470
	14918 14970   374  1540   470
	14940 14966   420  1550   480
	14967 14955   547  1550   480
	15006 14953   581  1560   480
	15047 14955   641  1550   490
	15102 14965   661  1550   490
	15166 14981   686  1550   490
	15254 14999   706  1560   500
	15346 15030   721  1560   500
	15445 15065   744  1560   500
	15561 15110   769  1560   500
	15688 15157   773  1560   500
	15834 15223   775  1560   500
	15991 15291   776  1560   500
	16139 15366   777  1560   500
	16300 15430   778  1570   500
	16446 15495   779  1570   500
	16593 15560   779  1570   500
	16744 15623   778  1570   500
	16874 15609   780  1570   500
	16969 15717   780  1590   500
	17035 15739   780  1590   500
	17073 15755   778  1590   500
	17088 15765   777  1590   500
	17089 15765   775  1590   500
	17088 15765   770  1590   500
	17073 15751   750  1590   500
	17031 15735   727  1600   500
	16953 15689   706  1600   500
	16845 15626   690  1600   500
	16691 15548   674  1600   500
	16524 15463   655  1600   500
	16338 15354   629  1600   500
	16124 15239   581  1590   500
	15905 15115   574  1590   500
	15683 15004   579  1590   500
	15478 14901   601  1590   500
	15293 14780   634  1590   500
	15106 14668   645  1590   500
	14926 14565   660  1590   500
	14760 14469   681  1590   500
	14613 14391   696  1590   500
	14509 14330   705  1590   500
	14445 14284   718  1580   510
	14414 14265   738  1570   510
	14403 14250   766  1570   510
	14409 14249   769  1570   510
	14416 14250   772  1570   510
	14440 14251   776  1570   510
	14490 14277   786  1570   510
	14575 14299   817  1570   510
	14707 14342   822  1570   510
	14852 14394   827  1570   510
	15005 14460   827  1570   510
	15191 14538   827  1570   510
	15374 14615   827  1580   510
	15518 14684   828  1580   510
	15670 14747   824  1580   510
	15818 14821   822  1580   510
	15942 14871   817  1580   510
	16040 14908   786  1580   510
	16126 14939   777  1580   510
	16192 14966   714  1580   510
	16231 14971   651  1580   510
	16245 14972   462  1590   510
	16242 14968   317  1590   510
	16204 14952    -1  1590   510
	16145 14937    -1  1590   510
	16073 14922    -1  1600   500
	15995 14905    -1  1600   500
	15914 14891    -1  1600   500
	15823 14875    -1  1600   500
	15720 14822    -1  1610   490
	15635 14859    -1  1610   490
	15503 14856    -1  1610   490
	15407 14806    -1  1610   480
	15290 14858    -1  1610   480
	15175 14812    -1  1590   480
	15073 14824    -1  1600   460
	14986 14838    -1  1610   450
	14903 14853    -1  1610   440
	14820 14870    -1  1620   440
	14743 14886    -1  1620   440
	14649 14918    -1  1640   410
	14560 14937    -1  1620   400
	14474 14967    -1  1620   390
	14374 15029    -1  1620   380
	14298 15049    -1  1620   370
	14213 15068    -1  1640   350
	14129 15082    -1  1630   340
	14050 15115    -1  1650   330
	13984 15148    -1  1650   320
	13921 15190    -1  1670   300
	13865 15222    -1  1680   290
	13819 15254    -1  1680   290
	13774 15276    -1  1670   290
	13733 15305    -1  1660   300
	13697 15319    -1  1650   320
	13653 15324    -1  1640   330
	13619 15337    -1  1630   340
	13588 15349    -1  1620   360
	13566 15352    -1  1620   370
	13547 15355    -1  1610   380
	13504 15404    -1  1610   390
	13528 15416    -1  1620   400
	13497 15381    -1  1590   430
	13539 15420    -1  1590   430
	13553 15384    -1  1590   430
	13575 15384    -1  1590   430
	13605 15383    -1  1550   420
	13600 15382    -1  1470   490
	13641 15445   681  1470   490
	13588 15483   729  1470   490
	13583 15512   766  1490   490
	13576 15527   776  1490   490
	13575 15528   777  1500   480
	13573 15528   774  1510   480
	13568 15528   769  1510   480
	13552 15516   766  1530   480
	13514 15499   766  1530   480
	13463 15468   766  1550   480
	13397 15433   767  1550   480
	13328 15383   768  1560   480
	13240 15323   769  1560   480
	13138 15254   769  1560   480
	13017 15161   769  1580   480
	12897 15080   771  1580   480
	12780 14988   772  1580   480
	12660 14859   772  1580   480
	12546 14822   774  1580   480
	12443 14746   775  1580   480
	12373 14683   776  1580   480
	12322 14634   776  1580   480
	12292 14604   775  1580   480
	12286 14600   775  1580   480
	12296 14600   774  1580   480
	12305 14600   774  1580   480
	12329 14600   776  1570   480
	12387 14615   783  1570   480
	12503 14647   789  1570   480
	12672 14710   803  1570   480
	12875 14793   816  1560   480
	13112 14902   817  1560   480
	13396 15016   822  1560   480
	13688 15145   824  1560   480
	14024 15307   826  1560   480
	14366 15479   835  1560   480
	14686 15609   841  1570   490
	15032 15769   846  1570   490
	15393 15915   870  1570   490
	15699 16054   874  1580   490
	16028 16168   876  1580   490
	16343 16294   877  1580   490
	16581 16391   880  1590   490
	16813 16470   893  1590   490
	17003 16524   900  1610   490
	17135 16571   906  1610   490
	17230 16599   901  1620   500
	17270 16613   900  1620   490
	17276 16613   894  1620   490
	17274 16613   881  1630   490
	17261 16603   872  1630   490
	17198 16585   853  1630   490
	17070 16533   846  1630   490
	16875 16442   841  1650   490
	16615 16327   830  1650   490
	16352 16188   826  1640   500
	16054 16060   821  1640   500
	15727 15927   820  1640   500
	15411 15783   818  1640   500
	15117 15641   817  1640   500
	14854 15515   823  1630   500
	14599 15403   822  1630   500
	14369 15288   822  1630   500
	14168 15191   827  1630   500
	14009 15100   829  1620   500
	13876 15036   831  1620   500
	13804 14998   831  1620   500
	13759 14970   831  1610   490
	13745 14965   828  1610   490
	13750 14954   821  1590   490
	13766 14955   818  1590   490
	13803 14969   820  1580   490
	13879 14987   822  1580   490
	13996 15019   826  1580   490
	14129 15050   829  1580   490
	14271 15097   835  1580   490
	14399 15145   836  1570   490
	14557 15196   835  1570   490
	14701 15242   838  1570   490
	14831 15260   838  1570   490
	14926 15274   835  1570   490
	15004 15286   835  1570   490
	15060 15274   835  1570   490
	15103 15258   835  1570   490
	15134 15242   835  1570   490
	15159 15222   835  1570   490
	15171 15205   835  1570   490
	15183 15175   835  1570   490
	15190 15146   834  1580   480
	15190 15130   834  1580   480
	15193 15113   834  1590   480
	15190 15093   835  1590   480
	15188 15066   835  1590   480
	15184 15052   833  1590   480
	15184 15035   832  1590   480
	15180 15020   831  1590   480
	15174 15013   830  1600   480
	15162 14984   828  1600   480
	15160 14965   814  1600   480
	15160 14951   780  1600   480
	15167 14937   767  1600   480
	15184 14921   696  1600   480
	15212 14905   630  1600   480
	15256 14903   344  1600   480
