ABCDE-012_345_678 571
	13511  6025   108  1080   560
	13516  5957   555  1050   560
	13510  5914   638  1020   550
	13510  5880   646  1020   560
	13514  5849   663  1010   580
	13515  5815   696  1020   580
	13521  5800   729  1000   600
	13523  5788   768  1010   610
	13525  5788   773  1030   610
	13528  5798   778  1030   610
	13530  5800   782  1040   620
	13533  5801   788  1040   630
	13533  5817   788  1050   640
	13539  5850   789  1050   640
	13540  5900   789  1050   650
	13546  5976   794  1050   650
	13553  6043   790  1050   650
	13554  6136   790  1050   650
	13560  6249   789  1080   650
	13548  6379   786  1080   650
	13543  6524   778  1080   650
	13532  6693   776  1080   650
	13520  6887   771  1100   650
	13495  7094   736  1120   640
	13467  7305   696  1120   640
	13440  7560   658  1140   640
	13416  7818   621  1140   640
	13386  8075   590  1140   640
	13353  8309   574  1170   630
	13340  8571   601  1210   630
	13335  8759   650  1230   620
	13337  8873   689  1240   620
	13337  8965   700  1240   620
	13343  9003   713  1280   610
	13346  9013   723  1290   600
	13357  8985   723  1290   600
	13367  8965   725  1320   590
	13386  8907   755  1340   580
	13414  8825   772  1340   580
	13443  8699   780  1350   580
	13465  8523   799  1350   580
	13498  8300   816  1350   580
	13534  8027   821  1350   580
	13580  7718   826  1350   580
	13627  7418   831  1340   580
	13674  7111   835  1340   580
	13734  6838   841  1320   590
	13780  6635   848  1310   600
	13817  6471   856  1290   610
	13849  6316   853  1270   620
	13883  6185   850  1260   620
	13909  6090   848  1240   630
	13939  6011   845  1240   640
	13968  5960   841  1200   650
	13987  5927   835  1180   650
	13997  5910   823  1170   670
	14002  5911   790  1150   670
	14008  5914   783  1120   670
	14009  5932   778  1140   680
	14009  5978   773  1110   690
	14002  6043   717  1090   690
	13999  6122   684  1090   690
	13986  6214   643  1100   700
	13969  6327   401  1100   700
	13944  6460   327  1100   700
	13912  6614    64  1100   700
	13870  6789    -1  1100   700
	13820  6983    -1  1120   700
	13766  7195    -1  1140   680
	13706  7435    -1  1160   680
	13648  7688    -1  1160   680
	13598  7946    -1  1190   660
	13561  8186    -1  1210   660
	13537  8389    -1  1220   650
	13536  8570    -1  1240   640
	13552  8694    -1  1250   640
	13571  8764   531  1260   620
	13582  8805   634  1270   620
	13585  8808   646  1290   610
	13593  8792   656  1280   610
	13599  8779   668  1290   600
	13610  8764   681  1310   600
	13632  8729   704  1310   600
	13654  8678   760  1320   590
	13685  8587   776  1310   580
	13718  8476   788  1310   580
	13746  8330   814  1310   580
	13771  8170   822  1310   600
	13803  7964   829  1310   600
	13832  7724   840  1310   600
	13877  7499   846  1290   600
	13916  7255   853  1280   610
	13951  7050   870  1270   620
	13984  6886   875  1270   620
	14010  6745   877  1260   620
	14038  6620   878  1240   630
	14061  6522   879  1240   640
	14082  6443   880  1240   640
	14102  6395   879  1230   650
	14117  6357   880  1210   660
	14132  6327   877  1190   660
	14137  6315   871  1180   680
	14137  6315   848  1180   680
	14140  6325   835  1160   680
	14140  6331   824  1150   690
	14140  6348   818  1150   690
	14138  6390   788  1150   690
	14137  6469   770  1120   700
	14131  6555   696  1130   710
	14122  6662   645  1160   700
	14109  6778   401  1160   700
	14085  6938   160  1160   700
	14055  7112    -1  1160   700
	14024  7292    -1  1160   700
	13986  7500    -1  1170   690
	13943  7721    -1  1170   690
	13897  7961    -1  1190   680
	13868  8184    -1  1220   680
	13847  8377    -1  1220   670
	13834  8567    -1  1240   660
	13826  8714    -1  1260   660
	13833  8808    -1  1270   640
	13856  8857    -1  1290   640
	13869  8876   579  1300   630
	13869  8888   672  1300   620
	13872  8885   689  1320   610
	13869  8871   713  1340   610
	13883  8858   734  1350   600
	13890  8837   769  1350   600
	13911  8774   777  1360   600
	13930  8681   786  1350   590
	13963  8565   818  1350   590
	13995  8411   829  1350   590
	14021  8232   839  1360   600
	14063  8028   846  1360   600
	14097  7797   864  1350   600
	14132  7592   872  1350   600
	14165  7372   875  1340   610
	14193  7179   880  1320   610
	14218  7020   883  1300   620
	14239  6887   887  1300   620
	14257  6762   887  1290   630
	14276  6668   893  1270   630
	14296  6597   894  1250   640
	14310  6535   890  1240   640
	14319  6488   882  1220   650
	14329  6453   875  1220   650
	14332  6439   839  1200   650
	14338  6438   789  1180   650
	14339  6439   731  1180   650
	14343  6453   648  1160   660
	14349  6476   480  1160   660
	14355  6536   275  1160   660
	14362  6598    -1  1160   660
	14365  6664    -1  1160   660
	14370  6729    -1  1170   650
	14378  6794    -1  1170   650
	14395  6855    -1  1170   650
	14410  6906    -1  1190   640
	14427  6951    -1  1190   640
	14446  6981    -1  1190   640
	14463  6988    -1  1190   640
	14479  6997    -1  1190   640
	14491  6984    -1  1190   640
	14490  6968   415  1190   640
	14489  6966   609  1190   640
	14487  6954   632  1190   640
	14485  6937   651  1190   640
	14485  6917   675  1190   640
	14485  6885   698  1190   640
	14483  6843   706  1190   640
	14482  6824   715  1200   650
	14484  6794   737  1180   650
	14493  6773   767  1180   650
	14495  6745   768  1180   650
	14503  6716   769  1180   650
	14515  6700   769  1180   650
	14527  6693   768  1180   650
	14542  6682   744  1210   660
	14549  6680   734  1210   660
	14562  6679   727  1210   660
	14574  6680   727  1210   660
	14587  6693   727  1210   660
	14598  6697   729  1210   660
	14604  6712   736  1210   660
	14608  6729   767  1230   650
	14607  6746   770  1230   650
	14607  6780   772  1230   650
	14598  6821   773  1230   650
	14590  6857   775  1230   650
	14575  6888   777  1230   650
	14559  6905   784  1230   650
	14547  6907   785  1230   650
	14520  6922   784  1210   660
	14499  6923   784  1210   660
	14483  6924   784  1210   660
	14469  6924   782  1210   660
	14461  6921   773  1210   660
	14452  6907   708  1210   660
	14444  6890   650  1210   660
	14439  6859   410  1210   660
	14435  6826   297  1210   660
	14435  6808    -1  1210   660
	14439  6794    -1  1210   660
	14440  6791    -1  1210   660
	14449  6789    -1  1210   660
	14462  6790    -1  1230   650
	14475  6794    -1  1230   650
	14491  6806    -1  1250   650
	14509  6821    -1  1250   650
	14528  6838    -1  1250   650
	14552  6844    -1  1270   640
	14574  6860    -1  1270   640
	14593  6876    -1  1270   640
	14602  6901   357  1270   640
	14610  6908   531  1270   640
	14610  6923   555  1270   640
	14615  6934   646  1250   650
	14615  6935   697  1250   650
	14615  6934   729  1250   650
	14617  6934   767  1250   650
	14617  6934   772  1230   650
	14617  6933   776  1230   650
	14620  6923   776  1230   650
	14622  6921   776  1210   660
	14631  6907   776  1220   670
	14637  6901   776  1200   670
	14648  6885   776  1200   670
	14656  6871   775  1200   670
	14665  6858   775  1200   670
	14674  6854   775  1200   670
	14682  6842   775  1220   670
	14693  6839   773  1220   670
	14701  6828   770  1220   670
	14708  6837   768  1220   670
	14720  6839   750  1240   660
	14728  6842   737  1240   660
	14736  6858   737  1260   670
	14741  6871   760  1260   670
	14748  6889   767  1260   670
	14749  6907   768  1260   670
	14742  6933   770  1260   670
	14739  6951   769  1260   670
	14729  6972   769  1260   670
	14719  6998   769  1260   670
	14708  7004   767  1260   670
	14699  7020   755  1260   670
	14690  7029   750  1260   670
	14689  7030   729  1260   670
	14687  7030   700  1240   670
	14687  7030   651  1240   670
	14689  7031   550  1240   670
	14695  7031   374  1240   670
	14701  7031   286  1240   670
	14714  7031   352  1240   670
	14729  7033   336  1240   670
	14747  7036   327  1240   670
	14760  7048   336  1240   670
	14772  7050   367  1240   670
	14786  7061   374  1240   670
	14791  7061   552  1240   670
	14796  7052   639  1240   670
	14799  7050   675  1240   670
	14796  7049   723  1240   670
	14796  7045   773  1240   670
	14798  7035   779  1240   670
	14798  7031   784  1240   670
	14795  7020   786  1240   670
	14796  7016   788  1240   670
	14796  7015   788  1240   670
	14797  7004   789  1240   670
	14802  7002   788  1250   680
	14802  7000   788  1250   680
	14806  6997   788  1250   680
	14809  6986   786  1250   680
	14811  6985   784  1240   670
	14811  6986   780  1240   670
	14811  6988   776  1240   670
	14814  6997   770  1240   670
	14816  7002   744  1240   670
	14819  7030   715  1240   670
	14828  7052   702  1240   670
	14839  7095   684  1240   670
	14849  7144   660  1240   670
	14861  7206   646  1240   670
	14871  7272   623  1240   670
	14876  7354   603  1260   670
	14880  7452   581  1260   670
	14875  7562   601  1260   670
	14869  7676   599  1280   660
	14865  7797   638  1280   660
	14868  7895   706  1280   660
	14872  7932   779  1310   670
	14869  7930   814  1310   670
	14872  7929   828  1310   670
	14874  7916   835  1330   660
	14879  7910   841  1350   650
	14894  7881   846  1350   650
	14906  7831   850  1350   650
	14913  7753   872  1370   650
	14929  7660   880  1370   650
	14936  7561   888  1370   650
	14944  7451   895  1370   650
	14946  7352   898  1350   650
	14956  7255   901  1350   650
	14962  7177   900  1350   650
	14971  7125   895  1330   660
	14971  7084   894  1330   660
	14971  7061   894  1330   660
	14973  7033   887  1310   670
	14968  7017   880  1310   670
	14962  7014   873  1300   670
	14956  7014   848  1300   670
	14945  7013   832  1310   680
	14929  7017   807  1290   680
	14904  7032   674  1290   680
	14879  7062   294  1290   680
	14855  7097    -1  1290   680
	14837  7145    -1  1290   680
	14814  7210    -1  1290   680
	14799  7285    -1  1290   680
	14790  7371    -1  1290   680
	14816  7450    -1  1310   690
	14792  7575    -1  1310   690
	14820  7706    -1  1310   690
	14830  7865    -1  1310   690
	14843  8011    -1  1310   690
	14852  8170    -1  1310   690
	14865  8312    -1  1310   690
	14873  8469    -1  1310   690
	    0     0    -4     0     0
	    0     0    -4     0     0
	15479  8263    -1  1650   650
	15474  8284    -1  1630   640
	15514  8310    -1  1600   630
	15565  8315    -1  1570   610
	15608  8300    -1  1570   610
	15656  8279    -1  1530   590
	15681  8247    -1  1530   590
	15706  8213    -1  1530   590
	15709  8166    -1  1530   590
	15705  8104    -1  1570   560
	15687  8037    -1  1570   560
	15661  7960    -1  1570   560
	15630  7884    -1  1570   560
	15596  7814    -1  1570   560
	15562  7749    -1  1450   470
	15508  7702    -1  1440   460
	15464  7642    -1  1430   450
	15432  7594    -1  1430   450
	15409  7548    -1  1430   450
	15384  7511    -1  1430   450
	15358  7465    -1  1430   450
	15335  7352    -1  1420   450
	15314  7387    -1  1420   450
	15295  7353    -1  1420   450
	15275  7319    -1  1420   450
	15251  7286    -1  1420   450
	15224  7243    -1  1440   460
	15198  7195    -1  1440   460
	15183  7099    -1  1430   460
	15161  7080    -1  1430   460
	15135  7014   317  1430   460
	15107  7035   560  1430   480
	15087  7034   641  1430   480
	15075  7033   666  1430   490
	15070  7034   706  1430   490
	15068  7034   769  1440   490
	15068  7034   780  1430   500
	15069  7035   799  1440   500
	15071  7034   822  1440   500
	15073  7036   831  1450   510
	15077  7046   838  1450   510
	15082  7050   844  1470   510
	15089  7062   846  1470   510
	15100  7066   849  1470   510
	15124  7084   850  1480   510
	15172  7127   867  1480   510
	15234  7161   870  1480   510
	15306  7210   875  1480   510
	15411  7285   877  1480   510
	15496  7355   880  1480   510
	15603  7445   881  1480   510
	15746  7544   884  1480   510
	15879  7642   887  1480   510
	16009  7738   891  1480   510
	16142  7833   891  1480   510
	16270  7925   890  1480   510
	16371  7996   894  1480   510
	16450  8058   897  1490   510
	16510  8101   895  1500   510
	16551  8120   895  1500   510
	16579  8135   895  1500   510
	16586  8137   895  1500   510
	16581  8133   893  1500   510
	16581  8123   885  1510   510
	16565  8118   877  1510   510
	16515  8087   870  1510   510
	16420  8005   849  1510   510
	16312  7867   846  1510   510
	16151  7738   840  1530   520
	15978  7580   835  1530   520
	15787  7402   831  1530   520
	15580  7224   827  1530   520
	15390  7061   827  1530   520
	15217  6892   829  1520   530
	15069  6759   834  1500   520
	14912  6618   839  1500   520
	14769  6491   847  1500   520
	14632  6379   868  1500   520
	14532  6295   872  1500   520
	14455  6219   874  1500   520
	14394  6166   877  1490   520
	14360  6139   877  1490   520
	14365  6136   880  1490   520
	14366  6137   882  1490   520
	14370  6137   882  1490   520
	14381  6140   887  1490   520
	14405  6154   906  1490   520
	14447  6181   934  1480   510
	14525  6218   952  1480   510
	14652  6296   961  1480   510
	14771  6379   971  1470   520
	14893  6474   971  1470   520
	15048  6599   976  1470   520
	15220  6698   974  1470   520
	15354  6796   975  1470   520
	15481  6903   974  1470   520
	15594  6988   974  1470   520
	15693  7077   971  1470   520
	15783  7145   969  1470   520
	15848  7205   968  1470   520
	15891  7237   962  1470   520
	15918  7258   952  1480   530
	15934  7276   932  1480   530
	15943  7290   894  1480   530
	15940  7291   867  1480   530
	15923  7290   812  1480   530
	15877  7287   689  1490   520
	15805  7257   519  1490   520
	15706  7209   249  1490   520
	15587  7160    -1  1490   520
	15472  7126    -1  1480   530
	15365  7093    -1  1480   530
	15250  7061    -1  1480   530
	15113  7018    -1  1480   530
	14983  6986    -1  1480   530
	14857  6939    -1  1480   530
	14764  6923    -1  1490   520
	14601  6891    -1  1490   510
	14482  6871    -1  1500   500
	14386  6844    -1  1510   490
	14308  6826    -1  1490   480
	14221  6823    -1  1490   470
	14149  6823    -1  1500   460
	14092  6822    -1  1480   450
	14040  6826    -1  1510   430
	14006  6840    -1  1520   420
	13973  6858    -1  1540   420
	13954  6886    -1  1550   410
	13947  6908    -1  1560   400
	13947  6936    -1  1580   390
	13956  6965    -1  1580   390
	13963  6986    -1  1580   390
	13977  7014    -1  1570   400
	13990  7033    -1  1570   410
	14005  7062    -1  1570   420
	14029  7083    -1  1570   420
	14062  7065    -1  1590   420
	14069  7084   108  1570   450
	14088  7161   108  1570   460
	14096  7195   344  1570   470
	14100  7238   405  1570   480
	14102  7257   570  1550   480
	14101  7271   651  1540   490
	14103  7275   686  1520   490
	14100  7285   723  1510   500
	14095  7285   766  1500   510
	14086  7275   766  1500   510
	14062  7273   760  1490   510
	14020  7257   744  1490   510
	13980  7223   744  1490   510
	13886  7162   744  1500   500
	13810  7097   738  1500   500
	13705  7014   750  1500   500
	13570  6890   737  1480   500
	13449  6779   738  1480   500
	13311  6664   744  1480   500
	13152  6523   744  1480   500
	12982  6377   750  1480   500
	12818  6246   767  1480   500
	12660  6123   770  1480   500
	12505  6027   777  1480   500
	12369  5942   782  1480   500
	12261  5863   786  1480   500
	12176  5814   818  1470   490
	12104  5769   829  1470   490
	12046  5749   834  1470   490
	12013  5734   839  1470   490
	12003  5724   849  1470   490
	12012  5733   871  1470   490
	12015  5737   871  1460   490
	12047  5765   872  1460   490
	12129  5816   877  1460   490
	12228  5912   885  1460   490
	12352  6027   895  1460   490
	12518  6165   912  1460   490
	12718  6312   919  1460   490
	12912  6471   919  1460   490
	13144  6645   912  1460   490
	13385  6808   915  1460   490
	13638  6986   906  1450   500
	13914  7179   907  1450   500
	14200  7368   912  1450   500
	14434  7557   916  1450   500
	14689  7719   918  1460   500
	14947  7895   926  1460   500
	15160  8039   925  1460   500
	15356  8155   936  1460   500
	15501  8247   944  1480   500
	15639  8315   946  1480   500
	15774  8380   944  1470   510
	15852  8423   939  1490   510
	15904  8439   933  1490   510
	15920  8442   921  1490   510
	15918  8440   902  1500   510
	15913  8426   893  1500   510
	15878  8411   885  1500   510
	15790  8360   882  1500   510
	15653  8265   882  1510   510
	15483  8150   880  1510   510
	15296  7996   877  1510   510
	15073  7834   875  1510   510
	14855  7687   879  1510   510
	14632  7544   878  1510   510
	14454  7388   878  1510   510
	14277  7256   880  1510   510
	14111  7143   882  1510   510
	13988  7036   887  1510   510
	13869  6953   891  1500   510
	13805  6892   893  1500   510
	13772  6853   894  1500   510
	13757  6828   893  1500   510
	13766  6827   887  1500   510
	13772  6826   882  1490   510
	13787  6826   882  1490   510
	13840  6837   891  1490   510
	13922  6842   902  1490   510
	14033  6876   912  1490   510
	14166  6920   919  1490   510
	14293  6972   928  1480   500
	14413  7020   933  1480   500
	14539  7079   939  1480   500
	14665  7125   941  1470   510
	14772  7164   945  1470   510
	14856  7192   943  1470   510
	14928  7221   943  1470   510
	14969  7237   936  1470   510
	15001  7238   933  1470   510
	15031  7241   928  1470   510
	15058  7243   913  1480   510
	15076  7254   902  1480   510
	15090  7254   890  1480   510
	15091  7254   875  1480   510
	15091  7253   841  1480   510
	15094  7243   817  1480   510
	15096  7238   777  1480   510
	15100  7223   729  1500   510
	15106  7191   658  1500   510
	15108  7146   324  1500   510
	15109  7114    64  1500   510
