ABCDE-012_345_678 478
	14190 12136     0  1370   520
	14243 12182   234  1370   520
	14283 12217   327  1370   520
	14322 12249   344  1390   520
	14351 12277   367  1390   520
	14385 12296   317  1390   520
	14410 12314   357  1390   520
	14433 12328   385  1390   520
	14450 12330   390  1390   520
	14457 12330   390  1390   520
	14463 12328   395  1390   520
	14467 12315   395  1390   520
	14459 12299   405  1390   520
	14446 12268   410  1370   530
	14416 12219   410  1370   530
	14371 12155   410  1360   520
	14316 12076   420  1360   520
	14250 11995   454  1370   530
	14165 11914   513  1370   530
	14075 11817   522  1370   530
	13971 11720   533  1370   530
	13865 11594   557  1370   530
	13750 11478   565  1370   530
	13621 11340   572  1370   530
	13486 11211   599  1360   520
	13353 11078   632  1360   520
	13218 10933   634  1360   520
	13079 10810   646  1360   520
	12941 10697   669  1360   520
	12824 10586   678  1360   520
	12727 10504   705  1360   520
	12644 10442   725  1340   520
	12570 10389   729  1340   520
	12503 10345   736  1340   520
	12454 10314   736  1340   520
	12415 10297   738  1310   520
	12389 10296   766  1310   520
	12377 10299   767  1310   520
	12375 10315   736  1310   520
	12373 10361   704  1290   520
	12394 10427   700  1290   520
	12444 10524   693  1290   520
	12577 10663   678  1290   520
	12636 10809   669  1290   520
	12762 10966   663  1290   520
	12895 11143   651  1290   520
	13046 11319   646  1290   520
	13214 11481   645  1290   520
	13357 11655   648  1290   520
	13516 11813   656  1290   520
	13688 11943   660  1300   530
	13850 12086   661  1300   530
	14010 12201   664  1310   520
	14171 12299   671  1310   520
	14306 12376   674  1310   520
	14423 12437   681  1340   520
	14530 12472   681  1340   520
	14625 12501   681  1340   520
	14694 12502   681  1360   520
	14736 12488   675  1360   520
	14764 12458   674  1360   520
	14773 12411   678  1360   520
	14759 12345   681  1360   520
	14715 12246   684  1360   520
	14639 12105   681  1370   530
	14539 11962   681  1370   530
	14427 11845   693  1370   530
	14304 11702   702  1370   530
	14162 11541   710  1370   530
	14008 11386   725  1370   530
	13851 11223   770  1370   530
	13699 11065   776  1370   530
	13541 10918   781  1360   540
	13402 10793   812  1360   540
	13288 10684   817  1360   540
	13200 10604   821  1340   540
	13127 10534   823  1340   540
	13060 10456   823  1340   540
	13010 10408   822  1330   540
	12991 10380   821  1330   540
	12991 10378   817  1330   540
	12999 10389   785  1300   540
	13018 10393   777  1300   540
	13054 10424   775  1300   540
	13133 10475   772  1290   550
	13232 10567   772  1290   550
	13347 10679   770  1290   550
	13469 10790   768  1270   550
	13604 10901   769  1270   550
	13738 11018   766  1270   550
	13867 11158   766  1270   550
	13992 11270   767  1270   550
	14105 11367   769  1270   550
	14228 11450   770  1290   560
	14315 11513   768  1290   560
	14391 11559   768  1290   560
	14449 11578   767  1290   560
	14490 11579   760  1290   560
	14510 11575   734  1290   560
	14520 11548   731  1290   560
	14524 11516   734  1300   550
	14515 11467   760  1310   560
	14490 11415   766  1310   560
	14454 11349   768  1310   560
	14403 11271   770  1310   560
	14346 11179   772  1310   560
	14278 11096   774  1310   560
	14206 11003   776  1310   560
	14121 10923   776  1310   560
	14039 10844   776  1310   560
	13964 10779   777  1310   560
	13897 10725   777  1310   560
	13835 10679   777  1300   560
	13790 10649   777  1300   560
	13762 10633   778  1300   560
	13746 10630   777  1300   560
	13741 10631   777  1280   570
	13741 10645   776  1280   570
	13746 10663   773  1280   570
	13766 10699   772  1280   570
	13802 10758   772  1280   570
	13852 10809   770  1270   570
	13910 10858   770  1270   570
	13981 10922   769  1270   570
	14065 10998   767  1270   570
	14164 11064   767  1270   570
	14265 11130   769  1270   570
	14368 11194   768  1270   570
	14473 11253   770  1280   570
	14587 11302   770  1280   570
	14707 11339   772  1280   570
	14818 11381   773  1280   570
	14924 11403   774  1300   580
	15025 11429   775  1300   580
	15129 11435   774  1300   580
	15218 11436   775  1300   580
	15284 11445   775  1310   570
	15340 11433   773  1310   570
	15380 11430   773  1310   570
	15410 11404   773  1310   570
	15430 11382   772  1310   570
	15437 11352   772  1310   570
	15438 11318   773  1310   570
	15418 11244   773  1310   570
	15386 11189   775  1300   580
	15338 11114   776  1300   580
	15268 11030   777  1300   580
	15190 10951   779  1300   580
	15095 10869   783  1300   580
	14986 10780   786  1300   580
	14870 10698   788  1300   580
	14743 10616   812  1300   580
	14601 10534   814  1300   580
	14460 10443   817  1280   580
	14321 10361   820  1280   580
	14167 10283   821  1280   580
	14018 10219   821  1280   580
	13869 10168   821  1270   590
	13730 10133   821  1270   590
	13592 10090   820  1270   590
	13461 10071   817  1270   590
	13349 10057   817  1240   580
	13254 10059   815  1240   580
	13173 10073   812  1240   580
	13093 10101   790  1230   590
	13030 10136   788  1230   590
	12993 10183   784  1210   580
	12974 10235   782  1210   580
	12971 10311   777  1210   580
	12990 10408   773  1210   580
	13039 10521   766  1210   580
	13116 10631   744  1210   580
	13198 10716   738  1210   580
	13287 10795   744  1210   580
	13382 10875   737  1210   580
	13483 10952   734  1210   580
	13598 11029   737  1200   570
	13712 11081   737  1230   580
	13821 11132   744  1230   580
	13936 11174   750  1230   580
	14059 11190   760  1230   580
	14186 11194   766  1240   570
	14295 11193   768  1240   570
	14398 11177   769  1240   570
	14483 11148   770  1240   570
	14570 11126   770  1240   570
	14656 11081   772  1240   570
	14732 11020   772  1240   570
	14801 10971   773  1260   580
	14853 10935   773  1260   580
	14905 10885   773  1260   580
	14941 10822   773  1260   580
	14961 10748   775  1260   580
	14966 10695   776  1240   580
	14956 10615   777  1240   580
	14931 10524   780  1240   580
	14894 10443   786  1230   590
	14848 10374   788  1230   590
	14800 10300   812  1210   590
	14745 10236   817  1220   600
	14678 10187   818  1220   600
	14612 10139   819  1190   600
	14533 10092   820  1190   600
	14466 10057   821  1190   600
	14402 10041   824  1180   600
	14344 10026   826  1180   600
	14291 10012   825  1160   600
	14235 10008   824  1160   600
	14181 10007   824  1150   600
	14136 10006   821  1130   600
	14112 10010   817  1130   600
	14099 10027   789  1130   600
	14095 10056   776  1120   600
	14107 10103   755  1120   600
	14145 10168   729  1120   600
	14204 10247   713  1100   600
	14276 10341   705  1090   600
	14359 10453   698  1080   600
	14456 10567   697  1080   600
	14571 10693   693  1080   600
	14698 10809   691  1080   600
	14819 10924   689  1080   600
	14937 11052   694  1080   600
	15066 11174   702  1080   600
	15207 11276   714  1080   610
	15333 11384   733  1080   610
	15463 11495   766  1090   600
	15600 11609   772  1090   600
	15741 11706   776  1090   600
	15877 11801   780  1110   590
	15995 11880   782  1120   600
	16104 11945   784  1130   600
	16192 11980   786  1130   600
	16262 12007   786  1160   600
	16310 12007   788  1180   600
	16340 11994   789  1180   600
	16357 11975   812  1190   600
	16367 11929   817  1190   600
	16366 11865   822  1190   600
	16341 11783   827  1210   590
	16295 11670   831  1210   590
	16229 11545   835  1210   590
	16148 11403   835  1210   590
	16055 11258   840  1220   600
	15958 11096   841  1220   600
	15843 10923   846  1200   600
	15724 10793   846  1200   600
	15616 10668   849  1190   600
	15537 10571   853  1180   600
	15487 10505   849  1180   600
	15452 10441   849  1160   600
	15433 10423   846  1160   600
	15432 10410   836  1140   610
	15438 10412   821  1140   610
	15456 10437   818  1140   610
	15486 10486   815  1130   610
	15539 10568   815  1130   610
	15608 10663   815  1130   610
	15695 10763   816  1130   610
	15789 10876   814  1130   610
	15873 11003   807  1130   610
	15960 11141   803  1130   610
	16059 11273   807  1130   610
	16171 11415   788  1130   610
	16290 11559   788  1140   610
	16384 11659   790  1140   610
	16472 11750   807  1160   600
	16550 11814   812  1170   610
	16618 11865   815  1190   610
	16680 11899   816  1190   610
	16737 11927   818  1200   600
	16775 11928   819  1200   600
	16806 11916   820  1230   610
	16827 11899   821  1230   610
	16839 11868   824  1230   610
	16847 11819   829  1250   600
	16847 11756   832  1250   600
	16841 11685   836  1250   600
	16831 11611   841  1250   600
	16809 11515   844  1250   600
	16794 11420   843  1260   610
	16784 11340   844  1260   610
	16781 11271   844  1260   610
	16786 11210   841  1240   620
	16801 11158   841  1240   620
	16817 11112   839  1240   620
	16841 11081   838  1240   620
	16864 11048   835  1240   620
	16885 11031   831  1240   620
	16910 11015   831  1230   620
	16932 11002   829  1230   620
	16955 11001   827  1230   620
	16967 10998   826  1230   620
	16978 11001   824  1230   620
	16978 11001   825  1230   620
	16976 11000   827  1230   620
	16972 10999   830  1220   610
	16964 10999   835  1220   610
	16950 10999   836  1220   610
	16925 10999   839  1220   610
	16894 11001   841  1240   620
	16845 10987   841  1240   620
	16786 10969   839  1240   620
	16705 10949   841  1240   620
	16615 10924   841  1260   610
	16518 10902   842  1250   600
	16413 10875   841  1250   600
	16299 10857   841  1230   610
	16158 10837   839  1230   610
	16016 10812   842  1230   610
	15866 10793   844  1230   610
	15699 10773   844  1230   610
	15518 10743   846  1230   610
	15337 10726   844  1230   610
	15141 10711   844  1220   610
	14935 10699   844  1220   610
	14733 10696   846  1220   610
	14522 10680   844  1220   610
	14316 10667   841  1220   610
	14103 10662   841  1200   620
	13895 10648   845  1200   620
	13697 10631   838  1200   620
	13494 10617   838  1200   620
	13315 10604   836  1200   620
	13143 10602   829  1200   620
	12973 10597   829  1200   620
	12818 10584   829  1180   620
	12687 10585   832  1180   620
	12569 10581   832  1180   620
	12463 10572   834  1180   620
	12381 10583   832  1180   620
	12324 10586   835  1180   620
	12289 10597   835  1170   610
	12265 10602   833  1170   610
	12258 10613   832  1170   610
	12263 10615   827  1170   610
	12273 10616   818  1170   610
	12298 10617   817  1170   610
	12347 10629   814  1170   610
	12409 10646   790  1170   610
	12500 10662   788  1170   610
	12606 10667   786  1170   610
	12720 10682   785  1170   610
	12844 10698   784  1170   610
	12978 10713   782  1170   610
	13132 10716   782  1170   610
	13288 10726   782  1170   610
	13446 10745   783  1170   610
	13632 10760   783  1180   620
	13830 10777   783  1200   620
	14034 10795   782  1200   620
	14264 10822   783  1210   630
	14462 10842   784  1210   630
	14695 10858   785  1210   630
	14919 10888   785  1210   630
	15163 10918   785  1230   620
	15394 10937   787  1240   630
	15595 10954   788  1240   630
	15827 10970   790  1240   630
	16044 11003   807  1240   630
	16265 11018   812  1240   630
	16456 11046   814  1260   620
	16650 11065   815  1270   630
	16840 11081   817  1270   630
	17004 11083   817  1270   630
	17146 11096   817  1270   630
	17289 11114   817  1270   630
	17400 11110   816  1270   630
	17494 11111   815  1270   630
	17560 11111   814  1270   630
	17607 11100   812  1260   620
	17636 11096   812  1260   620
	17640 11095   807  1260   620
	17635 11093   815  1260   620
	17614 11084   817  1260   620
	17568 11093   815  1260   620
	17495 11093   812  1260   620
	17407 11083   814  1270   630
	17290 11080   815  1270   630
	17151 11080   799  1270   630
	16996 11079   812  1270   630
	16831 11066   814  1270   630
	16642 11064   814  1270   630
	16453 11052   815  1270   630
	16251 11048   815  1270   630
	16038 11046   815  1270   630
	15812 11048   821  1270   630
	15578 11036   821  1270   630
	15352 11032   818  1270   630
	15115 11019   826  1270   630
	14884 11013   825  1270   630
	14651 10997   828  1270   630
	14420 10983   828  1260   620
	14212 10968   827  1260   620
	13993 10953   827  1260   620
	13787 10938   830  1260   620
	13590 10921   832  1260   620
	13416 10907   842  1260   620
	13272 10902   848  1270   620
	13144 10905   850  1270   620
	13030 10903   869  1260   610
	12944 10917   872  1240   620
	12885 10923   875  1260   610
	12854 10936   874  1240   620
	12830 10950   871  1240   620
	12821 10965   856  1240   620
	12820 10971   835  1240   620
	12834 11001   818  1240   620
	12867 11050   784  1240   620
	12916 11097   772  1240   620
	12981 11144   696  1240   620
	13067 11180   645  1240   620
	13162 11227   528  1240   620
	13247 11272   352  1230   620
	13335 11308    -1  1230   620
	13416 11353    -1  1230   620
	13504 11387    -1  1240   620
	13598 11429    -1  1260   620
	13688 11466    -1  1260   620
	13780 11510    -1  1260   620
	13872 11546    -1  1260   620
	13978 11580    -1  1260   620
	14066 11595    -1  1270   620
	14152 11658    -1  1260   610
	14243 11692    -1  1280   610
	14329 11733    -1  1260   600
	14407 11753    -1  1250   590
	14487 11787    -1  1270   590
	14587 11845    -1  1270   570
	14614 11868    -1  1280   570
	14674 11896    -1  1300   560
	14723 11916    -1  1310   560
	14764 11926    -1  1320   550
	14807 11932    -1  1340   550
	14843 11927    -1  1340   550
	14880 11912    -1  1350   540
	14916 11881    -1  1350   540
	14982 11829    -1  1350   540
	14958 11817   969  1350   540
	14896 11817   979  1370   540
	14898 11834   948  1380   550
	14901 11834   916  1390   560
	14905 11835   918  1390   560
	14906 11834   907  1390   570
	14908 11834   847  1390   580
	14914 11832   789  1380   590
	14922 11830   727  1380   590
	14929 11830   592  1360   600
	14938 11829   262  1350   600
	14930 11831    -1  1340   610
	14905 11846    -1  1350   620
	14871 11851    -1  1350   620
	14834 11863    -1  1350   620
	14798 11862    -1  1330   620
	14805 11878    -1  1350   620
	14750 11881    -1  1350   620
	14734 11866    -1  1350   620
	14731 11867    -1  1380   600
	14735 11877    -1  1390   600
	14786 11878    -1  1380   590
	14773 11877    -1  1390   580
	14796 11864    -1  1400   580
	14828 11851    -1  1400   580
	14872 11836    -1  1400   580
	14942 11799    -1  1400   580
	14969 11781    -1  1400   580
	14994 11797   862  1430   560
	14960 11819   872  1420   570
	14965 11816   848  1420   570
	14969 11815   850  1420   570
	14974 11815   871  1400   580
	14974 11815   868  1400   580
	14983 11813   838  1390   580
	15000 11814   818  1380   590
	15026 11817   780  1380   590
	15059 11831   696  1380   600
	15096 11846   522  1360   610
	15131 11862   160  1360   610
