ABCDE-012_345_678 565
	 6811  8585     0  1290   520
	 6857  8616    35  1300   530
	 6897  8634   136  1310   520
	 6929  8662   275  1310   520
	 6947  8677   308  1310   520
	 6963  8684   327  1310   520
	 6976  8697   344  1310   520
	 6982  8699   360  1330   530
	 6989  8700   302  1330   530
	 6988  8700   331  1330   530
	 6986  8699   350  1330   530
	 6981  8696   368  1340   520
	 6973  8678   385  1340   520
	 6960  8661   401  1340   520
	 6935  8620   410  1340   520
	 6887  8566   410  1340   520
	 6829  8489   454  1340   520
	 6762  8408   516  1340   520
	 6688  8327   536  1340   520
	 6610  8231   542  1340   520
	 6520  8120   555  1330   530
	 6420  7996   562  1330   530
	 6297  7851   560  1330   530
	 6175  7717   572  1330   530
	 6056  7575   590  1330   530
	 5938  7429   611  1310   520
	 5812  7275   634  1310   520
	 5686  7145   651  1310   520
	 5582  7019   671  1310   520
	 5498  6918   696  1300   520
	 5421  6812   702  1300   520
	 5347  6742   709  1300   520
	 5275  6652   717  1300   520
	 5202  6583   723  1290   510
	 5142  6523   727  1290   510
	 5094  6474   729  1290   510
	 5053  6438   734  1290   510
	 5027  6422   736  1280   500
	 5011  6412   766  1270   510
	 4999  6422   737  1270   510
	 4990  6427   715  1270   510
	 4980  6458   698  1270   510
	 4977  6507   684  1270   510
	 4988  6572   681  1260   500
	 5003  6651   664  1260   500
	 5040  6748   661  1270   500
	 5090  6870   655  1270   500
	 5155  7003   648  1260   500
	 5238  7146   639  1260   500
	 5335  7291   632  1260   500
	 5450  7462   634  1260   500
	 5564  7623   632  1270   500
	 5694  7782   623  1270   500
	 5845  7948   611  1280   500
	 5989  8117   613  1280   500
	 6131  8249   630  1280   500
	 6267  8364   632  1280   500
	 6410  8473   636  1290   510
	 6526  8565   639  1300   510
	 6630  8632   638  1300   510
	 6715  8682   641  1300   510
	 6788  8713   641  1320   510
	 6847  8728   641  1320   510
	 6885  8727   638  1320   510
	 6904  8711   632  1330   520
	 6908  8684   634  1330   520
	 6891  8635   638  1330   520
	 6844  8555   641  1330   520
	 6771  8442   645  1330   520
	 6687  8327   645  1340   520
	 6596  8203   648  1340   520
	 6499  8074   651  1340   520
	 6396  7943   656  1340   520
	 6286  7788   660  1340   520
	 6183  7671   671  1340   520
	 6089  7560   677  1340   520
	 6014  7447   690  1340   520
	 5948  7350   700  1340   520
	 5890  7255   705  1340   520
	 5830  7189   710  1330   530
	 5783  7126   717  1310   520
	 5745  7065   723  1310   520
	 5727  7033   721  1310   520
	 5717  7014   718  1310   520
	 5718  7001   704  1300   530
	 5728  6998   689  1300   530
	 5746  6999   678  1300   530
	 5780  7003   675  1300   530
	 5849  7046   678  1290   520
	 5932  7100   677  1290   520
	 6035  7193   674  1280   530
	 6152  7302   674  1280   530
	 6282  7403   671  1280   530
	 6420  7527   671  1280   530
	 6553  7627   672  1280   530
	 6674  7722   674  1280   530
	 6803  7814   674  1270   530
	 6934  7895   681  1280   540
	 7041  7974   683  1280   540
	 7141  8039   689  1280   540
	 7233  8075   690  1280   540
	 7315  8117   689  1280   540
	 7382  8133   689  1280   540
	 7431  8135   687  1280   540
	 7463  8123   686  1300   540
	 7482  8108   683  1290   550
	 7489  8090   684  1290   550
	 7488  8056   693  1290   550
	 7471  7994   700  1290   550
	 7429  7913   700  1290   550
	 7367  7829   702  1290   550
	 7289  7736   706  1290   550
	 7197  7642   714  1290   550
	 7104  7543   724  1290   550
	 7003  7432   723  1290   550
	 6895  7319   733  1290   550
	 6772  7225   760  1290   550
	 6667  7148   771  1290   550
	 6574  7082   776  1290   550
	 6486  7018   782  1290   550
	 6399  6965   785  1290   550
	 6311  6907   787  1290   550
	 6233  6872   790  1290   550
	 6169  6841   803  1290   550
	 6116  6812   799  1300   540
	 6080  6806   814  1300   540
	 6063  6807   816  1300   540
	 6055  6811   815  1300   540
	 6056  6824   789  1290   530
	 6064  6841   786  1290   530
	 6081  6888   782  1290   530
	 6146  6972   778  1290   530
	 6235  7061   776  1290   530
	 6343  7146   776  1290   530
	 6459  7237   774  1280   540
	 6578  7324   774  1280   540
	 6702  7416   774  1280   540
	 6826  7500   774  1280   540
	 6968  7575   774  1290   550
	 7074  7637   776  1290   550
	 7187  7675   776  1290   550
	 7301  7721   777  1290   550
	 7410  7765   778  1290   550
	 7518  7781   779  1290   550
	 7599  7798   780  1290   550
	 7669  7802   780  1300   550
	 7720  7800   779  1300   550
	 7762  7787   778  1300   550
	 7793  7768   778  1300   550
	 7816  7738   779  1300   550
	 7832  7701   780  1310   560
	 7839  7657   782  1310   560
	 7826  7592   783  1300   560
	 7797  7514   785  1300   560
	 7752  7418   785  1300   560
	 7701  7334   788  1300   560
	 7646  7256   803  1300   560
	 7581  7177   812  1300   560
	 7498  7095   814  1300   560
	 7400  7004   816  1300   560
	 7289  6922   817  1300   560
	 7170  6838   818  1300   560
	 7049  6761   821  1300   560
	 6917  6682   820  1300   560
	 6757  6613   818  1280   570
	 6609  6550   821  1270   560
	 6464  6488   821  1270   560
	 6315  6439   821  1270   560
	 6173  6405   820  1270   560
	 6053  6378   819  1270   560
	 5959  6373   820  1260   560
	 5875  6374   820  1260   560
	 5808  6379   821  1260   560
	 5763  6406   807  1260   560
	 5733  6441   786  1250   550
	 5718  6488   779  1250   550
	 5718  6552   776  1250   550
	 5741  6616   773  1250   550
	 5783  6682   771  1250   550
	 5859  6778   768  1250   550
	 5948  6873   767  1250   550
	 6041  6965   767  1240   540
	 6154  7047   767  1240   540
	 6279  7128   768  1250   540
	 6433  7195   760  1250   540
	 6574  7274   755  1260   540
	 6722  7335   766  1260   540
	 6878  7371   766  1260   540
	 7022  7417   768  1260   540
	 7158  7461   770  1260   540
	 7300  7482   772  1260   540
	 7436  7499   775  1260   540
	 7563  7510   776  1270   550
	 7678  7513   778  1270   550
	 7779  7511   779  1270   550
	 7874  7493   779  1270   550
	 7968  7479   781  1270   560
	 8033  7466   783  1270   560
	 8091  7436   783  1270   560
	 8137  7415   783  1270   560
	 8170  7385   783  1270   560
	 8197  7354   783  1270   560
	 8210  7324   784  1270   560
	 8217  7302   786  1270   560
	 8211  7260   790  1270   560
	 8194  7212   814  1270   560
	 8158  7161   817  1270   560
	 8107  7099   819  1260   570
	 8035  7031   820  1260   570
	 7931  6950   817  1260   570
	 7803  6842   812  1260   570
	 7657  6745   815  1260   570
	 7511  6663   814  1260   570
	 7343  6570   790  1260   570
	 7168  6474   812  1260   570
	 6993  6390   789  1260   570
	 6805  6310   788  1260   570
	 6614  6218   812  1260   570
	 6442  6166   812  1240   570
	 6274  6120   814  1240   570
	 6136  6092   826  1240   570
	 6032  6088   827  1240   570
	 5955  6089   822  1240   570
	 5884  6102   819  1230   560
	 5825  6122   816  1230   560
	 5790  6153   818  1230   560
	 5770  6188   788  1230   560
	 5773  6265   777  1220   570
	 5805  6364   773  1220   570
	 5857  6469   772  1220   570
	 5912  6565   770  1220   570
	 5978  6662   768  1220   570
	 6056  6748   766  1210   560
	 6131  6841   744  1210   560
	 6202  6919   755  1210   560
	 6275  6983   760  1210   560
	 6364  7031   766  1220   570
	 6435  7064   767  1220   570
	 6509  7079   769  1220   570
	 6577  7078   767  1220   570
	 6639  7063   768  1220   570
	 6697  7030   769  1200   570
	 6768  6972   771  1200   570
	 6840  6933   772  1200   570
	 6929  6872   774  1210   580
	 7010  6812   775  1210   580
	 7104  6762   776  1200   580
	 7201  6716   777  1200   580
	 7307  6694   779  1200   580
	 7418  6668   781  1180   590
	 7534  6648   782  1180   590
	 7633  6651   783  1190   600
	 7738  6665   785  1180   600
	 7840  6693   788  1180   600
	 7971  6729   790  1160   600
	 8073  6780   812  1160   600
	 8186  6859   814  1160   600
	 8297  6954   815  1160   600
	 8413  7050   817  1140   610
	 8523  7142   818  1140   610
	 8629  7242   820  1140   610
	 8728  7356   820  1140   610
	 8823  7478   821  1140   610
	 8916  7607   820  1140   610
	 9014  7736   818  1140   610
	 9078  7864   818  1140   610
	 9163  7996   819  1140   610
	 9235  8124   819  1140   610
	 9300  8233   820  1130   600
	 9354  8315   823  1130   600
	 9396  8379   824  1130   600
	 9428  8425   827  1130   600
	 9446  8455   832  1160   600
	 9456  8473   835  1160   600
	 9459  8473   844  1160   600
	 9456  8472   849  1160   600
	 9449  8459   849  1160   600
	 9439  8444   845  1160   600
	 9402  8396   841  1150   600
	 9363  8330   839  1170   590
	 9316  8251   835  1160   600
	 9261  8167   833  1160   600
	 9204  8043   831  1160   600
	 9140  7912   831  1160   600
	 9073  7770   829  1160   600
	 8996  7642   831  1160   600
	 8906  7511   832  1160   600
	 8824  7382   836  1160   600
	 8754  7255   838  1160   600
	 8697  7143   841  1170   610
	 8633  7032   844  1150   620
	 8593  6940   844  1150   620
	 8544  6842   844  1150   620
	 8515  6778   846  1150   620
	 8507  6757   846  1150   620
	 8511  6729   844  1150   620
	 8519  6725   836  1150   620
	 8535  6727   834  1150   620
	 8559  6732   835  1170   610
	 8599  6762   839  1170   610
	 8646  6812   841  1170   610
	 8712  6902   842  1150   620
	 8793  7003   844  1150   620
	 8893  7114   846  1150   620
	 9005  7238   849  1150   620
	 9110  7369   856  1170   610
	 9228  7526   862  1160   600
	 9354  7669   867  1160   600
	 9487  7798   867  1160   600
	 9600  7914   868  1160   600
	 9703  8039   869  1160   600
	 9795  8124   870  1160   600
	 9876  8217   869  1160   600
	 9950  8277   871  1160   600
	10018  8325   867  1170   610
	10074  8360   862  1170   610
	10111  8390   853  1160   600
	10130  8391   845  1160   600
	10138  8390   840  1160   600
	10138  8375   838  1180   600
	10136  8346   840  1180   600
	10124  8295   841  1180   600
	10098  8217   841  1190   610
	10049  8135   841  1170   610
	 9979  8026   841  1170   610
	 9896  7900   844  1170   610
	 9811  7781   845  1190   610
	 9728  7655   849  1190   610
	 9641  7530   856  1190   610
	 9565  7416   867  1170   610
	 9492  7308   871  1170   610
	 9428  7196   871  1170   610
	 9372  7110   870  1170   610
	 9324  7029   872  1170   610
	 9291  6955   872  1170   610
	 9270  6902   871  1170   610
	 9264  6854   868  1170   610
	 9268  6823   867  1170   610
	 9279  6806   846  1170   610
	 9295  6795   841  1190   610
	 9323  6789   844  1190   610
	 9360  6779   843  1190   610
	 9398  6789   845  1180   600
	 9445  6793   845  1180   600
	 9497  6812   846  1180   600
	 9553  6842   847  1180   600
	 9619  6885   848  1180   600
	 9682  6924   848  1180   600
	 9738  6969   847  1190   610
	 9792  7002   847  1190   610
	 9844  7048   846  1190   610
	 9886  7094   846  1190   610
	 9917  7115   846  1190   610
	 9939  7142   846  1190   610
	 9955  7161   846  1200   620
	 9965  7180   846  1180   620
	 9962  7194   850  1180   620
	 9956  7208   850  1180   620
	 9937  7224   850  1170   630
	 9914  7240   864  1170   630
	 9880  7257   858  1170   630
	 9838  7270   853  1170   630
	 9786  7276   850  1170   630
	 9719  7287   847  1170   630
	 9640  7290   844  1170   630
	 9546  7291   841  1170   630
	 9433  7291   844  1170   630
	 9313  7285   834  1170   630
	 9186  7275   829  1170   630
	 9044  7271   824  1170   630
	 8884  7258   824  1160   630
	 8709  7257   821  1160   630
	 8540  7243   823  1160   630
	 8349  7244   821  1180   620
	 8163  7244   825  1180   620
	 7977  7253   821  1180   620
	 7773  7269   820  1180   620
	 7571  7286   825  1180   620
	 7367  7301   826  1180   620
	 7164  7320   825  1180   620
	 6973  7338   825  1180   620
	 6769  7356   826  1180   620
	 6568  7371   827  1200   620
	 6375  7388   824  1200   620
	 6177  7401   826  1200   620
	 6003  7400   824  1200   620
	 5822  7400   824  1200   620
	 5640  7397   825  1200   620
	 5480  7397   822  1200   620
	 5324  7372   824  1190   610
	 5171  7355   823  1190   610
	 5037  7334   824  1190   610
	 4919  7317   823  1190   610
	 4813  7290   823  1190   610
	 4719  7273   822  1180   600
	 4642  7259   823  1180   600
	 4590  7255   824  1180   600
	 4559  7243   826  1180   600
	 4546  7242   827  1170   590
	 4546  7242   825  1170   590
	 4550  7241   823  1170   590
	 4572  7241   821  1170   590
	 4610  7238   820  1160   580
	 4665  7224   820  1160   580
	 4749  7211   820  1160   580
	 4857  7212   821  1160   580
	 4966  7211   822  1160   580
	 5090  7223   823  1160   580
	 5236  7227   824  1170   590
	 5397  7240   824  1170   590
	 5560  7254   821  1170   590
	 5736  7269   821  1170   590
	 5938  7276   821  1180   600
	 6112  7291   821  1180   600
	 6309  7318   820  1180   600
	 6522  7334   819  1190   610
	 6732  7367   820  1170   610
	 6963  7384   819  1180   620
	 7157  7415   819  1180   620
	 7377  7449   820  1200   620
	 7606  7480   819  1210   630
	 7834  7499   819  1210   630
	 8063  7525   818  1220   630
	 8267  7547   818  1220   630
	 8499  7577   819  1220   630
	 8720  7606   820  1220   630
	 8953  7625   819  1220   630
	 9158  7659   820  1220   630
	 9370  7688   818  1220   630
	 9578  7708   819  1240   640
	 9774  7724   818  1240   640
	 9955  7750   818  1240   640
	10138  7766   820  1240   640
	10281  7782   820  1240   640
	10427  7786   821  1240   640
	10570  7801   821  1240   640
	10685  7814   821  1240   640
	10777  7817   819  1240   640
	10856  7818   819  1240   640
	10919  7816   818  1240   640
	10962  7816   818  1240   640
	10989  7815   815  1240   640
	10995  7814   815  1250   650
	10986  7804   817  1250   650
	10968  7802   819  1250   650
	10926  7800   819  1250   650
	10869  7787   820  1250   650
	10788  7783   821  1250   650
	10687  7782   817  1250   650
	10570  7770   821  1250   650
	10432  7766   821  1250   650
	10285  7756   822  1250   650
	10131  7752   821  1250   650
	 9956  7736   818  1250   650
	 9767  7721   825  1250   650
	 9585  7705   824  1250   650
	 9370  7687   825  1250   650
	 9163  7658   826  1250   650
	 8944  7627   824  1240   640
	 8708  7595   824  1240   640
	 8483  7573   829  1240   640
	 8246  7542   829  1240   640
	 8026  7510   829  1240   640
	 7792  7478   834  1240   640
	 7566  7434   838  1240   640
	 7342  7400   844  1240   640
	 7126  7368   846  1240   640
	 6931  7333   849  1240   640
	 6724  7292   871  1240   640
	 6543  7272   880  1240   640
	 6385  7243   901  1240   640
	 6227  7238   910  1240   640
	 6097  7225   919  1240   640
	 5997  7212   930  1240   640
	 5914  7224   937  1240   640
	 5848  7224   936  1240   640
	 5800  7226   933  1240   640
	 5771  7243   926  1240   640
	 5758  7256   910  1240   640
	 5756  7270   885  1240   640
	 5761  7276   862  1220   650
	 5774  7291   830  1220   650
	 5810  7333   803  1220   650
	 5873  7371   713  1200   640
	 5943  7419   656  1200   640
	 6023  7468   368  1200   640
	 6104  7526    -1  1200   640
	 6178  7574    -1  1220   630
	 6250  7612    -1  1220   630
	 6327  7657    -1  1220   630
	 6413  7701    -1  1250   640
	 6499  7739    -1  1250   640
	 6611  7772    -1  1270   630
	 6680  7820    -1  1270   630
	 6790  7865    -1  1270   630
	 6889  7900    -1  1290   640
	 6990  7944    -1  1290   640
	 7109  7978    -1  1320   630
	 7216  8022    -1  1320   630
	 7321  8057    -1  1270   630
	 7415  8088    -1  1270   630
	 7493  8123    -1  1270   630
	 7560  8156    -1  1270   630
	 7623  8186    -1  1250   650
	 7681  8218    -1  1250   650
	 7737  8247    -1  1210   660
	 7790  8277    -1  1220   680
	 7844  8298    -1  1220   680
	 7887  8326    -1  1180   680
	 7930  8342    -1  1140   660
	 7971  8359    -1  1090   640
	 8005  8362    -1  1050   620
	 8030  8363    -1  1040   600
	 8049  8364    -1  1060   600
	 8059  8363    -1  1070   590
	 8067  8358    -1  1060   580
	 8070  8341    -1  1080   580
	 8065  8325    -1  1080   580
	 8069  8284    -1  1080   580
	 8066  8250    -1  1080   580
	 8068  8216    -1  1080   580
	 8073  8170    -1  1080   580
	 8086  8136   871  1080   580
	 8032  8136   983  1080   580
	 7992  8133   963  1050   470
	 7983  8137   913  1070   490
	 7976  8137   887  1070   500
	 7975  8137   878  1080   520
	 7977  8138   849  1100   530
	 7980  8138   815  1090   550
	 7984  8137   686  1100   550
	 7998  8137   401  1100   560
	 8019  8140   201  1110   570
	 8033  8165    -1  1120   580
	 8042  8186    -1  1130   590
	 8041  8218    -1  1130   600
	 8033  8248    -1  1140   610
	 8023  8279    -1  1140   610
	 8012  8309    -1  1150   620
	 8004  8329    -1  1150   620
	 8002  8327    -1  1140   610
	 7995  8345    -1  1140   610
	 7982  8379    -1  1140   610
	 7982  8363    -1  1120   580
	 7987  8376    -1  1110   570
	 8000  8378    -1  1100   560
	 8018  8377    -1  1100   550
	 8044  8378    -1  1090   550
	 8059  8377    -1  1100   530
	 8090  8363    -1  1090   520
	 8122  8347    -1  1080   520
	 8158  8327    -1  1080   520
	 8197  8325    -1  1080   520
	 8244  8265    -1  1080   520
	 8292  8233   218  1080   520
	 8276  8245  1024  1080   520
	 8219  8234  1024  1100   520
	 8225  8261   996  1110   530
	 8228  8261   984  1110   530
	 8234  8261   973  1120   540
	 8239  8252   945  1130   560
	 8255  8251   871  1140   570
	 8278  8249   786  1150   580
	 8325  8250   632  1160   580
	 8376  8252   234  1150   600
