ABCDE-012_345_678 453
	13400 19706   108  1430   420
	13390 19702   234  1420   420
	13375 19687   275  1420   420
	13365 19672   327  1420   420
	13352 19660   367  1420   420
	13339 19653   344  1410   430
	13330 19640   401  1410   430
	13321 19628   525  1410   430
	13318 19627   562  1420   430
	13312 19624   623  1420   430
	13312 19624   648  1410   440
	13314 19624   668  1410   440
	13314 19624   689  1410   440
	13314 19624   710  1410   440
	13314 19626   733  1410   440
	13313 19625   768  1410   440
	13318 19626   773  1410   440
	13319 19628   777  1410   440
	13323 19639   780  1410   440
	13332 19643   784  1410   440
	13348 19656   787  1410   440
	13377 19687   790  1410   440
	13415 19723   794  1410   440
	13469 19781   812  1410   440
	13527 19832   814  1410   440
	13598 19896   815  1400   430
	13669 19958   815  1410   440
	13737 20022   816  1410   440
	13811 20085   817  1420   430
	13879 20136   817  1420   430
	13945 20184   818  1420   430
	14009 20231   818  1440   430
	14072 20265   819  1440   430
	14113 20294   818  1440   430
	14145 20311   818  1460   430
	14167 20325   818  1460   430
	14184 20329   817  1470   420
	14190 20330   817  1470   420
	14192 20329   816  1470   420
	14192 20328   812  1480   410
	14192 20325   807  1480   410
	14188 20316   789  1480   410
	14185 20311   788  1480   410
	14176 20284   788  1480   410
	14158 20252   787  1480   410
	14131 20215   787  1480   410
	14096 20166   788  1490   410
	14054 20104   789  1480   410
	14008 20041   789  1480   410
	13963 19976   789  1480   410
	13917 19909   789  1480   410
	13875 19845   790  1480   410
	13838 19782   790  1470   420
	13801 19722   789  1470   420
	13771 19685   790  1460   430
	13752 19644   790  1460   430
	13736 19622   789  1450   430
	13725 19605   789  1450   430
	13724 19592   789  1450   430
	13724 19590   790  1440   440
	13724 19591   789  1430   440
	13726 19591   789  1420   440
	13730 19594   789  1420   440
	13741 19606   789  1420   440
	13758 19623   790  1400   450
	13785 19656   799  1400   450
	13820 19692   812  1400   450
	13869 19751   815  1400   450
	13912 19801   816  1400   450
	13958 19861   818  1400   450
	14011 19915   820  1410   450
	14066 19978   821  1410   450
	14127 20028   821  1420   440
	14179 20074   822  1420   440
	14233 20118   822  1420   440
	14284 20153   824  1420   440
	14329 20187   824  1430   440
	14371 20216   824  1440   440
	14396 20231   824  1450   430
	14415 20235   824  1450   430
	14419 20236   823  1450   430
	14419 20234   821  1460   430
	14421 20232   820  1460   430
	14418 20230   819  1460   430
	14415 20218   818  1450   420
	14411 20202   818  1460   420
	14398 20171   817  1460   420
	14379 20138   819  1460   420
	14352 20085   820  1460   420
	14310 20022   820  1460   420
	14269 19946   821  1460   420
	14224 19879   821  1460   420
	14180 19814   821  1460   420
	14143 19753   820  1450   420
	14114 19692   821  1450   420
	14081 19640   820  1450   420
	14058 19606   821  1450   420
	14041 19561   821  1440   430
	14033 19541   821  1440   430
	14026 19516   820  1440   430
	14026 19513   820  1430   440
	14031 19511   819  1430   440
	14032 19511   817  1420   440
	14040 19513   815  1420   440
	14051 19516   815  1420   440
	14075 19542   818  1410   450
	14111 19562   820  1410   450
	14158 19605   822  1420   450
	14214 19660   823  1410   450
	14282 19735   827  1410   450
	14350 19813   828  1410   450
	14421 19894   828  1410   450
	14507 19980   829  1410   450
	14596 20072   829  1410   450
	14683 20149   829  1420   440
	14764 20214   829  1420   440
	14825 20264   830  1420   440
	14872 20297   829  1430   440
	14902 20315   829  1430   440
	14916 20325   830  1440   430
	14918 20326   830  1440   430
	14918 20315   831  1450   420
	14914 20314   831  1450   420
	14913 20310   830  1470   420
	14904 20296   830  1470   420
	14888 20267   831  1470   420
	14859 20220   833  1470   420
	14819 20167   835  1480   410
	14776 20103   837  1480   410
	14719 20024   840  1480   410
	14664 19946   841  1480   410
	14607 19878   844  1470   420
	14561 19815   844  1470   420
	14527 19754   844  1470   420
	14504 19708   844  1450   420
	14482 19670   844  1450   420
	14464 19628   841  1440   430
	14455 19621   839  1440   430
	14455 19609   825  1430   440
	14457 19606   787  1420   430
	14463 19606   744  1420   430
	14467 19608   658  1410   440
	14482 19621   539  1410   440
	14512 19641   360  1410   440
	14552 19676    -1  1390   440
	14597 19723    -1  1390   440
	14630 19782    -1  1390   440
	14663 19836    -1  1400   430
	14702 19898    -1  1400   430
	14751 19963    -1  1420   430
	14810 20028    -1  1420   430
	14922 20044    -1  1430   430
	14992 20151    -1  1440   420
	15051 20198    -1  1440   420
	15145 20215    -1  1460   430
	15243 20261    -1  1500   390
	15335 20298    -1  1510   370
	15415 20331    -1  1510   360
	15490 20361    -1  1530   350
	15557 20390    -1  1550   330
	15627 20406    -1  1560   320
	15688 20411    -1  1570   300
	15724 20411    -1  1590   280
	15757 20406    -1  1590   280
	15764 20377    -1  1590   280
	15757 20346    -1  1590   280
	15735 20316    -1  1590   280
	15699 20284    -1  1590   280
	15660 20252    -1  1580   280
	15612 20229    -1  1570   280
	15560 20198    -1  1560   280
	15496 20107    -1  1570   280
	15437 20150    -1  1570   280
	15384 20124    -1  1570   280
	15333 20108    -1  1570   280
	15284 20102    -1  1560   300
	15247 20087    -1  1550   300
	15209 20073    -1  1530   320
	15177 20060    -1  1520   330
	15149 20054    -1  1500   340
	15129 20042    -1  1500   350
	15113 20038    -1  1500   360
	15108 20027    -1  1500   370
	15105 20026    -1  1500   380
	15099 20024    -1  1510   380
	15100 20023    -1  1510   380
	15099 19947    -1  1510   390
	15101 20026    -1  1520   390
	15106 20037    -1  1520   400
	15112 20043    -1  1530   410
	15122 20056    -1  1530   410
	15130 20071    -1  1540   410
	15137 20086    -1  1540   410
	15149 20091    -1  1540   410
	15157 20102    -1  1540   410
	15159 20104    -1  1540   410
	15158 20105    -1  1560   410
	15157 20103    -1  1560   410
	15152 20101    -1  1550   410
	15147 20091    -1  1560   410
	15136 20088    -1  1560   410
	15123 20076    -1  1560   410
	15105 20071    -1  1560   410
	15091 20056    -1  1550   410
	15076 20043    -1  1550   410
	15075 20027    -1  1560   400
	15041 20012    -1  1550   410
	15022 20005    -1  1550   410
	15005 19979    -1  1540   410
	14982 19961    -1  1540   410
	14962 19942    -1  1540   410
	14941 19916    -1  1530   410
	14919 19899    -1  1540   410
	14897 19881    -1  1530   420
	14876 19863    -1  1520   410
	14855 19835    -1  1520   410
	14833 19750    -1  1500   420
	14813 19813    -1  1500   420
	14838 19797    -1  1490   420
	14777 19783    -1  1480   420
	14761 19771    -1  1470   420
	14752 19767    -1  1460   430
	14742 19765    -1  1460   430
	14733 19755    -1  1450   420
	14729 19755    -1  1440   430
	14721 19754    -1  1440   430
	14717 19754    -1  1440   430
	14716 19756    -1  1420   430
	14714 19765    -1  1420   430
	14714 19768    -1  1420   430
	14715 19781    -1  1420   430
	14721 19787    -1  1420   430
	14728 19801    -1  1420   430
	14732 19815    -1  1420   430
	14745 19832    -1  1420   430
	14760 19850    -1  1420   430
	14780 19879    -1  1420   430
	14804 19900    -1  1420   430
	14834 19941    -1  1430   430
	14870 19977    -1  1430   430
	14915 20021    -1  1440   430
	14961 20059    -1  1440   430
	15019 20106    -1  1450   420
	15064 20154    -1  1460   430
	15125 20200    -1  1470   420
	15186 20245    75  1470   420
	15228 20278   234  1480   420
	15263 20300   308  1490   420
	15293 20325   352  1490   420
	15305 20332   338  1490   420
	15309 20343   519  1500   410
	15307 20343   645  1500   410
	15304 20342   683  1500   410
	15294 20341   704  1510   400
	15276 20330   725  1510   400
	15248 20316   738  1510   400
	15203 20298   766  1510   400
	15147 20265   772  1510   400
	15084 20229   774  1510   400
	15027 20183   776  1510   400
	14967 20133   776  1500   400
	14908 20073   777  1510   400
	14863 20024   777  1510   400
	14828 19977   777  1500   410
	14805 19942   778  1500   410
	14790 19912   778  1500   410
	14789 19895   777  1490   410
	14791 19883   776  1480   410
	14797 19879   775  1480   410
	14812 19868   773  1470   420
	14835 19864   773  1470   420
	14871 19863   772  1480   420
	14924 19878   773  1470   430
	14993 19898   774  1470   430
	15069 19927   775  1470   430
	15155 19973   775  1470   430
	15248 20021   776  1460   430
	15315 20055   777  1460   430
	15378 20088   777  1460   430
	15426 20118   778  1460   430
	15458 20133   777  1470   430
	15475 20136   777  1470   430
	15481 20135   777  1470   430
	15483 20133   776  1470   430
	15480 20124   773  1470   430
	15482 20121   770  1480   420
	15478 20117   769  1480   420
	15475 20104   768  1480   420
	15471 20087   768  1500   420
	15468 20069   768  1490   420
	15468 20054   768  1490   420
	15466 20039   768  1490   420
	15478 20027   766  1500   410
	15495 20022   766  1500   410
	15522 20012   760  1510   410
	15562 20012   750  1510   410
	15611 20024   760  1510   410
	15670 20038   766  1510   410
	15736 20055   766  1500   420
	15797 20075   766  1500   420
	15854 20091   767  1500   420
	15897 20107   767  1500   420
	15934 20122   769  1500   420
	15953 20133   770  1500   420
	15959 20124   772  1500   420
	15958 20123   773  1510   420
	15957 20123   775  1510   420
	15957 20121   774  1510   420
	15954 20120   773  1530   420
	15949 20118   772  1530   420
	15949 20117   770  1530   420
	15950 20107   767  1540   420
	15952 20105   750  1540   420
	15965 20102   736  1540   420
	15983 20101   730  1540   420
	16016 20102   727  1550   420
	16059 20107   722  1560   410
	16112 20118   717  1560   410
	16164 20133   715  1560   410
	16217 20139   717  1560   410
	16263 20151   717  1570   420
	16300 20153   718  1570   420
	16333 20155   718  1560   410
	16350 20166   721  1560   410
	16356 20165   718  1560   410
	16358 20156   722  1560   410
	16354 20155   725  1550   410
	16354 20155   725  1550   410
	16351 20155   723  1550   410
	16354 20155   718  1550   410
	16357 20154   721  1550   410
	16361 20153   721  1550   410
	16373 20153   718  1540   410
	16387 20156   724  1540   410
	16413 20156   729  1540   410
	16440 20168   734  1530   410
	16470 20181   737  1530   410
	16496 20186   744  1530   410
	16521 20197   766  1530   410
	16546 20200   768  1530   410
	16563 20203   769  1530   410
	16573 20213   770  1540   410
	16575 20213   773  1540   410
	16574 20213   779  1540   410
	16575 20204   785  1540   410
	16573 20213   788  1540   410
	16571 20204   812  1540   410
	16569 20203   814  1540   410
	16569 20203   815  1540   410
	16570 20204   817  1540   410
	16570 20204   816  1540   410
	16572 20204   816  1540   410
	16570 20204   815  1540   410
	16574 20213   814  1540   410
	16578 20213   807  1540   410
	16579 20215   789  1540   410
	16589 20215   789  1540   410
	16602 20217   789  1540   410
	16618 20219   789  1540   410
	16635 20231   789  1540   410
	16646 20233   789  1540   410
	16657 20235   790  1540   410
	16669 20236   790  1540   410
	16681 20247   790  1540   410
	16689 20248   790  1540   410
	16695 20249   799  1540   410
	16707 20250   803  1540   410
	16714 20252   803  1540   410
	16724 20262   799  1540   410
	16734 20262   812  1540   410
	16740 20264   814  1540   410
	16748 20263   816  1540   410
	16755 20265   818  1540   410
	16769 20266   819  1540   410
	16776 20267   820  1540   410
	16781 20267   821  1540   410
	16781 20268   824  1550   400
	16780 20268   826  1550   400
	16781 20267   829  1550   400
	16781 20266   834  1550   400
	16780 20267   838  1550   400
	16780 20266   844  1550   400
	16780 20266   849  1550   400
	16777 20266   869  1540   410
	16777 20265   872  1540   410
	16776 20265   876  1540   410
	16774 20264   878  1540   410
	16776 20263   881  1550   410
	16772 20263   883  1550   410
	16768 20262   884  1550   410
	16763 20261   887  1550   410
	16750 20250   886  1550   410
	16720 20247   886  1550   410
	16672 20232   887  1550   410
	16595 20214   885  1550   410
	16493 20182   885  1550   410
	16362 20137   882  1550   410
	16202 20092   880  1550   410
	16009 20053   880  1550   410
	15801 19980   880  1550   410
	15555 19897   878  1550   410
	15316 19817   877  1550   410
	15051 19734   879  1540   420
	14777 19627   878  1530   420
	14497 19528   880  1520   420
	14244 19416   881  1520   420
	13995 19306   893  1510   430
	13793 19237   907  1500   440
	13626 19177   916  1500   450
	13487 19129   918  1490   460
	13391 19095   916  1480   450
	13331 19064   919  1470   460
	13302 19052   922  1460   470
	13302 19051   913  1450   470
	13313 19051   897  1440   480
	13357 19065   893  1430   490
	13458 19099   891  1410   490
	13633 19164   891  1410   490
	13865 19258   894  1410   490
	14166 19387   890  1400   500
	14495 19532   900  1400   500
	14875 19676   900  1410   490
	15287 19816   897  1420   490
	15670 19962   895  1430   490
	16088 20104   890  1440   480
	16487 20184   894  1460   480
	16811 20252   891  1470   470
	17112 20332   893  1480   460
	17375 20394   890  1500   460
	17558 20441   894  1510   450
	17709 20471   895  1530   450
	17826 20488   897  1530   450
	17890 20492   897  1540   440
	17911 20491   897  1550   430
	17910 20489   916  1550   430
	17902 20487   945  1560   430
	17889 20486   955  1560   430
	17857 20485   957  1560   430
	17804 20472   959  1570   440
	17743 20459   959  1570   440
	17691 20456   959  1570   430
	17657 20454   959  1580   430
	17647 20443   959  1570   430
	17648 20443   951  1570   430
	17648 20453   928  1570   430
	17649 20444   893  1570   430
	17654 20455   870  1580   420
	17664 20453   830  1580   410
	17684 20453   784  1580   410
	17714 20453   708  1590   400
	17742 20444   567  1590   400
	17763 20454   336  1600   390
	17769 20444     0  1600   380
