ABCDE-012_345_678 419
	20334  8202    64  1270   440
	20323  8170    75  1290   450
	20281  8151   262  1290   450
	20257  8136   327  1290   460
	20236  8121   352  1300   470
	20220  8105   269  1300   470
	20212  8103   350  1310   470
	20214  8101   420  1310   470
	20214  8103   547  1310   470
	20217  8103   574  1310   480
	20222  8108   619  1310   480
	20231  8118   643  1320   490
	20251  8136   651  1320   490
	20292  8182   664  1320   490
	20355  8235   672  1320   490
	20437  8300   675  1320   490
	20516  8377   693  1320   490
	20600  8458   697  1320   490
	20695  8553   700  1320   490
	20801  8634   706  1320   490
	20907  8700   713  1320   490
	21008  8764   722  1320   490
	21088  8821   730  1320   490
	21167  8857   737  1320   490
	21230  8901   737  1330   500
	21287  8934   736  1340   490
	21328  8953   737  1340   490
	21360  8967   738  1340   490
	21368  8968   736  1340   490
	21368  8967   734  1340   490
	21369  8965   730  1360   490
	21364  8953   729  1360   490
	21357  8936   725  1360   490
	21342  8892   734  1360   490
	21308  8828   738  1360   490
	21254  8762   755  1360   490
	21195  8684   766  1360   490
	21125  8600   766  1360   490
	21051  8504   767  1360   490
	20980  8410   769  1360   490
	20912  8326   768  1360   490
	20839  8251   768  1360   490
	20792  8199   768  1350   500
	20760  8155   769  1350   500
	20740  8134   769  1350   500
	20738  8119   768  1340   490
	20740  8108   767  1340   490
	20740  8108   766  1330   500
	20746  8117   766  1330   500
	20761  8119   766  1330   500
	20784  8124   767  1330   500
	20817  8151   767  1330   500
	20930  8186   770  1330   500
	20934  8234   771  1320   500
	21002  8295   772  1320   500
	21064  8358   772  1300   500
	21128  8422   773  1300   500
	21184  8487   773  1320   500
	21244  8551   775  1320   500
	21310  8615   775  1320   500
	21379  8668   776  1320   500
	21449  8725   776  1320   500
	21509  8762   776  1320   500
	21557  8793   776  1330   500
	21590  8812   776  1330   500
	21616  8825   776  1340   500
	21624  8827   775  1340   500
	21629  8827   774  1340   500
	21630  8825   772  1340   500
	21625  8821   771  1340   500
	21620  8805   770  1350   500
	21609  8778   770  1360   500
	21584  8732   770  1360   500
	21548  8679   772  1360   500
	21503  8616   772  1360   500
	21438  8539   772  1360   500
	21376  8456   770  1360   500
	21308  8378   770  1360   500
	21254  8299   770  1360   500
	21197  8233   770  1360   500
	21159  8183   770  1350   500
	21135  8150   770  1340   500
	21120  8121   770  1340   500
	21120  8108   770  1340   500
	21123  8107   769  1340   500
	21130  8105   769  1340   500
	21141  8107   769  1330   500
	21159  8118   771  1330   500
	21190  8137   775  1320   500
	21232  8170   777  1320   500
	21297  8230   778  1320   500
	21374  8293   778  1320   500
	21459  8363   778  1320   500
	21540  8440   780  1320   500
	21616  8518   783  1320   500
	21687  8586   784  1320   500
	21768  8652   786  1320   500
	21840  8713   786  1320   500
	21921  8763   786  1320   500
	21983  8807   787  1330   510
	22031  8828   787  1330   510
	22059  8853   787  1330   510
	22074  8855   788  1340   500
	22075  8855   788  1340   500
	22075  8854   787  1340   500
	22071  8843   787  1350   510
	22063  8838   789  1350   510
	22046  8806   789  1360   500
	22009  8760   799  1360   500
	21962  8713   807  1360   500
	21904  8650   812  1360   500
	21836  8583   812  1360   500
	21774  8506   814  1360   500
	21710  8427   812  1360   500
	21657  8362   803  1360   500
	21618  8310   790  1360   500
	21596  8265   786  1350   510
	21582  8235   778  1350   510
	21580  8216   771  1350   510
	21580  8204   734  1350   510
	21584  8202   693  1350   510
	21603  8203   660  1350   510
	21627  8215   619  1350   510
	21665  8246   437  1340   510
	21716  8283   336  1340   510
	21773  8341    -1  1330   510
	21840  8390    -1  1330   510
	21889  8454    -1  1330   510
	21942  8508    -1  1330   510
	21990  8572    -1  1340   500
	22044  8635    -1  1340   500
	22145  8700    -1  1340   500
	22199  8761    -1  1350   510
	22234  8810    -1  1360   500
	22334  8874    -1  1380   500
	22391  8924    -1  1380   500
	22474  8969    -1  1400   510
	22552  9000    -1  1410   510
	22624  9018    -1  1430   490
	22693  9046    -1  1430   490
	22758  9062    -1  1420   480
	22812  9077    -1  1410   490
	22854  9078    -1  1390   480
	22878  9067    -1  1390   480
	22888  9052    -1  1380   480
	22835  9061    -1  1380   480
	22812  9031    -1  1370   470
	22777  8997    -1  1360   480
	22734  8951    -1  1360   470
	22684  8904    -1  1370   460
	22630  8858    -1  1350   450
	22571  8807    -1  1320   460
	22502  8777    -1  1300   460
	22431  8730    -1  1290   450
	22356  8662    -1  1300   450
	22320  8651    -1  1300   450
	22231  8584    -1  1320   450
	22179  8599    -1  1320   450
	22131  8572    -1  1320   450
	22144  8553    -1  1340   450
	22052  8535    -1  1350   450
	22025  8521    -1  1350   450
	22005  8508    -1  1370   450
	21988  8507    -1  1360   460
	21981  8506    -1  1360   470
	21979  8507    -1  1350   470
	21982  8517    -1  1360   480
	21985  8519    -1  1360   480
	21997  8523    -1  1350   490
	22008  8538    -1  1360   490
	22024  8552    -1  1360   490
	22044  8569    -1  1360   490
	22063  8585    -1  1360   490
	22083  8601    -1  1360   490
	22102  8616    -1  1360   490
	22118  8630    -1  1360   490
	22129  8645    -1  1360   490
	22140  8649    -1  1370   500
	22148  8652    -1  1370   500
	22156  8662    -1  1370   500
	22157  8664    -1  1370   500
	22158  8664    -1  1370   500
	22155  8665    -1  1370   500
	22150  8664    -1  1370   500
	22145  8663    -1  1370   500
	22136  8652    -1  1370   500
	22125  8647    -1  1380   490
	22109  8635    -1  1380   490
	22091  8630    -1  1380   490
	22073  8614    -1  1380   490
	22052  8599    -1  1370   500
	22031  8582    -1  1370   500
	22005  8555    -1  1370   500
	21980  8536    -1  1370   500
	21955  8518    -1  1370   500
	21930  8491    -1  1370   500
	21902  8472    -1  1370   500
	21883  8454    -1  1370   500
	21864  8439    -1  1370   500
	21855  8425    -1  1370   500
	21850  8423    -1  1370   500
	21852  8423    -1  1350   500
	21858  8427    -1  1350   500
	21879  8441    -1  1350   500
	21914  8460    -1  1350   500
	21962  8502    -1  1350   500
	22020  8538    -1  1350   500
	22082  8537    -1  1350   500
	22150  8632     0  1350   500
	22219  8677    35  1350   500
	22290  8725   182  1350   500
	22360  8773   249  1360   500
	22428  8808   297  1360   500
	22491  8842   344  1360   500
	22546  8874   367  1360   500
	22591  8903   324  1360   500
	22625  8933   380  1370   500
	22649  8950   437  1370   500
	22659  8956   544  1380   500
	22663  8966   632  1380   500
	22659  8966   672  1380   500
	22647  8956   701  1380   500
	22631  8954   705  1380   500
	22604  8949   710  1380   500
	22554  8919   715  1400   500
	22494  8889   717  1400   500
	22415  8844   721  1400   500
	22332  8807   725  1400   500
	22257  8760   727  1400   500
	22179  8710   729  1380   500
	22107  8650   733  1380   500
	22038  8598   734  1380   500
	21983  8553   737  1380   500
	21945  8520   738  1380   500
	21927  8491   736  1380   500
	21921  8476   736  1380   500
	21927  8471   733  1380   500
	21942  8459   729  1380   500
	21959  8455   729  1380   500
	21993  8453   731  1370   510
	22041  8454   737  1370   510
	22106  8458   760  1370   510
	22183  8491   766  1370   510
	22268  8536   767  1370   510
	22359  8584   766  1370   510
	22450  8631   766  1370   510
	22534  8665   766  1370   510
	22598  8696   768  1370   510
	22648  8716   768  1370   510
	22700  8741   768  1370   510
	22731  8745   768  1380   510
	22751  8757   767  1380   510
	22769  8757   766  1380   510
	22773  8748   750  1380   510
	22780  8746   737  1400   510
	22785  8744   733  1400   510
	22788  8741   725  1410   510
	22792  8730   718  1410   510
	22797  8727   715  1410   510
	22803  8716   713  1410   510
	22809  8713   714  1410   510
	22817  8711   706  1410   510
	22833  8710   706  1410   510
	22866  8710   708  1410   510
	22913  8715   713  1410   510
	22978  8729   714  1410   510
	23049  8748   714  1410   510
	23121  8774   713  1410   510
	23192  8791   713  1410   510
	23265  8810   708  1410   510
	23326  8826   706  1410   510
	23379  8839   704  1410   510
	23413  8841   698  1410   510
	23425  8839   686  1410   510
	23427  8838   677  1410   510
	23425  8828   671  1420   500
	23423  8825   668  1430   510
	23420  8822   664  1430   510
	23419  8812   663  1430   510
	23417  8808   663  1430   510
	23417  8796   663  1430   510
	23420  8794   663  1430   510
	23427  8794   663  1430   510
	23446  8791   668  1430   510
	23471  8792   671  1430   510
	23502  8795   674  1440   500
	23545  8806   678  1440   510
	23588  8812   683  1440   510
	23630  8826   683  1430   510
	23670  8842   684  1430   510
	23698  8854   686  1430   510
	23723  8856   686  1430   510
	23741  8860   689  1430   510
	23754  8869   689  1430   510
	23764  8870   689  1430   510
	23772  8872   691  1430   510
	23783  8873   691  1430   510
	23794  8875   693  1430   510
	23809  8876   691  1430   510
	23827  8887   693  1430   510
	23853  8891   693  1430   510
	23880  8902   693  1430   510
	23914  8906   696  1430   510
	23948  8918   697  1430   510
	23977  8923   700  1430   510
	24009  8934   702  1440   500
	24033  8937   704  1440   500
	24045  8939   706  1440   500
	24054  8939   708  1440   500
	24059  8940   706  1440   500
	24060  8939   709  1440   500
	24057  8938   715  1440   500
	24059  8939   723  1440   500
	24057  8939   724  1440   500
	24057  8939   724  1440   500
	24059  8939   723  1440   500
	24056  8939   723  1440   500
	24060  8939   723  1440   500
	24061  8939   721  1440   500
	24065  8939   721  1440   500
	24072  8939   723  1440   500
	24079  8939   722  1440   500
	24087  8949   723  1440   500
	24094  8951   723  1440   500
	24103  8953   725  1440   500
	24115  8953   729  1440   500
	24126  8965   730  1440   500
	24138  8966   729  1440   500
	24155  8968   733  1440   500
	24167  8971   734  1440   500
	24178  8982   733  1440   500
	24189  8982   734  1440   500
	24197  8984   733  1440   500
	24203  8984   734  1440   500
	24209  8985   734  1440   500
	24211  8985   737  1440   500
	24210  8986   736  1440   500
	24211  8986   738  1440   500
	24211  8986   744  1440   500
	24211  8985   760  1440   500
	24210  8986   767  1440   500
	24211  8986   769  1440   500
	24211  8986   770  1440   500
	24210  8986   770  1440   500
	24214  8986   772  1440   500
	24211  8987   772  1440   500
	24212  8986   772  1450   500
	24211  8985   773  1450   500
	24212  8986   773  1450   500
	24211  8986   774  1450   500
	24212  8985   776  1450   500
	24211  8986   776  1450   500
	24210  8986   778  1450   500
	24209  8985   780  1450   500
	24204  8984   781  1450   500
	24200  8984   783  1440   500
	24195  8981   786  1440   500
	24180  8969   789  1440   500
	24163  8965   790  1440   500
	24134  8952   803  1440   500
	24086  8936   807  1440   500
	24021  8908   812  1440   500
	23938  8888   807  1450   510
	23841  8857   807  1450   510
	23727  8822   812  1450   510
	23595  8778   812  1450   510
	23417  8728   807  1450   510
	23215  8668   812  1450   510
	22983  8602   812  1440   510
	22727  8520   813  1440   510
	22458  8437   812  1440   510
	22170  8342   817  1460   520
	21882  8249   821  1460   520
	21629  8172   825  1450   530
	21415  8103   830  1450   530
	21216  8040   836  1450   530
	21047  7976   840  1450   530
	20881  7916   841  1450   530
	20743  7866   843  1450   530
	20658  7845   848  1450   530
	20632  7832   870  1450   530
	20639  7835   867  1450   530
	20683  7847   849  1450   530
	20791  7880   849  1430   520
	20973  7944   847  1430   520
	21190  8022   847  1430   520
	21468  8105   846  1430   520
	21753  8199   848  1430   520
	22096  8294   848  1450   530
	22458  8391   848  1450   530
	22827  8486   856  1450   530
	23188  8567   862  1450   530
	23564  8651   862  1450   530
	23874  8728   868  1450   530
	24192  8780   870  1450   530
	24453  8827   872  1450   530
	24675  8869   875  1470   520
	24821  8891   876  1470   520
	24930  8906   876  1470   520
	24987  8919   876  1470   520
	24992  8919   881  1470   520
	24982  8917   925  1470   520
	24963  8908   951  1470   520
	24926  8906   956  1470   520
	24869  8902   959  1470   520
	24804  8887   958  1470   520
	24731  8872   959  1470   520
	24661  8857   958  1470   520
	24602  8841   957  1470   520
	24555  8838   955  1490   520
	24522  8826   948  1490   520
	24509  8826   929  1490   520
	24507  8826   900  1490   520
	24510  8826   871  1490   520
	24517  8826   828  1490   520
	24547  8827   779  1490   520
	24587  8837   669  1490   520
	24634  8840   390  1490   520
	24681  8843   234  1490   520
