ABCDE-012_345_678 836
	12713 12251   234  1150   540
	12709 12265   327  1150   540
	12702 12267   367  1150   540
	12698 12267   350  1150   540
	12698 12267   410  1150   540
	12694 12265   522  1150   540
	12693 12262   544  1150   540
	12694 12250   560  1150   540
	12692 12235   570  1160   550
	12689 12216   590  1170   550
	12693 12182   613  1170   550
	12694 12134   639  1170   550
	12691 12071   648  1170   550
	12691 12008   658  1190   540
	12688 11942   664  1190   540
	12684 11866   671  1190   540
	12685 11772   675  1190   540
	12681 11720   677  1180   560
	12680 11657   681  1180   560
	12681 11591   684  1180   560
	12679 11542   687  1170   560
	12676 11497   689  1170   560
	12677 11468   686  1160   560
	12680 11461   683  1160   560
	12684 11452   678  1140   570
	12686 11463   674  1140   570
	12686 11463   671  1140   570
	12687 11466   671  1130   570
	12692 11493   672  1130   570
	12694 11515   675  1110   570
	12697 11562   675  1100   560
	12702 11611   681  1090   570
	12706 11660   683  1090   570
	12708 11721   684  1090   570
	12710 11781   684  1090   570
	12714 11834   683  1090   570
	12720 11897   684  1090   570
	12728 11974   683  1090   570
	12738 12055   684  1090   570
	12757 12137   683  1100   560
	12774 12218   683  1100   560
	12794 12300   683  1100   560
	12819 12379   681  1120   560
	12844 12457   680  1110   550
	12874 12534   677  1120   550
	12900 12588   678  1130   560
	12929 12646   675  1150   550
	12953 12681   675  1160   550
	12973 12712   674  1160   550
	12986 12729   674  1170   550
	12998 12741   672  1170   550
	13000 12742   669  1190   540
	13000 12731   668  1190   540
	13001 12726   669  1190   540
	13004 12699   674  1210   550
	13008 12666   674  1210   550
	13005 12617   678  1210   550
	13002 12551   689  1230   550
	12997 12472   700  1230   550
	12987 12389   708  1230   550
	12981 12283   721  1230   550
	12975 12166   766  1230   550
	12965 12023   770  1240   550
	12956 11896   773  1240   550
	12945 11753   775  1220   560
	12931 11610   776  1220   560
	12920 11481   776  1210   560
	12912 11384   776  1190   560
	12902 11304   776  1190   560
	12901 11240   776  1180   570
	12897 11206   776  1160   570
	12897 11173   773  1150   580
	12899 11148   769  1150   580
	12901 11145   725  1130   580
	12903 11143   686  1120   580
	12903 11146   651  1100   580
	12905 11159   579  1100   580
	12905 11178   528  1090   590
	12903 11211   363  1070   590
	12901 11256   317  1060   580
	12899 11302    64  1060   580
	12896 11340    -1  1060   580
	12889 11383    -1  1050   580
	12878 11419    -1  1050   580
	12866 11465    -1  1050   580
	12855 11513    -1  1050   580
	12840 11562    -1  1050   580
	12825 11612    -1  1060   580
	12807 11659    -1  1060   580
	12791 11703    -1  1060   580
	12770 11735    -1  1070   570
	12750 11756    -1  1070   570
	12728 11785    -1  1090   570
	12707 11800    -1  1090   570
	12683 11815    -1  1100   560
	12665 11818    -1  1100   550
	12647 11819    -1  1100   550
	12630 11820    -1  1110   550
	12615 11819    -1  1110   550
	12609 11818    -1  1120   540
	12603 11816    -1  1120   540
	12594 11818    -1  1120   540
	12587 11817   317  1120   540
	12589 11817   324  1120   540
	12589 11819   395  1130   540
	12596 11819   539  1130   540
	12603 11819   577  1130   540
	12614 11829   630  1130   540
	12626 11830   646  1140   550
	12641 11832   660  1140   550
	12671 11835   674  1120   550
	12705 11850   680  1120   550
	12729 11864   681  1120   550
	12759 11877   689  1130   560
	12800 11894   689  1130   560
	12833 11910   690  1150   550
	12872 11927   689  1150   550
	12908 11945   681  1160   560
	12943 11964   669  1160   560
	12977 11992   638  1160   560
	13000 12009   555  1160   560
	13021 12027   310  1160   560
	13037 12042    75  1180   570
	13046 12058    -1  1180   570
	13057 12072    -1  1180   570
	13061 12086    -1  1180   570
	13071 12091    -1  1180   570
	13090 12106    -1  1180   570
	13108 12121    -1  1160   570
	13128 12136    -1  1160   560
	13156 12149    -1  1160   560
	13175 12155    -1  1130   560
	13199 12166    -1  1120   550
	13217 12170    -1  1120   550
	13231 12171    -1  1100   540
	13239 12171    -1  1100   540
	13233 12168    -1  1100   530
	13222 12165    -1  1100   530
	13210 12140    -1  1080   530
	13193 12135    -1  1080   530
	13175 12118    -1  1080   530
	13153 12102    -1  1070   520
	13130 12085    -1  1070   520
	13111 12069    -1  1070   520
	13094 12057    -1  1070   520
	13077 12041   136  1090   520
	13071 12027   327  1090   520
	13064 12012   367  1100   530
	13058 12005   344  1110   530
	13055 11979   401  1120   540
	13053 11960   513  1120   540
	13055 11942   533  1120   550
	13050 11915   552  1140   550
	13052 11896   574  1150   550
	13055 11878   590  1150   550
	13057 11862   609  1160   560
	13059 11836   621  1160   560
	13060 11819   625  1160   560
	13063 11815   630  1160   570
	13065 11814   629  1160   570
	13070 11813   623  1160   570
	13071 11814   615  1160   570
	13076 11817   605  1150   580
	13082 11818   599  1150   580
	13090 11832   590  1150   580
	13095 11848   592  1150   580
	13110 11878   592  1150   580
	13125 11910   590  1130   570
	13140 11932   584  1130   570
	13158 11963   579  1130   570
	13169 11993   574  1140   570
	13182 12023   567  1140   570
	13196 12055   557  1130   560
	13209 12085   544  1130   560
	13223 12107   531  1130   560
	13239 12133   513  1130   560
	13252 12150   454  1130   560
	13265 12168   415  1150   550
	13276 12182   410  1150   550
	13286 12186   410  1150   550
	13292 12188   410  1160   550
	13296 12188   415  1160   550
	13294 12185   429  1160   550
	13296 12172   513  1160   550
	13292 12168   536  1170   550
	13289 12152   555  1180   560
	13285 12135   572  1180   560
	13282 12102   603  1180   560
	13274 12072   636  1180   560
	13267 12041   651  1180   560
	13262 12009   658  1180   560
	13255 11978   666  1180   560
	13251 11957   671  1180   560
	13252 11927   674  1180   560
	13252 11911   678  1180   560
	13256 11896   677  1180   560
	13260 11883   677  1180   560
	13264 11879   674  1180   560
	13270 11868   672  1170   560
	13279 11868   671  1170   560
	13289 11866   668  1170   560
	13298 11866   668  1170   560
	13314 11867   669  1160   560
	13324 11878   668  1160   560
	13332 11881   669  1160   560
	13347 11896   671  1160   560
	13360 11911   671  1160   560
	13369 11925   672  1140   570
	13383 11943   674  1140   570
	13395 11959   675  1140   570
	13409 11976   675  1140   570
	13422 12005   675  1140   570
	13435 12026   674  1140   570
	13447 12057   674  1140   570
	13462 12090   669  1140   570
	13471 12122   664  1160   560
	13483 12153   661  1160   560
	13493 12181   660  1160   560
	13499 12199   658  1160   570
	13505 12217   658  1160   570
	13509 12233   658  1180   570
	13510 12247   658  1180   570
	13510 12250   656  1180   570
	13505 12252   656  1180   570
	13504 12262   658  1180   570
	13500 12262   660  1180   570
	13498 12261   661  1190   560
	13490 12252   663  1190   560
	13486 12251   664  1190   560
	13475 12246   664  1190   560
	13465 12231   669  1190   560
	13450 12203   671  1190   560
	13437 12182   678  1190   560
	13423 12149   689  1190   560
	13413 12119   694  1210   560
	13403 12087   696  1210   560
	13398 12054   696  1210   560
	13396 12023   697  1210   560
	13398 12008   698  1210   560
	13403 11990   697  1210   560
	13409 11973   693  1190   560
	13414 11959   686  1190   560
	13423 11948   678  1190   560
	13432 11946   671  1190   560
	13441 11945   668  1190   560
	13452 11945   664  1190   560
	13464 11945   663  1180   570
	13476 11957   663  1180   570
	13492 11961   661  1170   560
	13508 11976   661  1170   560
	13519 11992   660  1180   570
	13532 12008   661  1180   570
	13544 12027   660  1180   570
	13556 12055   660  1180   570
	13562 12076   658  1180   570
	13572 12117   653  1180   570
	13578 12139   650  1180   570
	13581 12167   650  1180   570
	13578 12188   648  1180   570
	13572 12214   650  1180   570
	13567 12231   650  1180   570
	13564 12247   651  1180   570
	13559 12261   653  1180   570
	13553 12264   658  1180   570
	13554 12266   661  1180   570
	13551 12266   664  1180   570
	13549 12264   666  1190   560
	13549 12262   669  1190   560
	13549 12250   671  1190   560
	13549 12234   675  1190   560
	13552 12214   680  1190   560
	13554 12172   687  1190   560
	13552 12135   696  1190   560
	13553 12088   702  1190   560
	13553 12024   708  1190   560
	13552 11973   730  1190   560
	13544 11913   768  1190   560
	13543 11852   774  1190   560
	13538 11787   777  1200   570
	13531 11719   778  1190   580
	13520 11643   780  1190   580
	13511 11574   780  1170   580
	13503 11510   780  1170   580
	13494 11448   780  1170   580
	13487 11387   780  1160   580
	13479 11352   780  1160   580
	13472 11319   779  1140   590
	13468 11290   777  1140   590
	13463 11273   776  1130   590
	13459 11269   776  1130   590
	13460 11260   775  1110   590
	13456 11260   771  1110   590
	13456 11271   768  1110   590
	13455 11275   755  1090   600
	13448 11291   730  1090   600
	13446 11308   709  1090   590
	13442 11350   691  1090   590
	13443 11385   678  1090   590
	13447 11429   664  1070   590
	13457 11468   653  1070   590
	13470 11516   645  1070   590
	13481 11574   639  1070   590
	13495 11626   639  1090   590
	13513 11675   634  1090   590
	13534 11737   630  1090   590
	13548 11787   615  1090   590
	13561 11831   603  1090   590
	13572 11862   603  1100   580
	13582 11882   603  1100   580
	13590 11897   609  1100   580
	13600 11912   609  1090   570
	13610 11927   615  1120   580
	13616 11941   623  1120   580
	13631 11958   630  1120   580
	13643 11964   634  1130   580
	13657 11980   634  1130   580
	13670 11995   636  1150   580
	13684 12012   638  1150   580
	13699 12040   639  1150   580
	13716 12059   641  1150   580
	13732 12090   641  1160   570
	13745 12118   643  1160   570
	13759 12137   645  1160   570
	13768 12166   645  1160   570
	13774 12183   645  1160   570
	13782 12202   646  1180   570
	13787 12230   646  1180   570
	13796 12250   645  1180   570
	13803 12268   646  1190   580
	13807 12294   645  1190   580
	13814 12313   643  1190   580
	13813 12329   641  1200   570
	13814 12345   639  1200   570
	13811 12362   639  1200   570
	13813 12377   636  1200   570
	13811 12391   636  1200   570
	13813 12394   634  1200   570
	13809 12396   634  1200   570
	13807 12396   638  1200   570
	13803 12395   641  1200   570
	13798 12392   643  1200   570
	13791 12380   645  1200   570
	13783 12373   646  1220   570
	13771 12358   656  1220   570
	13758 12341   660  1220   570
	13746 12310   664  1220   570
	13728 12279   671  1220   570
	13709 12235   684  1220   570
	13696 12202   689  1220   570
	13686 12167   690  1220   570
	13680 12133   691  1220   570
	13675 12089   693  1220   570
	13678 12054   694  1220   570
	13687 12023   694  1220   570
	13696 12005   691  1200   570
	13708 11980   689  1200   570
	13726 11975   678  1200   570
	13746 11963   669  1200   570
	13769 11964   664  1200   570
	13791 11974   661  1200   570
	13821 11979   661  1190   580
	13850 11996   660  1190   580
	13874 12021   660  1190   580
	13900 12053   656  1190   580
	13923 12076   650  1190   580
	13946 12120   639  1190   580
	13963 12152   611  1190   580
	13982 12187   560  1190   580
	13998 12230   415  1190   580
	14014 12266   278  1200   580
	14029 12314   262  1200   580
	14041 12360     0  1200   580
	14050 12407    -1  1200   580
	14056 12453    -1  1200   580
	14062 12492    -1  1210   590
	14068 12539    -1  1210   590
	14079 12584    -1  1210   590
	14079 12630    -1  1230   590
	14087 12663    -1  1230   590
	14088 12695    -1  1230   590
	14092 12725    -1  1230   590
	14093 12744    -1  1230   590
	14099 12762    -1  1240   580
	14098 12777    -1  1240   580
	14099 12789    -1  1240   580
	14096 12793    -1  1240   580
	14091 12793    -1  1240   580
	14087 12792    -1  1260   580
	14086 12789    64  1260   580
	14082 12777   249  1260   580
	14078 12761   344  1260   580
	14070 12745   302  1260   580
	14067 12727   390  1270   570
	14061 12696   531  1270   570
	14051 12662   601  1270   570
	14047 12603   651  1270   570
	14039 12553   671  1270   570
	14033 12503   687  1270   570
	14026 12440   709  1270   570
	14025 12378   737  1270   570
	14023 12316   767  1270   570
	14021 12261   769  1280   580
	14024 12214   770  1280   580
	14028 12167   770  1270   590
	14035 12135   770  1270   590
	14046 12106   766  1270   590
	14057 12085   733  1270   590
	14065 12071   714  1250   590
	14078 12058   698  1250   590
	14092 12056   680  1250   590
	14101 12059   669  1250   590
	14106 12069   663  1240   600
	14112 12074   660  1250   600
	14120 12088   660  1250   600
	14131 12106   658  1230   610
	14147 12133   656  1230   610
	14159 12152   651  1230   610
	14169 12172   650  1220   600
	14183 12200   646  1220   600
	14191 12218   648  1220   600
	14198 12245   646  1220   600
	14207 12262   645  1220   600
	14213 12280   645  1220   600
	14219 12297   645  1210   590
	14221 12312   645  1210   590
	14226 12316   646  1190   600
	14224 12326   648  1190   600
	14223 12325   655  1200   580
	14223 12315   663  1200   580
	14221 12314   671  1200   580
	14222 12310   684  1190   580
	14219 12297   700  1190   580
	14213 12280   713  1200   580
	14213 12261   725  1210   580
	14211 12248   734  1210   580
	14210 12230   738  1210   580
	14213 12213   744  1210   580
	14221 12188   744  1210   580
	14227 12171   734  1210   580
	14234 12166   724  1210   580
	14247 12153   709  1210   580
	14258 12150   693  1210   580
	14275 12149   674  1210   580
	14289 12151   660  1200   580
	14307 12154   648  1200   580
	14330 12168   619  1200   580
	14350 12185   562  1200   580
	14371 12202   401  1200   580
	14389 12230   352  1200   580
	14404 12251    75  1200   580
	14419 12278    -1  1200   580
	14426 12300    -1  1200   580
	14432 12329    -1  1200   580
	14440 12359    -1  1200   580
	14442 12389    -1  1200   580
	14443 12411    -1  1200   580
	14441 12443    -1  1200   580
	14436 12475    -1  1200   580
	14425 12504    -1  1200   580
	14413 12535    -1  1200   570
	14398 12553    -1  1200   570
	14376 12572    -1  1200   570
	14354 12586    -1  1200   570
	14332 12588    -1  1190   560
	14306 12597    -1  1190   560
	14283 12597    -1  1190   560
	14262 12597    -1  1190   560
	14247 12597    -1  1180   560
	14231 12599    -1  1180   560
	14221 12601   249  1180   560
	14218 12604   286  1200   550
	14217 12614   401  1200   550
	14223 12617   533  1200   550
	14229 12619   570  1200   550
	14231 12631   601  1200   550
	14241 12635   623  1210   560
	14251 12647   634  1210   560
	14267 12662   634  1210   560
	14283 12681   625  1210   560
	14307 12699   599  1210   560
	14329 12715   560  1210   560
	14356 12741   410  1220   570
	14377 12758   336  1220   570
	14397 12773    64  1220   570
	14413 12779    -1  1220   570
	14422 12793    -1  1230   560
	14431 12796    -1  1230   560
	14447 12807    -1  1230   560
	14464 12809    -1  1230   560
	14487 12822    -1  1230   560
	14517 12825    -1  1250   560
	14558 12838    -1  1240   550
	14602 12842    -1  1240   550
	14650 12843    -1  1240   550
	14702 12843    -1  1240   550
	14747 12842    -1  1250   550
	14790 12838    -1  1250   550
	14822 12824    -1  1250   550
	14846 12807    -1  1250   550
	14861 12790    -1  1250   550
	14865 12762    -1  1250   550
	14858 12732    -1  1250   550
	14842 12700    -1  1250   550
	14818 12677    -1  1240   550
	14789 12645    -1  1240   550
	14754 12603    -1  1240   550
	14715 12571    -1  1220   560
	14676 12540    -1  1220   560
	14641 12517    -1  1220   560
	14611 12488    -1  1200   550
	14585 12459    -1  1200   550
	14566 12438    -1  1200   550
	14546 12409    -1  1200   550
	14529 12379    -1  1180   560
	14515 12358    -1  1180   560
	14498 12328    -1  1180   560
	14484 12298    -1  1180   560
	14478 12277    -1  1170   560
	14474 12262    -1  1160   550
	14477 12247    -1  1160   550
	14480 12245    -1  1160   550
	14493 12245    -1  1160   550
	14506 12248    -1  1170   560
	14520 12252    -1  1170   560
	14538 12266    -1  1170   560
	14557 12282    -1  1170   560
	14572 12298    -1  1170   560
	14592 12316    -1  1170   560
	14607 12341    -1  1170   560
	14627 12359    -1  1170   560
	14639 12375    -1  1170   560
	14649 12392    -1  1170   560
	14656 12407    -1  1170   560
	14656 12422    -1  1170   560
	14658 12428    -1  1170   560
	14658 12442    -1  1170   560
	14658 12454    -1  1170   560
	14654 12459    -1  1170   560
	14648 12471   136  1170   560
	14642 12474   286  1180   570
	14629 12476   352  1180   570
	14623 12487   357  1180   570
	14614 12488   500  1180   570
	14607 12488   560  1180   570
	14597 12490   621  1180   570
	14589 12490   646  1180   570
	14574 12490   660  1180   570
	14559 12490   671  1180   570
	14548 12487   689  1180   570
	14535 12485   700  1190   560
	14521 12475   706  1190   560
	14507 12473   723  1200   570
	14496 12459   729  1200   570
	14482 12442   734  1200   570
	14464 12421   766  1200   570
	14449 12394   770  1200   570
	14436 12363   772  1200   570
	14427 12341   774  1200   570
	14420 12309   776  1220   570
	14415 12282   777  1220   570
	14413 12262   778  1210   560
	14411 12246   778  1210   560
	14416 12235   778  1210   560
	14420 12229   777  1210   560
	14430 12216   776  1210   560
	14438 12214   774  1210   560
	14450 12203   772  1210   560
	14467 12203   770  1190   560
	14485 12213   766  1190   560
	14512 12217   766  1190   560
	14534 12233   744  1190   560
	14555 12250   744  1190   560
	14583 12268   737  1190   560
	14601 12297   733  1190   560
	14616 12316   729  1180   570
	14633 12344   725  1180   570
	14648 12364   715  1180   570
	14658 12391   710  1180   570
	14666 12410   706  1180   570
	14673 12438   702  1180   570
	14674 12455   698  1180   570
	14674 12469   698  1180   570
	14671 12473   698  1180   570
	14668 12475   698  1180   570
	14662 12476   700  1190   580
	14660 12476   702  1190   580
	14662 12474   709  1200   570
	14656 12472   708  1200   570
	14652 12469   713  1200   570
	14646 12455   723  1200   570
	14640 12428   733  1200   570
	14634 12408   760  1200   570
	14624 12363   770  1200   570
	14618 12326   771  1200   570
	14603 12277   772  1200   570
	14592 12230   777  1200   570
	14585 12172   782  1200   570
	14579 12117   788  1200   570
	14571 12044   789  1200   570
	14562 11977   799  1200   570
	14553 11925   812  1200   570
	14551 11881   814  1200   570
	14555 11845   814  1200   570
	14555 11802   814  1190   580
	14560 11781   812  1190   580
	14564 11753   807  1190   580
	14566 11750   787  1170   580
	14573 11737   781  1170   580
	14576 11735   773  1170   580
	14579 11737   733  1160   580
	14579 11738   694  1160   580
	14583 11753   664  1160   580
	14590 11770   641  1140   590
	14592 11801   565  1140   590
	14604 11836   385  1140   590
	14611 11881   317  1140   590
	14623 11928    -1  1130   580
	14633 11977    -1  1130   580
	14641 12027    -1  1130   580
	14660 12091    -1  1130   580
	14673 12165    -1  1130   580
	14696 12230    -1  1130   580
	14722 12294    -1  1130   580
	14751 12347    -1  1130   580
	14779 12396    -1  1130   580
	14799 12443    -1  1130   580
	14814 12475    -1  1150   580
	14820 12501    -1  1140   570
	14822 12517    -1  1140   570
	14821 12519    -1  1140   570
	14814 12521    -1  1160   560
	14812 12520    -1  1160   560
	14805 12520    -1  1160   560
	14800 12519   234  1160   560
	14797 12507   352  1160   560
	14793 12505   357  1160   570
	14791 12501   522  1160   570
	14792 12488   577  1180   570
	14789 12474   646  1180   570
	14785 12458   677  1180   570
	14780 12426   708  1180   570
	14778 12396   760  1180   570
	14773 12364   772  1190   580
	14768 12341   777  1200   570
	14764 12309   782  1200   570
	14760 12281   786  1200   570
	14759 12262   787  1200   570
	14759 12246   788  1200   570
	14763 12234   788  1210   580
	14767 12229   787  1210   580
	14774 12219   786  1210   580
	14780 12217   784  1210   580
	14785 12215   780  1210   580
	14794 12216   776  1210   580
	14800 12215   770  1210   580
	14808 12217   760  1210   580
	14815 12220   729  1200   570
	14831 12231   722  1190   580
	14848 12246   717  1190   580
	14869 12266   713  1190   580
	14888 12296   706  1190   580
	14908 12315   705  1190   580
	14923 12345   701  1190   580
	14936 12373   698  1190   580
	14946 12394   697  1190   580
	14959 12423   696  1170   580
	14969 12443   693  1170   580
	14980 12473   690  1170   580
	14989 12490   691  1170   580
	14993 12517   690  1170   580
	14998 12534   691  1200   580
	15000 12540   693  1200   580
	15003 12554   694  1200   580
	15006 12556   697  1200   580
	15006 12556   700  1200   580
	15003 12556   706  1200   580
	15003 12553   714  1200   580
	15007 12552   723  1200   580
	15001 12549   733  1200   580
	14998 12537   760  1210   580
	14995 12523   769  1210   580
	14990 12518   772  1230   590
	14985 12502   773  1230   590
	14980 12475   776  1230   590
	14974 12456   777  1230   590
	14970 12428   778  1230   590
	14966 12408   780  1230   590
	14963 12380   781  1240   580
	14962 12362   781  1230   580
	14963 12343   782  1230   580
	14965 12327   781  1210   580
	14970 12312   781  1210   580
	14979 12297   780  1210   580
	14989 12284   779  1210   580
	15001 12280   777  1230   590
	15013 12278   776  1230   590
	15029 12277   774  1230   590
	15040 12278   773  1230   590
	15054 12281   772  1230   590
	15069 12284   772  1210   590
	15086 12299   772  1210   590
	15100 12315   773  1210   590
	15121 12331   772  1210   590
	15132 12347   772  1210   590
	15147 12373   772  1210   590
	15159 12392   773  1190   600
	15170 12411   772  1190   600
	15180 12437   772  1200   600
	15190 12456   772  1190   600
	15202 12475   772  1190   600
	15211 12492   772  1190   600
	15214 12520   772  1190   600
	15220 12538   772  1190   600
	15224 12554   772  1190   600
	15224 12570   772  1180   590
	15226 12585   772  1180   590
	15229 12599   772  1200   580
	15227 12614   772  1200   580
	15227 12619   771  1200   580
	15233 12632   772  1190   580
	15233 12634   772  1190   580
	15232 12646   772  1190   580
	15235 12647   772  1180   570
	15236 12649   772  1190   560
	15236 12651   772  1200   570
	15236 12661   772  1200   570
	15238 12662   773  1200   570
	15235 12662   773  1200   570
	15235 12664   774  1200   570
	15236 12664   775  1220   570
	15235 12664   775  1220   570
	15236 12663   775  1220   570
	15236 12665   775  1220   570
	15235 12666   775  1220   570
	15235 12666   776  1220   570
	15235 12666   775  1220   570
	15235 12666   775  1220   570
	15235 12666   776  1220   570
	15236 12666   775  1220   570
	15233 12666   775  1220   570
	15232 12666   775  1220   570
	15229 12666   775  1220   570
	15227 12666   774  1220   570
	15226 12665   774  1220   570
	15223 12663   774  1220   570
	15219 12665   773  1220   570
	15208 12664   772  1220   570
	15200 12652   772  1220   570
	15188 12649   772  1220   570
	15174 12636   772  1220   570
	15157 12629   772  1220   570
	15143 12613   772  1230   580
	15129 12588   772  1230   580
	15110 12566   773  1230   580
	15091 12537   774  1230   580
	15075 12505   776  1230   580
	15068 12486   775  1230   580
	15059 12456   776  1230   580
	15058 12428   776  1230   580
	15056 12408   776  1230   580
	15059 12391   776  1240   580
	15067 12375   776  1230   590
	15075 12358   776  1230   590
	15091 12344   775  1230   590
	15109 12331   774  1230   590
	15121 12330   772  1230   590
	15137 12330   770  1230   590
	15156 12330   769  1210   590
	15172 12332   769  1210   590
	15199 12343   770  1210   590
	15227 12347   770  1210   590
	15252 12359   770  1210   590
	15280 12374   771  1210   590
	15309 12389   772  1210   590
	15338 12396   772  1210   590
	15369 12421   772  1210   590
	15400 12438   772  1210   590
	15439 12469   771  1190   600
	15479 12492   770  1190   600
	15525 12523   770  1190   600
	15576 12556   769  1210   590
	15632 12600   768  1210   590
	15692 12648   760  1210   590
	15746 12684   750  1210   590
	15796 12728   737  1210   590
	15840 12763   737  1210   590
	15875 12805   734  1220   600
	15901 12826   734  1220   600
	15916 12855   731  1240   600
	15925 12874   733  1240   600
	15919 12890   733  1240   600
	15900 12907   734  1260   600
	15873 12921   737  1260   600
	15837 12936   734  1260   600
	15784 12939   734  1280   590
	15715 12949   733  1280   590
	15625 12949   727  1280   590
	15521 12937   725  1290   590
	15409 12919   730  1290   590
	15275 12891   729  1290   590
	15110 12857   727  1290   590
	14934 12809   736  1310   580
	14745 12745   744  1310   580
	14528 12667   760  1310   580
	14313 12582   755  1310   580
	14088 12485   737  1310   580
	13867 12380   769  1310   580
	13660 12266   770  1310   580
	13458 12156   775  1300   580
	13287 12041   776  1280   580
	13158 11946   777  1280   580
	13037 11861   778  1280   580
	12947 11769   779  1280   580
	12884 11689   780  1260   580
	12844 11622   782  1260   580
	12832 11563   782  1260   580
	12839 11526   779  1240   580
	12878 11495   777  1240   580
	12945 11468   775  1240   580
	13052 11466   773  1230   590
	13203 11481   771  1230   590
	13368 11528   769  1230   590
	13583 11605   770  1210   590
	13829 11686   769  1210   590
	14100 11772   768  1210   590
	14408 11865   770  1210   590
	14705 11964   770  1220   600
	15055 12074   771  1200   600
	15426 12197   772  1220   600
	15790 12312   770  1230   610
	16185 12427   744  1230   610
	16588 12551   700  1240   620
	16975 12678   660  1240   620
	17391 12795   555  1270   620
	17730 12904   302  1270   620
	18082 13003   218  1270   620
