ABCDE-012_345_678 190
	 6673 15911    64  1080   580
	 6669 15915     0  1080   580
	 6671 15915   108  1070   570
	 6672 15914   201  1070   570
	 6672 15898   262  1070   570
	 6669 15913   297  1070   570
	 6669 15911   317  1070   570
	 6661 15900   336  1070   570
	 6664 15898   352  1070   570
	 6664 15893   360  1070   570
	 6667 15879   278  1070   570
	 6670 15851   317  1060   570
	 6677 15831   338  1060   570
	 6685 15787   363  1060   570
	 6700 15738   385  1060   580
	 6718 15675   410  1050   580
	 6737 15596   500  1050   580
	 6755 15509   525  1050   580
	 6776 15413   539  1030   580
	 6797 15303   552  1030   580
	 6824 15195   565  1030   580
	 6850 15093   579  1020   580
	 6876 15000   592  1000   590
	 6901 14921   605   980   590
	 6931 14843   621   980   590
	 6950 14789   629   970   590
	 6979 14725   632   950   580
	 6996 14667   632   950   580
	 7017 14632   632   930   580
	 7034 14600   632   920   580
	 7051 14571   630   900   580
	 7063 14565   625   900   580
	 7076 14555   619   880   580
	 7086 14554   613   870   580
	 7096 14565   609   870   580
	 7105 14566   609   850   580
	 7115 14584   615   850   570
	 7122 14604   621   850   580
	 7127 14646   625   840   580
	 7127 14698   630   840   580
	 7120 14763   634   840   580
	 7109 14841   634   840   580
	 7091 14934   634   840   580
	 7070 15032   634   850   580
	 7047 15145   638   850   580
	 7024 15259   639   870   580
	 7008 15370   646   870   580
	 6994 15452   650   880   580
	 6987 15515   650   880   580
	 6982 15561   651   900   580
	 6979 15593   650   900   570
	 6979 15595   653   920   570
	 6983 15594   656   920   570
	 6983 15592   658   930   570
	 6989 15579   660   950   570
	 6994 15561   663   950   570
	 7005 15515   668   960   570
	 7023 15467   674   960   570
	 7046 15417   678   960   570
	 7067 15365   681   960   570
	 7090 15304   681   960   570
	 7118 15240   683   960   560
	 7147 15189   683   960   560
	 7183 15141   678   950   570
	 7226 15095   675   950   570
	 7269 15065   669   950   570
	 7319 15036   660   950   570
	 7374 15018   653   930   570
	 7417 15015   648   930   570
	 7466 15018   645   930   570
	 7505 15029   639   920   570
	 7540 15045   636   920   570
	 7567 15066   634   920   570
	 7584 15100   634   920   580
	 7594 15146   634   920   580
	 7604 15195   638   900   580
	 7607 15256   638   900   580
	 7599 15318   639   900   580
	 7589 15382   641   920   580
	 7573 15449   645   920   580
	 7563 15525   646   920   590
	 7551 15580   648   920   590
	 7545 15627   651   920   590
	 7544 15659   656   920   590
	 7546 15674   660   930   590
	 7549 15675   661   930   580
	 7549 15675   663   930   580
	 7548 15670   664   950   580
	 7558 15644   671   950   580
	 7573 15610   674   950   580
	 7584 15557   678   950   580
	 7601 15479   681   960   580
	 7619 15397   683   960   580
	 7634 15304   684   960   580
	 7647 15195   683   960   580
	 7660 15097   684   960   580
	 7665 15003   683   960   580
	 7676 14918   681   950   580
	 7674 14837   672   950   580
	 7673 14758   671   950   580
	 7664 14684   669   930   580
	 7644 14629   669   930   580
	 7619 14571   663   930   590
	 7588 14535   668   920   590
	 7550 14506   669   900   590
	 7500 14492   677   900   590
	 7446 14491   672   880   590
	 7382 14492   680   880   590
	 7302 14508   681   870   590
	 7222 14535   684   870   590
	 7133 14565   693   870   580
	 7052 14602   697   870   580
	 6976 14649   705   870   580
	 6899 14699   706   870   580
	 6835 14757   725   870   580
	 6808 14776   769   870   580
	 6804 14779   771   870   580
	 6805 14780   770   880   580
	 6812 14780   770   880   580
	 6828 14790   769   880   580
	 6858 14791   769   880   580
	 6903 14794   770   880   580
	 6970 14805   770   900   580
	 7042 14822   770   900   580
	 7132 14842   772   900   570
	 7229 14871   773   900   570
	 7331 14903   773   900   570
	 7438 14936   773   920   570
	 7540 14972   775   920   580
	 7633 15029   776   920   580
	 7722 15068   776   920   580
	 7804 15127   776   920   580
	 7876 15179   776   930   580
	 7935 15242   776   930   580
	 7976 15308   776   930   570
	 7999 15370   776   930   570
	 8000 15434   775   950   580
	 7985 15526   772   950   580
	 7955 15621   770   950   580
	 7901 15708   760   950   580
	 7840 15803   729   960   580
	 7767 15879   731   960   580
	 7701 15916   767   980   580
	 7649 15929   767   980   580
	 7583 15925   770  1000   580
	 7522 15897   775  1000   580
	 7465 15851   778   990   570
	 7407 15797   786  1010   570
	 7358 15718   789  1010   570
	 7330 15623   812  1010   570
	 7307 15525   815  1010   570
	 7292 15420   820  1010   570
	 7290 15333   825  1020   560
	 7299 15239   827  1020   560
	 7340 15132   827  1020   560
	 7394 15046   827  1010   570
	 7466 14951   829  1010   570
	 7554 14860   829  1010   570
	 7638 14791   829   990   570
	 7722 14744   829   980   570
	 7825 14700   827   980   570
	 7933 14679   826   960   580
	 8029 14666   825   950   580
	 8128 14664   818   950   580
	 8226 14677   784   930   580
	 8328 14700   767   930   580
	 8436 14746   605   920   580
	 8538 14823   234   920   590
	 8619 14908    -1   920   590
	 8690 15018    -1   920   590
	 8750 15160    -1   920   590
	 8835 15321    -1   920   590
	 8907 15484    -1   920   590
	 8990 15660    -1   920   590
	 9116 15879    -1   920   590
	    0     0    -4     0     0
	    0     0    -4     0     0
	 7552 14716   869  1350   800
	 7558 14716   822  1350   800
	 7583 14730   816  1350   800
	 7619 14748   818  1350   800
	 7647 14778   822  1350   800
	 7660 14806   823  1350   800
	 7677 14808   825  1350   800
	 7673 14811   827  1350   800
	 7673 14821   827  1350   800
	 7668 14823   821  1350   800
	 7660 14841   776  1270   800
	 7631 14858   611  1240   790
	 7586 14874     0  1210   780
