ABCDE-012_345_678 371
	21298 19365   160  1410   520
	21300 19372   262  1430   520
	21303 19386   308  1430   520
	21304 19401   352  1430   520
	21307 19414   302  1430   520
	21309 19418   350  1430   520
	21309 19431   385  1430   520
	21308 19434   420  1440   510
	21308 19446   531  1440   510
	21306 19449   557  1440   510
	21302 19451   577  1450   510
	21301 19461   630  1450   510
	21296 19464   650  1450   510
	21291 19464   661  1460   500
	21284 19464   671  1460   500
	21273 19465   674  1470   490
	21259 19461   681  1470   490
	21247 19448   686  1470   490
	21226 19432   693  1470   490
	21204 19413   693  1470   490
	21181 19382   697  1470   490
	21160 19340   700  1470   490
	21143 19307   704  1450   500
	21120 19274   706  1450   500
	21098 19225   713  1440   500
	21082 19207   708  1440   500
	21100 19174   714  1420   500
	21048 19132   713  1420   500
	21036 19098   714  1410   510
	21028 19063   717  1400   520
	21027 19033   717  1400   520
	21026 18999   709  1370   520
	21033 18972   706  1370   520
	21040 18952   702  1360   520
	21050 18937   698  1350   530
	21063 18922   693  1350   530
	21078 18908   693  1340   540
	21098 18902   691  1340   540
	21118 18890   689  1340   540
	21140 18891   689  1340   540
	21161 18903   689  1330   540
	21184 18907   690  1330   540
	21209 18933   693  1330   540
	21229 18950   697  1330   540
	21255 18971   700  1330   540
	21279 19000   702  1330   540
	21307 19035   704  1330   540
	21333 19068   704  1330   540
	21359 19100   700  1330   540
	21382 19146   698  1340   550
	21404 19190   690  1340   550
	21425 19237   678  1340   550
	21443 19275   675  1340   550
	21461 19320   672  1350   540
	21480 19365   669  1350   540
	21498 19387   669  1360   540
	21507 19415   671  1360   540
	21516 19432   671  1370   530
	21521 19436   671  1370   530
	21521 19436   674  1390   520
	21521 19445   677  1400   520
	21519 19445   681  1400   520
	21516 19445   687  1410   510
	21518 19436   690  1420   500
	21516 19435   691  1420   500
	21515 19435   690  1430   500
	21515 19430   693  1430   500
	21509 19415   693  1440   490
	21503 19398   694  1440   490
	21500 19372   694  1440   490
	21489 19353   696  1440   490
	21478 19324   700  1440   490
	21466 19291   702  1430   500
	21446 19259   702  1430   500
	21430 19228   704  1420   500
	21410 19195   706  1420   500
	21391 19158   708  1410   510
	21372 19113   713  1410   510
	21360 19078   717  1400   520
	21346 19036   715  1400   520
	21337 19002   721  1390   520
	21333 18983   718  1370   530
	21329 18968   717  1370   530
	21333 18956   717  1360   540
	21334 18955   721  1350   540
	21337 18954   724  1350   540
	21339 18955   727  1350   540
	21339 18956   750  1350   540
	21340 18968   768  1340   550
	21347 18983   772  1340   550
	21350 18998   772  1340   550
	21352 19016   774  1340   550
	21358 19036   775  1340   550
	21365 19064   775  1340   550
	21373 19098   776  1340   550
	21384 19132   775  1340   550
	21401 19174   773  1340   550
	21422 19212   772  1350   550
	21440 19255   770  1340   550
	21457 19276   770  1340   550
	21480 19303   770  1350   540
	21496 19321   769  1350   540
	21507 19339   769  1350   540
	21525 19356   769  1360   540
	21537 19369   769  1360   540
	21545 19381   770  1370   530
	21551 19385   769  1370   530
	21558 19386   770  1390   520
	21561 19386   769  1390   520
	21562 19387   770  1400   520
	21564 19386   769  1410   510
	21566 19386   768  1410   510
	21563 19386   767  1420   500
	21561 19383   766  1420   500
	21559 19372   766  1420   500
	21558 19368   744  1420   500
	21553 19353   750  1420   500
	21545 19336   755  1430   500
	21539 19318   750  1420   500
	21527 19288   760  1420   500
	21506 19253   767  1420   500
	21491 19222   766  1410   510
	21473 19196   766  1410   510
	21458 19174   766  1410   510
	21446 19146   760  1400   520
	21435 19128   744  1400   520
	21426 19113   744  1390   520
	21426 19110   733  1390   520
	21429 19099   721  1370   530
	21432 19098   704  1360   520
	21436 19097   693  1350   530
	21447 19098   681  1350   530
	21462 19098   678  1350   530
	21491 19109   678  1350   530
	21515 19111   674  1350   530
	21538 19111   671  1350   530
	21555 19110   669  1350   530
	21572 19095   668  1340   540
	21588 19080   663  1340   540
	21600 19062   658  1340   540
	21612 19034   653  1340   540
	21621 19000   651  1340   540
	21627 18969   650  1350   540
	21628 18936   651  1350   540
	21627 18902   655  1350   540
	21629 18859   658  1350   540
	21626 18821   663  1350   540
	21617 18775   669  1350   540
	21610 18730   675  1350   540
	21599 18683   683  1350   540
	21584 18636   696  1340   550
	21571 18588   709  1340   550
	21552 18553   725  1340   550
	21532 18517   760  1340   550
	21514 18472   767  1340   550
	21493 18440   769  1320   550
	21468 18412   772  1320   550
	21444 18395   775  1320   550
	21425 18390   777  1320   550
	21408 18379   782  1320   550
	21394 18379   789  1310   560
	21382 18380   815  1310   560
	21372 18396   817  1310   560
	21363 18421   817  1310   560
	21354 18444   817  1310   560
	21354 18476   817  1310   560
	21356 18520   815  1310   560
	21366 18568   812  1310   560
	21384 18629   803  1320   570
	21407 18684   789  1320   570
	21438 18746   789  1320   570
	21472 18809   788  1320   570
	21514 18875   788  1320   570
	21545 18933   788  1320   570
	21578 18983   786  1320   570
	21612 19020   786  1340   560
	21642 19066   782  1340   560
	21674 19110   780  1340   560
	21698 19142   777  1340   560
	21721 19163   775  1350   550
	21744 19193   773  1350   550
	21759 19212   771  1350   550
	21778 19237   769  1360   550
	21784 19241   770  1360   550
	21786 19242   769  1360   550
	21784 19242   770  1360   550
	21786 19241   770  1370   540
	21783 19241   770  1370   540
	21781 19237   770  1370   540
	21779 19225   770  1370   540
	21779 19211   772  1400   540
	21776 19196   773  1400   540
	21773 19179   773  1400   540
	21773 19163   774  1400   540
	21777 19148   774  1400   540
	21781 19143   773  1400   540
	21781 19132   771  1400   540
	21788 19128   769  1400   540
	21795 19125   768  1400   540
	21802 19114   744  1400   540
	21811 19112   724  1400   540
	21818 19113   705  1400   540
	21822 19113   696  1400   540
	21830 19114   693  1400   540
	21836 19116   691  1400   540
	21845 19130   690  1400   540
	21851 19142   690  1400   540
	21859 19145   689  1400   540
	21866 19148   690  1400   540
	21870 19148   693  1400   540
	21876 19147   696  1400   540
	21877 19147   700  1400   540
	21887 19145   705  1400   540
	21893 19142   714  1410   550
	21903 19131   723  1410   550
	21915 19125   734  1410   550
	21930 19110   768  1410   550
	21950 19093   773  1410   550
	21972 19080   775  1410   550
	21999 19068   777  1410   550
	22034 19064   777  1410   550
	22075 19062   776  1410   550
	22125 19067   766  1410   550
	22171 19082   705  1410   550
	22222 19098   646  1410   550
	22265 19125   350  1430   550
	22298 19142    35  1430   550
	22319 19162    -1  1440   540
	22331 19189    -1  1450   550
	22337 19211    -1  1450   550
	22346 19238    -1  1460   540
	22367 19259    -1  1470   550
	22366 19290    -1  1470   550
	22394 19308    -1  1510   530
	22396 19333    -1  1540   520
	22407 19336    -1  1560   510
	22415 19337    -1  1570   510
	22424 19336    -1  1570   500
	22437 19321    -1  1580   490
	22439 19306    -1  1600   470
	22445 19289    -1  1600   460
	22450 19273    -1  1630   460
	22450 19256    -1  1620   450
	22457 19242    -1  1610   440
	22458 19227    -1  1610   430
	22460 19223    -1  1590   430
	22455 19211    -1  1580   430
	22442 19207    -1  1580   430
	22432 19206    -1  1580   430
	22417 19205    -1  1580   430
	22403 19195    -1  1560   430
	22386 19205    -1  1560   440
	22371 19205    -1  1540   440
	22357 19196    -1  1540   450
	22346 19205    -1  1520   450
	22333 19196    -1  1520   450
	22319 19196    -1  1500   460
	22312 19205    -1  1500   470
	22309 19196    -1  1510   470
	22306 19193    -1  1520   480
	22303 19193    -1  1530   490
	22297 19189    -1  1550   490
	22292 19178    -1  1550   490
	22298 19175    -1  1550   490
	22273 19162    -1  1540   500
	22263 19157    -1  1540   500
	22254 19144    -1  1530   500
	22246 19130    -1  1530   500
	22237 19125    -1  1520   510
	22233 19113    -1  1510   500
	22232 19110    -1  1510   500
	22234 19099    -1  1500   510
	22237 19096    -1  1500   510
	22263 19097    -1  1490   520
	22247 19096    -1  1480   510
	22258 19062    -1  1480   510
	22268 19095    -1  1470   520
	22273 19095    -1  1470   520
	22283 19097    -1  1470   520
	22291 19098    -1  1460   530
	22296 19099    -1  1450   530
	22300 19110   234  1430   530
	22305 19115   317  1430   530
	22306 19125   367  1430   530
	22312 19129   357  1430   530
	22313 19132   410  1430   530
	22315 19145   525  1420   540
	22316 19158   552  1420   540
	22316 19162   567  1420   540
	22313 19175   577  1420   540
	22312 19179   599  1420   540
	22307 19189   621  1420   540
	22306 19191   630  1420   540
	22299 19190   630  1420   540
	22292 19180   632  1420   540
	22285 19178   632  1420   540
	22276 19173   632  1420   540
	22269 19159   632  1420   540
	22266 19145   629  1420   540
	22264 19128   630  1420   540
	22261 19098   632  1420   540
	22261 19078   632  1420   540
	22261 19047   632  1420   540
	22263 19016   632  1420   540
	22265 18984   632  1410   550
	22266 18951   634  1410   550
	22264 18918   636  1410   550
	22263 18876   636  1410   550
	22258 18843   636  1400   540
	22256 18811   638  1400   540
	22249 18777   641  1400   540
	22244 18757   641  1390   550
	22238 18731   643  1390   550
	22231 18711   646  1390   550
	22223 18695   655  1400   550
	22217 18682   660  1400   550
	22212 18679   666  1400   550
	22206 18668   671  1390   560
	22197 18668   683  1390   560
	22196 18667   698  1390   560
	22193 18677   714  1390   560
	22187 18681   727  1390   560
	22182 18696   733  1390   560
	22175 18715   736  1390   560
	22171 18746   734  1390   560
	22174 18780   736  1390   560
	22184 18824   734  1390   560
	22197 18870   733  1390   560
	22216 18917   731  1390   560
	22241 18952   729  1390   560
	22265 18997   723  1390   560
	22282 19030   721  1390   560
	22304 19049   718  1390   560
	22322 19067   717  1400   550
	22339 19083   717  1400   550
	22354 19097   710  1410   560
	22373 19111   706  1410   560
	22382 19114   706  1410   560
	22392 19115   706  1430   550
	22398 19116   704  1430   550
	22402 19116   704  1430   550
	22402 19116   705  1430   550
	22403 19115   704  1440   560
	22403 19113   706  1450   550
	22403 19114   708  1450   550
	22402 19112   710  1450   550
	22402 19112   713  1450   550
	22403 19113   713  1450   550
	22404 19112   713  1450   550
	22406 19112   709  1450   550
	22411 19112   708  1450   550
	22424 19111   706  1460   550
	22443 19112   705  1460   550
	22466 19114   704  1460   550
	22499 19126   701  1460   550
	22522 19129   700  1450   550
	22546 19141   702  1450   550
	22566 19141   706  1450   550
	22582 19141   714  1460   540
	22595 19141   725  1460   540
	22604 19131   768  1460   540
	22614 19129   776  1460   540
	22620 19125   785  1460   540
	22630 19115   803  1460   540
	22642 19113   818  1460   540
	22660 19111   820  1460   540
	22680 19110   821  1460   540
	22711 19110   818  1460   540
	22754 19115   785  1460   540
	22803 19141   684  1460   540
	22852 19163   360  1460   540
