ABCDE-012_345_678 345
	14058  7911     0  1340   510
	14063  7929   249  1340   510
	14067  7947   297  1330   520
	14069  7962   336  1330   520
	14068  7977   269  1310   520
	14063  7992   331  1310   520
	14058  7996   368  1310   520
	14048  8008   405  1310   520
	14039  8011   525  1300   530
	14028  8010   550  1300   530
	14015  8009   574  1300   530
	14004  8007   605  1290   530
	13997  8005   625  1290   530
	13979  7979   634  1290   530
	13956  7946   641  1290   530
	13932  7913   643  1290   530
	13910  7879   646  1290   530
	13888  7834   650  1290   530
	13865  7787   653  1290   530
	13846  7740   655  1290   530
	13827  7672   656  1280   530
	13817  7643   658  1280   530
	13808  7595   660  1280   530
	13802  7545   660  1280   530
	13799  7498   660  1280   530
	13803  7464   660  1280   530
	13805  7432   660  1280   530
	13815  7402   656  1280   530
	13831  7387   655  1270   520
	13847  7383   650  1250   530
	13867  7371   646  1250   530
	13888  7371   646  1250   530
	13911  7382   650  1250   530
	13938  7397   651  1240   530
	13966  7416   653  1240   530
	13992  7435   656  1250   540
	14015  7468   656  1250   540
	14045  7511   656  1250   540
	14071  7546   656  1250   540
	14098  7580   655  1250   540
	14129  7628   653  1250   540
	14150  7674   648  1250   540
	14183  7724   645  1250   540
	14209  7785   636  1250   540
	14230  7846   630  1250   540
	14254  7900   629  1250   540
	14271  7944   629  1270   530
	14283  7975   629  1270   530
	14290  7991   630  1270   530
	14291  7994   632  1270   530
	14289  7994   634  1270   530
	14289  7994   638  1270   530
	14287  7993   639  1270   530
	14285  7989   639  1280   530
	14283  7977   639  1280   530
	14280  7973   641  1280   530
	14274  7948   645  1280   530
	14269  7925   645  1280   530
	14260  7893   645  1280   530
	14253  7848   648  1280   530
	14241  7813   650  1280   530
	14229  7768   653  1280   530
	14214  7722   656  1280   530
	14198  7676   660  1280   530
	14180  7642   663  1290   520
	14160  7594   666  1290   520
	14142  7561   668  1290   520
	14130  7531   669  1290   520
	14114  7497   671  1300   530
	14105  7478   674  1290   530
	14100  7462   675  1290   530
	14096  7447   677  1290   530
	14096  7445   678  1290   530
	14099  7446   680  1290   530
	14101  7448   684  1290   530
	14105  7450   689  1290   530
	14111  7465   691  1280   540
	14122  7493   690  1280   540
	14137  7515   691  1280   540
	14154  7560   689  1280   540
	14175  7605   686  1280   540
	14198  7641   686  1280   540
	14220  7688   683  1280   540
	14242  7733   681  1280   540
	14262  7771   681  1280   540
	14285  7815   678  1280   540
	14308  7847   678  1280   540
	14330  7868   677  1280   540
	14346  7898   674  1280   540
	14361  7911   675  1270   530
	14373  7915   674  1280   530
	14384  7930   671  1280   530
	14394  7932   671  1280   530
	14401  7941   671  1280   530
	14407  7942   669  1280   530
	14410  7941   666  1280   530
	14412  7931   664  1300   530
	14410  7929   663  1310   520
	14409  7916   664  1310   520
	14407  7900   668  1310   520
	14397  7878   671  1310   520
	14379  7848   675  1310   520
	14365  7819   684  1310   520
	14349  7787   687  1310   520
	14325  7765   691  1310   520
	14303  7724   693  1310   520
	14283  7703   693  1310   520
	14263  7675   693  1310   520
	14247  7658   693  1300   530
	14238  7642   696  1300   530
	14234  7628   697  1300   530
	14233  7626   697  1300   530
	14232  7627   696  1300   530
	14235  7627   689  1290   530
	14236  7637   678  1290   530
	14245  7640   669  1290   530
	14255  7654   663  1290   530
	14275  7670   660  1290   530
	14300  7687   656  1290   530
	14327  7702   653  1290   530
	14347  7705   655  1280   530
	14361  7707   651  1280   530
	14372  7704   651  1290   530
	14384  7701   650  1290   530
	14392  7686   648  1290   530
	14407  7657   646  1290   530
	14415  7627   646  1290   530
	14423  7593   648  1290   530
	14423  7558   650  1290   530
	14424  7511   655  1290   530
	14419  7463   656  1290   530
	14416  7416   658  1290   530
	14415  7367   660  1290   530
	14407  7318   661  1290   530
	14401  7270   664  1290   530
	14392  7224   669  1290   530
	14384  7179   677  1290   530
	14373  7147   681  1290   530
	14366  7114   686  1280   540
	14354  7083   689  1280   540
	14336  7052   693  1280   540
	14324  7036   700  1280   540
	14311  7029   705  1280   540
	14298  7015   717  1280   540
	14291  7016   755  1280   540
	14283  7018   772  1280   540
	14277  7019   777  1260   540
	14269  7035   777  1260   540
	14259  7063   777  1260   540
	14252  7094   776  1260   540
	14251  7130   776  1260   540
	14258  7176   776  1260   540
	14276  7228   773  1260   540
	14302  7290   771  1260   540
	14337  7352   768  1260   540
	14381  7403   760  1260   540
	14426  7464   737  1260   540
	14462  7513   725  1260   540
	14499  7545   721  1280   540
	14527  7577   706  1280   540
	14554  7610   697  1280   540
	14578  7639   689  1280   540
	14602  7657   678  1280   540
	14619  7675   674  1280   540
	14634  7689   671  1280   540
	14644  7705   671  1290   550
	14650  7708   672  1300   540
	14655  7719   672  1300   540
	14655  7719   674  1300   540
	14654  7719   678  1300   540
	14649  7708   683  1300   540
	14645  7702   683  1300   540
	14639  7676   686  1310   540
	14628  7657   689  1310   540
	14619  7628   693  1310   540
	14612  7595   698  1310   540
	14606  7561   700  1310   540
	14600  7541   700  1310   540
	14605  7514   700  1310   540
	14615  7497   696  1310   540
	14627  7493   684  1310   540
	14643  7483   678  1310   540
	14660  7482   671  1310   540
	14687  7484   668  1310   540
	14720  7499   664  1310   540
	14754  7527   660  1310   540
	14781  7546   655  1310   540
	14804  7573   653  1310   540
	14824  7592   651  1330   540
	14837  7607   650  1330   540
	14848  7621   651  1330   540
	14852  7625   650  1330   540
	14853  7624   653  1330   540
	14853  7624   658  1330   540
	14855  7622   663  1330   540
	14852  7612   668  1330   540
	14854  7606   672  1330   540
	14854  7593   677  1330   540
	14857  7589   677  1330   540
	14866  7575   681  1330   540
	14872  7563   681  1330   540
	14879  7559   681  1330   540
	14890  7547   681  1340   550
	14899  7547   681  1340   550
	14912  7543   678  1340   550
	14929  7543   669  1340   550
	14949  7544   661  1340   550
	14969  7547   639  1340   550
	14992  7561   544  1340   550
	15012  7573   367  1340   550
	15029  7579     0  1340   550
	15041  7593    -1  1340   550
	15053  7605    -1  1340   550
	15057  7610    -1  1340   550
	15066  7612    -1  1360   550
	15075  7623    -1  1360   550
	15091  7627    -1  1360   550
	15099  7627    -1  1360   550
	15118  7627    -1  1370   540
	15145  7627    -1  1390   550
	15150  7626    -1  1390   550
	15168  7625    -1  1370   540
	15182  7625    -1  1370   530
	15192  7625    -1  1370   530
	15197  7625    -1  1370   520
	15202  7624    -1  1360   510
	15194  7625    -1  1360   510
	15186  7626    -1  1350   510
	15169  7626    -1  1350   500
	15157  7626    -1  1350   500
	15140  7627    -1  1350   500
	15127  7624    -1  1350   500
	15115  7623    -1  1350   500
	15101  7621    -1  1350   500
	15085  7611    -1  1350   500
	15076  7606    -1  1350   500
	15066  7596    -1  1350   500
	15056  7593    -1  1350   500
	15046  7589    -1  1360   500
	15039  7579    -1  1360   510
	15032  7578    -1  1360   510
	15030  7574    -1  1370   520
	15029  7573    -1  1390   520
	15028  7573    -1  1400   530
	15030  7575    -1  1390   540
	15030  7576    -1  1390   540
	15033  7578    -1  1390   540
	15036  7589    -1  1390   540
	15045  7593    -1  1370   530
	15053  7596    -1  1360   540
	15079  7607    -1  1360   540
	15066  7609    -1  1360   540
	15078  7612    -1  1360   540
	15084  7622   160  1360   540
	15087  7628   275  1350   540
	15088  7639   317  1350   540
	15093  7641   344  1350   540
	15095  7653   367  1350   540
	15095  7656   302  1350   540
	15093  7658   338  1350   540
	15093  7669   374  1340   540
	15093  7670   401  1340   540
	15091  7670   462  1340   540
	15090  7669   525  1340   540
	15088  7659   533  1330   540
	15083  7654   544  1330   540
	15079  7628   552  1330   540
	15071  7609   555  1330   540
	15064  7577   557  1330   540
	15062  7532   570  1330   540
	15059  7495   574  1330   540
	15057  7447   590  1330   540
	15059  7401   619  1330   540
	15058  7352   636  1330   540
	15060  7304   645  1330   540
	15060  7257   650  1330   540
	15058  7223   653  1330   540
	15054  7180   656  1330   540
	15044  7147   661  1310   550
	15039  7127   663  1310   550
	15026  7098   668  1310   550
	15018  7081   674  1310   550
	15006  7062   678  1310   550
	14987  7047   683  1320   550
	14975  7036   690  1320   550
	14961  7035   698  1320   550
	14947  7034   706  1320   550
	14937  7046   723  1320   550
	14925  7051   736  1320   550
	14915  7064   755  1320   550
	14905  7083   744  1320   550
	14897  7114   723  1320   550
	14897  7157   721  1320   550
	14899  7191   714  1320   550
	14915  7225   701  1320   550
	14934  7276   696  1320   550
	14955  7324   690  1320   550
	14984  7369   681  1320   550
	15014  7415   675  1320   550
	15044  7450   672  1320   550
	15074  7484   669  1320   550
	15100  7512   668  1320   550
	15126  7532   664  1320   550
	15144  7560   663  1320   550
	15169  7575   661  1320   550
	15184  7592   658  1320   550
	15200  7606   658  1320   550
	15212  7610   658  1340   550
	15221  7612   658  1340   550
	15224  7621   658  1340   550
	15222  7611   660  1340   550
	15224  7608   663  1340   550
	15224  7605   668  1340   550
	15227  7592   669  1350   540
	15225  7578   671  1350   540
	15228  7575   671  1350   540
	15231  7559   674  1350   540
	15231  7547   672  1350   540
	15235  7541   674  1350   540
	15242  7531   672  1350   540
	15248  7528   671  1350   540
	15259  7525   664  1350   540
	15269  7516   660  1350   540
	15282  7516   656  1350   540
	15290  7516   653  1350   540
	15304  7527   651  1350   540
	15320  7530   650  1350   540
	15332  7542   650  1360   550
	15344  7545   651  1360   550
	15357  7547   651  1360   550
	15364  7557   656  1360   550
	15374  7560   663  1360   550
	15384  7562   674  1360   550
	15400  7560   689  1360   550
	15412  7557   700  1360   550
	15429  7545   710  1360   550
	15442  7543   723  1360   550
	15461  7531   734  1360   550
	15483  7526   736  1380   550
	15510  7514   736  1380   550
	15547  7500   737  1380   550
	15589  7499   717  1380   550
	15649  7510   669  1380   550
	15704  7516   547  1390   550
	15760  7532   160  1400   550
