ABCDE-012_345_678 430
	13733 15611     0  1060   520
	13669 15638   286  1060   520
	13665 15609   367  1040   520
	13657 15626   324  1050   530
	13645 15621   368  1040   530
	13639 15609   462  1040   540
	13631 15593   539  1040   540
	13621 15574   570  1060   540
	13610 15545   623  1060   540
	13598 15525   645  1070   550
	13582 15482   658  1070   550
	13570 15436   668  1070   550
	13557 15386   671  1070   550
	13546 15320   674  1070   550
	13530 15243   689  1070   550
	13516 15164   700  1070   550
	13504 15082   702  1060   550
	13490 15004   706  1060   550
	13475 14936   713  1060   550
	13466 14871   717  1060   550
	13463 14810   715  1050   550
	13464 14760   718  1050   550
	13471 14714   717  1030   550
	13478 14684   713  1030   550
	13493 14664   713  1020   550
	13513 14648   708  1010   540
	13533 14634   702  1000   550
	13559 14631   696  1000   550
	13588 14631   691   990   550
	13621 14635   686   990   550
	13648 14652   684   970   550
	13681 14683   686   970   550
	13711 14712   687   960   560
	13738 14745   690   960   560
	13759 14778   693   960   560
	13781 14812   696   960   560
	13800 14855   700   960   560
	13814 14888   701   960   560
	13826 14921   702   960   560
	13832 14953   702   960   560
	13838 14985   700   970   560
	13844 15013   700   970   560
	13845 15020   696   970   560
	13847 15033   687   970   560
	13845 15034   672   990   560
	13841 15035   641   990   560
	13839 15035   536   990   560
	13841 15035   324  1000   560
	13841 15036   218  1000   560
	13842 15048    -1  1000   560
	13841 15061    -1  1020   550
	13845 15064    -1  1020   550
	13847 15081    -1  1020   550
	13853 15096    -1  1020   550
	13866 15115    -1  1030   550
	13879 15144    -1  1030   550
	13897 15173    -1  1030   550
	13916 15205    -1  1030   550
	13935 15224    -1  1020   550
	13952 15243    -1  1020   550
	13963 15259    -1  1020   550
	13982 15273    -1  1020   550
	13982 15275    -1  1020   550
	13981 15275    -1  1020   550
	13978 15274    -1  1020   550
	13956 15272   317  1020   550
	13945 15270   331  1020   550
	13930 15255   357  1020   550
	13926 15243   401  1020   550
	13921 15227   528  1020   550
	13919 15209   565  1020   550
	13920 15196   599  1020   550
	13921 15175   634  1020   550
	13928 15143   646  1030   550
	13934 15109   656  1030   550
	13938 15065   663  1030   550
	13945 15030   669  1030   550
	13951 15000   675  1030   550
	13955 14968   678  1020   550
	13965 14934   680  1020   550
	13973 14908   681  1020   550
	13985 14891   681  1000   560
	13997 14887   681  1000   560
	14009 14886   680  1000   560
	14016 14886   678   990   560
	14025 14889   681   990   560
	14032 14892   683   970   560
	14038 14904   687   970   560
	14048 14919   694   970   560
	14059 14951   698   970   560
	14074 14988   702   960   560
	14087 15032   704   960   560
	14100 15078   705   960   560
	14109 15110   705   970   560
	14112 15146   706   970   560
	14116 15179   706   970   560
	14116 15224   706   970   560
	14120 15254   702   980   570
	14119 15285   697   990   570
	14124 15306   693   990   570
	14124 15333   681   990   560
	14131 15349   666  1000   560
	14132 15354   650  1000   560
	14132 15355   599  1000   560
	14135 15355   522  1020   550
	14138 15356   350  1020   550
	14143 15354   327  1020   550
	14154 15354   136  1010   540
	14165 15353    -1  1010   540
	14171 15350    -1  1030   540
	14186 15350    -1  1020   530
	14207 15351    -1  1020   530
	14233 15352    -1  1020   530
	14264 15353    -1  1010   530
	14297 15366    -1  1010   530
	14332 15367    -1  1010   530
	14372 15371    -1  1010   530
	14411 15383    -1  1010   530
	14446 15397    -1  1010   530
	14478 15399    -1   990   530
	14504 15403    -1   990   530
	14525 15413    -1   990   530
	14539 15417     0   990   530
	14540 15417   286  1010   530
	14530 15419   352  1010   530
	14520 15418   368  1010   530
	14511 15419   533  1010   530
	14501 15420   615  1010   530
	14491 15420   661  1010   530
	14478 15430   689  1020   530
	14467 15429   706  1020   530
	14449 15429   744  1030   540
	14437 15430   769  1030   540
	14423 15420   775  1030   540
	14414 15420   780  1030   540
	14403 15417   783  1030   540
	14392 15414   784  1030   540
	14379 15400   785  1030   540
	14364 15383   785  1030   540
	14351 15356   786  1030   540
	14334 15324   786  1030   540
	14317 15292   786  1030   540
	14303 15271   786  1030   540
	14290 15239   786  1030   540
	14278 15206   785  1030   540
	14274 15173   784  1030   540
	14267 15144   783  1030   540
	14265 15113   781  1030   540
	14267 15096   780  1030   540
	14274 15083   776  1030   540
	14284 15078   774  1010   540
	14295 15067   770  1010   540
	14306 15062   760  1010   540
	14318 15062   723  1010   540
	14332 15063   701  1010   540
	14348 15068   697  1000   550
	14361 15094   693  1000   550
	14381 15114   690  1000   550
	14397 15144   689  1000   550
	14415 15178   689  1000   550
	14431 15221   689  1000   550
	14443 15259   689  1000   540
	14458 15305   690  1000   540
	14470 15355   691  1000   540
	14483 15414   691  1000   540
	14496 15468   690  1010   530
	14506 15541   690  1010   530
	14515 15596   693  1010   540
	14524 15659   694  1010   540
	14534 15708   696  1010   540
	14534 15753   700  1030   540
	14534 15772   714  1030   540
	14528 15797   730  1030   540
	14521 15801   766  1030   540
	14516 15802   772  1030   540
	14514 15804   777  1040   540
	14508 15803   781  1040   540
	14509 15802   784  1040   540
	14510 15801   786  1040   540
	14509 15798   786  1040   540
	14512 15784   786  1040   540
	14512 15765   786  1040   540
	14510 15736   785  1060   540
	14509 15701   785  1060   540
	14506 15655   785  1060   540
	14502 15592   786  1060   540
	14495 15528   786  1060   540
	14490 15465   786  1040   540
	14483 15413   786  1040   540
	14477 15352   783  1040   540
	14470 15303   782  1040   540
	14469 15260   777  1040   540
	14470 15226   770  1040   540
	14472 15194   718  1030   540
	14474 15173   668  1030   540
	14477 15161   595  1030   540
	14482 15160   385  1030   540
	14486 15162   327  1030   540
	14492 15190     0  1010   540
	14496 15223    -1  1010   540
	14501 15258    -1  1010   540
	14511 15305    -1  1000   540
	14527 15365    -1  1000   540
	14544 15415    -1  1000   540
	14567 15468    -1  1000   540
	14591 15530    -1  1000   540
	14613 15594    -1   990   530
	14642 15660    -1   990   530
	14661 15724    -1   990   530
	14685 15801    -1  1010   530
	14709 15867    -1  1010   530
	14732 15931    -1  1010   530
	14762 15977    -1  1020   520
	14777 16007    -1  1020   520
	14788 16010    -1  1030   520
	14786 16007    35  1030   520
	14778 15996   317  1040   520
	14774 15990   344  1050   530
	14770 15964   367  1050   530
	14770 15942   357  1060   530
	14763 15899   405  1060   530
	14760 15863   555  1070   540
	14758 15829   601  1070   540
	14755 15782   630  1070   540
	14754 15733   645  1070   540
	14754 15676   656  1070   540
	14750 15628   668  1070   540
	14750 15576   686  1070   540
	14746 15530   702  1060   540
	14741 15482   717  1060   540
	14734 15446   755  1060   540
	14727 15397   768  1040   540
	14719 15350   770  1040   540
	14708 15308   771  1040   540
	14703 15275   772  1030   540
	14692 15244   772  1030   540
	14688 15225   773  1030   540
	14688 15224   773  1010   540
	14687 15222   773  1010   540
	14688 15223   773  1010   540
	14688 15224   772  1010   540
	14687 15228   771  1000   550
	14687 15240   769  1000   550
	14689 15258   768  1000   550
	14694 15291   768  1000   550
	14703 15337   767  1000   550
	14714 15388   767  1000   550
	14721 15449   766  1000   550
	14729 15512   760  1000   550
	14742 15591   755  1000   550
	14754 15673   744  1000   550
	14763 15765   734  1000   550
	14778 15851   718  1000   550
	14790 15941   717  1010   540
	14818 16028   715  1010   540
	14846 16106   715  1030   540
	14876 16170   713  1030   540
	14897 16204   713  1030   540
	14919 16230   708  1050   550
	14936 16234   708  1060   550
	14952 16233   706  1060   550
	14963 16218   706  1070   550
	14976 16202   713  1070   550
	14994 16171   717  1090   550
	15008 16138   718  1090   550
	15017 16102   722  1090   550
	15025 16042   727  1090   550
	15023 16006   731  1090   550
	15023 15961   738  1090   550
	15015 15916   755  1090   550
	15000 15867   767  1090   550
	14979 15829   769  1090   550
	14952 15781   770  1070   550
	14922 15735   771  1070   550
	14889 15689   772  1070   550
	14854 15644   772  1060   550
	14819 15621   771  1060   550
	14789 15594   767  1050   550
	14761 15579   722  1050   550
	14744 15576   706  1030   550
	14733 15578   668  1030   550
	14725 15593   565  1030   540
	14718 15624   374  1010   540
	14715 15660   344  1010   540
	14719 15705     0  1010   540
	14723 15753    -1  1010   540
	14724 15788    -1  1010   540
	14725 15829    -1  1010   540
	14728 15864    -1  1010   540
	14731 15896    -1  1010   540
	14745 15925    -1  1030   540
	14756 15957    -1  1030   540
	14778 15992    -1  1040   540
	14804 16024    -1  1060   540
	14829 16070    -1  1060   540
	14859 16117    -1  1070   540
	14889 16168    -1  1080   540
	14924 16229    -1  1080   540
	14952 16282    -1  1110   530
	14978 16330    -1  1110   530
	15002 16375    -1  1120   530
	15022 16396    -1  1130   540
	15033 16409    -1  1130   540
	15037 16393    -1  1140   530
	15019 16359   380  1140   530
	14986 16329   415  1140   530
	14959 16297   429  1140   530
	14933 16248   507  1140   530
	14910 16185   531  1140   530
	14888 16133   560  1150   540
	14873 16070   567  1140   550
	14860 16007   579  1140   550
	14845 15931   625  1120   550
	14837 15864   636  1100   540
	14829 15798   643  1100   540
	14829 15719   645  1100   540
	14833 15638   646  1090   550
	14836 15577   646  1090   550
	14841 15516   648  1070   550
	14848 15477   648  1060   550
	14858 15430   648  1060   550
	14868 15388   648  1050   550
	14881 15367   646  1050   550
	14888 15355   641  1030   550
	14901 15353   630  1030   540
	14918 15356   605  1030   540
	14934 15371   581  1010   540
	14951 15398   581  1010   540
	14972 15434   577  1000   550
	14992 15493   572  1000   550
	15014 15544   567  1000   550
	15026 15593   567  1000   560
	15032 15655   567  1000   560
	15034 15708   567  1000   560
	15029 15770   572  1000   560
	15018 15830   581  1020   550
	15002 15884   601  1020   550
	14980 15948   599  1030   550
	14963 16024   605  1030   550
	14942 16091   619  1050   550
	14917 16150   619  1050   560
	14893 16181   639  1070   560
	14878 16198   658  1070   560
	14861 16197   663  1080   560
	14839 16184   663  1100   550
	14825 16169   664  1100   550
	14806 16137   663  1110   550
	14784 16090   663  1110   550
	14764 16028   663  1110   550
	14753 15964   661  1110   550
	14742 15896   663  1110   550
	14738 15816   661  1110   550
	14749 15740   661  1110   550
	14763 15674   653  1110   550
	14785 15622   651  1110   550
	14818 15580   650  1100   550
	14856 15561   646  1100   550
	14901 15544   645  1080   560
	14951 15532   645  1080   560
	15008 15531   648  1070   560
	15071 15541   650  1070   560
	15139 15557   653  1050   560
	15217 15580   656  1050   560
	15288 15623   658  1040   560
	15351 15671   658  1030   550
	15408 15719   656  1030   550
	15451 15755   656  1030   550
	15479 15797   656  1030   550
	15490 15819   656  1030   550
	15486 15845   661  1040   560
	15464 15864   664  1040   560
	15431 15881   664  1040   560
	15381 15898   664  1050   560
	15316 15912   658  1050   560
	15225 15915   655  1050   560
	15108 15912   638  1070   570
	14967 15896   588  1070   570
	14816 15865   552  1070   570
	14644 15820   609  1090   570
	14459 15769   639  1090   570
	14286 15706   639  1090   570
	14098 15643   643  1100   560
	13913 15579   645  1110   570
	13738 15510   645  1110   570
	13553 15434   641  1110   570
	13382 15356   645  1110   570
	13221 15274   653  1110   570
	13054 15179   656  1110   570
	12911 15109   675  1110   570
	12809 15036   693  1110   570
	12742 14999   702  1110   570
	12716 14981   706  1110   570
	12722 14972   698  1110   570
	12743 14970   691  1110   570
	12791 14972   691  1110   570
	12854 14982   693  1110   570
	12940 14999   700  1110   570
	13062 15032   708  1110   570
	13217 15068   718  1110   570
	13368 15128   734  1110   570
	13556 15195   768  1110   570
	13760 15275   772  1110   570
	13961 15352   776  1110   570
	14195 15431   778  1110   570
	14400 15511   782  1110   570
	14622 15594   785  1110   570
	14854 15688   788  1120   580
	15071 15771   789  1120   580
	15303 15851   790  1120   580
	15488 15928   803  1120   580
	15678 15991   807  1120   580
	15849 16044   812  1120   580
	15985 16091   812  1130   580
	16100 16123   812  1130   580
	16193 16150   799  1130   580
	16264 16166   803  1140   590
	16305 16170   807  1160   580
	16317 16169   803  1160   580
	16314 16170   812  1160   580
	16308 16169   816  1160   580
	16297 16167   818  1170   580
	16288 16167   818  1170   580
	16275 16166   815  1170   580
	16255 16155   789  1170   580
	16220 16151   780  1190   580
	16187 16140   772  1190   580
	16156 16136   705  1190   580
	16125 16124   590  1200   580
	16094 16117   368  1200   580
	16069 16104   286  1200   580
