ABCDE-012_345_678 933
	 6888 19894    64  1350   460
	 6886 19896     0  1350   460
	 6888 19898    75  1350   460
	 6883 19898   108  1350   460
	 6882 19899   160  1360   460
	 6883 19899   201  1360   460
	 6882 19900   218  1360   460
	 6882 19911   234  1370   460
	 6880 19911   249  1370   460
	 6879 19911   262  1370   460
	 6882 19910   262  1370   460
	 6880 19899   275  1370   460
	 6882 19897   275  1370   460
	 6887 19883   286  1370   460
	 6892 19865   297  1360   470
	 6900 19845   308  1360   470
	 6901 19815   317  1360   470
	 6909 19786   317  1360   470
	 6915 19765   317  1360   470
	 6918 19738   317  1360   470
	 6920 19706   327  1360   470
	 6927 19675   336  1360   470
	 6932 19644   336  1360   470
	 6934 19612   344  1350   470
	 6940 19576   344  1350   470
	 6941 19529   352  1350   470
	 6942 19482   360  1350   470
	 6942 19432   360  1340   480
	 6945 19369   360  1340   480
	 6948 19307   360  1330   480
	 6952 19273   367  1330   480
	 6955 19241   367  1320   490
	 6958 19207   367  1300   500
	 6960 19177   367  1300   500
	 6968 19147   367  1290   500
	 6966 19130   367  1290   500
	 6969 19113   367  1280   500
	 6969 19099   367  1270   510
	 6969 19096   269  1270   510
	 6966 19093   269  1260   510
	 6963 19081   269  1260   510
	 6961 19079   278  1240   520
	 6961 19080   286  1230   520
	 6955 19079   294  1230   520
	 6950 19079   310  1230   520
	 6943 19082   310  1230   520
	 6934 19095   310  1220   530
	 6922 19109   310  1220   530
	 6909 19125   310  1220   530
	 6899 19142   310  1220   530
	 6893 19162   317  1220   530
	 6881 19192   310  1220   530
	 6872 19225   294  1230   520
	 6860 19270   286  1230   520
	 6851 19307   286  1230   520
	 6844 19365   286  1230   520
	 6838 19416   286  1240   520
	 6835 19464   278  1250   530
	 6833 19513   269  1270   520
	 6834 19563   278  1280   520
	 6840 19607   278  1280   520
	 6845 19654   278  1290   510
	 6855 19690   286  1320   510
	 6864 19733   286  1320   510
	 6881 19768   294  1330   510
	 6898 19800   302  1340   500
	 6917 19831   302  1340   500
	 6933 19852   310  1350   500
	 6954 19880   317  1360   490
	 6975 19900   324  1360   490
	 7003 19916   331  1370   480
	 7032 19941   331  1380   480
	 7085 19961   338  1380   480
	 7101 19979   338  1380   480
	 7137 19995   344  1390   470
	 7173 20008   344  1380   470
	 7208 20011   350  1380   470
	 7238 20011   350  1390   460
	 7264 20006   350  1390   460
	 7282 19995   357  1390   460
	 7299 19980   357  1390   460
	 7313 19973   357  1390   460
	 7327 19947   363  1390   460
	 7331 19930   363  1400   470
	 7335 19911   368  1400   470
	 7341 19882   374  1400   470
	 7335 19852   385  1400   470
	 7331 19831   385  1400   470
	 7320 19797   390  1400   470
	 7305 19768   390  1400   470
	 7282 19738   390  1400   470
	 7262 19718   395  1400   470
	 7238 19692   390  1390   470
	 7207 19673   385  1390   470
	 7175 19656   390  1390   470
	 7139 19637   390  1390   470
	 7102 19612   390  1390   470
	 7068 19605   390  1380   480
	 7039 19591   395  1380   480
	 7012 19577   401  1380   480
	 6987 19575   401  1380   480
	 6964 19564   401  1380   480
	 6947 19563   401  1370   480
	 6929 19562   405  1370   480
	 6920 19562   415  1370   480
	 6912 19562   420  1370   480
	 6913 19563   429  1360   480
	 6912 19563   429  1360   480
	 6916 19573   420  1360   480
	 6918 19574   415  1360   480
	 6929 19576   410  1360   480
	 6936 19580   401  1360   480
	 6952 19595   395  1360   480
	 6974 19611   395  1360   480
	 6999 19628   395  1360   480
	 7027 19644   395  1360   480
	 7056 19669   395  1360   480
	 7090 19675   395  1360   480
	 7119 19690   395  1370   470
	 7144 19702   395  1380   480
	 7170 19706   395  1380   480
	 7195 19708   401  1380   480
	 7222 19720   401  1380   480
	 7245 19724   401  1380   480
	 7276 19735   401  1380   480
	 7308 19754   401  1380   480
	 7337 19771   401  1380   480
	 7366 19785   405  1380   480
	 7395 19803   410  1390   470
	 7422 19830   410  1390   470
	 7448 19850   415  1400   480
	 7474 19878   420  1400   480
	 7495 19900   446  1400   480
	 7513 19930   462  1400   480
	 7531 19961   469  1400   480
	 7546 19991   525  1400   480
	 7558 20021   533  1430   480
	 7567 20043   539  1430   480
	 7581 20076   542  1430   480
	 7590 20120   542  1430   480
	 7594 20152   544  1440   470
	 7599 20184   544  1450   470
	 7604 20218   547  1450   470
	 7603 20250   544  1460   470
	 7605 20282   547  1460   470
	 7603 20310   547  1460   470
	 7596 20331   547  1470   460
	 7592 20358   542  1480   460
	 7583 20379   542  1490   460
	 7575 20395   542  1490   460
	 7565 20406   542  1500   450
	 7555 20408   542  1500   450
	 7545 20409   542  1500   450
	 7534 20409   539  1500   440
	 7523 20406   536  1500   440
	 7509 20392   536  1490   440
	 7497 20373   533  1500   430
	 7483 20344   533  1500   430
	 7471 20310   533  1500   430
	 7458 20267   533  1500   430
	 7449 20232   536  1500   430
	 7435 20185   536  1490   440
	 7428 20139   533  1480   430
	 7419 20101   536  1480   430
	 7405 20054   536  1480   430
	 7399 20012   536  1470   440
	 7385 19976   536  1470   440
	 7378 19941   539  1470   450
	 7367 19898   539  1470   450
	 7361 19861   539  1460   460
	 7355 19829   542  1460   460
	 7347 19786   544  1450   460
	 7339 19755   544  1450   460
	 7335 19723   547  1430   460
	 7333 19702   547  1430   460
	 7327 19673   544  1430   460
	 7329 19655   547  1420   470
	 7329 19628   547  1420   470
	 7329 19622   547  1420   470
	 7327 19596   544  1420   470
	 7329 19589   547  1400   480
	 7331 19576   544  1400   480
	 7331 19573   544  1400   480
	 7326 19563   544  1400   480
	 7326 19562   544  1390   480
	 7326 19563   547  1390   480
	 7325 19564   544  1390   480
	 7322 19575   542  1390   480
	 7319 19579   536  1390   480
	 7315 19595   531  1390   480
	 7306 19612   507  1390   480
	 7297 19639   420  1390   480
	 7290 19658   410  1390   480
	 7283 19686   395  1390   480
	 7274 19706   368  1390   480
	 7266 19736   363  1390   480
	 7260 19766   363  1390   480
	 7252 19798   363  1400   480
	 7251 19819   363  1400   480
	 7256 19850   363  1400   480
	 7259 19866   368  1400   480
	 7266 19882   368  1400   480
	 7279 19897   374  1420   470
	 7292 19900   374  1420   470
	 7308 19914   385  1420   470
	 7333 19925   385  1420   470
	 7353 19916   385  1430   480
	 7374 19914   385  1440   470
	 7399 19912   385  1440   470
	 7425 19910   385  1440   470
	 7447 19895   385  1440   470
	 7470 19868   385  1440   470
	 7487 19851   385  1440   470
	 7500 19832   385  1440   470
	 7510 19804   385  1440   470
	 7518 19783   390  1440   470
	 7515 19756   390  1440   470
	 7509 19733   401  1440   470
	 7498 19704   405  1440   470
	 7484 19675   415  1440   470
	 7464 19657   462  1430   480
	 7447 19641   487  1430   480
	 7421 19622   516  1430   480
	 7400 19607   525  1430   480
	 7380 19593   533  1420   480
	 7356 19580   533  1420   480
	 7335 19578   536  1420   480
	 7320 19575   539  1420   480
	 7312 19574   542  1420   480
	 7311 19574   542  1420   480
	 7310 19574   539  1410   490
	 7311 19574   536  1410   490
	 7316 19574   531  1410   490
	 7322 19575   522  1410   490
	 7331 19576   519  1410   490
	 7343 19574   513  1410   490
	 7359 19574   513  1410   490
	 7382 19563   513  1410   490
	 7405 19557   513  1410   490
	 7424 19544   516  1410   490
	 7451 19541   516  1410   490
	 7477 19531   516  1410   490
	 7498 19527   516  1410   490
	 7524 19525   522  1410   490
	 7550 19516   519  1410   490
	 7583 19525   513  1410   490
	 7611 19525   500  1420   490
	 7646 19527   513  1420   490
	 7675 19532   494  1420   490
	 7704 19545   469  1420   490
	 7728 19559   462  1430   500
	 7748 19573   446  1430   500
	 7762 19589   454  1430   500
	 7781 19607   446  1430   500
	 7796 19625   446  1440   500
	 7811 19643   454  1440   500
	 7827 19670   454  1440   500
	 7842 19691   469  1440   500
	 7855 19721   507  1460   500
	 7876 19752   516  1460   500
	 7894 19787   507  1460   500
	 7913 19831   507  1460   500
	 7927 19865   513  1460   500
	 7937 19909   513  1460   490
	 7948 19958   494  1460   490
	 7960 20006   500  1460   490
	 7969 20042   494  1460   490
	 7969 20076   469  1460   480
	 7971 20106   469  1460   480
	 7964 20133   494  1460   480
	 7956 20150   513  1470   470
	 7945 20167   507  1460   470
	 7936 20181   513  1460   470
	 7921 20183   519  1460   470
	 7910 20184   525  1460   460
	 7895 20184   531  1460   460
	 7882 20183   531  1460   460
	 7866 20181   531  1470   450
	 7847 20169   533  1480   450
	 7829 20165   533  1480   450
	 7812 20149   533  1480   450
	 7795 20133   539  1480   450
	 7779 20106   542  1490   460
	 7761 20089   539  1490   460
	 7744 20069   536  1490   460
	 7729 20040   539  1490   460
	 7712 20009   544  1500   460
	 7701 19980   544  1500   460
	 7689 19948   542  1500   460
	 7674 19926   542  1490   470
	 7661 19896   542  1490   470
	 7648 19863   544  1490   470
	 7635 19834   544  1490   470
	 7625 19802   544  1480   470
	 7619 19784   547  1480   470
	 7614 19765   547  1480   470
	 7608 19737   547  1470   470
	 7608 19721   550  1470   470
	 7604 19703   547  1460   480
	 7604 19675   544  1460   480
	 7605 19659   547  1460   480
	 7609 19643   547  1460   480
	 7613 19624   550  1450   480
	 7618 19607   547  1450   480
	 7626 19591   547  1450   480
	 7635 19574   547  1450   480
	 7646 19558   544  1440   490
	 7655 19542   544  1440   490
	 7670 19529   544  1440   490
	 7682 19515   542  1440   490
	 7694 19511   542  1440   490
	 7709 19499   539  1440   490
	 7725 19496   539  1430   500
	 7744 19494   539  1430   500
	 7765 19493   539  1440   500
	 7793 19493   536  1440   500
	 7817 19493   536  1440   500
	 7843 19497   533  1440   500
	 7871 19499   531  1440   500
	 7896 19514   525  1440   500
	 7922 19527   522  1450   510
	 7944 19532   519  1440   500
	 7969 19546   507  1440   500
	 7987 19561   500  1440   500
	 8005 19574   494  1440   500
	 8022 19589   500  1440   500
	 8043 19610   480  1440   500
	 8059 19627   469  1430   500
	 8076 19644   454  1430   500
	 8089 19669   446  1430   500
	 8102 19687   420  1430   500
	 8119 19704   415  1430   490
	 8130 19721   410  1430   490
	 8137 19738   405  1430   490
	 8141 19753   405  1430   490
	 8143 19766   405  1420   480
	 8141 19772   405  1420   480
	 8131 19784   405  1420   480
	 8124 19786   410  1430   480
	 8112 19788   410  1440   480
	 8094 19788   410  1440   480
	 8073 19785   420  1440   480
	 8053 19784   516  1440   480
	 8030 19770   522  1430   480
	 8007 19756   525  1430   480
	 7989 19750   531  1430   480
	 7971 19735   533  1430   480
	 7949 19721   533  1430   480
	 7936 19706   533  1430   480
	 7917 19688   533  1430   480
	 7910 19672   533  1430   480
	 7903 19654   533  1430   480
	 7893 19638   533  1430   480
	 7893 19612   533  1430   480
	 7893 19595   533  1430   480
	 7894 19575   536  1420   470
	 7903 19561   536  1400   480
	 7913 19546   542  1400   480
	 7927 19530   539  1400   480
	 7937 19526   533  1400   480
	 7960 19513   533  1400   480
	 7976 19511   528  1400   480
	 8001 19500   528  1400   480
	 8019 19500   525  1390   480
	 8043 19511   525  1390   480
	 8069 19514   522  1390   480
	 8099 19527   522  1390   480
	 8126 19542   513  1410   490
	 8153 19559   454  1410   490
	 8184 19577   415  1410   490
	 8208 19595   410  1410   490
	 8230 19624   395  1410   490
	 8252 19643   390  1410   490
	 8269 19669   390  1410   490
	 8283 19685   390  1420   490
	 8295 19702   390  1430   490
	 8302 19720   390  1430   490
	 8310 19734   395  1430   490
	 8315 19740   401  1430   490
	 8317 19755   410  1430   490
	 8317 19767   437  1430   490
	 8317 19770   513  1430   490
	 8316 19770   525  1430   490
	 8318 19771   531  1430   490
	 8316 19770   536  1440   480
	 8315 19769   539  1440   480
	 8314 19768   542  1440   480
	 8312 19766   542  1440   480
	 8312 19753   542  1440   480
	 8308 19737   544  1450   480
	 8308 19719   547  1450   480
	 8307 19701   547  1450   480
	 8309 19675   550  1450   480
	 8306 19655   552  1450   480
	 8309 19628   552  1450   480
	 8311 19607   557  1450   480
	 8315 19590   557  1440   490
	 8323 19574   560  1440   490
	 8331 19558   562  1440   490
	 8338 19542   562  1440   490
	 8348 19531   562  1440   490
	 8357 19525   565  1440   490
	 8368 19512   565  1440   490
	 8379 19509   565  1440   490
	 8390 19509   562  1440   490
	 8402 19509   560  1430   500
	 8420 19510   557  1430   500
	 8441 19515   552  1430   500
	 8457 19531   547  1430   500
	 8473 19547   544  1430   500
	 8493 19561   542  1440   500
	 8510 19577   539  1440   500
	 8525 19593   536  1440   500
	 8535 19610   533  1440   500
	 8547 19624   533  1440   500
	 8548 19637   539  1440   500
	 8555 19642   547  1440   500
	 8557 19644   550  1450   510
	 8559 19656   555  1450   510
	 8562 19659   562  1460   500
	 8562 19660   572  1460   500
	 8562 19669   584  1460   500
	 8562 19659   595  1460   500
	 8562 19659   605  1460   500
	 8561 19658   609  1460   500
	 8563 19657   611  1460   500
	 8562 19655   619  1460   500
	 8561 19643   623  1460   500
	 8561 19637   625  1460   500
	 8560 19624   629  1460   500
	 8559 19611   625  1460   500
	 8561 19595   630  1460   500
	 8559 19578   629  1460   500
	 8561 19561   625  1460   500
	 8564 19543   629  1460   500
	 8568 19516   630  1460   500
	 8571 19494   629  1460   500
	 8576 19467   630  1460   500
	 8587 19447   630  1450   510
	 8589 19420   629  1450   510
	 8600 19399   625  1450   510
	 8608 19382   625  1450   510
	 8616 19366   630  1440   510
	 8628 19340   625  1440   510
	 8638 19323   629  1430   520
	 8644 19317   625  1430   520
	 8651 19303   629  1430   520
	 8657 19291   625  1420   530
	 8663 19289   629  1420   530
	 8661 19288   629  1430   530
	 8665 19286   629  1420   540
	 8667 19287   623  1420   540
	 8664 19288   621  1420   540
	 8662 19290   613  1410   550
	 8662 19301   609  1410   550
	 8662 19305   603  1410   550
	 8662 19321   599  1410   550
	 8667 19336   601  1410   550
	 8672 19352   599  1410   550
	 8677 19371   588  1410   550
	 8685 19397   588  1410   550
	 8689 19413   588  1410   550
	 8699 19429   595  1420   540
	 8702 19434   599  1420   540
	 8709 19447   590  1420   540
	 8716 19464   590  1420   540
	 8721 19466   590  1430   530
	 8722 19478   590  1430   530
	 8726 19481   592  1430   530
	 8729 19483   590  1450   530
	 8729 19484   588  1450   530
	 8729 19484   592  1450   530
	 8726 19493   590  1460   520
	 8724 19493   588  1460   520
	 8723 19484   588  1460   520
	 8722 19483   581  1460   520
	 8722 19480   577  1460   520
	 8720 19477   574  1460   520
	 8716 19462   572  1460   520
	 8714 19446   572  1460   520
	 8710 19420   572  1460   520
	 8709 19402   572  1460   520
	 8707 19382   570  1460   520
	 8709 19356   572  1460   520
	 8710 19334   572  1450   530
	 8710 19306   572  1450   530
	 8706 19291   572  1450   530
	 8706 19275   572  1430   530
	 8702 19269   572  1430   530
	 8699 19254   572  1430   530
	 8698 19239   572  1420   540
	 8697 19227   574  1420   540
	 8694 19223   572  1420   540
	 8691 19212   574  1410   550
	 8687 19207   574  1410   550
	 8683 19196   574  1410   550
	 8680 19193   574  1400   550
	 8678 19192   574  1400   550
	 8675 19190   574  1400   550
	 8673 19180   574  1400   550
	 8671 19178   574  1400   550
	 8671 19177   574  1390   560
	 8670 19176   574  1390   560
	 8668 19175   574  1390   560
	 8670 19175   574  1390   560
	 8671 19175   574  1390   560
	 8671 19175   572  1390   560
	 8670 19175   567  1390   560
	 8668 19174   565  1390   560
	 8666 19176   562  1390   560
	 8668 19176   560  1390   560
	 8671 19177   560  1390   560
	 8672 19180   557  1390   560
	 8672 19189   557  1390   560
	 8672 19192   555  1390   560
	 8673 19195   552  1390   560
	 8674 19206   550  1390   560
	 8674 19209   552  1390   560
	 8673 19210   550  1390   560
	 8671 19222   542  1390   560
	 8668 19226   536  1390   560
	 8662 19239   533  1390   560
	 8660 19242   531  1390   560
	 8653 19255   528  1390   560
	 8650 19259   525  1390   560
	 8649 19272   525  1390   560
	 8649 19285   528  1400   550
	 8644 19291   528  1400   550
	 8642 19305   528  1400   550
	 8640 19318   531  1390   550
	 8638 19323   533  1390   550
	 8632 19336   533  1390   550
	 8631 19349   536  1390   550
	 8629 19350   539  1390   550
	 8628 19351   539  1390   550
	 8625 19354   539  1390   550
	 8623 19356   539  1390   550
	 8620 19365   542  1390   550
	 8618 19365   542  1390   550
	 8619 19366   542  1400   540
	 8616 19365   542  1400   540
	 8611 19355   542  1400   540
	 8610 19354   544  1400   540
	 8611 19349   547  1390   540
	 8608 19336   550  1390   540
	 8604 19320   550  1390   540
	 8604 19305   552  1390   540
	 8603 19290   555  1390   540
	 8602 19274   557  1390   540
	 8601 19257   560  1390   540
	 8607 19240   565  1370   540
	 8607 19222   567  1370   540
	 8608 19209   567  1370   540
	 8608 19192   567  1370   540
	 8604 19163   572  1370   540
	 8602 19148   572  1370   540
	 8599 19130   574  1370   540
	 8595 19110   577  1370   540
	 8589 19094   581  1360   550
	 8588 19078   588  1360   550
	 8580 19062   590  1360   550
	 8576 19047   601  1360   550
	 8569 19029   603  1350   550
	 8566 19016   613  1360   560
	 8558 19001   619  1360   560
	 8550 18986   630  1360   560
	 8546 18982   636  1360   560
	 8535 18966   638  1360   560
	 8521 18954   639  1350   570
	 8511 18952   643  1350   570
	 8493 18939   660  1350   570
	 8482 18938   663  1350   570
	 8463 18935   664  1350   570
	 8439 18936   664  1350   570
	 8414 18936   664  1350   570
	 8385 18938   664  1350   570
	 8355 18949   660  1340   560
	 8327 18954   650  1340   560
	 8293 18967   638  1340   560
	 8269 18983   636  1340   560
	 8248 18998   634  1320   570
	 8229 19016   615  1320   570
	 8216 19045   574  1320   550
	 8207 19068   562  1320   550
	 8203 19100   560  1320   550
	 8208 19132   557  1320   550
	 8222 19162   552  1320   550
	 8246 19195   542  1310   550
	 8279 19238   533  1310   550
	 8323 19273   446  1330   540
	 8370 19319   410  1330   540
	 8426 19366   410  1330   540
	 8480 19401   410  1340   540
	 8534 19436   415  1340   540
	 8591 19468   513  1350   530
	 8643 19497   539  1360   540
	 8697 19528   552  1370   530
	 8751 19557   557  1370   530
	 8803 19578   577  1390   520
	 8851 19595   601  1410   520
	 8888 19609   611  1410   520
	 8922 19622   623  1420   520
	 8955 19627   632  1430   520
	 8972 19628   634  1440   510
	 8986 19628   634  1440   510
	 8993 19627   638  1440   510
	 8993 19626   639  1450   510
	 8987 19623   643  1450   510
	 8986 19607   646  1440   500
	 8979 19590   651  1440   500
	 8967 19562   655  1440   500
	 8949 19531   661  1440   500
	 8930 19511   675  1450   510
	 8915 19484   678  1450   510
	 8899 19464   683  1450   510
	 8886 19433   687  1450   510
	 8883 19418   690  1450   510
	 8882 19400   691  1450   510
	 8884 19386   690  1450   510
	 8893 19382   689  1460   520
	 8901 19372   689  1460   520
	 8909 19369   690  1460   520
	 8921 19367   691  1460   530
	 8935 19365   687  1460   530
	 8954 19366   683  1460   530
	 8972 19369   674  1460   530
	 8993 19381   671  1450   540
	 9013 19386   668  1450   540
	 9035 19402   663  1430   530
	 9058 19418   660  1430   530
	 9071 19430   655  1430   530
	 9089 19448   648  1420   530
	 9107 19465   646  1420   530
	 9111 19467   646  1420   530
	 9124 19482   646  1420   530
	 9133 19495   646  1410   520
	 9144 19500   646  1410   520
	 9148 19510   646  1420   520
	 9150 19511   650  1420   520
	 9148 19511   655  1420   520
	 9146 19511   664  1430   510
	 9139 19511   671  1430   510
	 9134 19513   678  1430   510
	 9122 19512   686  1430   510
	 9108 19512   687  1430   510
	 9084 19509   690  1430   510
	 9054 19509   693  1430   510
	 9018 19495   706  1430   510
	 8975 19484   715  1430   510
	 8934 19482   723  1440   510
	 8889 19478   737  1440   510
	 8853 19478   766  1440   510
	 8814 19467   766  1440   510
	 8769 19466   766  1440   510
	 8715 19467   767  1440   510
	 8662 19468   766  1440   510
	 8592 19478   730  1440   510
	 8513 19478   723  1440   510
	 8424 19484   674  1440   510
	 8321 19494   661  1450   510
	 8217 19496   639  1450   510
	 8111 19494   599  1450   510
	 8000 19483   574  1440   500
	 7890 19482   577  1440   500
	 7800 19482   574  1440   500
	 7734 19483   572  1440   500
	 7682 19484   557  1440   500
	 7632 19483   533  1430   500
	 7591 19493   528  1430   500
	 7554 19498   525  1430   500
	 7523 19514   390  1430   500
	 7497 19528   338  1420   490
	 7477 19542   278  1420   490
	 7458 19560   327  1420   490
	 7443 19577   136  1420   490
	 7430 19594    -1  1420   490
	 7419 19609    -1  1420   490
	 7410 19611    -1  1410   490
	 7400 19621    -1  1410   490
	 7388 19623    -1  1410   490
	 7385 19625    -1  1420   480
	 7382 19627    -1  1420   480
	 7371 19627    -1  1420   480
	 7362 19626    -1  1400   480
	 7347 19624    -1  1400   480
	 7332 19622    -1  1400   480
	 7317 19622    -1  1400   480
	 7305 19624    -1  1390   470
	 7296 19625    -1  1390   470
	 7285 19639    -1  1390   470
	 7284 19655    -1  1390   470
	 7293 19674    -1  1390   470
	 7309 19702    -1  1380   470
	 7331 19734    -1  1380   470
	 7361 19708    -1  1380   470
	 7461 19788    -1  1380   470
	 7503 19765    -1  1380   470
	 7509 19787    -1  1390   460
	 7608 19879    -1  1390   460
	 7624 19896    -1  1390   460
	 7706 19848    -1  1400   460
	 7752 19941    -1  1430   460
	 7797 19883    -1  1460   460
	 7839 19897    -1  1470   450
	 7886 19911    -1  1450   440
	 7933 19914    -1  1450   430
	 7984 19928    -1  1450   420
	 8038 19929    -1  1440   410
	 8072 19926    -1  1440   400
	 8107 19916    -1  1450   390
	 8128 19911    -1  1440   390
	 8151 19900    -1  1440   380
	 8168 19894    -1  1450   370
	 8170 19878    -1  1440   370
	 8134 19958    -1  1430   370
	 8121 19945    -1  1420   360
	 8104 19930    -1  1420   360
	 8111 19927    -1  1400   360
	 8066 19912    -1  1380   350
	 8047 19814    -1  1360   350
	 8025 19893    -1  1370   350
	 8004 19877    -1  1370   350
	 7996 19784    -1  1370   370
	 7971 19861    -1  1370   380
	 7952 19847    -1  1380   390
	 7934 19767    -1  1370   390
	 7914 19836    -1  1370   400
	 7895 19832    -1  1370   400
	 7874 19832    -1  1370   410
	 7852 19819    -1  1380   420
	 7828 19815    -1  1380   430
	 7804 19804    -1  1380   430
	 7800 19800    -1  1400   430
	 7751 19787    -1  1400   450
	 7730 19783    -1  1410   450
	 7705 19770    -1  1420   450
	 7681 19756    -1  1430   460
	 7657 19751    -1  1430   460
	 7634 19739    -1  1430   460
	 7643 19735    -1  1450   470
	 7579 19724    -1  1450   470
	 7554 19720    -1  1460   480
	 7531 19719    -1  1460   480
	 7509 19706    -1  1460   490
	 7492 19704    -1  1450   480
	 7480 19692    -1  1450   480
	 7462 19688    -1  1450   480
	 7444 19676    -1  1440   480
	 7424 19672    -1  1440   480
	 7407 19622    -1  1420   480
	 7392 19656    -1  1420   480
	 7382 19643    -1  1420   480
	 7378 19640    -1  1420   480
	 7373 19628    -1  1400   480
	 7367 19626    -1  1400   480
	 7365 19622    -1  1400   480
	 7370 19612    -1  1400   480
	 7373 19610    -1  1390   480
	 7374 19610    -1  1390   480
	 7383 19609    -1  1390   480
	 7387 19611    -1  1390   480
	 7394 19621    -1  1390   480
	 7405 19622    -1  1390   480
	 7412 19623    -1  1390   480
	 7418 19623    -1  1390   480
	 7424 19624    -1  1390   480
	 7433 19627    -1  1390   480
	 7494 19594    -1  1390   480
	 7452 19640    -1  1390   480
	 7463 19643    -1  1390   480
	 7476 19653    -1  1390   480
	 7492 19655    -1  1390   480
	 7507 19660    -1  1410   490
	 7523 19669    -1  1410   490
	 7539 19669    -1  1410   490
	 7549 19672    -1  1410   490
	 7564 19672    -1  1410   490
	 7577 19672    -1  1410   490
	 7587 19669    -1  1420   480
	 7597 19670    -1  1420   480
	 7604 19669    -1  1420   480
	 7608 19659    -1  1430   490
	 7613 19658    -1  1430   490
	 7614 19654    -1  1430   490
	 7612 19644     0  1430   490
	 7606 19643   234  1430   490
	 7598 19642   249  1430   490
	 7589 19641   275  1430   490
	 7581 19641   327  1430   490
	 7568 19640   344  1430   490
	 7551 19638   269  1430   490
	 7533 19627   324  1430   490
	 7507 19625   380  1430   490
	 7486 19625   446  1430   490
	 7455 19624   531  1430   490
	 7423 19623   550  1430   490
	 7389 19621   590  1430   490
	 7358 19612   632  1430   490
	 7319 19623   651  1430   490
	 7285 19622   658  1430   490
	 7255 19623   660  1430   490
	 7222 19624   660  1420   480
	 7187 19625   661  1420   480
	 7154 19626   660  1420   480
	 7115 19626   658  1420   480
	 7080 19623   651  1420   480
	 7043 19621   645  1400   480
	 7002 19621   630  1400   480
	 6966 19622   625  1400   480
	 6929 19609   621  1400   480
	 6896 19610   621  1400   480
	 6877 19622   615  1390   470
	 6864 19621   615  1390   470
	 6854 19623   595  1390   470
	 6853 19624   590  1390   470
	 6856 19627   579  1390   470
	 6868 19640   577  1390   470
	 6893 19656   572  1390   470
	 6931 19672   572  1390   470
	 6968 19685   572  1390   470
	 7008 19691   570  1390   470
	 7059 19702   570  1390   470
	 7112 19707   570  1390   470
	 7167 19717   572  1390   470
	 7226 19720   572  1390   470
	 7286 19722   574  1390   470
	 7348 19721   579  1390   470
	 7402 19718   588  1400   470
	 7459 19706   605  1400   470
	 7509 19703   623  1400   470
	 7553 19688   632  1420   470
	 7591 19676   638  1420   470
	 7628 19672   641  1420   470
	 7660 19658   646  1420   470
	 7693 19643   648  1420   470
	 7717 19638   651  1430   480
	 7737 19623   653  1430   480
	 7763 19610   656  1430   480
	 7786 19606   658  1430   490
	 7817 19590   660  1430   490
	 7851 19577   661  1430   490
	 7885 19574   661  1430   490
	 7920 19564   663  1440   490
	 7962 19562   663  1440   490
	 7997 19562   658  1440   490
	 8045 19575   629  1440   490
	 8092 19589   522  1440   490
	 8139 19606   336  1440   490
	 8184 19622    -1  1440   490
	 8218 19642    -1  1440   490
	 8240 19670    -1  1440   490
	 8256 19692    -1  1430   490
	 8272 19717    -1  1430   490
	 8293 19735    -1  1430   490
	 8319 19755    -1  1430   490
	 8350 19771    -1  1420   480
	 8375 19735    -1  1430   480
	 8400 19804    -1  1430   480
	 8421 19817    -1  1430   480
	 8496 19820    -1  1430   480
	 8458 19833    -1  1440   470
	 8474 19833    -1  1440   470
	 8485 19836    -1  1440   470
	 8490 19845    -1  1450   460
	 8495 19846    -1  1450   460
	 8494 19847    -1  1460   470
	 8494 19847    -1  1470   460
	 8494 19847    -1  1470   460
	 8487 19850    -1  1470   460
	 8484 19850    -1  1470   460
	 8487 19862    -1  1470   460
	 8490 19868    -1  1480   460
	 8504 19879    -1  1480   460
	 8510 19893    -1  1490   460
	 8514 19900    -1  1490   460
	 8514 19916    -1  1490   460
	 8516 19929    -1  1490   460
	 8514 19944    -1  1490   460
	 8510 19959    -1  1490   460
	 8504 19975    -1  1490   460
	 8498 19980    -1  1490   460
	 8487 19994    -1  1500   450
	 8474 20006    -1  1500   450
	 8454 20011    -1  1500   450
	 8432 20021    -1  1500   450
	 8413 20025    -1  1490   440
	 8387 20037    -1  1490   440
	 8366 20041    -1  1490   440
	 8350 20053    -1  1490   440
	 8333 20056    -1  1490   430
	 8327 20069    -1  1490   430
	 8315 20072    -1  1490   430
	 8314 20075    -1  1490   420
	 8304 20087    -1  1490   420
	 8299 20092    -1  1490   420
	 8291 20102    -1  1480   410
	 8285 20105    -1  1490   410
	 8279 20106    -1  1490   410
	 8270 20108    -1  1490   410
	 8263 20117    -1  1480   400
	 8259 20117    -1  1480   400
	 8254 20107    -1  1480   400
	 8257 20103    -1  1480   400
	 8258 20041    -1  1480   400
	 8295 20091    -1  1480   410
	 8254 20090   294  1480   410
	 8256 20101   357  1470   420
	 8263 20101   363  1470   420
	 8276 20102   395  1470   420
	 8293 20102   405  1470   430
	 8312 20102   410  1470   430
	 8335 20101   410  1460   440
	 8363 20102   410  1460   440
	 8392 20101   410  1470   440
	 8422 20092   410  1470   450
	 8451 20090   410  1470   450
	 8480 20088   410  1470   450
	 8511 20088   410  1470   460
	 8536 20088   410  1470   460
	 8559 20088   410  1470   460
	 8572 20091   415  1470   460
	 8581 20091   513  1470   460
	 8582 20091   547  1480   460
	 8581 20091   588  1480   460
	 8582 20091   623  1480   460
	 8580 20090   632  1480   460
	 8577 20090   625  1480   460
	 8571 20087   572  1490   470
	 8563 20074   525  1490   470
	 8555 20071   390  1490   470
	 8546 20056   302  1490   470
	 8545 20040   286  1490   470
	 8557 20025     0  1490   470
