ABCDE-012_345_678 831
	13927 19882     0  1370   480
	13926 19893    35  1370   480
	13925 19898    75  1370   480
	13925 19911   136  1370   480
	13926 19926   182  1380   480
	13926 19928   218  1380   480
	13927 19932   262  1380   480
	13929 19942   286  1380   480
	13925 19932   297  1380   480
	13927 19929   308  1380   480
	13927 19926   308  1380   480
	13927 19911   317  1380   480
	13930 19895   327  1380   480
	13933 19868   336  1380   480
	13939 19845   344  1380   480
	13941 19813   352  1380   480
	13943 19781   360  1380   480
	13946 19739   367  1380   480
	13952 19705   367  1380   480
	13960 19669   269  1380   480
	13967 19626   278  1370   480
	13968 19579   286  1370   480
	13970 19541   286  1370   480
	13968 19495   286  1370   480
	13965 19448   294  1360   490
	13963 19400   294  1360   490
	13957 19352   294  1360   490
	13951 19305   302  1350   500
	13946 19271   310  1340   500
	13940 19240   317  1330   510
	13935 19212   317  1320   510
	13933 19192   324  1320   510
	13929 19174   324  1300   520
	13922 19159   324  1290   520
	13920 19144   331  1280   530
	13913 19128   331  1280   530
	13908 19116   338  1270   530
	13905 19114   338  1250   540
	13905 19113   344  1250   540
	13904 19113   344  1240   540
	13899 19113   350  1230   530
	13897 19112   363  1220   540
	13891 19115   368  1220   540
	13882 19128   368  1220   540
	13873 19143   368  1220   540
	13861 19160   368  1220   540
	13855 19189   363  1220   540
	13849 19211   357  1220   540
	13842 19254   357  1220   540
	13841 19290   350  1220   540
	13839 19349   338  1220   540
	13837 19413   324  1230   530
	13835 19478   317  1240   530
	13838 19532   317  1240   530
	13839 19592   317  1250   530
	13843 19641   324  1270   520
	13847 19687   324  1270   520
	13851 19734   324  1280   520
	13857 19772   324  1290   510
	13862 19817   324  1300   510
	13873 19852   324  1320   500
	13887 19893   331  1330   500
	13902 19925   331  1340   490
	13928 19957   331  1350   490
	13956 19989   331  1350   490
	13992 20011   331  1370   480
	14031 20040   338  1380   480
	14076 20058   350  1380   480
	14126 20073   357  1380   480
	14176 20086   357  1390   470
	14216 20089   357  1390   470
	14260 20089   363  1390   470
	14298 20088   363  1400   470
	14332 20075   363  1400   470
	14357 20073   363  1400   470
	14378 20060   363  1400   470
	14390 20042   368  1400   470
	14393 20022   374  1400   470
	14390 19992   380  1400   470
	14381 19963   385  1400   470
	14364 19932   390  1390   460
	14345 19899   401  1390   460
	14320 19867   513  1390   460
	14297 19846   528  1390   460
	14273 19816   533  1380   460
	14246 19786   544  1380   460
	14221 19755   547  1370   460
	14197 19736   555  1370   460
	14177 19720   560  1370   460
	14158 19705   562  1370   460
	14148 19689   562  1370   460
	14140 19674   562  1360   470
	14132 19658   560  1360   470
	14132 19654   560  1360   470
	14132 19642   560  1360   470
	14134 19626   555  1360   470
	14132 19608   552  1350   470
	14136 19592   544  1350   470
	14143 19576   536  1340   470
	14154 19562   525  1340   470
	14167 19557   513  1340   470
	14187 19547   454  1340   470
	14208 19545   437  1340   470
	14232 19546   415  1330   470
	14260 19558   410  1330   470
	14291 19559   410  1330   470
	14323 19573   410  1330   470
	14358 19579   410  1340   480
	14388 19605   410  1340   480
	14426 19623   410  1340   480
	14460 19643   410  1340   480
	14491 19672   410  1340   480
	14524 19703   410  1340   480
	14555 19736   410  1340   480
	14583 19766   415  1350   490
	14607 19797   420  1360   480
	14634 19829   437  1360   480
	14654 19862   446  1360   480
	14676 19898   462  1360   480
	14698 19943   480  1360   480
	14712 19977   500  1380   480
	14726 20012   513  1380   480
	14739 20056   519  1380   480
	14750 20091   516  1390   470
	14753 20134   516  1390   470
	14751 20167   516  1390   470
	14744 20199   519  1400   470
	14735 20218   525  1400   470
	14721 20236   539  1400   470
	14701 20261   539  1410   460
	14682 20268   555  1410   460
	14667 20282   560  1410   460
	14644 20284   562  1420   450
	14622 20295   565  1420   450
	14599 20297   570  1420   450
	14585 20296   574  1430   450
	14570 20283   579  1430   450
	14557 20280   581  1430   450
	14548 20267   581  1430   450
	14533 20250   588  1430   450
	14526 20235   588  1430   450
	14522 20215   592  1430   450
	14518 20186   592  1430   450
	14519 20165   592  1430   450
	14515 20124   592  1430   450
	14512 20090   595  1430   450
	14514 20059   595  1430   450
	14515 20028   601  1430   450
	14512 19994   601  1430   450
	14511 19961   603  1420   450
	14512 19930   605  1420   450
	14511 19896   609  1420   450
	14514 19866   615  1420   450
	14510 19834   619  1410   460
	14505 19802   621  1410   460
	14504 19768   619  1410   460
	14502 19737   621  1400   470
	14498 19708   625  1400   470
	14493 19675   629  1400   470
	14487 19653   629  1400   470
	14480 19624   632  1390   470
	14470 19593   630  1390   470
	14464 19574   632  1390   470
	14458 19548   632  1380   480
	14447 19527   634  1380   480
	14439 19509   634  1380   480
	14436 19496   636  1380   480
	14429 19482   634  1370   480
	14428 19482   634  1370   480
	14425 19479   636  1370   480
	14422 19478   638  1370   480
	14420 19478   639  1370   480
	14420 19468   639  1370   480
	14420 19478   641  1360   490
	14417 19478   643  1360   490
	14417 19478   643  1360   490
	14415 19480   645  1360   490
	14413 19482   643  1360   490
	14409 19494   638  1360   490
	14405 19498   632  1360   490
	14400 19510   619  1360   490
	14398 19528   605  1360   490
	14397 19544   588  1360   490
	14399 19563   581  1360   490
	14400 19589   574  1360   490
	14407 19608   572  1360   490
	14415 19626   570  1360   490
	14424 19653   567  1370   480
	14434 19672   565  1370   480
	14444 19691   565  1370   480
	14459 19708   565  1370   480
	14474 19736   562  1370   480
	14492 19755   565  1370   480
	14510 19771   562  1380   480
	14521 19788   565  1380   480
	14537 19803   562  1380   480
	14554 19819   565  1380   480
	14572 19835   565  1380   480
	14589 19849   565  1380   480
	14608 19852   565  1390   470
	14628 19863   565  1390   470
	14646 19864   562  1390   470
	14661 19864   565  1400   480
	14673 19861   562  1400   480
	14682 19849   562  1400   480
	14688 19835   562  1400   480
	14692 19819   565  1400   480
	14688 19801   567  1400   480
	14684 19784   570  1400   480
	14674 19766   577  1400   480
	14662 19750   599  1400   480
	14654 19738   601  1400   480
	14634 19720   605  1400   480
	14617 19702   611  1400   480
	14599 19689   621  1400   480
	14583 19685   630  1400   480
	14568 19675   634  1400   480
	14555 19672   636  1400   480
	14537 19660   636  1400   480
	14523 19660   636  1400   480
	14509 19660   638  1400   480
	14501 19660   638  1400   480
	14497 19670   636  1400   480
	14495 19669   634  1400   480
	14495 19670   632  1400   480
	14496 19671   621  1400   480
	14498 19670   603  1400   480
	14502 19669   584  1400   480
	14509 19660   577  1400   480
	14520 19659   574  1390   480
	14534 19656   572  1380   480
	14549 19643   570  1380   480
	14564 19640   565  1380   480
	14581 19626   562  1380   480
	14596 19621   565  1380   480
	14615 19610   565  1390   480
	14642 19605   565  1390   480
	14658 19594   565  1390   480
	14674 19591   565  1390   480
	14692 19580   565  1390   480
	14707 19577   565  1390   480
	14724 19577   565  1380   490
	14735 19578   565  1380   490
	14750 19577   567  1380   490
	14764 19580   567  1400   500
	14781 19589   567  1400   500
	14804 19594   570  1400   500
	14828 19608   567  1400   500
	14848 19624   567  1400   500
	14873 19642   567  1400   500
	14896 19660   567  1410   500
	14921 19687   570  1410   500
	14947 19706   567  1410   500
	14969 19733   570  1410   500
	14990 19752   570  1410   500
	15009 19770   570  1430   500
	15026 19788   570  1430   500
	15040 19819   570  1430   500
	15057 19846   570  1430   500
	15071 19863   572  1430   500
	15080 19894   572  1430   500
	15098 19914   574  1450   500
	15107 19945   577  1450   500
	15126 19979   577  1450   500
	15138 20009   579  1450   500
	15149 20040   579  1460   490
	15157 20072   579  1460   490
	15168 20103   581  1460   490
	15171 20122   581  1460   490
	15177 20149   584  1470   480
	15174 20165   592  1470   480
	15171 20171   603  1470   480
	15165 20184   609  1480   480
	15158 20197   615  1490   480
	15151 20201   621  1490   480
	15142 20213   629  1490   480
	15129 20214   630  1500   470
	15123 20215   632  1500   470
	15111 20216   632  1500   470
	15100 20213   632  1500   470
	15089 20203   632  1500   470
	15078 20200   632  1500   470
	15068 20186   630  1500   470
	15057 20170   630  1500   470
	15040 20151   630  1500   470
	15026 20123   629  1490   470
	15012 20104   629  1490   470
	14998 20076   630  1490   470
	14983 20055   629  1490   470
	14971 20028   629  1490   470
	14957 20008   632  1490   470
	14942 19975   632  1480   460
	14932 19957   632  1480   460
	14915 19928   632  1470   470
	14904 19897   632  1470   470
	14891 19868   634  1470   470
	14878 19847   638  1470   470
	14865 19815   638  1450   470
	14851 19782   639  1450   470
	14840 19752   641  1450   470
	14828 19722   645  1450   470
	14821 19692   645  1440   480
	14813 19660   646  1440   480
	14811 19640   648  1440   480
	14810 19623   648  1440   480
	14811 19606   648  1430   490
	14813 19592   646  1430   490
	14814 19577   648  1430   490
	14821 19562   646  1430   490
	14828 19558   648  1420   490
	14836 19545   648  1420   490
	14845 19542   646  1420   490
	14859 19530   646  1420   490
	14871 19528   646  1420   490
	14888 19527   648  1420   490
	14902 19526   646  1420   490
	14917 19527   645  1420   490
	14935 19530   645  1410   500
	14951 19532   643  1410   500
	14968 19544   641  1410   500
	14987 19558   641  1410   500
	15002 19573   641  1410   500
	15020 19580   639  1420   500
	15039 19596   641  1420   500
	15057 19621   639  1420   500
	15075 19638   639  1420   500
	15089 19653   638  1420   500
	15104 19673   634  1420   500
	15117 19692   634  1420   500
	15128 19708   632  1430   510
	15142 19733   632  1430   510
	15150 19749   634  1440   500
	15157 19753   634  1440   500
	15160 19768   634  1440   500
	15159 19772   634  1450   510
	15159 19783   636  1450   510
	15155 19785   639  1450   510
	15150 19786   645  1450   510
	15144 19788   646  1450   510
	15136 19788   648  1450   510
	15131 19785   651  1450   510
	15120 19784   651  1450   510
	15112 19772   653  1460   500
	15099 19768   653  1460   500
	15087 19755   655  1460   500
	15077 19750   653  1460   500
	15067 19736   653  1460   500
	15059 19720   653  1450   500
	15053 19703   653  1450   500
	15045 19685   653  1450   500
	15046 19671   653  1450   500
	15042 19654   653  1450   500
	15042 19639   655  1440   500
	15051 19624   653  1440   500
	15053 19611   651  1440   500
	15061 19607   650  1440   500
	15069 19595   648  1440   500
	15079 19591   645  1440   500
	15088 19589   645  1440   500
	15101 19580   643  1440   500
	15119 19578   643  1440   500
	15135 19578   643  1430   510
	15152 19580   641  1430   510
	15169 19589   639  1430   510
	15184 19593   639  1430   510
	15198 19605   639  1430   510
	15214 19610   639  1420   500
	15236 19626   639  1420   500
	15255 19640   639  1420   500
	15266 19655   639  1410   500
	15275 19669   639  1410   500
	15287 19686   639  1410   500
	15293 19701   639  1410   500
	15300 19707   639  1400   500
	15302 19722   641  1400   500
	15305 19733   643  1400   500
	15304 19737   645  1380   490
	15303 19739   646  1390   480
	15300 19740   650  1390   480
	15296 19751   653  1380   480
	15296 19749   656  1380   480
	15293 19749   656  1380   480
	15292 19750   656  1380   480
	15293 19740   656  1380   480
	15287 19739   655  1380   480
	15289 19735   653  1380   480
	15283 19723   653  1380   480
	15279 19718   651  1380   480
	15275 19705   650  1380   480
	15273 19702   650  1380   480
	15271 19687   650  1380   480
	15270 19672   648  1380   480
	15269 19659   650  1380   480
	15263 19643   648  1380   480
	15263 19639   646  1380   480
	15269 19638   645  1380   480
	15271 19625   645  1380   480
	15282 19621   643  1380   480
	15291 19610   639  1380   480
	15295 19607   634  1380   480
	15308 19607   632  1380   480
	15317 19607   629  1390   480
	15330 19609   615  1390   480
	15345 19611   609  1390   480
	15359 19622   603  1390   480
	15369 19626   599  1390   480
	15382 19639   590  1380   490
	15394 19653   588  1380   490
	15404 19657   588  1380   490
	15412 19671   584  1380   490
	15424 19686   581  1380   490
	15433 19701   588  1390   480
	15440 19705   590  1390   480
	15449 19720   590  1390   480
	15459 19738   588  1390   480
	15470 19751   590  1390   480
	15476 19756   590  1390   480
	15486 19770   590  1390   480
	15491 19783   590  1390   480
	15491 19785   599  1390   480
	15494 19788   603  1390   480
	15494 19797   611  1390   480
	15495 19788   623  1390   480
	15493 19787   630  1390   480
	15490 19785   634  1390   480
	15486 19784   638  1390   480
	15486 19783   641  1390   480
	15482 19772   641  1390   480
	15479 19767   641  1390   480
	15478 19755   641  1390   480
	15476 19750   641  1390   480
	15475 19739   641  1390   480
	15472 19735   641  1390   480
	15473 19723   641  1390   480
	15472 19719   641  1390   480
	15475 19705   641  1390   480
	15471 19690   643  1390   480
	15470 19676   643  1390   480
	15469 19669   645  1390   480
	15466 19644   645  1410   490
	15463 19637   648  1410   490
	15462 19622   651  1410   490
	15460 19607   651  1410   490
	15462 19591   655  1410   490
	15460 19576   656  1410   490
	15461 19561   658  1410   490
	15463 19547   658  1410   490
	15464 19532   658  1400   500
	15465 19516   658  1400   500
	15464 19500   658  1400   500
	15465 19482   658  1400   500
	15465 19467   658  1400   500
	15465 19451   660  1380   500
	15466 19433   660  1380   500
	15464 19419   660  1380   500
	15466 19404   660  1380   500
	15463 19384   661  1380   500
	15458 19355   663  1370   510
	15455 19337   664  1370   510
	15449 19321   666  1360   510
	15444 19307   671  1360   510
	15440 19292   671  1350   520
	15436 19285   671  1350   520
	15436 19274   674  1340   520
	15433 19271   677  1340   520
	15432 19260   678  1330   530
	15427 19255   681  1330   530
	15422 19244   683  1310   540
	15416 19242   686  1310   540
	15412 19241   689  1300   540
	15404 19227   689  1300   540
	15395 19223   690  1300   540
	15386 19221   693  1290   550
	15379 19210   691  1290   550
	15370 19207   694  1290   550
	15365 19206   696  1290   550
	15353 19193   696  1290   550
	15338 19180   700  1290   550
	15329 19178   702  1290   550
	15317 19173   702  1290   550
	15298 19160   704  1280   540
	15288 19159   708  1280   540
	15279 19157   713  1280   540
	15267 19148   706  1280   540
	15254 19145   705  1280   540
	15240 19144   705  1280   540
	15228 19145   706  1280   540
	15215 19145   706  1260   540
	15206 19147   706  1280   540
	15201 19147   704  1280   540
	15193 19157   702  1280   540
	15187 19159   697  1270   530
	15179 19164   691  1270   530
	15173 19179   686  1270   530
	15172 19195   681  1270   530
	15172 19222   671  1270   530
	15178 19244   664  1270   530
	15190 19274   660  1270   530
	15209 19308   650  1280   530
	15232 19338   645  1280   530
	15257 19372   639  1280   530
	15284 19414   638  1290   520
	15310 19446   638  1290   520
	15340 19468   639  1300   520
	15370 19500   639  1300   520
	15405 19530   641  1320   510
	15441 19560   643  1320   510
	15485 19593   646  1330   510
	15527 19622   646  1340   500
	15568 19654   651  1340   500
	15612 19675   658  1360   500
	15658 19704   660  1360   500
	15703 19736   661  1370   500
	15745 19755   663  1380   490
	15776 19781   664  1400   500
	15805 19785   669  1410   490
	15830 19802   669  1410   490
	15849 19813   671  1410   490
	15861 19815   674  1420   490
	15864 19814   681  1430   490
	15866 19804   689  1430   490
	15868 19801   694  1430   490
	15873 19798   696  1440   490
	15874 19784   700  1440   490
	15874 19768   705  1440   490
	15871 19739   708  1440   490
	15862 19718   717  1440   490
	15857 19689   723  1440   490
	15848 19654   731  1440   490
	15842 19638   738  1440   490
	15841 19610   760  1450   500
	15837 19593   760  1450   500
	15840 19577   760  1450   500
	15839 19561   760  1440   500
	15844 19545   766  1440   500
	15843 19526   767  1440   500
	15845 19515   766  1440   500
	15846 19513   766  1440   500
	15848 19510   766  1420   500
	15849 19509   760  1420   500
	15850 19500   738  1420   500
	15851 19500   734  1420   500
	15852 19499   727  1420   500
	15854 19500   723  1420   500
	15860 19499   715  1410   510
	15864 19500   714  1410   510
	15870 19510   714  1410   510
	15876 19513   713  1410   510
	15886 19516   708  1420   520
	15897 19528   706  1420   520
	15912 19542   706  1420   520
	15924 19557   706  1420   520
	15937 19562   706  1420   520
	15947 19574   705  1420   520
	15955 19579   705  1420   520
	15960 19580   704  1420   520
	15964 19590   705  1420   520
	15967 19592   706  1420   520
	15966 19591   706  1420   520
	15967 19592   708  1420   520
	15965 19592   708  1430   510
	15965 19592   708  1430   510
	15965 19591   709  1430   510
	15965 19590   713  1430   510
	15965 19590   714  1430   510
	15964 19590   714  1430   510
	15961 19589   714  1430   510
	15957 19579   715  1430   510
	15949 19575   717  1430   510
	15938 19563   721  1430   510
	15924 19559   718  1430   510
	15904 19545   723  1430   510
	15883 19530   725  1430   510
	15856 19514   725  1430   510
	15838 19509   744  1430   510
	15826 19509   755  1430   510
	15814 19499   760  1430   510
	15804 19499   760  1420   500
	15793 19497   766  1420   500
	15776 19496   767  1410   510
	15768 19497   767  1410   510
	15765 19498   768  1410   510
	15761 19500   768  1410   510
	15753 19500   768  1410   510
	15745 19512   769  1410   510
	15734 19512   769  1410   510
	15727 19514   769  1410   510
	15724 19515   769  1410   510
	15723 19516   769  1410   510
	15725 19516   768  1400   510
	15726 19515   767  1400   510
	15728 19515   766  1400   510
	15733 19514   766  1400   510
	15744 19512   750  1400   510
	15760 19511   729  1400   510
	15779 19510   723  1410   500
	15803 19500   721  1410   500
	15829 19511   717  1410   500
	15855 19515   717  1410   500
	15881 19525   715  1410   500
	15903 19528   713  1410   500
	15925 19541   713  1420   500
	15945 19545   710  1420   500
	15966 19547   713  1420   500
	15979 19558   714  1420   500
	15989 19562   713  1420   500
	16001 19564   713  1420   500
	16011 19573   713  1430   510
	16019 19577   713  1430   510
	16027 19579   710  1430   510
	16034 19592   710  1430   510
	16042 19594   713  1440   510
	16049 19605   708  1440   510
	16052 19608   709  1440   510
	16060 19609   708  1440   510
	16061 19610   708  1440   510
	16062 19609   708  1440   510
	16065 19609   708  1440   510
	16063 19609   708  1440   510
	16065 19608   710  1460   520
	16065 19607   713  1460   520
	16064 19608   715  1460   520
	16064 19606   718  1460   520
	16064 19608   722  1460   520
	16063 19606   723  1460   520
	16064 19607   724  1460   520
	16062 19606   724  1460   520
	16063 19606   724  1460   520
	16063 19605   725  1460   520
	16063 19605   723  1460   520
	16060 19605   723  1460   520
	16061 19596   722  1460   520
	16060 19595   721  1460   520
	16059 19605   718  1460   520
	16062 19596   718  1460   520
	16062 19596   717  1460   520
	16061 19594   715  1460   520
	16062 19594   715  1460   520
	16063 19594   715  1460   520
	16060 19596   715  1460   520
	16063 19594   715  1460   520
	16062 19593   715  1460   520
	16061 19594   715  1460   520
	16063 19594   715  1460   520
	16061 19594   715  1460   520
	16060 19594   714  1460   520
	16063 19593   710  1460   520
	16061 19593   708  1460   520
	16060 19593   704  1460   520
	16061 19593   702  1460   520
	16060 19593   700  1460   520
	16060 19591   696  1460   520
	16063 19590   691  1460   520
	16063 19591   689  1460   520
	16065 19590   689  1460   520
	16063 19589   689  1460   520
	16065 19590   687  1460   520
	16065 19589   689  1460   520
	16063 19590   689  1460   520
	16065 19591   689  1460   520
	16063 19591   689  1460   520
	16062 19592   690  1460   520
	16059 19592   689  1460   520
	16060 19592   690  1460   520
	16057 19593   691  1460   520
	16057 19592   691  1460   520
	16057 19594   690  1460   520
	16057 19593   690  1460   520
	16055 19593   690  1460   520
	16057 19593   690  1460   520
	16058 19593   690  1460   520
	16057 19593   690  1460   520
	16058 19593   690  1460   520
	16053 19594   689  1460   520
	16050 19592   687  1460   520
	16043 19592   686  1460   520
	16033 19590   686  1460   520
	16022 19577   687  1460   520
	16006 19575   689  1460   520
	15993 19564   690  1450   530
	15975 19563   690  1440   510
	15954 19558   689  1440   510
	15932 19558   691  1440   510
	15899 19545   696  1440   510
	15864 19530   696  1440   510
	15817 19512   700  1440   510
	15757 19500   697  1440   510
	15690 19496   698  1430   510
	15608 19480   700  1430   510
	15513 19461   694  1420   520
	15410 19432   698  1420   520
	15293 19401   696  1420   520
	15150 19365   698  1410   510
	14995 19321   698  1400   520
	14846 19287   702  1400   520
	14689 19254   704  1370   520
	14522 19221   704  1370   520
	14370 19193   706  1360   520
	14239 19164   715  1360   520
	14117 19160   718  1340   520
	14018 19161   725  1340   520
	13945 19163   724  1330   530
	13884 19176   723  1330   530
	13830 19193   717  1310   540
	13788 19211   718  1310   540
	13756 19237   721  1310   540
	13735 19253   721  1300   540
	13730 19269   714  1300   540
	13728 19285   700  1290   530
	13741 19303   693  1290   530
	13757 19322   687  1290   530
	13787 19351   686  1290   530
	13826 19372   681  1290   530
	13876 19404   677  1300   530
	13943 19435   675  1300   530
	14023 19468   674  1310   520
	14131 19509   677  1310   520
	14246 19542   677  1330   520
	14369 19563   681  1330   520
	14492 19590   683  1340   510
	14619 19606   689  1350   510
	14752 19607   693  1350   510
	14861 19606   696  1360   500
	14967 19596   700  1360   500
	15061 19595   705  1380   500
	15143 19590   715  1380   500
	15212 19576   718  1380   500
	15258 19561   725  1400   500
	15285 19548   730  1400   500
	15301 19546   736  1400   500
	15312 19541   766  1400   500
	15319 19529   769  1380   490
	15325 19526   771  1400   500
	15332 19515   771  1400   500
	15345 19514   772  1400   500
	15368 19500   772  1400   500
	15398 19510   772  1400   500
	15443 19516   772  1400   500
	15506 19530   771  1400   500
	15582 19547   771  1400   500
	15667 19574   768  1400   500
	15750 19596   738  1410   500
	15840 19627   721  1410   500
	15917 19660   706  1410   500
	15981 19688   689  1420   500
	16035 19706   664  1420   500
	16074 19722   634  1430   510
	16096 19736   557  1430   510
	16101 19740   429  1450   510
	16095 19749   374  1450   510
	16073 19749   367  1450   510
	16035 19736   234  1470   510
	15991 19721    -1  1470   510
	15950 19708    -1  1470   510
	15909 19705    -1  1470   510
	15880 19707    -1  1470   510
	15851 19718    -1  1470   510
	15830 19718    -1  1480   500
	15816 19721    -1  1480   500
	15810 19724    -1  1460   500
	15801 19738    -1  1460   500
	15795 19753    -1  1460   500
	15787 19769    -1  1460   500
	15780 19786    -1  1450   500
	15778 19750    -1  1460   490
	15774 19831    -1  1460   490
	15776 19850    -1  1450   480
	15774 19865    -1  1460   480
	15818 19881    -1  1460   480
	15763 19896    -1  1460   480
	15756 19911    -1  1460   470
	15737 19915    -1  1460   470
	15721 19931    -1  1470   460
	15703 19944    -1  1460   460
	15677 19962    -1  1460   460
	15647 19979    -1  1470   450
	15612 19996    -1  1450   440
	15577 20024    -1  1460   440
	15540 20040    -1  1460   430
	15508 20058    -1  1460   430
	15469 20070    -1  1450   420
	15444 20075    -1  1460   420
	15421 20087    -1  1450   410
	15400 20088    -1  1450   400
	15385 20089    -1  1450   400
	15367 20088    -1  1440   400
	15361 20090    -1  1440   400
	15353 20090    -1  1440   390
	15352 20090    -1  1440   390
	15349 20091    -1  1430   390
	15352 20089    -1  1430   390
	15355 20090    -1  1430   390
	15356 20089    -1  1430   390
	15355 20088    -1  1420   380
	15357 20087    -1  1420   380
	15361 20076    -1  1420   380
	15363 20072    -1  1420   390
	15364 20059    -1  1420   390
	15365 20044    -1  1420   390
	15375 19975   519  1420   400
	15335 20044   634  1410   410
	15327 20055   646  1420   410
	15323 20055   653  1410   420
	15328 20056   658  1410   420
	15326 20056   664  1410   430
	15325 20058   669  1410   430
	15328 20060   668  1410   440
	15334 20069   655  1410   440
	15344 20070   634  1410   440
	15371 20072   574  1410   450
	15410 20076   480  1410   450
	15461 20076   331  1410   450
	15509 20087   327  1410   450
	15554 20086   201  1420   450
	15598 20086    75  1420   450
	15637 20076    75  1420   450
	15670 20085   160  1420   450
	15688 20085   234  1420   450
	15698 20087   308  1420   450
	15698 20085   278  1420   450
	15691 20074   420  1420   450
	15676 20075   562  1420   450
	15659 20076   632  1440   460
	15637 20076   641  1440   460
	15621 20076   648  1440   460
	15604 20076   651  1440   460
	15591 20076   651  1440   460
	15587 20076   646  1440   460
	15591 20076   581  1440   460
	15599 20086   401  1450   460
	15617 20076   317  1450   460
