ABCDE-012_345_678 915
	 6714  8425     0  1120   550
	 6712  8428   160  1120   550
	 6706  8437   182  1140   550
	 6703  8438   218  1140   550
	 6703  8443   249  1130   540
	 6701  8442   275  1130   540
	 6701  8442   297  1130   540
	 6701  8441   308  1130   540
	 6701  8440   327  1130   540
	 6702  8437   344  1130   540
	 6706  8425   352  1130   540
	 6710  8409   367  1130   540
	 6712  8390   278  1130   540
	 6715  8363   302  1130   540
	 6718  8344   317  1130   540
	 6717  8316   338  1140   550
	 6723  8284   357  1140   550
	 6727  8261   374  1140   550
	 6731  8220   390  1140   550
	 6739  8188   401  1140   550
	 6748  8152   410  1140   550
	 6753  8106   415  1140   550
	 6758  8073   437  1140   550
	 6762  8038   462  1140   550
	 6764  7994   462  1140   550
	 6764  7958   480  1120   550
	 6765  7915   469  1120   550
	 6760  7883   494  1120   550
	 6760  7852   500  1120   550
	 6756  7832   500  1120   550
	 6753  7813   494  1120   550
	 6753  7797   500  1120   550
	 6753  7786   500  1120   550
	 6754  7785   507  1120   550
	 6751  7785   507  1120   540
	 6755  7786   513  1120   540
	 6754  7786   513  1120   540
	 6753  7799   522  1120   540
	 6751  7804   525  1120   540
	 6745  7819   525  1120   540
	 6738  7836   531  1120   540
	 6729  7863   528  1120   550
	 6721  7896   528  1120   550
	 6717  7930   525  1140   550
	 6706  7974   522  1140   550
	 6698  8009   522  1120   550
	 6692  8055   522  1140   550
	 6687  8090   519  1140   550
	 6682  8137   516  1140   550
	 6677  8182   516  1140   550
	 6676  8216   516  1140   550
	 6677  8262   516  1140   550
	 6679  8296   516  1140   550
	 6687  8326   519  1140   550
	 6692  8359   519  1140   550
	 6701  8380   519  1140   550
	 6711  8407   522  1140   550
	 6719  8425   519  1140   550
	 6731  8440   519  1140   550
	 6747  8456   522  1140   550
	 6764  8470   522  1140   550
	 6780  8473   522  1140   550
	 6800  8476   522  1140   550
	 6820  8485   519  1140   550
	 6837  8485   522  1140   550
	 6860  8474   522  1140   550
	 6879  8470   525  1140   550
	 6896  8457   525  1140   550
	 6910  8442   531  1140   550
	 6929  8425   536  1150   540
	 6938  8407   544  1150   540
	 6945  8377   550  1150   540
	 6950  8344   557  1150   540
	 6948  8312   560  1150   540
	 6948  8283   567  1150   540
	 6942  8261   572  1150   540
	 6941  8231   577  1150   540
	 6937  8204   581  1150   540
	 6934  8188   590  1150   540
	 6927  8181   605  1150   540
	 6917  8155   609  1150   540
	 6909  8140   619  1150   540
	 6897  8133   621  1150   540
	 6888  8120   623  1150   540
	 6881  8118   625  1150   540
	 6872  8107   625  1150   540
	 6864  8106   629  1150   540
	 6860  8106   632  1150   540
	 6859  8105   632  1150   540
	 6855  8105   632  1150   540
	 6857  8106   634  1150   540
	 6857  8108   629  1150   540
	 6860  8107   619  1150   540
	 6857  8118   605  1150   540
	 6862  8119   590  1150   540
	 6868  8122   579  1150   540
	 6872  8134   574  1150   540
	 6878  8136   572  1150   540
	 6886  8149   570  1150   540
	 6893  8154   570  1150   540
	 6902  8165   570  1150   540
	 6917  8167   570  1150   540
	 6927  8172   567  1150   540
	 6937  8185   565  1150   540
	 6949  8188   565  1150   540
	 6966  8199   567  1150   540
	 6984  8203   567  1140   550
	 7006  8204   565  1140   550
	 7028  8214   565  1140   550
	 7056  8219   565  1140   550
	 7085  8233   565  1140   550
	 7113  8247   565  1140   550
	 7139  8261   567  1140   550
	 7169  8277   567  1140   550
	 7194  8284   567  1140   550
	 7217  8299   567  1140   550
	 7244  8325   567  1140   550
	 7266  8342   567  1140   550
	 7285  8359   567  1140   550
	 7361  8378   567  1140   550
	 7324  8406   565  1140   550
	 7342  8428   567  1140   550
	 7357  8457   565  1140   550
	 7370  8487   562  1140   550
	 7381  8517   560  1140   550
	 7386  8539   560  1140   550
	 7390  8569   560  1140   550
	 7393  8598   562  1140   550
	 7390  8620   560  1140   550
	 7386  8649   560  1140   550
	 7384  8668   560  1140   550
	 7376  8694   567  1140   550
	 7368  8699   570  1150   540
	 7356  8715   570  1150   540
	 7343  8728   572  1150   540
	 7333  8732   577  1150   540
	 7322  8743   595  1150   540
	 7313  8744   609  1150   540
	 7305  8745   611  1170   540
	 7291  8743   611  1170   540
	 7278  8742   605  1170   540
	 7266  8731   609  1170   540
	 7253  8727   609  1170   540
	 7242  8714   611  1170   540
	 7234  8700   611  1170   540
	 7223  8696   609  1170   540
	 7216  8684   609  1170   540
	 7209  8668   605  1170   540
	 7199  8651   609  1180   540
	 7191  8629   605  1180   540
	 7184  8598   611  1180   540
	 7175  8568   605  1180   540
	 7167  8535   609  1170   540
	 7163  8505   605  1170   540
	 7162  8470   611  1170   540
	 7161  8426   611  1170   540
	 7161  8393   611  1170   540
	 7160  8360   611  1170   540
	 7154  8326   609  1170   540
	 7154  8295   619  1170   540
	 7153  8264   625  1170   540
	 7150  8245   625  1170   540
	 7147  8216   629  1150   540
	 7144  8188   630  1150   540
	 7141  8169   632  1150   540
	 7140  8155   634  1150   540
	 7139  8140   638  1150   540
	 7137  8134   638  1150   540
	 7137  8133   639  1150   540
	 7137  8120   641  1160   550
	 7135  8107   641  1160   550
	 7134  8092   643  1160   550
	 7133  8085   643  1160   550
	 7130  8075   641  1160   550
	 7128  8071   641  1160   550
	 7127  8060   641  1160   550
	 7125  8058   643  1160   550
	 7126  8056   643  1160   550
	 7124  8054   641  1160   550
	 7126  8055   641  1160   550
	 7126  8056   641  1160   550
	 7125  8054   641  1160   550
	 7125  8057   643  1160   550
	 7123  8058   641  1160   550
	 7122  8059   643  1160   550
	 7122  8060   645  1140   550
	 7123  8070   645  1140   550
	 7121  8072   646  1140   550
	 7121  8075   646  1140   550
	 7121  8086   646  1140   550
	 7117  8091   646  1140   550
	 7117  8105   646  1140   550
	 7115  8120   646  1150   550
	 7115  8138   645  1150   550
	 7118  8156   645  1150   550
	 7122  8182   645  1160   550
	 7127  8198   645  1160   550
	 7129  8214   645  1160   550
	 7140  8230   645  1160   550
	 7146  8249   645  1160   550
	 7156  8264   645  1160   550
	 7163  8277   645  1160   550
	 7168  8282   645  1160   550
	 7173  8293   645  1160   550
	 7182  8296   645  1160   550
	 7192  8300   645  1160   550
	 7201  8311   645  1160   550
	 7216  8316   645  1160   550
	 7227  8327   645  1160   550
	 7241  8329   645  1160   550
	 7257  8341   645  1160   550
	 7269  8342   645  1160   550
	 7282  8344   643  1160   550
	 7287  8345   641  1160   550
	 7293  8344   641  1160   550
	 7298  8343   641  1160   550
	 7299  8332   639  1160   550
	 7305  8331   636  1160   550
	 7304  8327   636  1160   550
	 7304  8315   636  1160   550
	 7305  8309   638  1160   550
	 7299  8295   638  1160   550
	 7295  8278   638  1160   550
	 7286  8261   639  1160   550
	 7273  8236   643  1160   550
	 7262  8229   645  1160   550
	 7252  8215   643  1160   550
	 7239  8188   643  1160   550
	 7227  8171   643  1160   550
	 7216  8166   645  1160   550
	 7205  8154   643  1160   550
	 7202  8150   645  1160   550
	 7197  8149   645  1160   550
	 7193  8139   643  1160   550
	 7192  8138   645  1160   550
	 7192  8138   643  1160   550
	 7191  8138   641  1160   550
	 7192  8138   641  1160   550
	 7192  8137   639  1160   550
	 7195  8137   636  1160   550
	 7200  8135   636  1160   550
	 7206  8123   634  1160   550
	 7215  8120   632  1160   550
	 7229  8118   623  1160   550
	 7239  8117   613  1160   550
	 7256  8108   609  1160   550
	 7272  8106   609  1160   550
	 7290  8106   609  1160   550
	 7310  8107   609  1160   550
	 7335  8117   609  1160   550
	 7361  8119   611  1160   550
	 7389  8134   605  1160   550
	 7419  8140   609  1160   550
	 7448  8155   605  1170   560
	 7480  8171   605  1170   560
	 7506  8188   605  1170   560
	 7533  8204   603  1170   560
	 7561  8231   603  1160   560
	 7579  8247   603  1160   560
	 7598  8265   601  1160   560
	 7614  8280   603  1160   560
	 7630  8297   603  1160   560
	 7644  8326   605  1160   560
	 7659  8345   605  1160   560
	 7673  8373   605  1160   560
	 7684  8393   605  1160   560
	 7695  8423   603  1160   560
	 7704  8443   605  1160   560
	 7711  8470   609  1160   560
	 7715  8501   611  1160   560
	 7718  8522   609  1160   560
	 7722  8550   609  1160   560
	 7718  8572   615  1180   570
	 7712  8587   613  1170   560
	 7705  8614   613  1170   560
	 7692  8619   625  1170   560
	 7684  8631   625  1170   560
	 7673  8646   632  1170   560
	 7659  8647   632  1170   560
	 7643  8648   632  1170   560
	 7629  8647   636  1180   560
	 7616  8645   638  1180   560
	 7600  8645   638  1180   560
	 7588  8633   638  1180   560
	 7572  8619   638  1180   560
	 7559  8613   638  1180   560
	 7545  8599   638  1180   560
	 7535  8584   638  1180   560
	 7526  8556   638  1180   560
	 7516  8536   638  1180   560
	 7507  8506   638  1180   560
	 7503  8474   638  1180   560
	 7495  8440   638  1180   560
	 7490  8408   639  1180   560
	 7487  8376   638  1180   560
	 7484  8344   639  1180   560
	 7480  8314   639  1180   560
	 7477  8283   639  1180   560
	 7469  8265   641  1180   560
	 7469  8236   643  1180   560
	 7468  8215   645  1180   560
	 7468  8184   645  1170   560
	 7467  8166   646  1170   560
	 7466  8138   646  1170   560
	 7462  8119   648  1170   560
	 7462  8103   646  1170   560
	 7464  8088   646  1170   560
	 7466  8072   646  1170   560
	 7467  8054   648  1170   560
	 7470  8042   648  1170   560
	 7476  8028   648  1170   560
	 7486  8026   646  1170   560
	 7494  8025   645  1170   560
	 7500  8023   643  1170   560
	 7509  8023   645  1170   560
	 7526  8026   645  1170   560
	 7542  8037   646  1160   560
	 7553  8041   646  1160   560
	 7572  8057   648  1160   560
	 7591  8073   648  1160   560
	 7608  8088   648  1160   560
	 7626  8105   650  1160   560
	 7639  8120   650  1160   560
	 7653  8133   650  1160   560
	 7671  8151   651  1160   560
	 7681  8156   653  1160   560
	 7700  8181   653  1160   560
	 7711  8188   653  1160   560
	 7728  8213   651  1160   560
	 7739  8219   651  1160   570
	 7753  8234   653  1160   570
	 7762  8248   653  1160   570
	 7768  8262   653  1160   570
	 7770  8265   655  1160   570
	 7770  8267   655  1160   570
	 7764  8278   656  1160   570
	 7757  8281   658  1160   570
	 7749  8283   658  1160   570
	 7740  8293   663  1160   570
	 7727  8293   663  1160   570
	 7716  8293   661  1160   570
	 7699  8283   663  1160   570
	 7685  8279   663  1160   570
	 7675  8268   663  1160   570
	 7660  8263   663  1160   570
	 7650  8248   663  1160   570
	 7639  8233   663  1160   570
	 7627  8217   663  1160   570
	 7623  8204   663  1160   570
	 7615  8188   663  1160   570
	 7610  8170   661  1180   570
	 7607  8153   661  1180   570
	 7604  8138   663  1180   570
	 7602  8123   661  1170   560
	 7604  8118   660  1170   560
	 7610  8104   656  1170   560
	 7616  8092   650  1170   560
	 7626  8091   645  1170   560
	 7637  8087   641  1170   560
	 7652  8085   638  1170   560
	 7669  8076   634  1170   560
	 7689  8074   636  1160   570
	 7709  8074   634  1160   570
	 7728  8075   634  1160   570
	 7749  8086   634  1160   570
	 7771  8090   634  1160   570
	 7793  8103   634  1160   570
	 7818  8118   632  1160   570
	 7839  8133   630  1160   570
	 7859  8138   630  1160   570
	 7876  8153   630  1160   570
	 7889  8170   629  1160   570
	 7904  8184   630  1170   580
	 7914  8199   630  1160   570
	 7920  8214   632  1150   580
	 7927  8219   636  1150   580
	 7929  8232   638  1150   580
	 7930  8247   645  1150   580
	 7933  8248   651  1150   580
	 7930  8249   660  1150   580
	 7929  8250   664  1140   570
	 7929  8251   671  1140   570
	 7926  8261   674  1140   570
	 7924  8252   681  1140   570
	 7922  8251   683  1130   560
	 7920  8261   689  1130   560
	 7914  8252   690  1130   560
	 7917  8251   691  1120   550
	 7914  8250   690  1120   550
	 7914  8250   691  1120   550
	 7912  8249   691  1120   550
	 7909  8248   689  1120   550
	 7910  8246   689  1120   550
	 7905  8245   689  1120   550
	 7903  8234   687  1120   550
	 7901  8230   687  1140   550
	 7897  8218   687  1140   550
	 7894  8214   689  1140   550
	 7894  8202   689  1140   550
	 7891  8198   686  1140   550
	 7891  8183   686  1140   550
	 7887  8168   683  1140   550
	 7885  8154   683  1140   550
	 7886  8139   684  1140   550
	 7891  8133   681  1140   550
	 7895  8121   681  1140   550
	 7902  8108   680  1140   550
	 7910  8104   677  1140   550
	 7919  8091   674  1140   550
	 7927  8087   674  1140   550
	 7937  8085   674  1140   550
	 7949  8075   669  1140   550
	 7962  8072   669  1150   550
	 7971  8072   664  1150   550
	 7985  8072   661  1150   550
	 7992  8073   660  1130   560
	 8003  8074   658  1130   560
	 8011  8085   656  1130   560
	 8018  8088   655  1130   560
	 8028  8092   651  1130   560
	 8033  8103   651  1130   560
	 8042  8107   651  1130   560
	 8049  8120   651  1130   560
	 8055  8134   651  1130   560
	 8059  8140   651  1130   560
	 8066  8154   650  1130   560
	 8070  8170   650  1130   560
	 8077  8186   650  1130   560
	 8081  8200   648  1130   560
	 8087  8215   648  1130   560
	 8090  8230   648  1130   560
	 8095  8235   650  1130   560
	 8099  8250   650  1130   560
	 8101  8262   650  1130   560
	 8100  8264   650  1130   560
	 8098  8264   651  1130   560
	 8098  8263   655  1130   560
	 8096  8264   656  1130   560
	 8096  8264   660  1130   560
	 8093  8263   661  1130   560
	 8089  8262   663  1130   560
	 8088  8252   664  1130   560
	 8085  8252   663  1130   560
	 8085  8250   663  1130   560
	 8083  8246   663  1130   560
	 8082  8233   663  1130   560
	 8077  8218   663  1130   560
	 8077  8215   663  1130   560
	 8076  8200   663  1130   560
	 8076  8183   664  1130   560
	 8072  8166   664  1130   560
	 8069  8138   664  1130   560
	 8066  8121   669  1130   560
	 8065  8104   669  1130   560
	 8065  8085   671  1130   560
	 8062  8058   674  1130   560
	 8061  8037   678  1130   560
	 8060  8005   678  1130   560
	 8057  7977   681  1130   560
	 8059  7947   681  1130   560
	 8056  7916   681  1130   560
	 8058  7896   681  1130   560
	 8061  7868   683  1130   560
	 8062  7848   681  1130   560
	 8061  7829   684  1130   560
	 8062  7803   684  1130   560
	 8065  7786   684  1130   560
	 8065  7768   684  1130   560
	 8066  7749   684  1130   560
	 8062  7724   684  1130   560
	 8060  7707   684  1130   560
	 8058  7692   686  1130   560
	 8055  7675   689  1130   560
	 8051  7670   693  1130   560
	 8046  7658   693  1130   560
	 8042  7656   696  1130   560
	 8036  7642   696  1130   560
	 8025  7637   698  1130   560
	 8010  7626   700  1130   560
	 7996  7623   701  1130   560
	 7980  7611   702  1130   560
	 7960  7609   702  1130   560
	 7930  7606   702  1130   560
	 7900  7593   705  1130   560
	 7870  7591   704  1140   570
	 7843  7593   709  1140   570
	 7825  7594   714  1140   570
	 7809  7596   714  1140   570
	 7798  7608   709  1140   570
	 7780  7621   708  1140   570
	 7766  7628   706  1140   570
	 7750  7643   702  1140   570
	 7737  7670   700  1150   580
	 7723  7701   694  1150   580
	 7717  7724   686  1150   580
	 7718  7755   681  1150   580
	 7721  7782   674  1150   580
	 7728  7803   668  1150   580
	 7744  7829   668  1150   580
	 7757  7850   663  1150   580
	 7780  7881   658  1150   580
	 7807  7913   658  1150   580
	 7839  7947   656  1150   580
	 7871  7976   658  1150   580
	 7910  8008   656  1150   580
	 7952  8040   658  1150   580
	 7997  8085   660  1160   570
	 8042  8119   663  1160   560
	 8081  8149   663  1160   560
	 8116  8169   664  1160   560
	 8148  8197   669  1160   560
	 8180  8214   672  1160   560
	 8205  8220   677  1140   570
	 8237  8229   683  1140   570
	 8260  8218   686  1140   570
	 8283  8203   690  1130   560
	 8304  8187   696  1130   560
	 8319  8167   705  1130   560
	 8335  8124   714  1130   560
	 8341  8091   718  1130   560
	 8343  8043   721  1130   560
	 8338  7996   723  1130   560
	 8333  7958   729  1140   570
	 8325  7913   733  1140   570
	 8320  7879   734  1140   570
	 8315  7847   736  1140   570
	 8314  7829   736  1140   570
	 8316  7815   734  1140   570
	 8324  7799   733  1140   570
	 8332  7787   729  1150   580
	 8337  7786   715  1150   580
	 8351  7787   706  1150   580
	 8363  7797   698  1150   580
	 8387  7803   689  1150   580
	 8413  7830   686  1160   570
	 8443  7852   681  1160   570
	 8471  7893   675  1160   570
	 8504  7932   671  1160   570
	 8533  7989   664  1160   570
	 8557  8028   660  1160   570
	 8574  8075   655  1160   570
	 8592  8120   646  1160   570
	 8600  8154   646  1160   570
	 8606  8182   646  1160   570
	 8608  8199   650  1160   570
	 8606  8203   661  1160   570
	 8606  8202   681  1160   570
	 8605  8202   702  1160   570
	 8603  8201   721  1160   570
	 8601  8198   736  1160   570
	 8603  8197   766  1150   580
	 8602  8187   770  1150   580
	 8601  8185   772  1150   580
	 8603  8183   773  1150   580
	 8605  8171   773  1150   580
	 8607  8165   774  1150   580
	 8609  8152   776  1150   580
	 8610  8138   776  1150   580
	 8610  8135   777  1150   580
	 8610  8134   779  1150   580
	 8607  8124   780  1150   580
	 8605  8123   782  1150   580
	 8603  8122   782  1150   580
	 8603  8119   782  1150   580
	 8602  8118   780  1150   580
	 8601  8107   779  1150   580
	 8601  8108   777  1150   580
	 8599  8107   777  1150   580
	 8602  8106   776  1150   580
	 8599  8105   775  1150   580
	 8598  8105   773  1150   580
	 8599  8105   771  1150   580
	 8600  8105   771  1150   580
	 8601  8102   770  1150   580
	 8601  8090   770  1150   580
	 8607  8085   770  1150   580
	 8611  8071   769  1150   580
	 8615  8070   768  1150   580
	 8620  8059   767  1150   580
	 8628  8060   766  1160   580
	 8638  8058   750  1160   580
	 8655  8057   737  1160   580
	 8668  8059   734  1160   580
	 8683  8069   727  1140   590
	 8693  8069   727  1140   590
	 8699  8069   725  1140   590
	 8701  8069   725  1140   590
	 8705  8070   727  1140   590
	 8704  8070   729  1140   590
	 8703  8071   733  1140   590
	 8703  8069   744  1140   590
	 8701  8069   767  1140   590
	 8700  8069   770  1140   590
	 8700  8069   772  1140   590
	 8698  8060   775  1140   590
	 8697  8059   776  1140   590
	 8695  8058   776  1140   590
	 8693  8058   775  1140   590
	 8695  8058   774  1140   590
	 8696  8057   772  1140   590
	 8695  8056   771  1140   590
	 8697  8056   769  1140   590
	 8700  8056   767  1140   590
	 8697  8055   767  1140   590
	 8696  8056   766  1140   590
	 8694  8054   766  1140   590
	 8690  8054   766  1150   600
	 8686  8054   767  1150   600
	 8676  8054   767  1150   600
	 8668  8055   768  1150   600
	 8654  8055   770  1150   600
	 8643  8056   770  1150   600
	 8629  8057   771  1150   600
	 8616  8060   771  1150   600
	 8608  8070   772  1150   600
	 8602  8073   772  1150   600
	 8595  8076   772  1150   600
	 8592  8089   772  1170   590
	 8584  8101   772  1170   590
	 8578  8106   772  1170   590
	 8574  8117   772  1170   590
	 8568  8120   772  1170   590
	 8564  8122   770  1160   580
	 8559  8133   770  1160   580
	 8553  8136   770  1160   580
	 8544  8135   770  1160   580
	 8538  8138   770  1160   580
	 8530  8138   771  1160   580
	 8530  8138   770  1160   580
	 8527  8138   768  1160   580
	 8529  8137   766  1160   580
	 8529  8137   737  1160   580
	 8526  8136   730  1160   580
	 8525  8135   721  1160   580
	 8525  8136   708  1160   580
	 8526  8135   701  1160   580
	 8526  8135   696  1160   580
	 8526  8135   689  1160   580
	 8527  8124   687  1160   580
	 8526  8133   686  1160   580
	 8527  8133   684  1160   580
	 8521  8134   684  1160   580
	 8524  8124   684  1160   580
	 8518  8124   684  1160   580
	 8511  8122   684  1160   580
	 8506  8118   686  1160   580
	 8495  8103   686  1160   580
	 8483  8090   689  1160   580
	 8477  8086   691  1160   580
	 8465  8073   690  1160   580
	 8456  8069   693  1160   580
	 8443  8057   697  1160   580
	 8430  8042   697  1160   580
	 8416  8028   700  1160   580
	 8401  8021   702  1160   580
	 8383  8007   708  1160   580
	 8367  7991   718  1160   580
	 8349  7978   723  1160   580
	 8328  7963   737  1160   580
	 8311  7947   766  1160   580
	 8283  7932   767  1160   580
	 8256  7925   769  1150   580
	 8224  7912   774  1150   580
	 8189  7898   776  1150   580
	 8149  7884   776  1150   580
	 8110  7883   776  1150   580
	 8074  7883   777  1160   570
	 8034  7881   778  1160   570
	 8000  7883   777  1160   570
	 7958  7896   777  1160   570
	 7914  7899   777  1160   570
	 7871  7900   776  1160   560
	 7824  7914   775  1170   560
	 7772  7928   773  1170   560
	 7723  7943   773  1170   560
	 7674  7948   773  1170   560
	 7612  7964   770  1170   560
	 7548  7977   767  1170   560
	 7467  7994   766  1170   560
	 7384  8010   760  1170   560
	 7294  8025   733  1170   560
	 7201  8041   733  1170   560
	 7116  8057   725  1170   560
	 7039  8075   724  1170   560
	 6967  8088   723  1170   560
	 6893  8092   715  1170   560
	 6822  8107   722  1170   560
	 6758  8120   721  1170   560
	 6709  8123   723  1170   560
	 6670  8124   724  1170   560
	 6641  8135   723  1170   560
	 6619  8138   723  1170   560
	 6608  8139   723  1160   550
	 6598  8149   723  1160   550
	 6597  8149   718  1160   550
	 6602  8149   708  1160   550
	 6615  8152   706  1160   550
	 6639  8150   706  1160   550
	 6672  8154   706  1160   550
	 6721  8168   705  1160   550
	 6786  8186   704  1160   550
	 6859  8213   704  1150   540
	 6934  8233   706  1150   540
	 6996  8251   708  1150   540
	 7057  8267   717  1150   540
	 7113  8280   727  1150   540
	 7167  8283   736  1150   540
	 7205  8294   738  1150   540
	 7238  8294   760  1150   540
	 7276  8284   766  1150   540
	 7293  8283   766  1150   540
	 7308  8278   767  1150   540
	 7322  8277   767  1160   550
	 7336  8267   767  1160   550
	 7348  8265   766  1160   550
	 7362  8262   767  1160   550
	 7387  8252   767  1160   550
	 7418  8252   766  1160   550
	 7454  8250   767  1160   560
	 7492  8250   767  1160   560
	 7540  8251   766  1160   560
	 7584  8251   767  1160   560
	 7629  8263   767  1160   560
	 7675  8264   767  1160   560
	 7715  8267   767  1160   560
	 7758  8268   767  1160   570
	 7785  8266   767  1160   570
	 7810  8263   766  1160   570
	 7829  8262   766  1160   570
	 7843  8251   760  1160   570
	 7852  8249   737  1170   580
	 7862  8248   727  1160   580
	 7869  8246   708  1160   580
	 7877  8234   693  1160   580
	 7887  8231   669  1160   580
	 7898  8230   651  1160   580
	 7908  8229   609  1160   580
	 7930  8232   572  1160   580
	 7952  8235   560  1160   580
	 7975  8249   557  1160   580
	 8000  8264   552  1150   580
	 8027  8280   555  1150   580
	 8052  8297   550  1150   580
	 8072  8312   533  1150   580
	 8088  8326   401  1150   580
	 8097  8342   360  1150   580
	 8102  8357   234  1150   580
	 8101  8374    -1  1140   570
	 8091  8392    -1  1140   570
	 8079  8410    -1  1140   570
	 8065  8427    -1  1130   560
	 8058  8443    -1  1150   550
	 8060  8458    -1  1150   550
	 8069  8470    -1  1140   550
	 8070  8472    -1  1140   550
	 8090  8475    -1  1140   550
	 8083  8476    -1  1130   540
	 8098  8486    -1  1140   530
	 8107  8485    -1  1140   530
	 8118  8485    -1  1140   530
	 8125  8486    -1  1130   520
	 8134  8485    -1  1130   520
	 8136  8475    -1  1140   510
	 8132  8474    -1  1140   510
	 8126  8474    -1  1130   510
	 8118  8475    -1  1130   510
	 8105  8472    -1  1130   510
	 8094  8471    -1  1140   510
	 8081  8472    -1  1140   510
	 8065  8475    -1  1140   510
	 8049  8485    -1  1140   510
	 8035  8490    -1  1140   510
	 8026  8502    -1  1150   520
	 8017  8507    -1  1150   520
	 8016  8519    -1  1150   520
	 8017  8524    -1  1150   520
	 8021  8537    -1  1150   520
	 8033  8551    -1  1140   510
	 8044  8565    -1  1140   510
	 8057  8572    -1  1150   510
	 8065  8585    -1  1150   510
	 8074  8587    -1  1150   510
	 8076  8601    -1  1150   500
	 8076  8602    -1  1150   500
	 8077  8602    -1  1150   500
	 8075  8604    -1  1160   500
	 8068  8613    -1  1150   490
	 8063  8613    -1  1150   490
	 8055  8613    -1  1150   490
	 8051  8603    -1  1150   490
	 8049  8604    -1  1150   490
	 8048  8601    -1  1160   500
	 8048  8599    -1  1160   500
	 8042  8600   462  1160   500
	 8028  8604   646  1170   510
	 8023  8615   686  1170   510
	 8022  8614   767  1160   520
	 8023  8615   778  1160   520
	 8023  8613   781  1170   530
	 8025  8614   783  1170   530
	 8025  8614   783  1170   530
	 8030  8613   782  1170   540
	 8036  8604   780  1170   540
	 8050  8603   773  1170   550
	 8069  8603   713  1170   550
	 8095  8601   650  1170   550
	 8129  8599   368  1170   550
	 8164  8599     0  1170   550
	 8191  8604    -1  1170   550
	 8208  8617    -1  1170   550
	 8220  8631    -1  1170   550
	 8238  8636    -1  1170   550
	 8261  8650    -1  1170   550
	 8296  8662    -1  1180   540
	 8321  8665    -1  1180   540
	 8337  8649    -1  1180   540
	 8346  8667    -1  1190   530
	 8348  8663    -1  1190   530
	 8407  8661    -1  1200   520
	 8354  8648    -1  1200   520
	 8353  8645    -1  1200   520
	 8353  8635    -1  1210   520
	 8346  8630    -1  1200   510
	 8345  8619    -1  1210   510
	 8338  8619    -1  1210   510
	 8335  8618    -1  1210   510
	 8341  8629    -1  1220   500
	 8343  8632    -1  1220   500
	 8352  8619    -1  1220   500
	 8364  8636    -1  1220   500
	 8441  8683    -1  1220   500
	 8393  8709    -1  1220   500
	 8492  8712    -1  1220   500
	 8514  8730    -1  1220   500
	 8544  8758    -1  1220   500
	 8577  8776    -1  1220   500
	 8612  8805    -1  1220   500
	 8658  8827    -1  1220   500
	 8714  8869    -1  1220   500
	 8788  8906    -1  1220   500
	    0     0    -4     0     0
	    0     0    -4     0     0
	 8555  8870    -1  1350   800
	 8549  8869    -1  1350   800
	 8541  8869    -1  1350   800
	 8540  8859    -1  1350   800
	 8540  8855    -1  1350   800
	 8543  8843    -1  1350   800
	 8541  8827    -1  1350   800
	 8540  8810    -1  1350   800
	 8531  8791    -1  1350   800
	 8521  8774    -1  1350   800
	 8498  8745    -1  1350   800
	 8487  8728    -1  1350   800
	 8473  8711    -1  1350   800
	 8479  8700    -1  1350   790
	 8454  8696    -1  1350   790
	 8459  8683    -1  1270   750
	 8436  8695    -1  1250   730
	 8429  8698    -1  1220   710
	 8429  8698    -1  1230   690
	 8428  8711    -1  1220   670
	 8429  8713    -1  1220   650
	 8430  8712    -1  1220   630
	 8434  8712    -1  1220   610
	 8436  8709    -1  1210   590
	 8430  8699    -1  1200   570
	 8428  8695    -1  1180   560
	 8425  8693    -1  1180   540
	 8420  8683    -1  1170   520
	 8414  8681    -1  1180   510
	 8410  8679    -1  1180   510
	 8406  8678    -1  1180   510
	 8402  8678    -1  1180   510
	 8397  8668    -1  1180   510
	 8393  8668    -1  1180   510
	 8389  8668    -1  1180   510
	 8379  8677    -1  1170   510
	 8374  8677    -1  1160   500
	 8365  8667    -1  1160   500
	 8351  8668    -1  1160   500
	 8344  8667    -1  1160   500
	 8340  8666    -1  1160   500
	 8338  8667    -1  1160   500
	 8329  8665    -1  1160   500
	 8316  8664    -1  1160   500
	 8365  8662    -1  1160   500
	 8294  8662    -1  1160   500
	 8284  8651    -1  1150   500
	 8274  8651    -1  1150   500
	 8265  8648    -1  1150   500
	 8261  8630    -1  1150   500
	 8256  8648    -1  1150   500
	 8252  8629    -1  1150   500
	 8248  8648    -1  1130   510
	 8294  8645    -1  1130   510
	 8248  8636   262  1130   510
	 8240  8636   310  1140   510
	 8242  8645   395  1130   520
	 8244  8635   552  1130   520
	 8241  8634   655  1130   520
	 8241  8634   706  1130   520
	 8240  8634   770  1140   530
	 8241  8634   783  1120   530
	 8243  8634   816  1120   530
	 8241  8634   829  1120   530
	 8243  8633   841  1120   530
	 8243  8633   846  1120   530
	 8243  8634   848  1130   540
	 8246  8634   848  1130   540
	 8250  8635   845  1130   540
	 8248  8635   830  1130   540
	 8257  8636   786  1130   540
	 8275  8646   708  1130   540
	 8308  8662   380  1130   540
