ABCDE-012_345_678 727
	20823 19756     0  1300   510
	20821 19772    35  1300   510
	20819 19787   136  1300   510
	20822 19803   182  1300   510
	20819 19820   234  1320   500
	20821 19834   275  1320   500
	20823 19849   308  1320   500
	20819 19861   327  1320   500
	20819 19862   344  1320   500
	20818 19863   360  1330   500
	20818 19863   286  1330   500
	20819 19863   310  1330   500
	20820 19852   324  1330   500
	20825 19846   331  1330   500
	20828 19835   338  1330   500
	20834 19817   350  1330   500
	20840 19798   357  1330   500
	20848 19768   363  1330   500
	20852 19736   368  1330   500
	20857 19703   374  1330   500
	20861 19658   380  1330   500
	20867 19622   390  1330   500
	20868 19577   395  1330   500
	20870 19541   401  1330   500
	20872 19493   401  1320   500
	20870 19445   401  1320   500
	20864 19387   405  1320   500
	20861 19349   405  1300   510
	20857 19317   405  1290   510
	20857 19287   410  1280   520
	20854 19257   410  1270   520
	20854 19240   410  1250   530
	20855 19224   410  1240   530
	20853 19209   410  1230   530
	20857 19206   410  1230   530
	20857 19205   410  1220   540
	20859 19206   415  1200   540
	20855 19207   415  1190   540
	20851 19208   429  1170   550
	20851 19210   462  1170   550
	20847 19223   446  1160   550
	20841 19242   429  1160   550
	20834 19269   420  1150   550
	20831 19291   420  1150   550
	20828 19324   415  1150   550
	20825 19369   415  1160   550
	20819 19404   415  1170   550
	20819 19450   410  1170   550
	20819 19510   410  1190   540
	20818 19558   410  1200   540
	20824 19609   410  1220   540
	20825 19657   405  1230   530
	20832 19706   405  1230   530
	20839 19752   405  1240   530
	20846 19797   405  1250   530
	20855 19832   405  1270   520
	20861 19861   405  1280   520
	20870 19893   405  1290   510
	20885 19925   405  1320   510
	20898 19946   405  1330   510
	20914 19973   405  1340   500
	20925 19990   405  1340   500
	20940 20005   405  1350   500
	20954 20009   405  1350   500
	20969 20023   405  1350   500
	20981 20026   405  1360   490
	20991 20025   405  1360   490
	21006 20023   410  1360   490
	21018 20008   410  1360   490
	21025 19993   415  1370   480
	21035 19962   420  1380   490
	21045 19942   437  1380   490
	21048 19912   480  1380   490
	21051 19878   516  1380   490
	21050 19835   522  1380   490
	21045 19804   531  1370   500
	21041 19782   536  1370   500
	21035 19751   539  1370   500
	21029 19733   542  1370   500
	21020 19707   542  1370   500
	21012 19690   544  1370   500
	21002 19673   550  1370   500
	20993 19657   552  1360   500
	20979 19642   555  1360   500
	20967 19625   557  1360   500
	20953 19612   557  1360   500
	20946 19610   560  1350   510
	20941 19607   562  1350   510
	20935 19606   562  1350   510
	20927 19606   562  1350   510
	20926 19608   562  1350   510
	20924 19609   562  1350   510
	20921 19612   560  1350   510
	20918 19622   552  1350   510
	20916 19626   547  1350   510
	20922 19638   539  1350   510
	20921 19643   528  1350   510
	20926 19654   522  1340   500
	20935 19659   516  1340   500
	20946 19674   507  1340   500
	20959 19685   500  1340   500
	20973 19690   462  1340   500
	20995 19701   446  1350   510
	21015 19703   420  1350   510
	21039 19706   415  1350   510
	21063 19718   415  1350   510
	21087 19719   415  1350   510
	21122 19724   415  1350   510
	21151 19736   415  1350   510
	21183 19749   415  1350   510
	21213 19756   415  1350   510
	21244 19772   415  1360   510
	21269 19787   415  1360   510
	21294 19813   415  1370   510
	21332 19830   415  1370   510
	21343 19848   415  1380   510
	21360 19868   420  1380   510
	21376 19894   420  1380   510
	21390 19915   429  1400   520
	21408 19946   437  1400   520
	21416 19977   437  1400   520
	21423 20005   437  1410   510
	21434 20027   446  1410   510
	21439 20060   446  1410   510
	21445 20091   437  1410   510
	21452 20123   446  1420   500
	21452 20153   446  1410   500
	21452 20186   437  1410   500
	21446 20219   437  1420   490
	21438 20249   420  1420   490
	21432 20279   437  1420   490
	21424 20297   446  1420   480
	21411 20313   500  1420   480
	21399 20328   525  1420   480
	21390 20332   536  1430   480
	21376 20342   542  1430   480
	21366 20342   547  1440   470
	21355 20341   547  1450   470
	21339 20328   552  1450   470
	21330 20313   555  1450   470
	21321 20300   557  1450   470
	21311 20283   560  1470   470
	21302 20252   560  1470   470
	21292 20220   562  1470   470
	21287 20187   565  1470   470
	21278 20153   567  1460   480
	21272 20106   567  1470   480
	21265 20072   570  1470   480
	21263 20041   574  1470   480
	21265 20006   581  1470   480
	21260 19961   590  1460   490
	21260 19926   603  1460   490
	21252 19880   619  1450   500
	21247 19845   629  1450   500
	21244 19814   634  1450   500
	21237 19772   638  1440   500
	21233 19750   639  1440   500
	21231 19721   641  1430   500
	21224 19691   643  1420   500
	21217 19673   645  1420   500
	21212 19659   645  1410   510
	21208 19642   646  1410   510
	21203 19628   646  1410   510
	21205 19626   646  1410   510
	21202 19625   648  1400   520
	21202 19623   646  1400   520
	21202 19622   648  1400   520
	21200 19623   648  1400   520
	21200 19624   650  1400   520
	21200 19624   648  1400   520
	21200 19625   648  1400   520
	21198 19627   646  1400   520
	21200 19628   643  1390   520
	21198 19640   639  1390   520
	21198 19644   636  1390   520
	21200 19657   632  1390   520
	21200 19673   625  1390   520
	21206 19688   621  1390   520
	21206 19704   621  1390   520
	21210 19720   619  1390   520
	21216 19737   615  1400   520
	21224 19765   621  1400   520
	21232 19782   621  1400   520
	21234 19797   623  1400   520
	21238 19814   623  1400   520
	21243 19835   625  1400   520
	21251 19863   621  1400   520
	21258 19881   621  1400   520
	21263 19898   621  1410   510
	21273 19913   619  1410   510
	21284 19932   619  1420   520
	21299 19957   615  1420   520
	21319 19974   615  1420   520
	21339 19991   615  1420   520
	21353 19996   615  1430   510
	21370 20010   613  1430   510
	21385 20023   609  1430   510
	21400 20024   605  1430   510
	21411 20024   603  1430   510
	21422 20022   601  1430   510
	21433 20011   601  1440   500
	21433 20005   603  1440   500
	21440 19992   605  1440   500
	21442 19978   603  1440   500
	21436 19958   605  1430   500
	21433 19928   609  1430   500
	21426 19911   619  1430   500
	21421 19894   619  1430   500
	21411 19879   623  1430   500
	21401 19863   623  1430   500
	21386 19836   623  1430   500
	21367 19818   625  1420   500
	21350 19804   625  1420   500
	21333 19797   630  1420   500
	21312 19786   632  1420   500
	21294 19781   630  1420   500
	21275 19770   632  1420   500
	21260 19767   632  1410   510
	21248 19768   630  1420   520
	21234 19769   632  1420   520
	21234 19768   632  1420   520
	21231 19769   630  1420   520
	21231 19769   629  1420   520
	21233 19768   613  1420   520
	21235 19769   595  1420   520
	21237 19768   579  1420   520
	21243 19767   572  1420   520
	21249 19766   567  1420   520
	21262 19755   567  1420   520
	21270 19751   567  1420   520
	21281 19738   565  1420   520
	21296 19733   565  1420   520
	21308 19720   565  1420   520
	21323 19707   565  1420   520
	21335 19702   567  1420   520
	21352 19690   567  1420   520
	21365 19686   565  1420   520
	21380 19673   567  1420   520
	21392 19671   567  1430   520
	21402 19669   567  1430   520
	21414 19660   567  1430   520
	21427 19659   567  1430   520
	21443 19659   570  1420   520
	21463 19669   570  1420   520
	21486 19674   567  1420   520
	21505 19689   567  1420   520
	21525 19702   565  1420   520
	21548 19719   562  1400   520
	21569 19734   560  1400   520
	21587 19751   557  1400   520
	21604 19770   555  1400   520
	21628 19797   552  1410   510
	21644 19815   550  1410   510
	21662 19833   550  1400   510
	21675 19851   550  1400   510
	21691 19879   550  1400   510
	21705 19900   547  1400   510
	21725 19929   547  1400   510
	21741 19959   550  1400   510
	21756 19989   550  1410   500
	21778 20022   550  1410   500
	21794 20055   550  1420   500
	21804 20085   552  1420   500
	21816 20107   552  1430   500
	21826 20136   552  1430   500
	21832 20166   555  1430   500
	21832 20185   555  1440   490
	21833 20204   557  1440   490
	21828 20220   560  1440   490
	21823 20236   562  1450   480
	21813 20252   565  1450   480
	21808 20266   567  1450   480
	21799 20281   572  1460   480
	21792 20283   574  1460   480
	21783 20295   574  1460   480
	21773 20296   577  1470   470
	21759 20295   577  1470   470
	21748 20293   577  1470   470
	21734 20281   579  1470   470
	21728 20264   584  1470   470
	21712 20248   588  1470   470
	21696 20219   584  1480   460
	21685 20198   588  1470   470
	21676 20169   588  1470   470
	21662 20138   590  1470   470
	21653 20118   592  1470   470
	21651 20092   595  1470   470
	21644 20060   595  1470   470
	21638 20037   595  1460   480
	21631 20007   601  1450   470
	21625 19977   601  1450   470
	21618 19947   609  1440   480
	21613 19916   619  1440   480
	21605 19883   629  1440   480
	21596 19861   634  1430   490
	21587 19819   636  1430   490
	21573 19787   643  1430   490
	21567 19754   650  1420   490
	21555 19724   651  1420   490
	21544 19701   653  1420   490
	21539 19673   658  1420   490
	21535 19655   660  1410   500
	21535 19638   660  1410   500
	21535 19611   660  1410   500
	21538 19605   660  1400   510
	21544 19593   660  1400   510
	21553 19589   660  1400   510
	21565 19578   661  1400   510
	21582 19575   660  1380   510
	21599 19575   660  1380   510
	21617 19577   661  1370   510
	21639 19578   661  1380   510
	21657 19590   661  1380   510
	21682 19595   661  1370   520
	21707 19610   660  1370   520
	21726 19623   658  1370   520
	21742 19638   658  1370   520
	21762 19655   658  1370   520
	21780 19671   656  1370   520
	21795 19689   653  1370   520
	21810 19705   651  1370   520
	21820 19723   651  1370   520
	21826 19749   648  1370   520
	21835 19767   648  1380   510
	21839 19772   648  1400   520
	21837 19785   650  1400   520
	21838 19786   651  1400   520
	21830 19788   653  1400   520
	21826 19787   658  1400   520
	21817 19797   658  1400   520
	21809 19787   658  1400   520
	21800 19785   660  1410   510
	21792 19784   660  1410   510
	21784 19781   660  1410   510
	21779 19771   660  1410   510
	21774 19765   660  1410   510
	21772 19752   661  1410   510
	21766 19740   660  1410   510
	21760 19734   660  1410   510
	21757 19719   660  1410   510
	21752 19706   660  1410   510
	21750 19691   661  1410   510
	21752 19676   661  1410   510
	21752 19660   661  1410   510
	21753 19654   661  1410   510
	21755 19643   660  1410   510
	21756 19642   660  1410   510
	21761 19639   660  1400   510
	21768 19638   658  1380   510
	21776 19627   655  1380   510
	21788 19627   650  1380   510
	21799 19626   646  1380   510
	21814 19628   643  1380   510
	21828 19639   641  1400   520
	21847 19643   636  1400   520
	21867 19659   632  1400   520
	21886 19674   632  1400   520
	21901 19687   629  1400   520
	21915 19701   621  1400   520
	21924 19707   621  1400   520
	21934 19721   621  1400   520
	21946 19737   621  1400   520
	21951 19750   621  1400   520
	21955 19765   623  1400   520
	21962 19769   621  1400   520
	21964 19782   625  1400   520
	21965 19786   630  1410   520
	21967 19798   634  1410   520
	21968 19800   636  1410   520
	21969 19804   638  1410   520
	21968 19804   641  1420   520
	21966 19804   645  1420   520
	21962 19813   648  1420   520
	21962 19813   651  1420   520
	21961 19804   651  1420   520
	21958 19802   651  1420   520
	21957 19802   651  1420   520
	21954 19800   653  1420   520
	21954 19797   651  1420   520
	21948 19784   653  1420   520
	21948 19772   655  1420   520
	21944 19766   656  1420   520
	21939 19740   656  1420   520
	21936 19734   656  1410   510
	21934 19719   655  1410   510
	21931 19704   656  1410   510
	21932 19692   655  1410   510
	21936 19687   653  1410   510
	21940 19674   655  1410   510
	21946 19660   651  1410   510
	21951 19657   650  1400   520
	21955 19654   648  1410   520
	21960 19644   646  1410   520
	21969 19642   645  1410   520
	21979 19641   645  1410   520
	21986 19639   641  1410   520
	21994 19640   639  1410   520
	22002 19640   636  1410   520
	22012 19644   634  1410   520
	22023 19655   634  1410   520
	22034 19659   623  1410   520
	22042 19672   615  1410   520
	22052 19675   615  1410   520
	22061 19688   609  1410   520
	22068 19702   609  1420   530
	22076 19708   611  1420   530
	22083 19721   611  1420   530
	22088 19735   613  1420   530
	22095 19739   613  1420   530
	22097 19751   615  1420   530
	22098 19756   615  1420   530
	22101 19765   621  1420   530
	22100 19766   625  1420   530
	22100 19769   632  1420   530
	22102 19769   632  1420   530
	22100 19772   634  1420   530
	22100 19782   634  1420   530
	22102 19783   634  1420   530
	22100 19784   634  1420   530
	22102 19785   636  1420   530
	22097 19786   636  1420   530
	22100 19785   636  1430   520
	22100 19786   636  1430   520
	22098 19787   636  1430   520
	22098 19787   636  1430   520
	22100 19787   634  1430   520
	22097 19786   634  1430   520
	22100 19785   634  1430   520
	22102 19786   634  1430   520
	22101 19785   634  1430   520
	22100 19784   632  1430   520
	22102 19784   632  1430   520
	22100 19784   632  1430   520
	22101 19784   634  1430   520
	22100 19783   634  1430   520
	22100 19782   634  1430   520
	22100 19783   634  1430   520
	22101 19782   636  1430   520
	22100 19782   634  1430   520
	22100 19782   636  1430   520
	22102 19781   634  1430   520
	22101 19782   634  1430   520
	22102 19772   632  1430   520
	22101 19772   632  1430   520
	22100 19770   630  1430   520
	22101 19770   629  1430   520
	22102 19768   629  1430   520
	22101 19768   623  1430   520
	22103 19769   625  1430   520
	22098 19768   623  1430   520
	22101 19767   621  1430   520
	22101 19767   623  1430   520
	22101 19767   621  1430   520
	22104 19767   615  1430   520
	22101 19767   619  1430   520
	22104 19767   619  1430   520
	22104 19767   615  1430   520
	22104 19766   615  1430   520
	22107 19767   615  1430   520
	22107 19767   609  1430   520
	22107 19767   611  1430   520
	22108 19766   611  1430   520
	22108 19766   609  1430   520
	22109 19756   611  1430   520
	22111 19755   611  1430   520
	22111 19753   613  1430   520
	22108 19752   613  1430   520
	22111 19749   615  1430   520
	22109 19737   621  1430   520
	22112 19733   623  1430   520
	22112 19719   623  1430   520
	22113 19705   625  1430   520
	22115 19690   629  1430   520
	22116 19676   629  1430   520
	22118 19660   632  1420   530
	22121 19644   632  1420   530
	22124 19625   634  1420   530
	22121 19608   634  1420   530
	22123 19591   638  1420   530
	22125 19563   641  1420   530
	22125 19545   645  1420   530
	22126 19528   645  1420   530
	22126 19510   648  1420   530
	22127 19493   648  1420   530
	22124 19478   650  1420   530
	22124 19452   650  1420   530
	22121 19436   651  1420   530
	22121 19420   651  1410   530
	22116 19413   650  1410   530
	22115 19397   650  1410   530
	22109 19382   651  1410   530
	22105 19367   651  1400   530
	22098 19350   651  1390   540
	22090 19337   651  1370   540
	22084 19324   655  1390   550
	22078 19320   656  1380   550
	22075 19317   656  1380   550
	22071 19305   658  1360   560
	22067 19304   658  1360   560
	22058 19301   660  1350   570
	22052 19290   660  1340   570
	22044 19289   661  1340   570
	22034 19286   663  1320   580
	22025 19286   664  1320   580
	22018 19286   666  1310   580
	22010 19275   669  1310   580
	22002 19285   669  1290   590
	21992 19276   669  1280   580
	21983 19276   671  1280   580
	21970 19276   671  1280   580
	21965 19285   669  1280   580
	21959 19289   668  1280   580
	21954 19302   663  1280   580
	21948 19319   658  1280   580
	21946 19337   656  1280   580
	21946 19367   650  1280   580
	21956 19404   643  1300   580
	21957 19447   639  1300   580
	21967 19480   634  1310   570
	21983 19512   632  1310   570
	21995 19543   632  1320   570
	22010 19563   632  1340   560
	22024 19591   632  1340   560
	22039 19608   632  1350   550
	22057 19627   632  1360   550
	22076 19653   634  1360   550
	22098 19672   641  1370   540
	22128 19701   645  1390   540
	22151 19708   650  1390   540
	22178 19724   651  1400   530
	22212 19740   656  1410   520
	22245 19753   658  1420   530
	22271 19765   656  1420   530
	22305 19769   658  1420   530
	22334 19781   658  1420   530
	22358 19781   660  1430   530
	22380 19771   658  1430   530
	22394 19766   658  1430   530
	22405 19750   660  1430   530
	22409 19737   660  1460   530
	22411 19724   661  1460   530
	22413 19705   664  1460   530
	22408 19674   669  1460   530
	22401 19644   672  1460   530
	22393 19627   677  1470   530
	22382 19606   683  1460   540
	22373 19576   693  1460   540
	22363 19557   700  1460   540
	22359 19543   702  1460   540
	22356 19527   705  1460   540
	22355 19514   705  1460   540
	22353 19498   705  1460   540
	22357 19497   706  1450   540
	22359 19496   705  1450   540
	22360 19496   702  1450   540
	22363 19496   698  1450   540
	22364 19496   691  1450   540
	22366 19496   684  1440   540
	22371 19497   678  1440   540
	22378 19498   671  1440   540
	22384 19509   668  1440   540
	22390 19513   668  1440   540
	22400 19526   668  1440   540
	22405 19541   668  1440   540
	22416 19548   666  1440   540
	22431 19574   664  1440   540
	22439 19589   664  1440   540
	22454 19606   664  1440   540
	22467 19624   663  1450   540
	22474 19640   663  1450   540
	22483 19657   663  1430   530
	22486 19670   664  1430   530
	22479 19671   669  1430   530
	22479 19674   674  1420   530
	22470 19673   686  1420   530
	22465 19673   696  1420   530
	22451 19673   706  1420   530
	22438 19672   718  1420   530
	22417 19660   723  1420   530
	22401 19658   734  1420   530
	22388 19657   767  1430   530
	22376 19655   768  1420   530
	22365 19654   769  1420   530
	22348 19644   769  1420   530
	22334 19640   770  1450   530
	22318 19628   770  1430   530
	22293 19623   772  1430   530
	22266 19608   772  1450   540
	22232 19592   770  1450   540
	22191 19576   768  1450   540
	22135 19548   736  1450   540
	22066 19525   713  1450   540
	21986 19497   681  1450   540
	21896 19466   672  1430   530
	21819 19448   671  1420   540
	21756 19433   661  1410   530
	21711 19431   641  1410   530
	21670 19431   623  1410   530
	21629 19434   609  1400   530
	21593 19447   601  1400   530
	21558 19463   590  1390   520
	21522 19478   574  1390   520
	21487 19495   574  1390   520
	21450 19512   577  1390   520
	21405 19531   579  1370   520
	21358 19559   577  1370   520
	21309 19579   577  1370   520
	21253 19611   574  1370   520
	21196 19642   574  1370   520
	21138 19671   574  1370   520
	21072 19702   562  1370   520
	21000 19723   560  1380   510
	20926 19751   562  1380   510
	20846 19771   567  1380   510
	20781 19787   584  1380   510
	20723 19788   599  1400   510
	20679 19787   645  1400   510
	20652 19785   660  1400   510
	20638 19784   661  1400   510
	20635 19783   661  1400   510
	20638 19781   661  1380   500
	20642 19768   661  1380   500
	20656 19754   661  1400   500
	20681 19737   663  1380   490
	20719 19722   666  1380   490
	20770 19703   668  1380   490
	20835 19691   671  1380   490
	20911 19686   678  1380   490
	21002 19686   683  1370   500
	21097 19702   691  1370   500
	21195 19708   700  1380   500
	21294 19723   702  1380   500
	21407 19749   701  1380   500
	21527 19767   702  1400   510
	21620 19785   700  1400   510
	21704 19788   693  1400   510
	21778 19788   674  1400   510
	21841 19788   636  1400   510
	21895 19783   437  1410   510
	21944 19770   201  1410   510
	21979 19756    -1  1410   510
	21980 19765    -1  1410   510
	21981 19781    -1  1420   520
	21984 19804    -1  1420   520
	21991 19846    -1  1420   520
	22007 19818    -1  1420   520
	22064 19916    -1  1420   520
	22078 19893    -1  1420   520
	22055 19925    -1  1420   520
	22116 19993    -1  1430   510
	22102 20010    -1  1450   510
	22130 20027    -1  1460   500
	22163 20043    -1  1460   500
	22222 20021    -1  1490   490
	22225 20085    -1  1510   480
	22272 20055    -1  1520   480
	22285 20071    -1  1550   460
	22295 20086    -1  1570   460
	22295 20088    -1  1590   450
	22298 20076    -1  1610   430
	22296 20085    -1  1620   430
	22292 20069    -1  1630   420
	22276 20057    -1  1640   410
	22236 20092    -1  1650   410
	22207 20085    -1  1650   400
	22182 20060    -1  1650   400
	22174 20054    -1  1650   400
	22115 20040    -1  1650   400
	22087 20037    -1  1640   410
	22058 20027    -1  1640   410
	22063 20026    -1  1620   420
	22009 20028    -1  1610   420
	21986 20040    -1  1600   420
	21971 19980    -1  1580   430
	21961 20069    -1  1570   440
	21956 20085    -1  1560   440
	21956 20101    -1  1540   440
	21961 20118    -1  1530   440
	21963 20137    -1  1530   450
	21970 20153    -1  1520   440
	21980 20170    -1  1520   440
	21989 20185    -1  1510   430
	21998 20201    -1  1510   430
	22007 20214    -1  1510   430
	22003 20229    -1  1520   420
	22051 20232    -1  1520   420
	21994 20246    -1  1520   420
	21985 20245    -1  1530   420
	21981 20245    -1  1530   420
	21976 20235    -1  1530   420
	21967 20203    -1  1540   410
	21961 20229    -1  1540   410
	22007 20216    -1  1540   410
	21948 20203    -1  1530   420
	21951 20198    -1  1530   420
	21955 20150    -1  1530   420
	22000 20138   286  1520   420
	21944 20170   581  1510   430
	21940 20181   645  1500   440
	21944 20183   651  1500   440
	21951 20183   661  1500   450
	21964 20187   663  1500   450
	21977 20197   663  1490   460
	21994 20202   663  1490   460
	22023 20214   653  1490   470
	22056 20218   579  1490   470
	22096 20219   390  1480   470
	22141 20230   262  1480   470
	22183 20232    -1  1480   470
	22215 20232    -1  1490   480
	22249 20232    -1  1490   480
	22272 20232    -1  1490   480
	22289 20232    -1  1490   480
	22309 20230    -1  1500   480
	22321 20219    -1  1510   470
	22327 20213    -1  1510   470
	22327 20199    -1  1520   480
	22310 20186   182  1520   480
	22294 20186   574  1520   480
	22273 20187   634  1520   480
	22257 20187   656  1520   480
	22252 20188   671  1520   480
	22252 20188   671  1530   480
	22251 20197   660  1530   480
	22254 20198   621  1530   480
	22262 20198   380  1530   490
	22281 20200   160  1530   490
