ABCDE-012_345_678 1223
	13170 11302    64  1080   490
	13171 11301     0  1080   490
	13170 11302   108  1080   500
	13168 11292   182  1080   500
	13167 11292   234  1080   500
	13168 11292   275  1080   500
	13168 11292   297  1080   500
	13167 11290   317  1090   500
	13167 11290   327  1090   500
	13166 11289   336  1090   500
	13167 11290   344  1090   500
	13170 11287   352  1090   500
	13168 11289   360  1090   500
	13170 11289   360  1090   500
	13173 11288   367  1090   500
	13175 11291   269  1090   500
	13178 11301   294  1090   500
	13181 11304   324  1090   500
	13186 11320   350  1090   500
	13196 11339   374  1090   500
	13206 11369   385  1090   500
	13216 11402   401  1090   500
	13224 11415   410  1090   500
	13230 11477   415  1090   500
	13235 11512   462  1100   500
	13245 11547   516  1100   500
	13254 11591   533  1100   500
	13260 11627   539  1100   500
	13267 11673   542  1100   500
	13275 11717   550  1100   500
	13282 11751   552  1100   500
	13289 11783   562  1100   500
	13293 11815   572  1100   500
	13299 11834   579  1100   500
	13300 11849   603  1100   500
	13301 11861   630  1110   500
	13301 11865   646  1110   500
	13300 11867   646  1110   500
	13301 11877   655  1110   500
	13299 11868   660  1110   500
	13301 11868   661  1110   500
	13301 11867   663  1130   500
	13299 11867   663  1130   500
	13299 11866   661  1130   500
	13300 11864   661  1130   500
	13304 11851   660  1130   500
	13309 11835   660  1130   500
	13314 11817   658  1130   500
	13323 11788   660  1130   500
	13335 11754   660  1130   500
	13346 11720   661  1130   500
	13392 11675   661  1130   500
	13371 11627   663  1130   500
	13382 11580   661  1130   500
	13388 11541   661  1110   500
	13399 11483   658  1110   500
	13410 11435   653  1110   500
	13418 11402   643  1110   500
	13427 11370   632  1110   500
	13435 11340   579  1100   500
	13446 11319   547  1100   500
	13451 11291   420  1100   500
	13458 11275   380  1100   500
	13463 11269   324  1090   500
	13464 11258   360  1090   500
	13469 11256   308  1080   500
	13464 11257   249  1080   500
	13461 11257   218  1070   500
	13460 11258   182  1070   500
	13454 11269   136  1070   500
	13447 11274   136  1070   500
	13442 11286   136  1070   500
	13434 11292   160  1070   500
	13425 11304   182  1070   500
	13414 11319   201  1070   500
	13405 11333   234  1070   500
	13387 11339   262  1070   500
	13376 11356   275  1070   500
	13364 11370   297  1070   500
	13353 11388   336  1070   500
	13339 11401   278  1080   510
	13332 11416   357  1080   510
	13327 11429   462  1080   510
	13321 11435   544  1080   510
	13312 11447   619  1080   510
	13309 11451   655  1080   510
	13305 11462   674  1080   510
	13307 11463   700  1090   500
	13304 11465   724  1090   500
	13300 11465   738  1090   500
	13301 11466   767  1090   500
	13301 11464   768  1090   500
	13302 11464   768  1090   500
	13301 11464   767  1090   500
	13301 11463   737  1090   500
	13304 11463   715  1100   500
	13307 11462   693  1100   500
	13308 11462   668  1100   500
	13318 11450   645  1100   500
	13329 11448   601  1100   500
	13346 11435   533  1100   500
	13361 11432   374  1100   500
	13381 11418   317  1100   500
	13398 11404    -1  1100   500
	13408 11398    -1  1100   500
	13419 11387    -1  1100   500
	13430 11383    -1  1100   500
	13446 11381    -1  1100   500
	13462 11372    -1  1100   500
	13482 11370    -1  1100   500
	13500 11368    -1  1100   500
	13580 11366    -1  1090   490
	13540 11356    -1  1090   490
	13559 11354    -1  1090   490
	13576 11351    -1  1090   490
	13597 11349    -1  1080   500
	13614 11335    -1  1080   500
	13628 11321    -1  1080   500
	13640 11317    -1  1080   500
	13648 11306    -1  1090   490
	13658 11301    -1  1090   490
	13666 11292    -1  1090   490
	13675 11291    -1  1090   490
	13740 11301   201  1090   490
	13662 11301   336  1090   490
	13652 11302   302  1090   490
	13644 11303   446  1100   500
	13639 11304   623  1100   500
	13638 11303   671  1100   500
	13634 11305   706  1100   500
	13631 11305   766  1110   500
	13630 11305   774  1110   500
	13630 11307   777  1110   500
	13630 11305   779  1110   500
	13630 11306   780  1110   500
	13630 11306   780  1110   500
	13631 11307   777  1110   500
	13631 11307   772  1110   500
	13627 11306   729  1110   500
	13631 11306   678  1110   500
	13634 11306   634  1110   500
	13637 11304   522  1110   500
	13643 11304   310  1110   500
	13650 11302   234  1110   500
	13657 11301    -1  1110   500
	13660 11292    -1  1110   500
	13657 11292    -1  1100   500
	13654 11291    -1  1100   500
	13658 11301    -1  1100   500
	13668 11305    -1  1100   500
	13678 11318    -1  1100   500
	13758 11324    -1  1100   500
	13709 11349    -1  1100   500
	13727 11356    -1  1100   500
	13745 11372    -1  1100   500
	13766 11367    -1  1100   500
	13789 11402    -1  1100   500
	13810 11417    -1  1100   500
	13833 11431    -1  1100   500
	13850 11434    -1  1100   500
	13865 11446    -1  1100   500
	13882 11446    -1  1100   500
	13890 11435    -1  1100   500
	13898 11434    -1  1100   500
	13902 11431    -1  1100   500
	13902 11420    -1  1100   500
	13899 11417    -1  1100   500
	13896 11415    -1  1100   500
	13889 11404    -1  1100   500
	13883 11404    -1  1100   500
	13878 11413    -1  1100   500
	13868 11413    -1  1100   500
	13861 11413    -1  1100   500
	13853 11415    -1  1100   500
	13846 11414    -1  1100   500
	13839 11417    -1  1100   500
	13835 11415    -1  1100   500
	13831 11417    -1  1100   500
	13829 11417    -1  1100   500
	13828 11417    -1  1100   500
	13829 11417    -1  1100   500
	13828 11418    -1  1090   490
	13826 11420    -1  1090   490
	13824 11430    -1  1090   490
	13824 11436    -1  1090   490
	13823 11448    -1  1090   490
	13826 11462    -1  1090   490
	13826 11477    -1  1090   490
	13828 11483    -1  1090   490
	13827 11498    -1  1090   490
	13830 11515    -1  1090   490
	13831 11541    -1  1090   490
	13835 11560    -1  1090   490
	13836 11557    -1  1090   490
	13836 11608    -1  1090   490
	13884 11627    64  1090   490
	13829 11654    35  1090   490
	13827 11673   160  1090   490
	13822 11691   201  1090   490
	13818 11707   249  1090   490
	13818 11723   297  1090   490
	13816 11737   327  1090   490
	13814 11740   344  1110   490
	13816 11751   360  1110   490
	13818 11753   278  1110   490
	13822 11751   294  1110   490
	13827 11739   317  1110   490
	13831 11735   324  1110   490
	13838 11721   331  1100   480
	13845 11702   350  1100   480
	13852 11674   357  1100   480
	13860 11643   368  1100   480
	13865 11608   374  1100   480
	13874 11564   380  1100   480
	13877 11532   380  1100   480
	13882 11498   380  1110   490
	13889 11465   380  1110   490
	13892 11434   380  1110   490
	13898 11403   380  1110   490
	13901 11383   380  1110   490
	13904 11365   380  1110   490
	13907 11353   380  1110   490
	13913 11339   385  1110   490
	13915 11336   380  1110   490
	13916 11335   380  1110   490
	13919 11336   380  1110   490
	13916 11337   385  1110   490
	13916 11339   390  1110   490
	13918 11351   395  1090   490
	13916 11356   405  1090   490
	13916 11370   415  1090   490
	13915 11386   420  1090   490
	13914 11403   462  1090   490
	13915 11433   469  1090   490
	13914 11451   462  1090   490
	13911 11481   480  1090   490
	13908 11499   469  1090   490
	13904 11531   469  1090   490
	13901 11562   454  1090   490
	13899 11595   469  1090   490
	13898 11626   469  1090   490
	13900 11658   469  1100   500
	13901 11687   500  1100   500
	13906 11706   516  1100   500
	13912 11723   516  1100   500
	13915 11739   525  1100   500
	13925 11751   528  1100   500
	13931 11753   528  1100   500
	13939 11753   525  1110   500
	13945 11753   525  1110   500
	13954 11752   528  1110   500
	13966 11750   528  1110   500
	13977 11739   525  1110   500
	13990 11735   525  1110   500
	14003 11722   528  1110   500
	14023 11705   542  1120   510
	14037 11688   544  1120   510
	14050 11672   547  1120   510
	14083 11654   552  1120   510
	14082 11627   557  1120   510
	14092 11607   557  1120   510
	14102 11580   560  1120   510
	14106 11559   560  1120   510
	14114 11527   562  1130   510
	14115 11510   565  1130   510
	14113 11482   570  1130   510
	14111 11452   570  1120   510
	14106 11434   574  1120   510
	14099 11416   581  1120   510
	14089 11388   581  1120   510
	14078 11367   590  1120   510
	14066 11352   629  1120   510
	14057 11339   632  1120   510
	14045 11334   636  1120   510
	14031 11317   641  1120   510
	14014 11303   645  1120   510
	13998 11286   646  1120   510
	13983 11273   648  1120   510
	13967 11259   648  1120   510
	13956 11254   656  1120   510
	13940 11242   656  1120   510
	13927 11238   658  1120   510
	13915 11237   658  1120   510
	13905 11227   656  1120   510
	13894 11226   651  1110   500
	13885 11227   643  1110   500
	13878 11227   634  1110   500
	13875 11228   601  1110   500
	13868 11237   557  1100   500
	13868 11237   513  1100   500
	13870 11240   357  1100   500
	13872 11241   336  1100   500
	13880 11253   218  1090   490
	13889 11258    -1  1090   490
	13896 11270    -1  1090   490
	13899 11273    -1  1090   490
	13907 11275    -1  1090   490
	13914 11286    -1  1090   490
	13926 11290    -1  1100   500
	13938 11301    -1  1100   500
	13959 11304    -1  1100   500
	13980 11306    -1  1100   500
	13999 11308    -1  1100   500
	14019 11317    -1  1100   500
	14043 11318    -1  1110   510
	14069 11318    -1  1110   510
	14099 11319    -1  1110   510
	14121 11320    -1  1100   500
	14142 11321    -1  1100   500
	14167 11322    -1  1100   500
	14187 11322    -1  1100   500
	14212 11322    -1  1090   490
	14223 11320    -1  1090   490
	14234 11318    -1  1090   490
	14243 11308    -1  1090   480
	14246 11305    -1  1090   480
	14249 11303    -1  1090   480
	14252 11301    -1  1090   480
	14252 11301    -1  1090   480
	14253 11302    -1  1080   480
	14254 11303    -1  1080   480
	14251 11303    -1  1080   480
	14249 11307    -1  1080   480
	14247 11319    -1  1090   480
	14243 11323    75  1090   480
	14235 11335   136  1090   480
	14233 11339   201  1090   490
	14230 11350   262  1090   490
	14227 11353   308  1090   490
	14223 11365   336  1100   500
	14222 11368   367  1100   500
	14224 11371   294  1100   500
	14220 11382   331  1100   500
	14223 11383   363  1100   500
	14222 11382   380  1100   500
	14223 11383   390  1100   500
	14225 11384   401  1100   500
	14225 11382   405  1100   500
	14230 11381   410  1100   500
	14235 11370   415  1100   500
	14238 11367   420  1100   500
	14247 11355   462  1110   500
	14251 11352   480  1110   500
	14257 11351   494  1110   500
	14260 11339   513  1110   500
	14267 11337   516  1110   500
	14274 11335   522  1110   500
	14277 11333   522  1110   500
	14282 11323   522  1110   500
	14286 11323   525  1110   500
	14287 11323   528  1110   500
	14289 11323   531  1110   500
	14288 11324   533  1110   500
	14291 11333   539  1110   500
	14293 11334   547  1130   500
	14296 11337   555  1130   500
	14299 11339   562  1130   500
	14301 11350   567  1130   500
	14306 11353   572  1130   500
	14312 11365   574  1130   500
	14317 11369   577  1130   500
	14325 11381   572  1130   500
	14329 11384   565  1110   500
	14335 11386   552  1110   500
	14341 11386   522  1110   500
	14349 11386   405  1110   500
	14358 11384   350  1120   510
	14366 11382   344  1120   510
	14374 11371   182  1120   510
	14380 11368    -1  1120   510
	14383 11355    -1  1120   510
	14383 11353    -1  1110   500
	14384 11350    -1  1110   500
	14385 11340    -1  1110   500
	14388 11338    -1  1110   500
	14393 11337    -1  1110   500
	14400 11337    -1  1110   500
	14405 11337    -1  1110   500
	14413 11337    -1  1110   500
	14420 11336    -1  1110   490
	14425 11336    -1  1110   490
	14431 11334    -1  1110   490
	14437 11335    -1  1110   490
	14444 11338    -1  1110   490
	14453 11340    -1  1110   490
	14460 11351    -1  1110   490
	14468 11355    -1  1110   490
	14518 11369    -1  1110   490
	14470 11382   201  1110   490
	14467 11388   262  1110   490
	14467 11400   297  1110   490
	14466 11414   344  1110   490
	14463 11417   367  1110   500
	14458 11418   302  1110   500
	14459 11429   338  1110   500
	14458 11420   368  1110   500
	14454 11419   395  1110   500
	14455 11418   405  1110   500
	14452 11415   405  1110   500
	14450 11403   405  1110   500
	14446 11397   405  1130   500
	14447 11372   405  1130   500
	14444 11355   405  1130   500
	14444 11337   405  1130   500
	14442 11321   405  1130   500
	14443 11307   410  1130   500
	14445 11301   405  1130   500
	14449 11287   405  1130   500
	14454 11276   405  1130   500
	14458 11273   405  1130   500
	14460 11272   405  1130   500
	14464 11272   405  1130   500
	14470 11271   405  1130   500
	14474 11272   405  1130   500
	14478 11274   405  1130   500
	14482 11275   410  1130   500
	14487 11288   415  1130   500
	14492 11292   420  1130   500
	14500 11307   480  1130   500
	14506 11323   519  1130   500
	14510 11337   528  1130   500
	14515 11353   539  1130   500
	14519 11356   550  1130   500
	14521 11368   560  1130   500
	14524 11381   572  1130   500
	14526 11386   581  1130   510
	14529 11397   595  1130   510
	14531 11399   619  1130   510
	14531 11400   632  1130   510
	14529 11399   636  1130   510
	14530 11399   638  1130   510
	14530 11399   639  1130   510
	14529 11399   638  1130   510
	14530 11388   638  1130   510
	14530 11384   638  1130   510
	14533 11371   636  1130   510
	14538 11367   636  1130   510
	14540 11352   638  1130   510
	14542 11337   629  1130   510
	14547 11322   605  1130   510
	14554 11306   588  1130   510
	14562 11290   570  1130   510
	14573 11286   539  1130   510
	14583 11273   454  1130   510
	14596 11260   357  1130   510
	14610 11259   336  1130   510
	14622 11258   182  1130   510
	14634 11258    -1  1130   510
	14648 11259    -1  1130   510
	14651 11269    -1  1130   510
	14654 11271    -1  1110   500
	14659 11275    -1  1110   500
	14663 11275    -1  1110   500
	14666 11285    -1  1110   500
	14671 11287    -1  1110   500
	14677 11287    -1  1110   500
	14682 11287    -1  1110   500
	14687 11287    -1  1110   500
	14696 11286    -1  1110   500
	14700 11285    -1  1100   500
	14708 11275    -1  1100   500
	14712 11275    -1  1100   500
	14716 11275    -1  1100   500
	14722 11275    -1  1100   500
	14732 11276    -1  1110   510
	14740 11286    -1  1110   510
	14746 11289    -1  1110   510
	14755 11302    -1  1110   510
	14763 11307    -1  1110   510
	14769 11319    -1  1120   510
	14772 11335    -1  1120   510
	14770 11349   136  1120   510
	14768 11355   218  1120   510
	14765 11367   262  1120   510
	14763 11383   308  1120   510
	14757 11386   336  1120   510
	14754 11398   352  1120   510
	14746 11402   278  1120   510
	14742 11402   338  1120   510
	14736 11402   374  1130   520
	14729 11398   395  1130   520
	14727 11386   401  1140   510
	14722 11372   410  1140   510
	14715 11370   415  1140   510
	14713 11354   420  1140   510
	14708 11338   429  1140   510
	14708 11323   446  1130   510
	14707 11306   462  1130   510
	14708 11291   454  1130   510
	14709 11286   454  1130   510
	14712 11273   462  1130   510
	14715 11270   454  1130   510
	14720 11260   437  1130   510
	14723 11259   446  1130   510
	14729 11260   437  1130   510
	14732 11260   420  1130   510
	14737 11269   420  1130   510
	14739 11271   420  1130   510
	14744 11275   437  1130   510
	14749 11285   462  1130   510
	14753 11291   462  1130   510
	14756 11306   469  1130   510
	14763 11321   469  1130   510
	14766 11333   494  1120   510
	14770 11340   494  1120   510
	14777 11352   500  1120   510
	14778 11366   500  1120   510
	14779 11370   500  1120   510
	14780 11381   513  1120   510
	14786 11384   513  1120   510
	14788 11388   513  1120   510
	14790 11388   513  1120   510
	14794 11398   513  1120   510
	14792 11388   500  1120   510
	14796 11388   494  1120   510
	14798 11387   500  1120   510
	14800 11383   513  1120   510
	14810 11369   519  1120   510
	14816 11351   522  1120   510
	14821 11335   525  1120   510
	14827 11318   528  1120   510
	14838 11292   533  1120   510
	14846 11274   542  1120   510
	14856 11256   544  1120   510
	14858 11240   547  1120   510
	14868 11223   555  1120   510
	14870 11208   560  1120   510
	14873 11196   565  1120   510
	14873 11192   574  1120   510
	14875 11179   605  1120   510
	14875 11173   639  1120   510
	14873 11161   656  1120   510
	14869 11146   669  1120   510
	14865 11143   694  1110   510
	14856 11128   704  1110   510
	14846 11112   721  1110   510
	14832 11098   734  1110   510
	14816 11082   750  1110   510
	14805 11068   768  1110   510
	14789 11062   770  1110   510
	14777 11048   773  1110   510
	14762 11035   773  1100   500
	14745 11029   775  1100   500
	14728 11017   775  1100   500
	14714 11016   773  1100   500
	14701 11004   771  1100   500
	14687 11002   766  1100   500
	14670 11001   717  1090   500
	14655 10999   687  1090   500
	14639 10988   656  1090   500
	14624 10997   570  1090   500
	14614 10998   380  1090   500
	14603 10999   286  1090   500
	14593 11003    -1  1090   500
	14586 11013    -1  1080   500
	14580 11018    -1  1080   500
	14573 11030    -1  1080   500
	14574 11036    -1  1080   500
	14582 11051    -1  1080   500
	14592 11065    -1  1080   500
	14603 11082    -1  1080   500
	14620 11098    -1  1080   500
	14644 11114    -1  1080   500
	14741 11129    -1  1080   500
	14697 11147    -1  1080   490
	14726 11163    -1  1080   490
	14757 11179    -1  1080   490
	14789 11205    -1  1080   490
	14825 11212    -1  1080   490
	14855 11238    -1  1080   490
	14885 11256    -1  1080   500
	14916 11271    -1  1080   500
	14944 11276    -1  1080   500
	14961 11290    -1  1080   500
	14982 11301    -1  1090   490
	14998 11304    -1  1100   500
	15014 11306    -1  1100   500
	15023 11308    -1  1100   500
	15026 11306    -1  1100   500
	15027 11303    -1  1120   510
	15026 11303    -1  1120   510
	15026 11302    -1  1120   510
	15025 11301    -1  1120   510
	15019 11292    -1  1120   510
	15017 11289    -1  1120   510
	15012 11289    -1  1130   520
	15010 11289    -1  1130   520
	15011 11289    -1  1130   520
	15008 11289    -1  1130   520
	15007 11291    -1  1130   520
	15007 11291    -1  1130   520
	15004 11292    -1  1140   510
	15003 11303    -1  1140   510
	15005 11305    -1  1140   510
	15003 11308    -1  1140   510
	15000 11318    -1  1140   510
	15000 11321    -1  1140   510
	15000 11324    -1  1130   510
	14999 11337    -1  1130   510
	14997 11349    -1  1130   510
	14996 11352     0  1130   510
	14996 11356    35  1130   510
	14996 11368   108  1130   510
	14995 11371   182  1130   510
	14991 11382   234  1130   510
	14993 11386   286  1130   510
	14994 11388   308  1130   510
	14991 11397   327  1130   510
	14990 11399   344  1130   510
	14989 11400   360  1150   500
	14988 11401   278  1150   500
	14989 11402   310  1150   500
	14988 11402   338  1150   500
	14987 11401   363  1150   500
	14986 11401   385  1150   500
	14986 11400   395  1150   500
	14986 11398   401  1150   500
	14985 11386   410  1150   500
	14983 11381   415  1150   500
	14983 11366   420  1150   500
	14986 11352   446  1150   500
	14987 11337   469  1150   500
	14991 11321   469  1150   500
	14994 11307   494  1150   500
	14997 11303   487  1150   500
	15004 11290   500  1140   500
	15007 11287   494  1140   500
	15012 11276   507  1140   500
	15022 11274   494  1140   500
	15028 11274   507  1150   500
	15034 11274   507  1150   500
	15043 11276   513  1150   500
	15051 11285   516  1150   500
	15061 11289   525  1150   500
	15070 11301   531  1150   500
	15083 11306   542  1150   500
	15092 11320   547  1150   500
	15099 11334   555  1150   500
	15107 11339   562  1150   500
	15113 11351   565  1150   500
	15116 11354   570  1150   500
	15118 11367   570  1150   500
	15122 11368   572  1150   510
	15122 11369   574  1150   510
	15126 11370   574  1150   510
	15124 11370   574  1150   510
	15124 11370   574  1170   510
	15126 11369   574  1170   510
	15126 11369   574  1170   510
	15128 11365   577  1170   510
	15132 11354   581  1170   510
	15132 11350   590  1170   510
	15140 11336   592  1170   510
	15144 11322   599  1170   510
	15149 11304   599  1170   510
	15151 11289   601  1170   510
	15156 11274   601  1170   510
	15163 11260   592  1170   510
	15170 11255   574  1170   510
	15178 11253   567  1170   510
	15181 11243   547  1170   510
	15190 11243   528  1170   510
	15200 11243   410  1150   510
	15207 11254   363  1150   500
	15218 11258   324  1150   500
	15230 11273   352  1150   500
	15245 11292   297  1150   500
	15261 11321   218  1150   500
	15271 11349     0  1150   500
	15280 11369    -1  1130   510
	15289 11388    -1  1130   510
	15295 11414    -1  1130   510
	15301 11434    -1  1130   510
	15305 11452    -1  1130   510
	15307 11479    -1  1130   510
	15309 11498    -1  1130   510
	15310 11526    -1  1130   510
	15312 11548    -1  1150   500
	15308 11577    -1  1150   500
	15304 11609    -1  1150   500
	15302 11639    -1  1150   500
	15299 11659   108  1150   500
	15289 11688   249  1150   500
	15284 11717   286  1150   500
	15279 11738   336  1150   500
	15272 11755   269  1150   500
	15270 11781   317  1150   500
	15269 11798   357  1150   500
	15266 11802   395  1150   500
	15264 11804   494  1150   510
	15262 11813   542  1150   510
	15264 11804   560  1150   510
	15264 11804   565  1170   510
	15259 11802   562  1170   510
	15262 11797   562  1170   510
	15261 11781   565  1170   510
	15261 11751   570  1170   510
	15264 11708   570  1170   510
	15265 11676   572  1170   510
	15266 11641   570  1170   510
	15271 11596   572  1170   510
	15276 11548   570  1170   510
	15282 11498   567  1170   510
	15288 11452   560  1170   510
	15294 11417   547  1170   510
	15300 11383   533  1170   510
	15305 11355   516  1170   510
	15311 11337   454  1170   510
	15315 11321   415  1150   510
	15319 11308   405  1150   510
	15321 11306   390  1150   500
	15324 11305   385  1150   500
	15324 11304   380  1150   500
	15324 11305   380  1150   500
	15321 11308   380  1150   500
	15321 11318   385  1150   500
	15319 11322   390  1150   500
	15317 11333   390  1150   500
	15316 11338   401  1150   500
	15313 11351   410  1150   500
	15308 11354   507  1150   500
	15307 11366   533  1150   500
	15305 11371   560  1130   510
	15301 11384   588  1130   510
	15296 11398   630  1130   510
	15295 11401   660  1130   510
	15294 11413   681  1130   510
	15292 11414   698  1130   510
	15292 11418   714  1130   510
	15292 11430   730  1130   510
	15294 11420   738  1130   510
	15294 11430   766  1130   510
	15291 11430   766  1130   510
	15294 11429   766  1130   510
	15294 11420   766  1130   510
	15295 11420   755  1130   510
	15296 11418   737  1130   510
	15301 11418   731  1130   510
	15304 11418   724  1130   510
	15313 11416   710  1130   510
	15318 11414   700  1130   510
	15326 11403   691  1150   500
	15336 11400   680  1150   500
	15347 11397   663  1150   500
	15353 11387   648  1150   500
	15361 11384   634  1150   500
	15373 11382   590  1150   500
	15384 11370   562  1150   500
	15390 11369   531  1150   500
	15400 11367   437  1150   500
	15408 11366   395  1150   500
	15414 11366   374  1150   500
	15420 11356   363  1150   500
	15427 11366   357  1150   500
	15433 11366   350  1150   500
	15439 11368   350  1150   500
	15443 11370   357  1150   500
	15446 11381   363  1150   500
	15451 11383   374  1150   500
	15455 11386   385  1150   500
	15455 11388   401  1150   500
	15458 11398   446  1150   500
	15456 11397   528  1150   500
	15457 11388   547  1150   500
	15457 11388   562  1150   500
	15458 11386   570  1150   500
	15457 11384   579  1150   500
	15460 11369   601  1150   500
	15459 11354   611  1150   500
	15461 11340   621  1150   500
	15463 11333   623  1150   500
	15463 11317   625  1150   500
	15465 11301   625  1150   500
	15467 11286   623  1150   500
	15470 11270   611  1150   500
	15472 11260   588  1150   500
	15473 11259   565  1150   500
	15476 11258   542  1150   500
	15479 11259   513  1150   500
	15486 11270   410  1150   500
	15486 11275   380  1150   500
	15490 11292   344  1150   500
	15494 11318   310  1150   500
	15498 11335   360  1150   500
	15502 11353   352  1150   500
	15500 11370   336  1150   500
	15500 11397   317  1150   500
	15500 11414   308  1150   500
	15497 11431   297  1150   500
	15498 11446   297  1150   500
	15496 11466   297  1150   500
	15496 11483   317  1150   500
	15494 11500   352  1150   500
	15489 11526   331  1150   500
	15489 11543   410  1150   500
	15489 11548   562  1150   500
	15487 11560   645  1150   500
	15484 11573   668  1150   500
	15484 11576   681  1150   510
	15482 11577   700  1170   510
	15484 11577   704  1170   510
	15483 11577   704  1170   510
	15483 11577   698  1170   510
	15485 11576   684  1170   510
	15484 11574   666  1170   510
	15487 11562   645  1170   510
	15489 11547   565  1170   510
	15493 11541   401  1170   510
	15496 11515   327  1170   510
	15502 11499     0  1170   510
	15504 11493    -1  1170   510
	15502 11480    -1  1160   500
	15500 11468    -1  1160   500
	15499 11462    -1  1160   500
	15495 11451    -1  1160   500
	15497 11447    -1  1160   500
	15504 11436    -1  1160   500
	15509 11434    -1  1150   490
	15522 11431    -1  1150   490
	15531 11419    -1  1150   490
	15539 11413    -1  1150   490
	15548 11403    -1  1140   480
	15560 11368    -1  1140   480
	15569 11384    -1  1140   480
	15575 11381    -1  1140   480
	15584 11366    -1  1130   480
	15593 11353    -1  1130   480
	15592 11339    -1  1130   480
	15602 11323    -1  1130   480
	15606 11319    -1  1120   480
	15609 11305    -1  1120   480
	15614 11290    -1  1120   480
	15619 11287    -1  1120   470
	15620 11275    -1  1120   480
	15622 11271    -1  1120   480
	15625 11259    -1  1120   480
	15623 11254    -1  1120   480
	15620 11243    -1  1120   480
	15617 11239    -1  1120   480
	15614 11228    -1  1120   480
	15607 11224    -1  1110   480
	15606 11222    -1  1110   480
	15602 11221    -1  1110   480
	15598 11211    -1  1110   480
	15598 11211    -1  1110   480
	15596 11211    -1  1110   480
	15599 11212    -1  1110   480
	15596 11212    -1  1110   480
	15596 11223    -1  1110   480
	15599 11226    -1  1110   480
	15598 11237    -1  1110   480
	15598 11239    -1  1110   480
	15601 11242    -1  1110   480
	15599 11253    -1  1110   480
	15598 11257    -1  1110   480
	15596 11269    -1  1110   480
	15595 11273    -1  1110   480
	15597 11285    -1  1110   480
	15593 11290    -1  1120   490
	15595 11285    -1  1120   490
	15656 11317    -1  1120   490
	15592 11323    -1  1120   490
	15591 11337    -1  1130   490
	15592 11350    64  1130   490
	15591 11356    75  1130   490
	15586 11369   160  1130   490
	15582 11382   234  1130   490
	15582 11388   297  1130   490
	15580 11399   327  1130   490
	15575 11404   352  1130   490
	15575 11415   310  1130   490
	15574 11417   374  1130   490
	15575 11419   410  1130   490
	15575 11419   513  1130   490
	15572 11418   528  1130   490
	15571 11418   533  1140   480
	15569 11418   533  1140   480
	15573 11416   539  1140   480
	15575 11404   542  1140   480
	15574 11399   547  1140   480
	15580 11387   550  1140   480
	15586 11381   555  1140   480
	15592 11366   560  1140   480
	15597 11353   560  1140   480
	15603 11340   562  1140   480
	15610 11337   565  1140   480
	15614 11334   565  1140   480
	15620 11323   565  1140   480
	15627 11321   567  1140   480
	15634 11320   567  1140   480
	15636 11320   567  1140   480
	15641 11321   570  1140   480
	15648 11319   570  1140   480
	15648 11320   570  1140   480
	15652 11321   572  1140   480
	15663 11323   577  1140   480
	15668 11324   579  1140   480
	15679 11336   595  1140   480
	15686 11339   605  1150   490
	15693 11350   623  1150   490
	15702 11354   629  1150   490
	15712 11366   634  1150   490
	15719 11370   634  1150   490
	15723 11371   636  1150   490
	15726 11371   634  1150   490
	15729 11370   634  1150   490
	15730 11371   634  1160   490
	15733 11369   632  1160   490
	15740 11368   630  1160   490
	15741 11368   629  1160   490
	15743 11366   625  1160   490
	15748 11355   621  1160   490
	15753 11351   621  1160   490
	15758 11338   615  1160   490
	15765 11334   609  1160   490
	15772 11320   584  1160   490
	15778 11307   570  1160   490
	15784 11301   542  1160   490
	15795 11289   420  1160   490
	15805 11285   357  1160   490
	15817 11274   344  1160   490
	15830 11274   182  1160   490
	15842 11275    -1  1160   490
	15851 11275    -1  1160   500
	15856 11286    -1  1160   500
	15859 11288    -1  1160   500
	15862 11291    -1  1160   500
	15866 11303    -1  1160   500
	15868 11306    -1  1160   500
	15870 11317    -1  1160   500
	15873 11320    -1  1160   500
	15882 11322    -1  1160   500
	15885 11333    -1  1160   500
	15893 11336    -1  1160   500
	15904 11339    -1  1160   500
	15908 11349    -1  1160   500
	15915 11353    -1  1160   500
	15918 11365    -1  1160   500
	15920 11368   218  1160   500
	15916 11372   286  1160   500
	15915 11383   336  1160   500
	15915 11387   286  1160   500
	15913 11388   363  1160   500
	15909 11397   405  1160   500
	15908 11397   513  1160   500
	15904 11398   544  1160   500
	15901 11388   562  1160   500
	15901 11387   572  1160   500
	15893 11385   577  1160   500
	15891 11381   579  1160   500
	15885 11356   581  1160   500
	15880 11339   588  1160   500
	15878 11334   588  1160   500
	15878 11319   584  1160   500
	15880 11305   584  1160   500
	15883 11292   584  1160   500
	15889 11286   584  1170   500
	15893 11274   584  1160   490
	15900 11272   584  1160   490
	15908 11270   581  1160   490
	15913 11269   579  1160   490
	15922 11269   584  1160   490
	15926 11269   588  1160   490
	15929 11270   590  1150   490
	15936 11270   601  1150   490
	15939 11272   619  1150   490
	15946 11276   634  1150   490
	15952 11287   646  1150   490
	15958 11301   655  1150   490
	15966 11306   660  1150   490
	15969 11319   664  1150   490
	15974 11324   671  1160   500
	15974 11337   678  1160   500
	15980 11349   684  1160   500
	15980 11354   689  1160   500
	15987 11367   693  1160   500
	15987 11372   700  1160   500
	15987 11383   700  1160   500
	15989 11385   700  1170   500
	15988 11387   700  1170   500
	15985 11397   696  1180   510
	15985 11399   683  1180   510
	15984 11401   668  1180   510
	15982 11402   648  1180   510
	15980 11401   599  1180   510
	15979 11399   531  1180   510
	15975 11397   368  1180   510
	15975 11385   336  1180   510
	15973 11372    75  1180   510
	15972 11367    -1  1180   510
	15969 11354    -1  1180   510
	15966 11349    -1  1180   510
	15965 11337    -1  1180   510
	15971 11333    -1  1180   510
	15975 11322    -1  1180   510
	15979 11318    -1  1180   510
	15988 11308    -1  1180   510
	15995 11304    -1  1180   510
	16035 11301    -1  1180   510
	16011 11290    -1  1180   510
	16015 11285    -1  1180   510
	16023 11274    -1  1180   510
	16031 11272    -1  1170   510
	16040 11271    -1  1170   510
	16051 11270    -1  1170   520
	16061 11272    -1  1170   520
	16071 11273    -1  1170   520
	16080 11276    -1  1170   520
	16085 11286    -1  1170   520
	16090 11290    -1  1160   520
	16091 11292    -1  1160   520
	16091 11301    -1  1160   520
	16093 11304    -1  1160   520
	16093 11308    -1  1160   520
	16094 11320    -1  1160   520
	16094 11333    -1  1160   520
	16094 11339    -1  1160   520
	16094 11353    -1  1160   520
	16096 11365    -1  1170   520
	16098 11381    -1  1170   520
	16099 11387    -1  1170   520
	16102 11402    -1  1170   520
	16100 11417   108  1170   510
	16097 11431   182  1170   510
	16095 11435   262  1170   510
	16096 11447   308  1170   510
	16094 11450   344  1170   510
	16095 11452   269  1170   510
	16095 11451   331  1170   510
	16093 11451   368  1170   510
	16093 11449   390  1170   510
	16090 11436   401  1170   510
	16092 11431   410  1170   510
	16092 11414   420  1170   510
	16095 11387   454  1170   510
	16094 11369   507  1170   510
	16099 11349   528  1180   510
	16105 11324   539  1180   510
	16109 11307   542  1180   510
	16119 11292   547  1180   510
	16127 11285   552  1180   510
	16132 11272   557  1180   510
	16139 11269   560  1180   510
	16143 11269   560  1180   510
	16146 11269   562  1170   510
	16148 11270   570  1170   510
	16152 11270   592  1170   510
	16152 11271   634  1170   510
	16155 11273   650  1170   510
	16158 11288   666  1170   510
	16160 11304   675  1170   510
	16167 11320   689  1170   510
	16169 11333   701  1170   510
	16172 11349   706  1170   510
	16176 11354   710  1170   520
	16181 11368   713  1170   520
	16184 11384   717  1170   520
	16189 11399   715  1170   520
	16192 11404   717  1170   520
	16194 11417   715  1170   520
	16199 11429   710  1190   510
	16199 11432   702  1190   510
	16199 11434   691  1190   510
	16200 11436   672  1190   510
	16200 11435   651  1190   510
	16200 11435   590  1190   510
	16200 11433   525  1180   510
	16201 11430   357  1180   510
	16201 11417   344  1180   510
	16202 11402   218  1180   510
	16202 11387    -1  1180   510
	16202 11372    -1  1180   510
	16199 11356    -1  1180   510
	16193 11350    -1  1180   510
	16193 11335    -1  1180   510
	16197 11322    -1  1170   500
	16201 11308    -1  1170   500
	16212 11307    -1  1170   500
	16218 11305    -1  1170   500
	16231 11302    -1  1170   500
	16241 11303    -1  1170   500
	16251 11302    -1  1170   500
	16260 11302    -1  1170   500
	16268 11302    -1  1170   500
	16274 11305    -1  1170   500
	16280 11307   136  1170   500
	16280 11319   234  1170   500
	16287 11323   297  1170   500
	16287 11336   352  1170   500
	16289 11349   302  1170   500
	16293 11352   363  1180   510
	16301 11366   405  1180   510
	16304 11371   516  1180   510
	16305 11382   555  1180   510
	16306 11383   577  1180   510
	16309 11383   611  1180   510
	16310 11383   621  1180   510
	16310 11382   619  1190   500
	16315 11381   625  1190   500
	16313 11370   623  1190   500
	16318 11356   634  1190   500
	16319 11351   634  1190   500
	16323 11335   632  1190   500
	16326 11320   632  1190   500
	16326 11302   629  1190   500
	16327 11285   611  1190   500
	16328 11273   572  1190   500
	16331 11258   539  1190   500
	16336 11255   401  1190   500
	16342 11243   269  1190   500
	16345 11243   249  1190   500
	16349 11244    -1  1190   500
	16351 11253    -1  1190   500
	16350 11257    -1  1180   510
	16349 11270    -1  1180   510
	16351 11275    -1  1180   510
	16352 11289    -1  1180   510
	16355 11305    -1  1180   510
	16356 11319    -1  1180   510
	16364 11335    -1  1180   510
	16366 11350    -1  1180   510
	16368 11366    -1  1170   500
	16374 11381    -1  1170   500
	16380 11387    -1  1170   500
	16389 11413    -1  1170   500
	16395 11420    -1  1170   500
	16402 11445    -1  1170   500
	16411 11462   182  1170   500
	16409 11481   286  1170   500
	16410 11497   327  1180   510
	16411 11516   317  1180   510
	16414 11543   363  1180   510
	16417 11560   462  1180   510
	16421 11577   542  1190   500
	16420 11591   567  1190   500
	16423 11595   584  1200   510
	16423 11605   603  1200   510
	16423 11605   601  1200   510
	16422 11605   579  1200   510
	16427 11596   567  1200   510
	16427 11592   547  1200   510
	16431 11579   528  1200   510
	16435 11564   446  1200   510
	16439 11547   395  1200   510
	16441 11527   344  1200   510
	16445 11509   352  1200   510
	16451 11484   286  1200   510
	16460 11468   182  1200   510
	16468 11461     0  1200   510
	16478 11447    -1  1200   510
	16490 11435    -1  1200   510
	16501 11420    -1  1200   510
	16506 11419    -1  1200   510
	16518 11416    -1  1200   510
	16526 11416    -1  1200   510
	16531 11415    -1  1190   510
	16533 11417    -1  1190   510
	16540 11415    -1  1190   510
	16546 11416    -1  1190   510
	16550 11418     0  1190   510
	16550 11429     0  1190   510
	16551 11432    75  1190   510
	16550 11433   160  1190   510
	16552 11435   218  1190   510
	16548 11436   275  1190   510
	16546 11435   308  1190   510
	16542 11435   336  1190   510
	16537 11433   360  1190   510
	16529 11431   286  1190   510
	16523 11417   317  1190   510
	16515 11413   357  1190   510
	16511 11398   385  1190   510
	16503 11384   410  1190   510
	16497 11369   507  1190   510
	16491 11354   533  1190   510
	16490 11349   552  1190   510
	16492 11335   565  1190   510
	16491 11323   570  1190   510
	16494 11318   577  1200   510
	16494 11307   577  1200   510
	16499 11305   579  1200   510
	16502 11292   584  1200   510
	16510 11290   581  1200   510
	16515 11287   581  1200   510
	16525 11276   577  1200   510
	16533 11272   565  1190   500
	16543 11270   547  1190   500
	16552 11269   494  1190   500
	16564 11259   385  1180   510
	16577 11259   294  1180   510
	16588 11269   286  1180   510
	16601 11272     0  1180   510
	16610 11286    -1  1180   510
	16619 11291    -1  1180   510
	16624 11307    -1  1180   510
	16632 11323    -1  1180   510
	16636 11340    -1  1180   510
	16642 11365    -1  1180   510
	16648 11372    -1  1180   510
	16651 11387    -1  1180   510
	16653 11400    -1  1180   510
	16653 11415    -1  1180   510
	16654 11419    -1  1180   510
	16654 11436    -1  1180   510
	16650 11452    -1  1180   510
	16647 11468    -1  1190   510
	16643 11495    -1  1190   510
	16640 11512    -1  1190   510
	16640 11531   160  1190   510
	16634 11559   344  1190   510
	16630 11579   317  1190   510
	16632 11605   513  1190   510
	16633 11622   570  1190   510
	16639 11638   605  1190   510
	16646 11656   638  1190   510
	16652 11671   643  1190   510
	16659 11687   645  1200   510
	16667 11690   645  1200   510
	16674 11703   641  1210   520
	16685 11705   621  1210   520
	16700 11708   552  1210   520
	16713 11718   374  1210   520
	16732 11718   182  1210   520
