ABCDE-012_345_678 581
	20960 19879   182  1530   580
	20957 19879   286  1530   580
	20952 19882   297  1530   580
	20953 19882   297  1530   580
	20953 19893   317  1530   580
	20953 19893   344  1540   580
	20955 19893   367  1540   580
	20957 19893   310  1540   580
	20957 19884   331  1550   580
	20958 19883   350  1540   580
	20958 19883   363  1540   580
	20962 19877   385  1540   580
	20964 19862   405  1540   580
	20969 19846   437  1540   580
	20974 19804   513  1540   580
	20977 19768   522  1540   580
	20978 19719   531  1540   580
	20972 19658   544  1530   590
	20968 19596   560  1530   590
	20957 19541   567  1520   600
	20939 19467   577  1520   600
	20928 19399   584  1520   600
	20909 19323   611  1500   620
	20885 19271   615  1490   630
	20868 19212   625  1480   630
	20849 19174   629  1460   640
	20836 19128   634  1450   650
	20821 19099   638  1420   660
	20811 19078   638  1400   670
	20803 19050   638  1370   670
	20794 19032   638  1350   680
	20784 19015   638  1310   690
	20779 19002   638  1290   700
	20778 18999   634  1270   700
	20777 18999   630  1240   710
	20780 19001   615  1220   710
	20783 19001   599  1190   720
	20785 19004   581  1160   720
	20791 19017   574  1160   720
	20800 19034   570  1130   730
	20813 19063   557  1130   730
	20830 19093   544  1130   730
	20851 19127   525  1130   730
	20871 19161   525  1130   730
	20898 19193   522  1160   720
	20928 19238   516  1160   720
	20958 19286   500  1160   720
	20991 19338   487  1190   720
	21022 19397   494  1230   720
	21056 19446   494  1260   720
	21084 19483   487  1280   710
	21105 19527   480  1310   710
	21123 19558   462  1330   700
	21136 19576   462  1370   700
	21142 19580   469  1410   680
	21144 19579   469  1420   680
	21143 19577   507  1440   670
	21141 19562   525  1460   660
	21137 19541   536  1480   670
	21131 19499   547  1490   660
	21123 19452   552  1500   650
	21116 19403   567  1500   650
	21104 19352   577  1500   650
	21095 19292   588  1500   650
	21091 19255   609  1490   660
	21091 19211   639  1480   670
	21095 19180   645  1480   670
	21104 19158   643  1460   670
	21116 19141   646  1450   680
	21131 19127   646  1430   690
	21148 19114   646  1390   710
	21167 19109   646  1370   710
	21189 19111   645  1350   720
	21214 19114   641  1350   730
	21240 19126   639  1320   740
	21265 19143   636  1320   740
	21290 19160   632  1300   750
	21312 19179   632  1270   750
	21335 19207   632  1270   750
	21355 19237   630  1290   760
	21374 19258   625  1290   760
	21392 19292   623  1290   760
	21402 19335   603  1290   760
	21414 19381   579  1350   760
	21425 19420   572  1380   750
	21438 19477   555  1400   750
	21449 19515   550  1430   740
	21460 19559   539  1450   730
	21461 19593   531  1470   720
	21466 19621   519  1480   710
	21470 19628   519  1480   700
	21466 19628   525  1490   690
	21458 19626   528  1480   680
	21448 19611   533  1500   670
	21432 19605   542  1510   660
	21423 19577   544  1540   660
	21411 19545   547  1550   650
	21396 19498   555  1550   650
	21373 19448   567  1550   650
	21349 19387   574  1530   650
	21326 19321   574  1530   650
	21302 19244   577  1520   650
	21269 19174   590  1510   660
	21232 19095   625  1500   670
	21188 19015   619  1480   680
	21150 18933   623  1450   700
	21110 18840   638  1460   710
	21075 18757   643  1420   720
	21043 18681   645  1400   730
	21015 18617   643  1350   750
	20995 18566   645  1320   750
	20974 18522   643  1230   760
	20955 18492   645  1200   760
	20941 18476   646  1110   760
	20932 18473   645  1070   760
	20932 18473   643   990   770
	20932 18476   639   940   760
	20934 18487   638   940   760
	20934 18492   636   900   760
	20940 18518   636   900   760
	20948 18536   636   860   760
	20961 18570   632   860   760
	20981 18614   619   860   760
	21006 18661   599   860   760
	21035 18699   579   860   750
	21069 18757   574   860   750
	21102 18809   567   860   750
	21140 18871   557   900   760
	21182 18934   557   900   760
	21233 18986   562   900   760
	21281 19046   567   940   760
	21326 19100   572   980   760
	21381 19161   574   990   770
	21439 19225   579  1030   770
	21502 19301   581  1030   770
	21553 19369   590  1110   760
	21602 19448   599  1140   760
	21644 19516   605  1210   750
	21684 19591   605  1240   740
	21712 19657   603  1300   730
	21737 19720   599  1330   730
	21757 19785   588  1370   710
	21768 19848   588  1390   710
	21776 19911   588  1430   690
	21780 19962   590  1460   670
	21778 20009   588  1480   670
	21769 20042   590  1500   650
	21760 20069   590  1510   640
	21750 20085   590  1540   630
	21737 20087   592  1530   610
	21725 20089   595  1550   600
	21708 20087   592  1560   590
	21691 20076   588  1560   590
	21674 20058   584  1570   580
	21651 20027   590  1570   580
	21633 19993   590  1570   570
	21616 19945   588  1570   570
	21597 19896   584  1570   570
	21586 19830   579  1560   570
	21565 19752   577  1550   580
	21546 19670   584  1550   580
	21530 19589   581  1540   580
	21515 19499   581  1540   580
	21508 19416   605  1530   590
	21503 19337   590  1520   590
	21505 19273   595  1480   610
	21508 19221   615  1470   620
	21508 19176   623  1450   640
	21516 19146   625  1430   640
	21530 19116   632  1400   660
	21543 19097   636  1390   670
	21557 19082   641  1350   680
	21576 19068   643  1330   690
	21594 19067   645  1290   700
	21614 19065   646  1270   700
	21634 19068   648  1260   720
	21658 19082   650  1230   720
	21685 19096   650  1210   730
	21716 19126   650  1180   730
	21752 19157   646  1150   740
	21785 19191   645  1150   740
	21822 19226   645  1160   740
	21855 19275   638  1160   740
	21889 19335   634  1160   740
	21924 19398   630  1210   750
	21952 19462   632  1240   740
	21981 19529   609  1270   740
	22007 19595   603  1300   730
	22034 19671   601  1350   730
	22061 19739   588  1400   720
	22086 19815   584  1420   710
	22105 19880   565  1480   700
	22120 19942   570  1490   690
	22132 19980   570  1520   680
	22135 20010   572  1530   670
	22132 20026   574  1570   650
	22123 20028   579  1580   640
	22115 20027   590  1590   640
	22108 20027   599  1610   620
	22096 20026   601  1630   620
	22084 20021   595  1630   610
	22076 19996   601  1640   600
	22063 19978   599  1640   600
	22044 19946   601  1640   600
	22025 19912   603  1640   600
	22004 19877   605  1640   600
	21984 19829   601  1640   600
	21975 19768   613  1640   600
	21952 19703   623  1620   600
	21926 19638   632  1620   610
	21902 19559   630  1610   620
	21882 19477   636  1610   620
	21854 19387   639  1610   620
	21827 19292   645  1570   630
	21797 19225   643  1550   650
	21765 19146   648  1540   660
	21729 19080   653  1500   670
	21699 19017   656  1480   680
	21668 18955   664  1450   700
	21645 18904   663  1420   710
	21622 18843   661  1370   710
	21599 18793   663  1330   730
	21575 18743   661  1270   740
	21552 18698   663  1220   740
	21533 18666   661  1160   740
	21515 18647   658  1130   750
	21498 18620   655  1090   750
	21484 18613   653  1020   760
	21468 18601   646   970   750
	21453 18600   643   940   750
	21443 18601   638   940   750
	21432 18613   619   900   760
	21420 18620   584   900   760
	21411 18635   577   900   760
	21405 18663   570   900   760
	21405 18697   552   860   760
	21408 18731   539   860   770
	21421 18774   531   900   770
	21437 18810   522   900   770
	21454 18856   415   900   770
	21475 18901   410   900   770
	21508 18938   401   940   770
	21543 18983   385   940   770
	21575 19019   380   940   770
	21615 19064   380   990   770
	21654 19096   380   990   770
	21699 19132   380  1030   770
	21746 19179   380  1030   770
	21798 19224   395  1060   750
	21850 19258   401  1090   750
	21899 19302   405  1090   750
	21947 19336   415  1160   740
	21997 19368   437  1190   740
	22041 19388   500  1220   740
	22078 19419   519  1250   730
	22112 19450   522  1300   730
	22141 19481   522  1330   730
	22163 19511   525  1370   730
	22179 19530   525  1400   720
	22187 19547   531  1440   720
	22187 19560   531  1460   710
	22190 19563   544  1480   700
	22185 19573   552  1520   700
	22182 19564   560  1530   690
	22172 19561   562  1540   680
	22157 19547   570  1550   670
	22140 19529   579  1550   670
	22124 19510   619  1590   670
	22104 19481   625  1590   670
	22093 19449   632  1590   670
	22079 19402   634  1580   670
	22061 19356   641  1580   670
	22047 19323   653  1550   670
	22040 19292   656  1540   680
	22034 19269   656  1530   690
	22031 19237   658  1520   700
	22028 19208   661  1500   710
	22034 19191   663  1480   710
	22044 19175   663  1470   720
	22052 19160   664  1450   730
	22055 19159   664  1430   740
	22065 19148   663  1400   750
	22081 19147   663  1380   750
	22099 19148   661  1350   760
	22117 19162   658  1350   760
	22140 19176   656  1320   770
	22162 19193   651  1290   770
	22196 19221   648  1290   770
	22228 19241   645  1290   770
	22260 19274   634  1290   770
	22288 19306   632  1290   770
	22316 19351   609  1320   770
	22339 19399   584  1350   770
	22366 19446   572  1380   770
	22386 19482   562  1410   760
	22410 19525   550  1430   750
	22428 19557   536  1490   750
	22439 19574   533  1510   740
	22444 19576   528  1520   730
	22438 19575   531  1570   730
	22427 19562   539  1580   720
	22416 19547   547  1590   710
	22397 19530   555  1590   710
	22377 19500   560  1600   700
	22354 19477   574  1610   690
	22328 19433   601  1610   690
	22302 19397   623  1620   680
	22277 19349   634  1620   680
	22253 19292   656  1610   690
	22235 19260   671  1600   700
	22220 19227   680  1570   710
	22213 19206   686  1550   710
	22209 19191   691  1540   720
	22210 19175   693  1490   730
	22218 19164   691  1490   730
	22220 19161   690  1480   740
	22228 19160   689  1460   740
	22234 19162   686  1430   750
	22250 19163   681  1410   760
	22269 19178   675  1380   770
	22296 19193   668  1320   770
	22324 19211   655  1350   770
	22351 19237   648  1320   780
	22376 19256   639  1320   780
	22400 19274   636  1320   780
	22426 19304   630  1320   780
	22451 19337   603  1350   770
	22480 19371   601  1350   770
	22509 19414   588  1380   770
	22538 19448   579  1410   760
	22568 19482   572  1430   750
	22594 19513   555  1430   740
	22615 19530   555  1450   730
	22628 19531   555  1470   720
	22629 19530   557  1460   710
	22624 19528   560  1460   710
	22615 19514   565  1480   700
	22600 19497   588  1470   690
	22583 19478   601  1480   680
	22570 19446   601  1460   670
	22544 19413   632  1480   670
	22522 19372   638  1460   660
	22501 19335   648  1460   660
	22482 19292   668  1420   660
	22468 19270   681  1440   670
	22461 19241   691  1420   680
	22459 19223   697  1430   690
	22457 19207   700  1410   700
	22466 19195   702  1420   710
	22476 19193   700  1400   720
	22482 19192   700  1400   720
	22495 19192   698  1400   730
	22511 19196   697  1380   740
	22536 19207   696  1350   750
	22561 19222   691  1350   750
	22587 19238   689  1320   750
	22615 19256   684  1290   760
	22643 19285   678  1290   760
	22677 19305   675  1320   770
	22698 19338   671  1290   760
	22722 19372   669  1320   750
	22746 19413   668  1350   750
	22769 19450   663  1320   740
	22789 19496   661  1350   730
	22811 19543   650  1370   730
	22832 19577   648  1370   710
	22845 19606   646  1390   710
	22850 19609   646  1410   700
	22845 19609   651  1430   690
	22839 19605   656  1430   690
	22826 19589   664  1450   680
	22806 19561   668  1460   670
	22781 19543   674  1480   670
	22748 19513   675  1480   670
	22718 19477   677  1490   660
	22675 19430   693  1490   660
	22625 19372   700  1490   660
	22569 19322   702  1480   670
	22503 19269   693  1480   670
	22420 19211   693  1440   670
	22328 19147   706  1420   680
	22224 19096   700  1390   690
	22111 19035   689  1370   700
	21976 18972   687  1350   710
	21835 18905   690  1330   710
	21693 18856   651  1280   720
	21551 18811   641  1250   730
	21393 18762   641  1190   740
	21247 18730   579  1160   740
	21113 18709   584  1130   750
	20987 18699   619  1080   740
	20856 18700   609  1050   750
	20735 18715   619   970   750
	20628 18732   632   970   750
	20525 18759   619   940   750
	20428 18794   632   940   750
	20340 18825   645   930   740
	20264 18860   645   930   740
	20211 18905   651   930   740
	20175 18939   650   930   740
	20159 18967   648   970   740
	20157 18986   648   970   740
	20171 18999   645   970   730
	20189 19013   643  1000   730
	20227 19017   641  1000   730
	20276 19029   641  1030   730
	20346 19020   641  1030   730
	20425 19017   639  1030   730
	20515 19015   641  1060   720
	20616 19016   648  1060   720
	20727 19018   653  1060   720
	20846 19030   658  1060   720
	20976 19036   664  1070   730
	21105 19050   669  1070   730
	21235 19078   671  1070   730
	21363 19099   677  1070   730
	21510 19130   677  1080   740
	21630 19173   680  1080   740
	21750 19222   681  1080   740
	21872 19276   675  1080   740
	21985 19354   674  1160   740
	22092 19433   672  1160   740
	22185 19513   661  1220   740
	22264 19594   658  1270   740
	22331 19676   656  1320   740
	22381 19756   656  1380   740
	22418 19836   658  1420   720
	22443 19925   658  1470   720
	22450 19995   656  1530   710
	22452 20071   658  1550   690
	22438 20135   661  1560   680
	22416 20181   664  1610   670
	22380 20202   668  1620   650
	22334 20216   666  1660   630
	22275 20219   668  1660   620
	22209 20213   669  1680   600
	22130 20186   674  1680   590
	22044 20153   674  1680   580
	21949 20104   674  1680   580
	21848 20042   671  1670   580
	21751 19973   675  1670   570
	21647 19868   674  1660   570
	21543 19753   669  1650   580
	21425 19625   678  1640   580
	21308 19482   680  1640   580
	21204 19324   684  1620   580
	21095 19191   696  1600   600
	20994 19078   700  1560   620
	20893 18953   693  1530   630
	20796 18825   698  1500   650
	20714 18694   704  1460   660
	20638 18571   705  1410   680
	20575 18470   700  1350   690
	20519 18376   696  1280   710
	20473 18312   700  1230   720
	20438 18267   698  1220   710
	20418 18252   690  1070   730
	20414 18249   671  1070   730
	20418 18261   651   930   740
	20428 18280   636   900   730
	20446 18314   619   830   730
	20460 18361   590   780   720
	20482 18426   567   780   720
	20508 18503   547   780   720
	20532 18586   519   780   720
	20563 18681   513   780   720
	20594 18780   513   790   710
	20629 18891   513   810   710
	20668 18999   487   810   710
	20706 19097   469   840   710
	20743 19189   469   870   710
	20779 19259   437   930   720
	20808 19307   415   930   720
	20837 19335   415   930   720
	20858 19324   415  1020   720
	20871 19306   415  1050   710
	20882 19276   420  1080   710
	20884 19240   446  1110   710
	20884 19190   480  1150   710
	20886 19127   513  1150   710
	20890 19061   525  1150   710
	20895 18985   550  1170   710
	20903 18906   560  1150   710
	20910 18838   601  1150   710
	20919 18760   643  1160   720
	20933 18697   656  1130   730
	20954 18636   669  1100   730
	20977 18597   687  1110   740
	21004 18569   701  1080   740
	21034 18553   706  1050   750
	21065 18550   706  1010   750
	21102 18539   708   980   760
	21144 18549   715   980   760
	21199 18556   721   940   760
	21258 18586   718   900   770
	21330 18619   717   900   770
	21412 18664   713   900   770
	21503 18712   706   850   780
	21584 18763   706   850   780
	21666 18821   700   900   780
	21745 18874   696   900   780
	21821 18936   686   900   780
	21890 18988   678   900   780
	21952 19051   668   950   780
	22001 19109   661   950   780
	22035 19148   650   990   780
	22053 19189   646   990   780
	22053 19206   643  1050   790
	22039 19212   645  1100   780
	22018 19212   651  1080   770
	21982 19208   650  1120   770
	21923 19190   653  1120   770
	21855 19163   658  1160   770
	21777 19132   645  1160   770
	21682 19097   646  1180   750
	21575 19048   655  1180   750
	21453 18997   660  1180   750
	21320 18937   658  1180   750
	21189 18875   668  1180   750
	21057 18812   696  1180   750
	20927 18743   717  1140   760
	20792 18677   715  1130   750
	20669 18602   727  1090   750
	20553 18540   771  1080   740
	20455 18501   775  1050   750
	20374 18473   778  1050   750
	20327 18460   776  1010   750
	20307 18470   774  1010   750
	20311 18475   766   970   750
	20326 18503   722   970   750
	20361 18551   702   940   750
	20426 18615   693   940   750
	20510 18681   686   940   750
	20619 18747   669   940   750
	20753 18827   663   940   750
	20918 18917   668   980   760
	21089 18998   648   980   760
	21276 19081   645   980   760
	21480 19161   639  1030   770
	21665 19242   636  1070   760
	21844 19322   603  1080   770
	22008 19386   567  1160   770
	22137 19450   542  1200   760
	22228 19498   410  1230   760
	22284 19529   385  1320   750
	22308 19557   385  1350   750
	22298 19561   401  1380   740
	22259 19558   420  1400   730
	22192 19548   513  1470   720
	22097 19530   516  1480   710
	21971 19510   544  1500   710
	21819 19465   562  1500   710
	21655 19413   574  1490   690
	21468 19339   641  1490   690
	21268 19270   646  1510   680
	21059 19196   698  1510   680
	20847 19129   760  1510   680
	20645 19078   773  1470   690
	20471 19031   772  1450   700
	20320 18998   781  1410   700
	20211 18986   788  1390   710
	20146 18988   789  1390   710
	20118 19000   789  1370   710
	20120 19016   783  1330   710
	20144 19049   781  1300   720
	20207 19115   782  1330   730
	20312 19206   782  1300   730
	20463 19318   783  1300   730
	20634 19436   786  1300   730
	20842 19560   786  1320   740
	21089 19672   786  1350   730
	21349 19782   786  1370   730
	21623 19883   786  1420   720
	21871 19992   788  1480   710
	22143 20085   786  1530   710
	22415 20168   784  1550   690
	22682 20235   781  1600   680
	22900 20300   772  1630   670
	23137 20374   686  1670   650
	23358 20428   579  1670   650
	23573 20492   278  1680   630
