ABCDE-012_345_678 393
	 6720 15317    64  1050   530
	 6727 15334    35  1050   530
	 6730 15337   182  1050   530
	 6733 15335   336  1050   530
	 6729 15338   310  1050   530
	 6727 15338   363  1060   540
	 6729 15337   380  1060   540
	 6730 15334   462  1060   540
	 6730 15322   544  1060   540
	 6728 15318   567  1060   540
	 6729 15292   579  1040   540
	 6729 15272   605  1040   540
	 6731 15242   634  1040   540
	 6733 15210   641  1040   540
	 6736 15164   648  1060   540
	 6737 15128   656  1060   540
	 6738 15083   663  1060   540
	 6739 15036   669  1060   540
	 6742 14988   681  1040   540
	 6740 14938   689  1040   540
	 6736 14887   696  1040   540
	 6734 14826   698  1040   540
	 6728 14776   702  1040   540
	 6728 14713   702  1020   530
	 6728 14698   704  1020   530
	 6730 14678   705  1010   530
	 6736 14648   704  1010   530
	 6741 14629   705  1010   530
	 6745 14620   702  1000   540
	 6750 14629   700  1000   540
	 6751 14620   698   980   540
	 6753 14620   696   980   540
	 6754 14620   697   980   540
	 6759 14630   700   970   540
	 6759 14635   702   970   540
	 6762 14647   706   970   540
	 6762 14662   713   950   540
	 6766 14681   717   950   540
	 6768 14714   718   950   540
	 6770 14758   724   960   550
	 6772 14793   723   960   550
	 6773 14837   725   960   550
	 6772 14876   727   960   550
	 6766 14922   724   960   550
	 6761 14983   727   960   550
	 6755 15036   725   960   550
	 6742 15100   724   960   550
	 6733 15175   727   970   550
	 6725 15240   725   970   550
	 6715 15292   727   990   550
	 6709 15339   729   990   550
	 6696 15368   736  1000   550
	 6679 15385   737  1000   550
	 6656 15402   767  1010   540
	 6620 15413   768  1010   540
	 6560 15401   768  1010   540
	 6492 15381   767  1030   540
	 6462 15351   766  1030   540
	 6303 15317   766  1020   530
	 6199 15259   766  1020   530
	 6098 15196   767  1020   530
	 6011 15131   766  1040   530
	 5931 15079   767  1040   530
	 5860 15031   770  1040   530
	 5804 14988   770  1040   530
	 5773 14971   772  1040   530
	 5768 14968   773  1040   530
	 5770 14968   771  1040   530
	 5780 14971   768  1040   530
	 5811 14984   760  1040   530
	 5851 14988   738  1040   530
	 5919 15017   738  1040   530
	 5996 15052   750  1040   530
	 6092 15111   744  1050   530
	 6196 15177   760  1050   530
	 6326 15256   766  1050   530
	 6449 15323   766  1050   530
	 6573 15399   768  1050   530
	 6697 15466   768  1050   530
	 6816 15527   767  1050   530
	 6941 15589   767  1060   540
	 7037 15641   768  1060   540
	 7134 15701   766  1060   540
	 7222 15751   750  1060   540
	 7295 15786   725  1070   540
	 7355 15816   702  1070   540
	 7399 15832   668  1070   540
	 7427 15845   609  1070   540
	 7445 15845   437  1070   540
	 7445 15835   294  1070   540
	 7432 15816   327  1070   540
	 7405 15783   182  1080   540
	 7370 15740    -1  1080   540
	 7325 15703    -1  1070   540
	 7281 15669    -1  1070   540
	 7233 15623    -1  1060   530
	 7190 15579    -1  1060   530
	 7146 15545    -1  1060   530
	 7109 15509    -1  1060   520
	 7082 15449    -1  1040   520
	 7058 15429    -1  1040   510
	 7039 15385    -1  1030   510
	 7039 15339    -1  1020   490
	 7012 15292    -1  1000   490
	 6997 15257    -1  1000   490
	 6982 15209    -1  1000   480
	 6968 15161    -1   980   470
	 6952 15116    -1   990   470
	 6942 15079    -1   980   450
	 6920 15034    -1   980   440
	 6899 15001    -1   980   430
	 6875 14970    -1   980   420
	 6858 14940    -1   980   420
	 6839 14920    -1   980   410
	 6827 14903    -1   990   410
	 6810 14887    -1   990   410
	 6799 14885    -1   990   410
	 6792 14874    -1   990   410
	 6791 14876    -1  1000   420
	 6793 14889    -1  1000   420
	 6798 14905    -1  1000   420
	 6810 14918    -1  1020   410
	 6825 14952    -1  1020   440
	 6841 14984    -1  1020   450
	 6864 15015    -1  1020   450
	 6891 15047    -1  1020   470
	 6903 15078    -1  1020   470
	 6922 15110    75  1030   480
	 6931 15141   286  1030   490
	 6932 15161   308  1030   500
	 6937 15179   317  1040   510
	 6944 15193   344  1040   520
	 6951 15195   360  1030   520
	 6959 15193   286  1030   520
	 6963 15178   338  1030   520
	 6971 15157   385  1030   520
	 6979 15115   410  1030   520
	 6981 15065   437  1030   520
	 6981 14997   525  1030   520
	 6981 14923   544  1030   520
	 6980 14843   562  1030   520
	 6975 14742   577  1020   530
	 6967 14651   615  1020   530
	 6957 14551   634  1010   530
	 6942 14444   645  1010   530
	 6913 14357   656  1000   540
	 6881 14263   661   980   540
	 6842 14167   668   980   540
	 6801 14072   672   970   540
	 6758 13991   674   950   540
	 6714 13925   677   950   540
	 6678 13864   678   940   540
	 6651 13830   681   930   540
	 6624 13801   681   910   540
	 6612 13787   681   910   540
	 6598 13785   684   900   540
	 6589 13797   681   900   540
	 6573 13804   677   890   540
	 6558 13848   675   890   540
	 6540 13896   675   870   540
	 6525 13960   675   870   540
	 6517 14037   674   870   540
	 6512 14135   672   870   540
	 6503 14234   671   890   540
	 6496 14331   668   890   540
	 6539 14437   664   890   540
	 6478 14551   661   890   540
	 6486 14678   660   900   540
	 6502 14794   658   900   540
	 6524 14903   656   910   540
	 6562 14983   656   910   540
	 6606 15047   653   930   540
	 6653 15084   653   940   540
	 6698 15112   651   940   540
	 6751 15114   651   950   540
	 6790 15099   651   970   540
	 6829 15064   653   970   540
	 6872 15013   653   980   540
	 6893 14950   658   980   540
	 6916 14874   660   980   540
	 6929 14791   661   980   540
	 6935 14696   663   980   540
	 6929 14602   669   980   540
	 6922 14504   678   980   540
	 6905 14407   693   970   540
	 6880 14316   706   970   540
	 6857 14233   736   950   540
	 6836 14165   766   950   540
	 6819 14107   767   940   540
	 6806 14073   767   930   540
	 6796 14053   768   930   540
	 6796 14039   768   910   540
	 6796 14040   768   910   540
	 6795 14041   766   900   550
	 6795 14053   755   900   550
	 6791 14057   744   900   550
	 6790 14086   736   900   550
	 6781 14124   734   890   550
	 6776 14202   730   890   550
	 6773 14284   724   890   550
	 6767 14373   717   890   550
	 6759 14454   713   890   550
	 6747 14540   704   890   550
	 6745 14649   690   890   550
	 6754 14775   684   890   550
	 6778 14872   681   900   550
	 6807 14949   677   900   550
	 6850 14998   678   900   550
	 6891 15020   675   910   550
	 6937 15036   677   910   550
	 6974 15045   675   910   550
	 7010 15034   674   930   550
	 7049 15016   675   930   540
	 7082 14985   677   940   540
	 7107 14950   677   940   540
	 7129 14904   681   940   540
	 7144 14856   681   940   540
	 7157 14806   684   950   540
	 7162 14746   689   950   540
	 7162 14700   693   950   540
	 7162 14661   696   940   540
	 7163 14618   698   940   540
	 7163 14598   700   940   540
	 7168 14584   700   940   540
	 7169 14582   696   930   540
	 7175 14584   689   930   540
	 7175 14585   686   910   540
	 7178 14603   686   910   540
	 7185 14632   684   910   540
	 7195 14678   683   910   540
	 7208 14726   681   900   540
	 7224 14779   681   900   540
	 7242 14839   678   900   540
	 7259 14889   678   910   540
	 7276 14939   677   910   540
	 7297 14987   677   910   540
	 7319 15036   674   910   540
	 7342 15096   672   930   540
	 7371 15147   671   930   540
	 7405 15195   669   940   540
	 7445 15242   671   940   540
	 7488 15288   669   960   550
	 7534 15319   668   960   550
	 7579 15337   668   970   550
	 7619 15340   668   970   550
	 7654 15338   668   990   550
	 7686 15334   668   990   550
	 7713 15319   668   990   550
	 7738 15304   668  1000   550
	 7761 15291   668  1000   550
	 7779 15276   666  1000   560
	 7796 15273   666  1000   560
	 7813 15259   666  1000   560
	 7825 15257   668  1000   560
	 7836 15255   664  1000   560
	 7849 15254   666  1000   560
	 7854 15254   664  1000   560
	 7860 15256   664  1000   560
	 7867 15256   666  1000   560
	 7876 15258   664  1000   560
	 7888 15260   664  1010   570
	 7896 15271   664  1010   570
	 7908 15276   664  1010   570
	 7926 15291   664  1010   570
	 7942 15308   664  1010   570
	 7960 15334   664  1000   560
	 7980 15351   664  1000   560
	 8003 15370   664  1000   560
	 8025 15397   664  1000   560
	 8054 15414   664  1000   560
	 8083 15430   664  1000   560
	 8110 15446   664  1000   560
	 8136 15447   664  1000   560
	 8158 15446   668  1000   560
	 8173 15446   666  1020   550
	 8189 15432   669  1020   550
	 8197 15419   669  1020   550
	 8205 15413   669  1020   550
	 8209 15399   669  1020   550
	 8213 15385   671  1020   550
	 8212 15371   674  1020   550
	 8213 15367   678  1020   550
	 8209 15356   678  1020   550
	 8211 15354   681  1020   550
	 8213 15352   681  1020   550
	 8221 15350   681  1020   550
	 8228 15339   678  1020   550
	 8239 15338   677  1020   550
	 8252 15338   675  1020   550
	 8270 15338   674  1020   550
	 8291 15340   674  1020   550
	 8317 15351   674  1020   550
	 8348 15355   674  1020   560
	 8381 15368   674  1020   560
	 8419 15383   674  1020   560
	 8462 15399   674  1020   560
	 8507 15415   674  1020   560
	 8551 15432   675  1020   560
	 8602 15450   677  1020   560
	 8655 15477   677  1020   560
	 8710 15497   677  1020   560
	 8772 15516   677  1020   560
	 8831 15544   677  1020   560
	 8897 15561   675  1020   560
	 8961 15580   675  1030   570
	 9023 15606   675  1030   570
	 9072 15625   678  1030   570
	 9118 15639   678  1030   570
	 9162 15644   680  1030   570
	 9198 15654   681  1030   570
	 9226 15653   683  1030   570
	 9253 15655   681  1030   570
	 9282 15653   683  1030   570
	 9311 15643   686  1030   570
	 9344 15641   689  1030   570
	 9385 15640   691  1040   570
	 9425 15641   693  1040   570
	 9463 15640   693  1050   580
	 9507 15638   693  1040   570
	 9549 15640   694  1040   570
	 9592 15640   696  1040   570
	 9634 15642   698  1050   580
	 9677 15644   700  1050   580
	 9724 15656   702  1050   580
	 9770 15674   705  1050   580
	 9819 15689   704  1050   580
	 9871 15708   706  1050   580
	 9927 15734   706  1050   580
	 9986 15750   706  1050   580
	10040 15770   706  1050   580
	10090 15787   706  1050   580
	10137 15804   706  1050   580
	10176 15820   706  1050   580
	10210 15832   706  1050   580
	10233 15832   706  1060   580
	10242 15835   706  1060   580
	10243 15834   709  1060   580
	10235 15833   715  1060   580
	10214 15830   729  1060   580
	10186 15818   725  1060   580
	10137 15803   717  1060   580
	10076 15785   718  1060   580
	 9989 15756   708  1060   580
	 9888 15724   706  1060   580
	 9774 15689   700  1060   580
	 9653 15656   687  1060   580
	 9511 15622   680  1060   580
	 9351 15576   674  1060   580
	 9185 15527   663  1060   580
	 9009 15467   645  1060   580
	 8802 15404   615  1060   580
	 8590 15337   565  1060   580
	 8356 15259   550  1050   580
	 8125 15177   542  1050   580
	 7893 15094   550  1050   580
	 7658 15014   557  1050   580
	 7426 14935   565  1030   580
	 7200 14856   574  1030   580
	 7005 14776   603  1030   580
	 6809 14698   619  1010   580
	 6642 14630   645  1010   580
	 6506 14556   639  1010   580
	 6396 14517   646  1000   580
	 6308 14476   641   990   570
	 6249 14455   641   990   570
	 6218 14444   639   980   570
	 6218 14442   603   980   570
	 6238 14455   577   980   570
	 6286 14473   572   980   570
	 6365 14504   567   980   570
	 6464 14549   567   960   570
	 6584 14600   572   960   570
	 6726 14664   572   960   570
	 6899 14732   574   960   570
	 7077 14821   579   960   570
	 7266 14903   605   960   570
	 7484 14983   613   980   570
	 7706 15068   629   980   570
	 7944 15161   629   980   580
	 8161 15244   636  1000   580
	 8401 15335   636  1000   580
	 8632 15415   634  1000   580
	 8858 15484   634  1010   580
	 9091 15559   630  1020   580
	 9284 15626   625  1020   580
	 9490 15689   615  1030   580
	 9680 15754   601  1040   590
	 9852 15815   567  1040   590
	10027 15865   544  1050   590
	10163 15913   480  1050   590
	10286 15958   380  1070   590
	10394 15992   278  1080   600
	10488 16024   182  1080   600
