ABCDE-012_345_678 407
	 6524 11594    35   910   530
	 6466 11607   317   930   530
	 6460 11610   367   930   530
	 6457 11611   338   940   530
	 6453 11609   390   940   540
	 6453 11606   513   940   540
	 6453 11591   555   950   540
	 6451 11574   584   950   540
	 6455 11548   632   950   540
	 6455 11527   648   960   550
	 6455 11496   658   960   550
	 6453 11466   668   960   550
	 6456 11434   672   960   550
	 6461 11401   678   960   550
	 6463 11356   686   960   550
	 6463 11320   689   960   560
	 6466 11271   691   960   560
	 6464 11212   696   960   560
	 6465 11157   698   960   560
	 6460 11094   700   940   560
	 6463 11031   704   940   560
	 6459 10972   705   940   560
	 6465 10935   708   940   560
	 6466 10902   708   930   560
	 6467 10871   708   930   560
	 6472 10853   709   930   560
	 6475 10838   709   930   560
	 6476 10827   706   910   560
	 6478 10826   705   910   560
	 6479 10824   700   910   560
	 6482 10827   696   910   560
	 6482 10826   693   900   560
	 6484 10837   693   900   560
	 6485 10841   693   900   560
	 6490 10859   696   900   560
	 6493 10876   700   900   560
	 6501 10919   702   910   560
	 6509 10956   705   910   560
	 6517 11013   704   900   560
	 6526 11050   706   900   560
	 6530 11094   708   900   560
	 6533 11131   706   900   560
	 6537 11178   709   890   560
	 6539 11226   708   890   560
	 6541 11260   708   900   560
	 6535 11308   708   900   560
	 6532 11365   705   900   560
	 6519 11418   705   900   560
	 6507 11477   705   900   560
	 6492 11526   704   900   560
	 6459 11573   705   900   560
	 6438 11608   706   910   560
	 6399 11643   706   910   560
	 6364 11669   715   910   560
	 6325 11676   714   930   560
	 6275 11673   713   930   560
	 6225 11660   721   940   560
	 6176 11637   715   940   560
	 6122 11595   715   960   560
	 6072 11548   723   960   560
	 6024 11509   727   960   560
	 5980 11452   725   960   560
	 5942 11415   734   960   560
	 5908 11381   733   960   560
	 5885 11353   737   970   560
	 5874 11340   736   970   550
	 5875 11339   734   970   550
	 5878 11350   717   970   550
	 5884 11350   706   960   550
	 5906 11355   704   960   550
	 5942 11370   705   960   550
	 5994 11399   708   960   550
	 6063 11432   713   960   550
	 6145 11479   714   960   550
	 6248 11541   717   960   550
	 6370 11596   718   960   560
	 6488 11659   724   960   560
	 6610 11722   723   960   560
	 6724 11782   723   960   560
	 6845 11834   724   960   560
	 6957 11895   718   960   560
	 7048 11946   718   960   560
	 7131 12006   713   960   560
	 7207 12056   702   960   560
	 7276 12091   689   960   560
	 7333 12134   669   960   560
	 7379 12152   639   960   560
	 7410 12168   547   970   560
	 7423 12171   302   970   560
	 7420 12172   160   970   560
	 7397 12167    -1   970   560
	 7361 12138    -1   960   560
	 7310 12106    -1   960   560
	 7253 12059    -1   960   560
	 7193 12007    -1   960   550
	 7129 11948    -1   960   550
	 7092 11896    -1   960   550
	 7012 11820    -1   970   540
	 6944 11767    -1   970   540
	 6882 11692    -1   970   510
	 6823 11642    -1   970   510
	 6798 11589    -1   970   510
	 6770 11541    -1   960   460
	 6724 11484    -1   960   470
	 6697 11450    -1   950   470
	 6680 11404    -1   950   470
	 6666 11356    -1   940   470
	 6649 11317    -1   940   470
	 6637 11273    -1   940   470
	 6628 11228    -1   930   480
	 6619 11195    -1   920   480
	 6614 11159    -1   900   480
	 6607 11128    -1   890   490
	 6603 11094    -1   860   500
	 6600 11052    -1   850   510
	 6599 11029    -1   850   530
	 6597 10986    -1   830   540
	 6601 10955    -1   830   560
	 6602 10922    -1   820   570
	 6606 10891    -1   840   570
	 6605 10870    -1   840   570
	 6607 10840    -1   860   560
	 6605 10812    -1   870   560
	 6639 10794    -1   870   560
	 6637 10779    -1   890   560
	 6597 10763    -1   890   560
	 6595 10761    -1   910   560
	 6589 10760    -1   910   560
	 6585 10764    -1   930   560
	 6577 10775    -1   940   560
	 6569 10789    -1   960   560
	 6597 10796    -1   970   560
	 6543 10821    -1   970   560
	 6530 10839    -1   960   560
	 6524 10857    -1   960   560
	 6519 10874    -1   940   560
	 6517 10903    -1   940   560
	 6513 10933    -1   940   560
	 6516 10955    -1   940   560
	 6516 10987    -1   940   560
	 6520 11020    -1   940   550
	 6521 11063    -1   930   550
	 6521 11098    -1   930   550
	 6525 11143    -1   930   550
	 6527 11180    -1   930   550
	 6532 11224    -1   930   550
	 6581 11256    35   930   550
	 6538 11287   275   930   550
	 6538 11303   308   930   550
	 6538 11308   336   910   550
	 6539 11318   360   910   550
	 6540 11317   310   910   550
	 6540 11306   350   910   550
	 6538 11291   385   910   550
	 6544 11272   410   910   550
	 6551 11228   469   900   550
	 6554 11177   544   900   560
	 6554 11115   570   900   560
	 6564 11052   601   900   560
	 6564 10967   634   910   560
	 6567 10876   646   910   560
	 6563 10789   656   910   560
	 6551 10684   663   900   560
	 6539 10572   671   900   560
	 6519 10470   678   900   560
	 6500 10359   686   890   560
	 6476 10249   696   890   560
	 6447 10155   698   870   560
	 6418 10058   701   860   560
	 6390  9980   705   860   560
	 6365  9929   705   840   560
	 6347  9893   702   830   560
	 6332  9867   702   830   560
	 6320  9850   706   810   560
	 6309  9848   715   810   560
	 6301  9851   715   800   560
	 6278  9878   704   800   560
	 6246  9912   700   800   560
	 6213  9977   697   780   550
	 6183 10054   696   780   550
	 6162 10121   696   770   550
	 6135 10203   696   760   560
	 6117 10295   697   780   560
	 6099 10391   697   780   550
	 6081 10501   697   780   550
	 6070 10615   696   800   560
	 6074 10730   693   800   560
	 6097 10839   690   810   560
	 6129 10933   683   810   560
	 6173 11001   681   830   560
	 6225 11068   677   840   560
	 6290 11115   675   840   560
	 6360 11158   675   860   560
	 6424 11161   675   860   560
	 6490 11161   674   870   560
	 6550 11129   677   870   560
	 6600 11083   681   870   560
	 6648 11018   681   870   560
	 6682 10949   683   890   560
	 6714 10870   684   890   560
	 6731 10779   689   890   560
	 6741 10695   694   890   560
	 6743 10600   701   870   560
	 6728 10506   717   870   570
	 6709 10406   723   870   570
	 6685 10313   736   850   570
	 6651 10234   755   850   570
	 6617 10170   768   840   570
	 6587 10121   769   840   570
	 6559 10088   770   820   570
	 6529 10059   772   820   570
	 6501 10043   773   810   570
	 6466 10041   772   810   570
	 6425 10041   770   790   580
	 6383 10053   774   790   580
	 6342 10070   773   770   570
	 6299 10101   772   770   570
	 6264 10137   770   770   570
	 6230 10188   768   780   560
	 6203 10250   766   780   560
	 6178 10327   738   780   560
	 6164 10408   736   780   560
	 6152 10507   731   780   560
	 6164 10616   724   780   560
	 6190 10699   723   790   570
	 6223 10774   715   790   570
	 6267 10828   714   810   570
	 6328 10889   714   810   570
	 6383 10934   713   820   570
	 6443 10956   717   840   570
	 6499 10972   714   840   570
	 6543 10981   714   850   570
	 6584 10965   715   870   570
	 6617 10923   717   870   570
	 6643 10887   723   870   570
	 6665 10827   727   880   570
	 6673 10791   737   880   570
	 6676 10746   750   880   570
	 6673 10700   768   880   570
	 6665 10664   769   880   570
	 6652 10616   771   870   570
	 6637 10584   776   870   570
	 6627 10568   777   870   570
	 6622 10567   781   870   570
	 6620 10570   782   850   580
	 6620 10581   782   850   580
	 6618 10588   782   840   580
	 6614 10616   781   840   580
	 6611 10648   780   840   580
	 6605 10694   780   820   580
	 6608 10744   778   820   580
	 6618 10793   779   820   580
	 6626 10839   778   840   580
	 6636 10890   777   840   580
	 6646 10954   776   840   580
	 6668 11019   774   840   580
	 6694 11079   773   840   580
	 6718 11116   772   850   590
	 6754 11161   770   850   590
	 6790 11196   769   850   590
	 6835 11228   769   850   590
	 6879 11243   768   850   590
	 6905 11254   769   870   590
	 6928 11257   768   870   580
	 6939 11256   769   870   580
	 6949 11242   770   870   580
	 6955 11226   772   880   580
	 6960 11208   774   880   580
	 6961 11189   775   880   580
	 6960 11173   776   870   580
	 6956 11158   776   870   580
	 6956 11142   776   870   580
	 6952 11129   776   870   580
	 6949 11126   776   870   580
	 6949 11126   776   870   580
	 6949 11125   774   870   580
	 6951 11127   772   870   580
	 6954 11127   770   870   580
	 6956 11129   768   870   580
	 6962 11141   766   870   580
	 6968 11147   755   870   580
	 6977 11161   736   870   580
	 6993 11180   734   870   580
	 7017 11212   734   870   580
	 7046 11244   736   870   580
	 7081 11287   737   870   590
	 7122 11323   738   870   590
	 7172 11368   744   880   590
	 7222 11404   766   880   590
	 7271 11433   766   880   590
	 7316 11452   767   880   590
	 7356 11479   767   880   590
	 7390 11495   768   900   590
	 7423 11511   768   900   600
	 7455 11526   768   900   600
	 7479 11530   768   920   600
	 7495 11531   770   920   600
	 7503 11531   772   920   610
	 7512 11530   774   920   610
	 7516 11525   776   920   610
	 7519 11514   778   920   610
	 7519 11512   779   940   610
	 7521 11500   780   940   610
	 7521 11497   782   940   610
	 7525 11483   782   940   610
	 7527 11478   784   940   620
	 7526 11467   784   940   620
	 7531 11464   784   940   620
	 7531 11464   784   940   620
	 7531 11464   783   940   620
	 7533 11461   783   940   620
	 7538 11461   782   940   620
	 7546 11451   782   940   620
	 7564 11451   781   940   620
	 7576 11451   780   940   620
	 7593 11452   780   940   620
	 7623 11463   780   940   630
	 7651 11468   779   940   630
	 7690 11482   780   940   630
	 7730 11498   780   940   630
	 7781 11515   780   940   630
	 7837 11532   780   940   630
	 7899 11548   780   940   630
	 7972 11573   780   940   640
	 8030 11592   781   940   640
	 8097 11611   782   940   640
	 8167 11627   783   960   640
	 8243 11643   784   960   640
	 8312 11656   786   960   640
	 8390 11660   787   960   640
	 8463 11670   788   960   640
	 8531 11672   789   980   640
	 8591 11674   789   980   640
	 8658 11675   790   980   640
	 8712 11689   794   980   640
	 8771 11692   807   980   640
	 8831 11705   803   990   650
	 8886 11717   812   990   650
	 8953 11720   813  1000   640
	 9009 11734   814  1010   650
	 9065 11749   815  1010   650
	 9126 11756   816  1010   650
	 9181 11771   818  1010   650
	 9237 11783   818  1010   650
	 9290 11798   820  1010   650
	 9347 11813   821  1010   650
	 9402 11817   822  1010   650
	 9461 11831   824  1010   660
	 9514 11845   826  1010   660
	 9570 11852   829  1030   650
	 9624 11868   831  1030   650
	 9669 11883   834  1030   650
	 9707 11898   835  1030   650
	 9741 11911   836  1030   650
	 9764 11928   835  1050   650
	 9777 11928   836  1060   660
	 9772 11930   844  1060   660
	 9769 11928   864  1060   660
	 9760 11927   872  1070   670
	 9744 11926   875  1070   670
	 9714 11915   874  1090   670
	 9663 11913   867  1100   680
	 9582 11900   846  1100   680
	 9478 11865   838  1100   680
	 9343 11816   824  1100   680
	 9194 11769   820  1100   680
	 9033 11721   812  1100   680
	 8837 11658   815  1100   680
	 8645 11593   820  1100   680
	 8436 11499   826  1100   680
	 8215 11420   829  1080   680
	 7994 11349   830  1080   680
	 7755 11255   835  1080   680
	 7511 11162   840  1050   680
	 7264 11062   841  1050   680
	 7032 10966   838  1030   690
	 6805 10886   845  1020   680
	 6592 10796   846  1020   680
	 6415 10725   864  1000   680
	 6259 10652   853  1000   680
	 6136 10599   868  1000   680
	 6054 10553   871   990   670
	 6010 10523   870   970   670
	 5996 10518   862   970   670
	 5999 10517   834   970   670
	 6027 10521   822   970   670
	 6081 10535   816   970   670
	 6160 10554   815   970   670
	 6272 10597   817   970   670
	 6420 10661   818   970   670
	 6594 10730   820   970   670
	 6794 10822   822   990   670
	 7023 10918   824   990   670
	 7240 11031   826   970   670
	 7499 11159   829   970   670
	 7763 11271   828   970   670
	 8062 11386   827   970   670
	 8335 11516   825   970   670
	 8637 11660   815   970   670
	 8949 11788   787   990   670
	 9227 11912   783  1000   680
	 9488 12026   769  1000   680
	 9719 12118   693  1020   680
	 9919 12197   643  1020   680
	10096 12250   533  1020   680
	10219 12293   294  1020   680
	10318 12315   218  1050   670
