ABCDE-012_345_678 950
	 5994 18663     0   650   470
	 6003 18649    35   650   470
	 6007 18636   160   650   480
	 6013 18635   201   650   480
	 6017 18633   234   650   480
	 6024 18631   262   640   490
	 6033 18629   275   630   490
	 6071 18629   308   630   490
	 6056 18619   327   620   490
	 6067 18619   344   620   490
	 6080 18619   352   620   490
	 6096 18619   367   620   490
	 6113 18629   310   620   490
	 6128 18632   338   620   490
	 6146 18635   368   620   490
	 6164 18647   401   620   490
	 6184 18663   410   620   490
	 6200 18677   415   620   490
	 6214 18683   454   620   490
	 6232 18700   516   620   490
	 6251 18726   533   620   490
	 6268 18746   542   620   490
	 6290 18775   565   620   490
	 6305 18807   574   620   490
	 6325 18838   599   620   490
	 6333 18870   629   620   490
	 6344 18903   646   610   490
	 6348 18935   658   610   490
	 6352 18966   668   610   490
	 6348 19001   675   610   490
	 6345 19036   686   610   490
	 6340 19078   700   620   490
	 6331 19114   709   620   490
	 6318 19148   721   620   490
	 6303 19194   736   620   490
	 6285 19226   772   620   490
	 6275 19254   775   620   490
	 6253 19289   776   630   500
	 6230 19340   777   630   500
	 6198 19384   780   640   500
	 6168 19415   782   650   500
	 6144 19435   782   670   510
	 6110 19466   782   680   510
	 6079 19495   783   690   510
	 6048 19516   783   700   510
	 6019 19531   784   720   520
	 5987 19544   785   740   520
	 5951 19547   783   760   520
	 5929 19560   782   770   520
	 5893 19560   785   780   520
	 5844 19542   786   790   530
	 5809 19516   786   810   530
	 5777 19499   784   820   530
	 5742 19477   782   830   530
	 5710 19431   780   830   530
	 5674 19370   780   830   530
	 5643 19291   778   830   530
	 5625 19196   778   820   530
	 5605 19110   777   810   530
	 5587 18988   778   790   530
	 5570 18874   778   780   520
	 5562 18745   777   770   520
	 5563 18588   777   740   520
	 5568 18456   777   730   520
	 5580 18315   777   730   520
	 5602 18187   777   690   510
	 5629 18090   777   670   510
	 5661 18006   777   650   500
	 5712 17929   777   630   500
	 5734 17866   775   620   490
	 5781 17814   772   610   490
	 5828 17781   770   580   500
	 5875 17752   768   570   490
	 5928 17739   760   560   490
	 5964 17739   744   550   480
	 6005 17749   733   540   480
	 6042 17766   729   540   480
	 6081 17786   730   520   480
	 6117 17829   727   520   480
	 6150 17865   730   500   480
	 6177 17915   733   500   480
	 6203 17977   737   500   480
	 6225 18042   736   500   480
	 6246 18117   744   490   470
	 6258 18184   766   490   470
	 6266 18264   767   500   480
	 6272 18344   769   500   480
	 6276 18411   770   500   480
	 6273 18485   772   520   480
	 6273 18554   772   520   480
	 6328 18630   772   520   480
	 6260 18697   774   530   490
	 6247 18780   776   540   480
	 6225 18858   775   550   480
	 6212 18924   776   550   480
	 6195 18983   776   560   490
	 6173 19034   776   560   490
	 6157 19065   776   570   490
	 6142 19084   778   580   500
	 6128 19100   781   580   500
	 6122 19110   787   600   500
	 6116 19111   794   600   500
	 6107 19100   799   600   500
	 6102 19094   799   610   500
	 6090 19078   789   610   500
	 6083 19036   785   610   500
	 6080 18997   783   610   500
	 6084 18937   782   620   510
	 6089 18873   779   620   510
	 6098 18794   777   620   510
	 6108 18710   777   620   510
	 6127 18614   774   620   510
	 6148 18521   774   610   500
	 6159 18443   773   610   500
	 6179 18374   772   610   500
	 6203 18313   771   610   500
	 6232 18248   768   610   500
	 6265 18187   767   600   500
	 6290 18152   737   580   500
	 6308 18119   729   570   490
	 6330 18090   724   570   490
	 6348 18072   722   560   490
	 6360 18059   715   560   490
	 6373 18059   704   550   480
	 6381 18058   693   550   480
	 6390 18058   681   540   480
	 6398 18069   668   540   480
	 6400 18074   663   530   480
	 6402 18087   661   530   480
	 6409 18102   661   530   480
	 6412 18124   661   500   480
	 6412 18156   660   500   480
	 6414 18197   661   500   480
	 6414 18231   660   500   480
	 6416 18262   660   500   480
	 6417 18282   660   500   480
	 6417 18295   658   520   480
	 6418 18296   660   520   480
	 6417 18296   664   520   480
	 6417 18296   669   520   480
	 6417 18294   672   530   490
	 6420 18283   675   530   490
	 6424 18268   674   530   490
	 6429 18248   672   530   490
	 6434 18229   674   530   490
	 6438 18200   674   530   490
	 6441 18181   674   530   490
	 6448 18153   674   530   490
	 6452 18133   674   530   490
	 6458 18108   674   530   490
	 6459 18101   674   530   490
	 6466 18089   672   530   490
	 6469 18086   669   530   490
	 6476 18076   664   520   480
	 6481 18075   660   520   480
	 6488 18076   655   520   480
	 6494 18085   651   520   480
	 6497 18089   651   520   480
	 6501 18101   651   520   480
	 6507 18108   651   520   480
	 6511 18124   653   520   480
	 6514 18150   653   520   480
	 6519 18156   653   520   480
	 6523 18171   653   520   480
	 6527 18197   653   520   480
	 6534 18204   653   520   480
	 6537 18215   653   520   480
	 6539 18219   653   520   480
	 6536 18230   653   520   480
	 6537 18230   653   520   480
	 6540 18230   653   520   480
	 6540 18230   653   520   480
	 6540 18231   656   520   480
	 6542 18231   656   520   480
	 6539 18231   658   520   480
	 6543 18229   660   520   480
	 6546 18220   660   520   480
	 6549 18218   661   520   480
	 6556 18215   664   520   480
	 6568 18201   669   520   480
	 6576 18197   669   520   480
	 6587 18186   674   520   480
	 6597 18183   674   520   480
	 6603 18182   674   520   480
	 6610 18182   672   520   480
	 6620 18183   669   520   480
	 6627 18184   669   520   480
	 6631 18197   671   520   480
	 6643 18202   675   520   480
	 6658 18220   677   500   480
	 6671 18248   681   520   480
	 6686 18268   678   520   480
	 6696 18299   681   520   480
	 6706 18328   681   520   480
	 6721 18361   683   510   490
	 6729 18395   686   520   490
	 6762 18428   681   520   490
	 6749 18473   671   520   490
	 6755 18504   646   530   500
	 6762 18539   577   530   500
	 6762 18582   344   530   500
	 6764 18616   218   540   500
	 6755 18648    -1   540   500
	 6744 18680    -1   540   500
	 6729 18713    -1   540   510
	 6715 18757    -1   540   510
	 6700 18793    -1   540   510
	 6683 18841    -1   540   510
	 6665 18888    -1   560   520
	 6651 18936    -1   570   510
	 6638 18987    -1   570   510
	 6626 19034    -1   580   510
	 6614 19082    -1   580   510
	 6605 19142    -1   580   510
	 6597 19157    -1   590   520
	 6588 19177    -1   590   520
	 6579 19193    -1   600   520
	 6576 19206    -1   610   510
	 6571 19205    -1   630   520
	 6569 19193    -1   630   520
	 6568 19179    -1   630   520
	 6566 19163    -1   640   520
	 6601 19145     0   650   510
	 6545 19141   360   650   510
	 6533 19099   269   650   510
	 6536 19083   390   650   510
	 6530 19066   410   650   510
	 6530 19047   429   650   510
	 6532 19017   480   650   510
	 6537 18983   513   630   510
	 6546 18939   542   630   510
	 6553 18889   555   630   510
	 6562 18838   567   620   510
	 6578 18763   599   620   510
	 6590 18694   636   600   510
	 6609 18616   645   600   510
	 6630 18550   658   600   510
	 6645 18491   668   590   510
	 6667 18440   669   590   510
	 6690 18396   671   580   500
	 6719 18361   672   580   500
	 6758 18331   669   580   500
	 6758 18311   669   560   500
	 6779 18296   668   550   510
	 6802 18283   663   540   500
	 6833 18278   653   540   500
	 6847 18279   645   540   500
	 6865 18281   636   530   500
	 6882 18294   632   530   500
	 6896 18309   623   520   500
	 6910 18325   619   520   500
	 6922 18343   615   520   500
	 6931 18361   619   520   500
	 6937 18380   625   520   500
	 6943 18407   621   520   500
	 6946 18425   621   520   500
	 6948 18443   625   520   500
	 6948 18460   625   520   500
	 6946 18476   625   520   500
	 6944 18492   630   520   500
	 6943 18506   632   530   510
	 6937 18518   634   530   510
	 6934 18523   641   530   510
	 6927 18523   650   530   510
	 6925 18523   658   540   510
	 6914 18533   663   540   510
	 6910 18524   664   540   510
	 6904 18524   664   540   510
	 6896 18521   664   550   510
	 6884 18506   664   550   510
	 6879 18490   664   550   510
	 6871 18460   671   550   510
	 6867 18438   672   550   510
	 6864 18406   678   550   510
	 6862 18374   683   550   510
	 6865 18342   684   550   510
	 6872 18309   686   550   510
	 6876 18282   687   530   510
	 6884 18268   684   530   510
	 6900 18262   677   530   510
	 6914 18262   669   530   510
	 6922 18251   663   520   500
	 6932 18251   660   520   500
	 6942 18262   656   520   500
	 6953 18265   651   510   500
	 6959 18277   650   510   500
	 6964 18282   646   510   500
	 6973 18295   646   510   500
	 6976 18311   650   510   500
	 6978 18329   648   510   500
	 6979 18344   646   510   500
	 6979 18363   648   510   500
	 6976 18380   648   510   500
	 6974 18405   648   510   500
	 6968 18412   648   510   500
	 6967 18422   651   510   500
	 6965 18424   660   520   500
	 6962 18424   668   520   500
	 6962 18425   678   520   500
	 6963 18425   684   520   500
	 6963 18423   686   530   510
	 6964 18421   683   530   510
	 6968 18409   681   530   510
	 6972 18392   680   530   510
	 6981 18374   680   530   510
	 6986 18357   678   530   510
	 6993 18331   680   530   510
	 6999 18315   678   530   510
	 7003 18309   678   530   510
	 7010 18295   677   530   510
	 7018 18284   675   530   510
	 7025 18281   671   520   500
	 7032 18281   668   520   500
	 7037 18281   663   520   500
	 7044 18282   656   520   500
	 7049 18293   656   520   500
	 7056 18296   655   520   500
	 7064 18300   646   520   500
	 7070 18312   650   520   500
	 7071 18327   651   520   500
	 7075 18343   653   520   500
	 7078 18358   651   520   500
	 7079 18363   653   520   500
	 7079 18380   651   520   500
	 7081 18395   653   520   500
	 7080 18411   653   520   500
	 7079 18427   653   520   500
	 7080 18441   653   520   500
	 7080 18453   655   520   500
	 7079 18455   656   520   500
	 7078 18456   661   530   510
	 7077 18456   671   530   510
	 7079 18456   678   530   510
	 7079 18454   683   530   510
	 7083 18442   681   530   510
	 7086 18426   680   530   510
	 7090 18411   678   530   510
	 7096 18394   678   530   510
	 7103 18376   677   530   510
	 7108 18359   674   530   510
	 7120 18341   674   530   510
	 7133 18316   674   530   510
	 7146 18310   669   530   510
	 7156 18297   668   530   510
	 7170 18295   661   520   500
	 7182 18294   658   520   500
	 7194 18294   651   520   500
	 7207 18296   645   520   500
	 7219 18309   636   520   500
	 7226 18313   621   520   500
	 7233 18327   601   520   500
	 7237 18332   592   520   500
	 7240 18346   592   520   500
	 7240 18361   601   520   500
	 7242 18375   601   520   500
	 7244 18390   584   520   500
	 7239 18395   603   520   500
	 7235 18410   615   520   500
	 7231 18425   621   520   500
	 7230 18438   625   520   500
	 7222 18442   634   520   500
	 7215 18444   638   520   500
	 7210 18454   645   520   500
	 7209 18455   653   530   510
	 7208 18453   660   530   510
	 7207 18455   663   530   510
	 7208 18444   668   530   510
	 7206 18442   671   530   510
	 7206 18438   672   530   510
	 7208 18426   686   530   510
	 7207 18423   706   530   510
	 7203 18412   766   530   510
	 7207 18409   778   530   510
	 7206 18406   812   530   510
	 7208 18405   827   530   510
	 7209 18396   839   530   510
	 7210 18396   849   530   510
	 7212 18395   868   530   510
	 7216 18394   875   530   510
	 7216 18394   880   530   510
	 7220 18395   885   520   520
	 7219 18394   894   520   520
	 7221 18394   901   520   520
	 7224 18394   906   520   520
	 7223 18394   907   520   520
	 7226 18393   912   520   520
	 7226 18394   915   520   520
	 7225 18394   913   520   520
	 7227 18394   915   520   520
	 7227 18394   912   520   520
	 7227 18394   913   530   520
	 7230 18394   912   530   520
	 7229 18395   912   530   520
	 7229 18395   910   530   520
	 7230 18395   908   530   520
	 7232 18395   902   530   520
	 7231 18395   897   530   520
	 7229 18395   891   530   520
	 7230 18395   885   530   520
	 7234 18395   881   530   520
	 7239 18396   879   530   520
	 7246 18407   876   530   520
	 7255 18408   874   530   520
	 7271 18412   871   530   520
	 7284 18423   856   530   520
	 7298 18427   844   530   520
	 7311 18438   841   530   520
	 7330 18442   838   530   520
	 7348 18455   831   530   520
	 7366 18459   821   530   520
	 7376 18469   815   530   520
	 7388 18472   812   530   520
	 7397 18473   788   530   520
	 7406 18476   784   530   520
	 7410 18476   783   530   520
	 7410 18476   782   530   520
	 7412 18485   782   530   520
	 7412 18476   782   530   520
	 7414 18476   783   530   520
	 7410 18476   784   530   520
	 7410 18476   784   530   520
	 7410 18476   786   530   520
	 7410 18476   786   530   520
	 7408 18476   787   530   520
	 7408 18476   787   530   520
	 7403 18476   787   550   530
	 7397 18472   787   530   520
	 7390 18469   786   530   520
	 7383 18458   786   530   520
	 7376 18455   787   530   520
	 7369 18454   787   530   520
	 7362 18443   788   530   520
	 7358 18439   788   530   520
	 7352 18438   790   530   520
	 7348 18427   799   530   520
	 7346 18425   799   530   520
	 7341 18421   794   530   520
	 7342 18410   794   530   520
	 7341 18407   790   530   520
	 7341 18394   790   520   520
	 7340 18389   790   520   520
	 7341 18377   790   520   520
	 7344 18376   790   520   520
	 7346 18373   790   520   520
	 7346 18363   789   520   520
	 7350 18362   789   520   520
	 7350 18362   789   520   520
	 7354 18362   788   520   520
	 7354 18362   788   520   520
	 7358 18362   788   520   520
	 7358 18362   788   520   520
	 7362 18362   788   520   520
	 7366 18363   788   520   520
	 7370 18363   788   520   520
	 7374 18373   788   520   520
	 7379 18373   788   520   520
	 7381 18376   788   520   520
	 7387 18377   788   520   520
	 7392 18379   787   520   520
	 7397 18390   787   520   520
	 7405 18392   787   520   520
	 7408 18395   786   520   520
	 7410 18406   786   520   520
	 7415 18412   787   520   520
	 7419 18425   787   520   520
	 7424 18442   787   520   520
	 7430 18457   787   520   520
	 7434 18485   788   520   520
	 7436 18507   788   520   520
	 7443 18539   787   520   520
	 7447 18572   788   520   520
	 7447 18619   788   520   520
	 7447 18668   787   520   520
	 7445 18725   787   520   520
	 7444 18773   787   530   520
	 7436 18824   787   530   520
	 7429 18876   787   530   520
	 7421 18924   787   530   520
	 7415 18969   787   530   520
	 7406 19014   788   550   530
	 7398 19050   787   550   530
	 7388 19095   787   550   530
	 7378 19129   787   550   530
	 7368 19164   787   560   530
	 7355 19209   787   560   530
	 7343 19244   787   560   530
	 7333 19288   787   580   530
	 7325 19335   787   580   530
	 7311 19367   787   590   530
	 7305 19398   787   610   530
	 7354 19434   787   620   540
	 7285 19466   787   630   540
	 7280 19500   787   650   540
	 7270 19527   786   660   550
	 7268 19557   787   680   550
	 7259 19575   787   690   550
	 7264 19578   786   700   550
	 7258 19590   787   730   550
	 7258 19590   788   740   550
	 7253 19590   789   750   550
	 7253 19590   799   770   550
	 7253 19589   807   780   550
	 7253 19577   812   800   560
	 7245 19564   799   810   560
	 7246 19546   803   810   560
	 7246 19516   790   810   560
	 7250 19480   789   810   560
	 7253 19434   789   810   560
	 7256 19384   788   800   560
	 7263 19323   788   780   550
	 7273 19269   788   770   550
	 7288 19206   788   750   550
	 7301 19132   787   740   550
	 7325 19066   788   730   550
	 7346 18999   788   700   540
	 7371 18922   787   680   540
	 7387 18855   788   670   540
	 7414 18776   787   660   530
	 7441 18681   786   630   530
	 7464 18604   787   610   530
	 7475 18538   786   590   530
	 7513 18476   787   580   530
	 7556 18422   784   570   520
	 7591 18378   784   560   520
	 7628 18341   783   530   520
	 7663 18309   782   530   520
	 7727 18281   779   520   520
	 7736 18251   775   520   520
	 7772 18234   772   500   520
	 7801 18229   769   480   510
	 7826 18231   738   480   510
	 7852 18236   729   480   510
	 7890 18250   721   480   510
	 7907 18278   715   460   510
	 7921 18298   717   460   510
	 7929 18330   723   460   510
	 7939 18378   730   460   510
	 7942 18428   734   460   510
	 7949 18502   760   460   510
	 7956 18568   769   460   510
	 7965 18645   773   470   520
	 7968 18731   774   470   520
	 7969 18822   776   470   520
	 7972 18904   778   470   520
	 7969 18998   780   490   520
	 7958 19080   782   490   520
	 7948 19173   785   490   520
	 7926 19260   788   500   530
	 7897 19356   799   510   530
	 7866 19448   814   530   530
	 7830 19525   818   560   540
	 7798 19590   825   570   550
	 7757 19670   830   600   550
	 7721 19724   835   620   560
	 7696 19756   849   640   560
	 7680 19783   871   660   570
	 7655 19799   874   670   570
	 7631 19814   879   710   570
	 7614 19815   882   720   580
	 7596 19814   882   750   580
	 7582 19797   877   770   580
	 7565 19783   875   800   590
	 7556 19754   853   820   590
	 7551 19724   841   830   590
	 7553 19672   821   830   590
	 7560 19623   788   840   580
	 7569 19573   767   840   580
	 7582 19514   658   840   580
	 7597 19477   357   840   580
	 7610 19429   136   820   580
	 7612 19386    -1   800   580
	 7612 19339    -1   790   580
	 7616 19306    -1   790   580
	 7616 19272    -1   760   570
	 7618 19242    -1   750   560
	 7629 19211    -1   750   560
	 7676 19193    -1   750   560
	 7662 19174    -1   700   550
	 7715 19143    -1   690   550
	 7716 19113    -1   680   550
	 7750 19094    -1   670   560
	 7785 19064    -1   650   550
	 7837 19035    -1   650   550
	 7857 19003    -1   650   540
	 7893 18972    -1   660   530
	 7927 18949    -1   660   510
	 7963 18917    -1   670   510
	 7994 18885    -1   670   500
	 8020 18853    -1   670   490
	 8039 18823    -1   680   480
	 8056 18780    -1   680   480
	 8069 18757    -1   680   470
	 8079 18714    -1   670   470
	 8107 18684    -1   680   460
	 8087 18683    -1   670   460
	 8087 18631    -1   670   450
	 8081 18600    -1   670   440
	 8073 18571    -1   660   430
	 8065 18551    -1   660   420
	 8058 18523    -1   660   420
	 8067 18505    -1   640   440
	 8042 18517    -1   630   450
	 8035 18474    -1   620   450
	 8028 18485    -1   600   460
	 8023 18455    -1   590   470
	 8020 18442    -1   580   470
	 8017 18439    -1   570   480
	 8013 18428     0   570   480
	 8008 18426   201   560   490
	 8002 18423   249   550   500
	 7993 18423   286   550   500
	 7993 18423   317   540   500
	 7988 18423   336   540   500
	 7984 18424   352   540   500
	 7983 18426   367   530   510
	 7979 18426   286   530   510
	 7981 18426   310   520   520
	 7979 18427   338   520   520
	 7981 18428   357   520   520
	 7983 18438   374   520   520
	 7987 18439   395   520   520
	 7991 18442   405   520   520
	 7997 18454   437   520   520
	 8003 18459   519   520   520
	 8018 18473   525   520   520
	 8030 18488   536   520   520
	 8047 18506   550   520   520
	 8069 18524   557   530   520
	 8091 18551   565   530   520
	 8114 18569   567   530   520
	 8157 18588   570   530   520
	 8158 18615   574   530   520
	 8177 18632   574   530   520
	 8194 18649   579   530   520
	 8212 18663   579   530   520
	 8225 18679   584   550   530
	 8240 18684   588   550   530
	 8249 18700   590   550   530
	 8254 18713   590   550   530
	 8260 18725   599   550   530
	 8264 18728   599   550   530
	 8262 18729   601   550   530
	 8264 18731   605   550   530
	 8261 18731   621   550   530
	 8257 18741   634   550   530
	 8256 18741   643   550   530
	 8253 18743   650   550   530
	 8246 18745   653   560   530
	 8231 18747   653   560   530
	 8217 18758   655   560   530
	 8203 18758   653   560   530
	 8185 18748   653   560   530
	 8164 18746   648   560   530
	 8148 18732   646   560   530
	 8128 18716   648   560   530
	 8111 18700   648   560   530
	 8097 18682   648   560   530
	 8083 18665   650   560   530
	 8072 18645   650   560   530
	 8067 18616   651   560   530
	 8065 18588   653   550   530
	 8063 18568   656   550   530
	 8063 18539   656   550   530
	 8063 18520   658   550   530
	 8069 18504   660   550   530
	 8080 18487   660   550   530
	 8090 18473   658   550   530
	 8102 18459   656   550   530
	 8119 18456   656   550   530
	 8131 18456   653   550   530
	 8145 18455   653   550   530
	 8164 18458   651   530   520
	 8180 18469   650   530   520
	 8193 18472   646   530   520
	 8207 18485   643   530   520
	 8218 18491   645   530   520
	 8230 18507   645   530   520
	 8245 18534   646   530   520
	 8250 18553   646   530   520
	 8258 18581   646   530   520
	 8262 18602   648   530   520
	 8265 18620   648   530   520
	 8261 18647   648   530   520
	 8260 18662   650   530   520
	 8256 18668   651   530   520
	 8249 18684   655   530   520
	 8244 18699   658   530   520
	 8238 18711   660   530   520
	 8231 18713   660   550   530
	 8227 18714   661   550   530
	 8222 18716   663   550   530
	 8215 18716   663   550   530
	 8214 18715   666   550   530
	 8208 18712   668   550   530
	 8204 18698   668   550   530
	 8203 18681   663   550   530
	 8203 18651   663   550   530
	 8195 18629   664   550   530
	 8197 18601   671   550   530
	 8200 18571   669   550   530
	 8206 18540   669   550   530
	 8210 18517   669   550   530
	 8221 18490   669   550   530
	 8229 18475   668   550   530
	 8242 18469   668   550   530
	 8252 18458   666   550   530
	 8263 18456   664   530   520
	 8281 18455   663   530   520
	 8292 18455   660   530   520
	 8306 18457   660   530   520
	 8319 18459   660   530   520
	 8331 18472   658   520   530
	 8346 18486   660   520   530
	 8359 18503   660   520   530
	 8379 18519   660   520   530
	 8391 18537   661   520   530
	 8405 18555   661   520   530
	 8414 18585   663   520   530
	 8424 18604   660   520   530
	 8434 18632   661   520   530
	 8441 18661   661   520   530
	 8448 18682   661   520   530
	 8452 18700   658   520   530
	 8458 18725   658   520   530
	 8458 18731   658   520   530
	 8458 18743   658   520   530
	 8457 18744   658   520   530
	 8457 18744   660   520   530
	 8457 18746   663   520   530
	 8457 18744   664   520   530
	 8453 18744   668   530   520
	 8457 18744   668   530   520
	 8455 18732   668   530   520
	 8456 18727   663   530   520
	 8456 18712   661   530   520
	 8455 18697   660   550   530
	 8459 18683   660   530   530
	 8463 18668   660   530   530
	 8470 18661   660   520   530
	 8474 18645   660   520   530
	 8483 18630   660   520   530
	 8489 18617   660   520   530
	 8498 18613   656   520   530
	 8506 18603   655   520   530
	 8510 18603   653   520   530
	 8520 18603   646   520   530
	 8524 18604   641   520   530
	 8530 18613   636   520   530
	 8536 18615   629   520   530
	 8537 18617   625   520   530
	 8540 18619   625   520   530
	 8545 18631   625   520   530
	 8553 18636   629   520   530
	 8557 18652   630   520   530
	 8563 18667   625   520   530
	 8570 18683   621   520   530
	 8572 18698   615   520   530
	 8575 18714   605   520   530
	 8576 18732   599   520   530
	 8575 18747   581   520   530
	 8575 18761   574   520   530
	 8572 18774   574   520   530
	 8567 18780   574   520   530
	 8563 18793   574   520   530
	 8556 18805   579   520   530
	 8553 18808   584   520   530
	 8543 18812   588   520   530
	 8534 18823   592   530   530
	 8528 18825   603   530   530
	 8519 18827   609   530   530
	 8513 18827   619   530   530
	 8505 18827   625   530   530
	 8498 18824   625   530   530
	 8489 18823   632   530   530
	 8481 18811   632   530   530
	 8474 18806   636   530   530
	 8466 18794   638   530   530
	 8458 18780   638   530   530
	 8453 18762   638   530   530
	 8451 18745   639   530   530
	 8446 18726   645   530   530
	 8445 18699   645   530   530
	 8443 18681   650   530   530
	 8445 18661   646   530   530
	 8445 18631   648   530   530
	 8446 18613   646   530   530
	 8457 18585   651   520   530
	 8464 18569   651   520   530
	 8479 18554   650   520   530
	 8487 18550   648   520   530
	 8504 18539   646   520   530
	 8514 18538   645   520   530
	 8524 18538   639   520   530
	 8536 18540   636   520   530
	 8545 18550   634   510   520
	 8555 18552   632   510   520
	 8564 18556   634   510   520
	 8570 18569   632   510   520
	 8574 18582   632   510   520
	 8577 18598   634   510   520
	 8582 18615   632   500   530
	 8585 18632   636   500   530
	 8587 18650   634   500   530
	 8588 18666   632   500   530
	 8583 18679   629   500   530
	 8581 18684   630   500   530
	 8577 18698   630   500   530
	 8572 18711   632   500   530
	 8567 18716   634   510   520
	 8562 18730   634   510   520
	 8553 18741   634   510   520
	 8543 18744   632   510   520
	 8537 18748   632   520   530
	 8528 18758   632   520   530
	 8520 18759   634   520   530
	 8513 18762   634   520   530
	 8506 18763   634   520   530
	 8497 18762   636   520   530
	 8496 18760   634   520   530
	 8488 18748   634   520   530
	 8486 18744   634   520   530
	 8481 18731   634   520   530
	 8483 18715   636   520   530
	 8485 18700   636   520   530
	 8486 18693   638   520   530
	 8489 18667   638   520   530
	 8493 18652   638   520   530
	 8501 18635   636   520   530
	 8513 18620   638   520   530
	 8520 18615   638   520   530
	 8527 18602   638   520   530
	 8533 18600   636   520   530
	 8544 18588   636   520   530
	 8556 18586   634   520   530
	 8566 18586   632   510   520
	 8577 18587   630   510   520
	 8586 18599   632   510   520
	 8593 18603   625   500   530
	 8602 18616   630   500   530
	 8615 18632   634   500   530
	 8620 18651   634   500   530
	 8630 18682   638   500   530
	 8638 18716   643   500   530
	 8642 18760   646   500   530
	 8651 18806   650   500   530
	 8665 18854   655   500   530
	 8681 18902   664   500   530
	 8692 18954   671   500   530
	 8702 19004   677   500   530
	 8712 19066   681   500   530
	 8723 19127   689   510   530
	 8734 19190   697   510   530
	 8739 19255   700   510   530
	 8738 19324   706   520   540
	 8742 19397   710   540   540
	 8734 19452   724   550   550
	 8726 19515   738   580   560
	 8718 19579   768   590   560
	 8707 19653   769   610   560
	 8697 19706   770   640   570
	 8688 19755   773   650   580
	 8683 19787   774   680   580
	 8675 19802   778   700   580
	 8676 19804   803   730   590
	 8676 19804   820   750   590
	 8678 19798   821   780   590
	 8689 19755   818   800   600
	 8714 19675   816   810   600
	 8744 19593   815   810   600
	 8792 19468   817   810   610
	 8859 19333   816   810   610
	 8932 19179   814   790   610
	 9025 19046   807   760   600
	 9112 18903   789   730   610
	 9187 18791   789   700   600
	 9257 18695   779   660   610
	 9343 18619   774   640   600
	 9440 18582   744   600   600
	 9527 18571   721   550   600
	 9619 18587   691   520   590
	 9704 18629   696   480   590
	 9774 18665   697   440   580
	 9834 18727   702   420   580
	 9890 18792   706   380   570
	 9932 18869   714   360   570
	 9961 18936   725   350   560
	 9978 19002   734   320   560
	 9981 19066   760   310   560
	 9973 19115   768   310   560
	 9947 19173   777   290   560
	 9904 19222   780   290   560
	 9849 19272   785   290   560
	 9773 19324   789   300   570
	 9688 19370   812   310   580
	 9583 19417   815   330   590
	 9444 19464   818   340   600
	 9310 19494   821   380   610
	 9159 19515   827   390   610
	 9010 19526   829   400   620
	 8830 19528   829   430   630
	 8649 19499   843   470   630
	 8483 19462   846   480   640
	 8279 19402   849   510   640
	 8091 19324   864   510   640
	 7888 19238   867   550   640
	 7682 19144   876   550   640
	 7490 19036   877   560   630
	 7271 18933   881   560   630
	 7080 18809   890   570   620
	 6905 18668   895   560   620
	 6729 18524   904   540   610
	 6582 18394   918   540   600
	 6452 18267   946   540   600
	 6332 18167   951   510   590
	 6250 18091   960   480   580
	 6195 18043   965   480   570
	 6178 18021   971   460   560
	 6171 18008   966   450   550
	 6180 18008   951   440   550
	 6201 18007   936   430   540
	 6261 18005   936   430   540
	 6348 17994   932   410   540
	 6455 17996   928   410   540
	 6578 18011   928   390   530
	 6707 18038   930   390   530
	 6871 18073   932   390   530
	 7028 18118   934   380   530
	 7191 18172   937   380   530
	 7374 18262   936   380   530
	 7560 18342   941   380   530
	 7740 18410   941   380   530
	 7929 18488   945   380   540
	 8101 18572   950   380   540
	 8269 18663   951   380   540
	 8450 18747   952   380   540
	 8612 18821   952   390   550
	 8757 18874   951   390   550
	 8881 18923   951   390   550
	 9000 18956   950   390   560
	 9095 18982   948   390   560
	 9158 18987   948   390   560
	 9215 18988   948   400   560
	 9262 18988   941   400   560
	 9302 18986   929   400   560
	 9336 18981   902   380   570
	 9360 18966   877   380   570
	 9386 18952   821   380   570
	 9408 18935   760   400   580
	 9430 18920   557   400   580
	 9444 18905   297   400   580
