ABCDE-012_345_678 302
	20592 15594    75  1300   530
	20611 15644   182  1300   530
	20627 15686   249  1310   520
	20638 15708   286  1310   520
	20647 15734   308  1310   520
	20657 15740   327  1310   520
	20662 15752   344  1330   520
	20664 15751   360  1330   520
	20664 15739   367  1340   520
	20666 15722   294  1340   520
	20665 15688   331  1340   520
	20658 15623   363  1340   520
	20644 15548   401  1350   530
	20624 15467   415  1350   530
	20606 15372   480  1350   530
	20581 15285   519  1350   530
	20553 15189   531  1350   530
	20529 15097   533  1350   530
	20502 15018   542  1340   540
	20474 14949   544  1330   530
	20452 14872   544  1330   530
	20426 14808   547  1310   540
	20409 14757   547  1310   540
	20397 14700   544  1290   530
	20382 14666   539  1290   530
	20381 14648   533  1280   540
	20385 14645   525  1260   540
	20386 14636   446  1250   540
	20393 14645   410  1240   540
	20401 14663   401  1240   540
	20413 14693   401  1240   540
	20435 14731   401  1230   550
	20464 14793   395  1230   550
	20495 14858   395  1220   540
	20529 14924   395  1220   540
	20557 14997   395  1220   540
	20585 15063   395  1230   550
	20611 15132   401  1230   550
	20639 15223   395  1240   540
	20667 15306   401  1240   540
	20702 15385   405  1240   540
	20736 15461   410  1250   540
	20771 15527   410  1260   540
	20802 15578   415  1280   540
	20831 15622   429  1280   540
	20853 15644   462  1290   530
	20870 15669   480  1290   530
	20885 15672   494  1310   540
	20887 15669   507  1310   540
	20894 15654   516  1310   540
	20895 15624   519  1330   530
	20895 15580   528  1340   540
	20889 15528   531  1340   540
	20879 15466   533  1340   540
	20863 15400   539  1340   540
	20838 15323   542  1340   540
	20815 15254   544  1340   540
	20790 15178   547  1340   540
	20771 15111   550  1340   540
	20753 15052   550  1340   540
	20741 15003   550  1330   540
	20730 14966   550  1310   540
	20734 14934   550  1310   540
	20743 14908   544  1300   540
	20750 14902   542  1300   540
	20766 14888   539  1300   540
	20778 14886   531  1280   540
	20796 14886   525  1280   540
	20815 14889   525  1280   540
	20836 14901   528  1260   540
	20858 14917   528  1260   540
	20884 14935   528  1260   540
	20912 14956   531  1260   540
	20936 14987   531  1260   540
	20958 15016   531  1260   540
	20982 15049   528  1260   540
	21008 15081   528  1260   540
	21030 15113   525  1270   550
	21047 15131   525  1270   550
	21060 15148   525  1270   550
	21067 15158   525  1290   550
	21068 15159   525  1290   550
	21070 15146   528  1290   550
	21069 15142   533  1300   550
	21067 15116   539  1310   550
	21063 15084   544  1310   550
	21055 15046   547  1310   550
	21041 15000   550  1310   550
	21026 14954   552  1310   550
	21022 14917   552  1310   550
	21022 14885   552  1310   550
	21026 14855   552  1310   550
	21037 14838   552  1300   550
	21047 14824   552  1300   550
	21060 14809   552  1300   550
	21072 14807   552  1300   550
	21087 14808   555  1290   560
	21106 14808   555  1290   560
	21127 14811   555  1290   560
	21149 14828   555  1290   560
	21171 14855   557  1290   560
	21197 14876   557  1290   560
	21219 14905   560  1290   560
	21240 14935   557  1300   560
	21258 14955   557  1300   560
	21278 14981   560  1300   560
	21294 14997   560  1300   560
	21309 15000   560  1300   560
	21319 15003   560  1300   560
	21326 15003   560  1310   570
	21333 15002   560  1310   570
	21333 15000   557  1320   570
	21334 14997   560  1320   570
	21336 14983   560  1320   570
	21334 14967   565  1340   570
	21334 14939   570  1340   570
	21333 14917   572  1340   570
	21334 14888   572  1340   570
	21334 14870   572  1340   570
	21343 14856   572  1340   570
	21354 14840   572  1340   570
	21366 14825   572  1340   570
	21376 14810   574  1340   570
	21390 14805   574  1340   570
	21396 14793   572  1350   580
	21406 14791   572  1340   580
	21412 14791   574  1340   580
	21419 14777   574  1340   580
	21427 14775   577  1320   580
	21437 14764   581  1320   580
	21447 14763   590  1320   580
	21459 14762   609  1320   580
	21465 14761   623  1310   580
	21473 14761   634  1310   580
	21485 14762   645  1300   580
	21502 14764   658  1300   580
	21518 14773   668  1300   580
	21531 14778   677  1300   580
	21549 14795   690  1300   580
	21574 14824   705  1300   580
	21602 14854   736  1300   580
	21626 14886   760  1300   580
	21658 14934   773  1300   580
	21687 14985   777  1300   580
	21705 15052   778  1300   580
	21730 15160   777  1300   580
	21757 15290   777  1310   570
	21757 15430   775  1320   580
	21748 15575   771  1340   570
	21740 15719   769  1340   570
	21723 15820   771  1360   570
	21708 15896   767  1360   570
	21690 15944   724  1380   570
	21678 15977   689  1390   570
	21669 15994   653  1400   560
	21664 16007   615  1400   560
	21657 16005   533  1430   560
	21655 15990   401  1430   560
	21647 15962   357  1430   560
	21638 15928   269  1440   560
	21634 15881   327  1440   560
	21636 15833   234  1440   560
	21638 15782     0  1440   560
	21652 15722    -1  1440   560
	21662 15670    -1  1440   560
	21673 15606    -1  1430   550
	21683 15544    -1  1430   550
	21693 15479    -1  1430   550
	21703 15418    -1  1410   560
	21719 15365    -1  1410   560
	21740 15308   234  1410   560
	21761 15272   275  1400   560
	21780 15240   297  1390   560
	21808 15209   317  1390   560
	21836 15192   336  1390   560
	21872 15179   344  1390   560
	21910 15177   352  1400   560
	21948 15179   367  1390   570
	21994 15196   286  1390   570
	22040 15224   317  1390   570
	22085 15254   317  1390   570
	22129 15276   338  1400   580
	22165 15306   344  1400   580
	22192 15334   350  1420   580
	22214 15355   350  1420   580
	22232 15371   344  1420   580
	22241 15385   350  1430   590
	22238 15397   357  1430   590
	22235 15397   363  1430   590
	22222 15388   368  1450   590
	22202 15385   385  1450   590
	22172 15370   390  1450   590
	22130 15353   401  1460   600
	22083 15322   415  1460   600
	22029 15291   437  1460   600
	21975 15259   516  1460   600
	21924 15227   519  1460   600
	21875 15191   525  1460   600
	21826 15147   528  1460   600
	21786 15114   531  1460   600
	21743 15078   533  1470   590
	21706 15032   544  1470   590
	21679 14998   550  1460   580
	21663 14956   552  1450   590
	21657 14933   547  1450   590
	21660 14906   544  1430   590
	21672 14890   547  1430   590
	21691 14875   550  1430   590
	21717 14870   552  1430   590
	21746 14859   555  1420   580
	21791 14870   557  1420   580
	21845 14885   560  1420   580
	21913 14901   567  1420   580
	21992 14921   574  1420   580
	22061 14939   629  1420   580
	22126 14967   639  1420   590
	22190 14986   646  1420   590
	22252 15014   660  1420   590
	22302 15045   669  1440   600
	22332 15066   672  1440   600
	22348 15093   696  1460   600
	22345 15110   724  1460   600
	22333 15132   736  1480   600
	22307 15173   738  1480   600
	22268 15205   737  1500   600
	22214 15240   733  1500   600
	22138 15275   727  1500   600
	22037 15317   717  1510   610
	21920 15351   713  1510   610
	21791 15388   706  1520   600
	21654 15432   706  1520   600
	21511 15478   708  1520   600
	21349 15525   706  1510   610
	21199 15573   705  1510   610
	21054 15621   700  1510   610
	20914 15672   706  1510   610
	20784 15735   706  1500   600
	20686 15800   715  1500   600
	20619 15867   715  1500   600
	20579 15931   714  1500   600
	20569 15994   714  1480   600
	20593 16056   714  1480   600
	20637 16108   714  1490   590
	20715 16167   706  1490   590
	20835 16217   709  1490   590
	20986 16265   717  1490   590
	21161 16309   718  1490   590
	21364 16331   729  1490   590
	21595 16360   734  1490   590
	21814 16373   750  1490   590
	22080 16363   766  1520   590
	22344 16363   768  1520   590
	22618 16360   769  1520   590
	22842 16342   768  1530   590
	23073 16314   769  1530   590
	23278 16282   768  1550   600
	23446 16248   769  1540   600
	23588 16214   768  1570   600
	23669 16166   768  1570   600
	23720 16123   768  1570   600
	23737 16086   755  1570   600
	23725 16039   755  1570   600
	23673 15979   766  1570   590
	23581 15913   766  1570   590
	23440 15835   766  1590   590
	23255 15751   760  1590   590
	23037 15657   760  1590   590
	22793 15575   760  1570   590
	22540 15484   744  1570   590
	22262 15400   768  1570   590
	21970 15307   769  1570   590
	21685 15222   768  1570   590
	21411 15130   772  1570   590
	21138 15045   771  1570   590
	20883 14965   772  1560   590
	20650 14885   774  1550   600
	20454 14806   776  1550   600
	20288 14742   777  1530   590
	20174 14684   777  1520   600
	20106 14647   778  1520   600
	20087 14620   776  1510   600
	20097 14618   772  1500   600
	20135 14614   772  1500   600
	20212 14601   772  1480   600
	20341 14615   774  1480   600
	20526 14648   774  1480   600
	20728 14696   777  1480   600
	20989 14744   778  1480   600
	21274 14792   780  1480   600
	21595 14842   780  1480   600
	21898 14874   781  1480   600
	22231 14918   781  1480   600
	22563 14939   778  1500   600
	22831 14954   778  1510   600
	23103 14968   774  1510   600
	23346 14968   770  1510   600
	23578 14969   718  1520   600
	23758 14966   668  1530   590
	23916 14954   623  1530   590
	24050 14940   415  1560   590
	24153 14933   336  1560   590
	24223 14908     0  1560   590
