ABCDE-012_345_678 844
	25339 11497     0  1610   550
	25406 11418   160  1630   550
	25449 11466   363  1630   550
	25473 11468   374  1630   550
	25474 11464   357  1630   550
	25474 11463   344  1630   550
	25468 11462   357  1630   550
	25454 11462   385  1620   560
	25425 11452   405  1620   560
	25376 11451   410  1630   560
	25303 11449   513  1630   560
	25211 11451   552  1630   560
	25117 11451   590  1630   560
	24962 11452   646  1630   560
	24821 11462   664  1630   560
	24668 11463   678  1630   560
	24487 11466   693  1630   560
	24278 11466   705  1630   570
	24049 11482   715  1630   570
	23794 11496   721  1610   570
	23528 11511   723  1610   570
	23233 11527   727  1610   570
	22925 11544   718  1610   570
	22617 11563   718  1610   570
	22292 11577   717  1600   560
	21950 11591   718  1600   560
	21632 11609   724  1600   560
	21331 11624   729  1580   560
	21051 11642   733  1570   570
	20788 11660   760  1570   570
	20576 11675   767  1570   570
	20387 11702   766  1560   570
	20223 11722   755  1560   570
	20098 11750   755  1540   560
	19998 11772   767  1540   560
	19931 11803   766  1540   560
	19890 11833   769  1540   560
	19882 11861   772  1540   560
	19902 11884   771  1540   560
	19961 11927   770  1540   560
	20058 11977   767  1540   550
	20200 12037   766  1550   550
	20386 12091   766  1550   550
	20619 12149   767  1550   550
	20869 12197   766  1550   550
	21180 12235   766  1550   550
	21538 12280   760  1550   550
	21887 12314   766  1550   550
	22291 12341   766  1550   550
	22716 12348   769  1570   560
	23119 12347   770  1570   560
	23558 12341   770  1570   560
	23951 12314   772  1580   560
	24357 12296   772  1590   550
	24746 12249   773  1600   550
	25058 12200   773  1600   550
	25367 12139   773  1600   550
	25621 12076   771  1600   550
	25813 12025   770  1630   560
	25938 11979   768  1630   560
	26012 11944   750  1650   560
	26048 11925   710  1650   560
	26038 11900   706  1660   560
	25978 11894   709  1660   560
	25864 11879   714  1680   560
	25709 11866   718  1680   560
	25493 11861   714  1680   560
	25232 11851   723  1680   560
	24915 11849   715  1680   560
	24572 11850   717  1690   570
	24167 11851   708  1680   560
	23718 11850   708  1680   560
	23272 11849   721  1680   560
	22778 11848   733  1680   560
	22328 11847   766  1660   560
	21862 11847   770  1660   560
	21453 11834   768  1660   560
	21072 11830   767  1630   560
	20672 11816   767  1630   560
	20338 11802   766  1620   560
	20052 11797   768  1610   570
	19797 11784   771  1600   560
	19611 11782   775  1600   560
	19485 11770   776  1580   560
	19414 11768   776  1580   560
	19400 11766   775  1570   560
	19417 11765   770  1570   560
	19474 11749   770  1570   560
	19559 11722   771  1570   560
	19689 11705   771  1550   550
	19867 11688   772  1550   550
	20074 11674   773  1550   550
	20304 11655   772  1550   550
	20572 11625   769  1540   560
	20823 11591   733  1540   560
	21112 11548   697  1560   570
	21393 11510   678  1560   570
	21683 11464   668  1560   570
	21946 11419   656  1560   570
	22231 11371   605  1560   570
	22503 11324   542  1570   570
	22741 11287   385  1570   570
	22962 11239   344  1570   570
	23160 11195   108  1570   570
	23318 11160    -1  1590   570
	23437 11132    -1  1580   580
	23520 11113    -1  1580   580
	23575 11094    -1  1600   580
	23592 11096    -1  1600   580
	23592 11095    -1  1600   580
	23565 11093    -1  1590   590
	23518 11110    -1  1590   590
	23448 11127    -1  1590   590
	23375 11143    -1  1610   600
	23273 11144    -1  1610   600
	23170 11173    -1  1590   610
	23077 11193    -1  1590   610
	22942 11222    -1  1570   610
	22788 11254    -1  1570   610
	22619 11285    -1  1560   620
	22428 11306    -1  1540   600
	22252 11367    -1  1540   600
	22092 11397    -1  1520   600
	21954 11419    -1  1510   600
	21823 11448    -1  1490   590
	21703 11468    -1  1460   580
	21604 11449    -1  1470   580
	21502 11516    -1  1440   570
	21424 11543    -1  1450   560
	21362 11563    -1  1430   550
	21329 11594    -1  1420   540
	21316 11624    -1  1430   530
	21338 11606    -1  1430   530
	21373 11676    -1  1470   530
	21412 11704    -1  1470   530
	21484 11688    -1  1480   530
	21555 11753    -1  1490   530
	21622 11771    -1  1500   520
	21716 11800    -1  1500   520
	21773 11818    -1  1500   520
	21856 11833    -1  1530   520
	21945 11848    -1  1540   520
	22038 11863    -1  1560   510
	22130 11865    -1  1580   520
	22219 11868    -1  1600   520
	22308 11880    -1  1600   510
	22386 11879    -1  1620   520
	22453 11884    -1  1620   520
	22515 11894    -1  1610   500
	22557 11898    -1  1600   500
	22587 11911    -1  1580   490
	22596 11926    -1  1570   490
	22580 11931    -1  1570   480
	22550 11932    -1  1570   480
	22500 11945    -1  1570   480
	22444 11961    -1  1560   460
	22379 11977    -1  1580   460
	22319 11992    -1  1580   460
	22254 12006    -1  1590   450
	22196 12022    -1  1590   450
	22104 12039    -1  1580   440
	22040 12044    -1  1580   430
	21970 12059    -1  1570   430
	21903 12071    -1  1560   420
	21843 12086    -1  1570   420
	21783 12090    -1  1570   420
	21731 12103    -1  1580   420
	21683 12108    -1  1580   410
	21639 12120    -1  1580   410
	21603 12133    -1  1580   410
	21568 12136    -1  1590   410
	21534 12140    -1  1570   420
	21502 12153    -1  1550   420
	21471 12156    -1  1520   440
	21449 12167    -1  1500   440
	21428 12171    -1  1500   460
	21407 12184    -1  1490   470
	21398 12197    -1  1480   470
	21396 12202    -1  1480   480
	21394 12214    -1  1480   500
	21399 12220    -1  1470   510
	21413 12234    -1  1470   520
	21416 12247    -1  1460   530
	21425 12251    -1  1460   540
	21433 12266    -1  1450   550
	21437 12281    -1  1440   560
	21452 12294    -1  1430   560
	21460 12299    -1  1430   560
	21465 12313    -1  1430   560
	21470 12328    -1  1430   560
	21476 12345    -1  1440   560
	21478 12359    -1  1430   550
	21478 12376    -1  1430   550
	21475 12392    -1  1410   550
	21476 12406    -1  1410   530
	21466 12421    -1  1400   530
	21464 12426    -1  1390   520
	21461 12442    -1  1370   520
	21456 12455    -1  1360   510
	21451 12423    -1  1370   510
	21442 12476    -1  1370   510
	21430 12491    -1  1370   510
	21424 12503    -1  1380   510
	21409 12518    -1  1400   520
	21392 12533    -1  1410   510
	21379 12538    -1  1420   520
	21366 12553    -1  1430   520
	21352 12567    -1  1430   520
	21337 12520    -1  1450   530
	21324 12588    -1  1470   520
	21313 12600    -1  1480   530
	21301 12617    -1  1480   530
	21287 12629    -1  1490   530
	21276 12634    -1  1490   530
	21273 12648    -1  1510   530
	21242 12661    -1  1530   530
	21226 12667    -1  1530   530
	21213 12681    -1  1540   530
	21201 12696    -1  1540   530
	21189 12700    -1  1530   530
	21180 12714    -1  1530   530
	21190 12727    -1  1540   520
	21162 12732    -1  1540   520
	21154 12747    -1  1530   520
	21148 12760    -1  1530   520
	21143 12764    -1  1530   520
	21137 12779    -1  1530   520
	21134 12793    -1  1510   510
	21126 12807    -1  1510   510
	21125 12824    -1  1510   510
	21122 12840    -1  1510   510
	21123 12856    -1  1520   510
	21122 12872    -1  1520   510
	21124 12890    -1  1520   510
	21125 12917    -1  1520   510
	21126 12933    -1  1520   510
	21130 12951    -1  1520   510
	21132 12965    -1  1520   510
	21134 12971    -1  1520   510
	21134 12982    -1  1520   510
	21157 12985    -1  1520   510
	21131 12987    64  1510   500
	21127 12988     0  1510   500
	21125 12984   108  1510   500
	21117 13000   262  1510   500
	21115 13003   286  1510   500
	21111 13013   308  1510   500
	21105 13016   336  1510   500
	21105 13018   360  1510   500
	21105 13019   302  1500   510
	21104 13020   357  1500   510
	21103 13019   395  1500   510
	21102 13020   494  1500   510
	21103 13019   539  1500   510
	21102 13020   565  1500   510
	21103 13020   590  1490   510
	21104 13019   630  1490   510
	21102 13019   645  1490   510
	21102 13019   656  1490   510
	21103 13020   666  1490   510
	21103 13020   675  1490   510
	21104 13020   689  1490   510
	21104 13019   700  1490   510
	21103 13019   706  1490   510
	21105 13029   717  1490   510
	21104 13020   725  1490   510
	21103 13020   734  1490   510
	21107 13019   737  1480   510
	21101 13019   760  1480   510
	21104 13019   767  1480   510
	21103 13018   768  1470   510
	21102 13020   769  1470   510
	21100 13019   770  1470   510
	21100 13020   772  1470   510
	21100 13020   772  1470   510
	21101 13019   773  1470   510
	21103 13018   772  1470   510
	21103 13020   773  1470   510
	21101 13020   773  1470   510
	21104 13020   774  1470   510
	21104 13020   773  1470   510
	21103 13019   774  1470   510
	21101 13019   774  1470   510
	21105 13020   774  1470   510
	21101 13029   775  1470   510
	21104 13019   775  1470   510
	21101 13020   775  1470   510
	21103 13020   776  1470   510
	21105 13029   776  1470   510
	21105 13029   777  1470   510
	21104 13029   777  1470   510
	21104 13029   777  1470   510
	21101 13020   778  1470   510
	21105 13030   778  1470   510
	21105 13020   779  1470   510
	21105 13020   780  1470   510
	21103 13019   779  1470   510
	21105 13020   780  1470   510
	21103 13029   780  1470   510
	21103 13019   780  1470   510
	21105 13030   780  1470   510
	21104 13029   781  1470   510
	21106 13020   782  1470   510
	21105 13029   784  1470   510
	21105 13020   785  1470   510
	21106 13029   786  1470   510
	21107 13029   788  1470   510
	21105 13020   789  1470   510
	21106 13029   790  1470   510
	21107 13029   803  1470   510
	21106 13030   807  1470   510
	21105 13029   812  1470   510
	21106 13030   812  1470   510
	21104 13030   813  1470   510
	21106 13029   814  1470   510
	21107 13029   814  1470   510
	21105 13029   814  1470   510
	21107 13029   814  1470   510
	21105 13029   814  1470   510
	21106 13020   814  1470   510
	21105 13030   814  1470   510
	21105 13029   814  1470   510
	21106 13020   814  1470   510
	21107 13019   814  1470   510
	21105 13029   814  1470   510
	21105 13029   814  1470   510
	21107 13029   814  1470   510
	21105 13029   814  1470   510
	21106 13029   814  1470   510
	21105 13030   814  1470   510
	21106 13029   814  1470   510
	21106 13030   814  1450   510
	21106 13029   815  1450   510
	21103 13020   815  1450   510
	21103 13029   815  1450   510
	21103 13029   815  1450   510
	21105 13020   814  1450   510
	21107 13029   814  1450   510
	21106 13030   814  1450   510
	21105 13030   815  1450   510
	21103 13029   814  1450   510
	21107 13029   814  1450   510
	21103 13030   815  1450   510
	21103 13030   814  1450   510
	21102 13030   815  1450   510
	21105 13029   815  1450   510
	21105 13029   815  1450   510
	21103 13030   815  1450   510
	21102 13030   815  1450   510
	21106 13020   815  1450   510
	21105 13020   815  1450   510
	21106 13029   815  1450   510
	21103 13020   815  1450   510
	21106 13030   815  1450   510
	21105 13020   815  1450   510
	21105 13029   815  1450   510
	21105 13029   815  1450   510
	21103 13029   815  1450   510
	21108 13020   815  1450   510
	21105 13029   815  1450   510
	21106 13029   815  1450   510
	21103 13029   816  1450   510
	21106 13029   815  1450   510
	21105 13029   815  1450   510
	21107 13029   815  1450   510
	21105 13029   815  1450   510
	21105 13029   815  1450   510
	21106 13029   816  1450   510
	21105 13029   817  1450   510
	21107 13029   816  1450   510
	21105 13029   817  1450   510
	21106 13029   816  1450   510
	21105 13029   817  1450   510
	21107 13029   817  1450   510
	21106 13029   816  1450   510
	21107 13020   817  1450   510
	21108 13029   816  1450   510
	21106 13029   817  1450   510
	21107 13020   816  1450   510
	21107 13029   816  1450   510
	21106 13029   815  1450   510
	21105 13020   816  1450   510
	21107 13029   815  1450   510
	21108 13020   816  1450   510
	21103 13029   816  1450   510
	21107 13020   816  1450   510
	21106 13019   815  1450   510
	21108 13029   815  1450   510
	21107 13020   815  1450   510
	21108 13029   815  1450   510
	21108 13029   815  1450   510
	21109 13029   814  1450   510
	21107 13020   814  1450   510
	21107 13019   814  1450   510
	21109 13018   814  1450   510
	21109 13019   812  1450   510
	21110 13018   812  1450   510
	21111 13016   812  1450   510
	21112 13013   812  1450   510
	21118 13001   812  1450   510
	21122 12987   807  1440   510
	21126 12982   803  1440   510
	21135 12966   807  1440   510
	21143 12951   803  1440   510
	21154 12921   799  1440   510
	21163 12892   790  1440   510
	21172 12860   789  1440   510
	21186 12824   788  1440   510
	21194 12774   788  1440   510
	21203 12714   788  1440   510
	21214 12630   787  1440   510
	21221 12554   786  1440   510
	21229 12486   786  1430   520
	21237 12405   785  1430   520
	21235 12325   784  1430   520
	21234 12245   782  1430   520
	21228 12167   780  1430   520
	21228 12103   779  1420   530
	21225 12040   779  1410   520
	21217 11989   778  1410   520
	21207 11942   778  1400   530
	21191 11899   778  1400   530
	21172 11877   778  1400   530
	21154 11850   779  1400   530
	21135 11835   779  1390   540
	21115 11831   780  1390   540
	21097 11820   781  1390   540
	21084 11829   783  1390   540
	21068 11831   785  1390   540
	21058 11834   786  1390   540
	21051 11847   788  1390   540
	21046 11861   788  1370   540
	21045 11868   787  1370   540
	21047 11884   786  1370   540
	21055 11912   784  1370   540
	21076 11946   780  1370   540
	21101 11993   778  1370   540
	21135 12043   776  1370   540
	21179 12106   774  1370   540
	21224 12183   771  1370   540
	21277 12263   770  1370   540
	21334 12331   769  1370   540
	21387 12410   766  1390   540
	21446 12491   760  1390   540
	21497 12583   744  1390   540
	21541 12662   738  1390   540
	21576 12730   737  1390   540
	21603 12794   737  1410   530
	21623 12843   736  1410   530
	21640 12889   736  1410   530
	21652 12924   733  1420   530
	21663 12955   731  1420   530
	21668 12981   731  1420   530
	21672 12987   733  1450   530
	21674 12998   736  1450   530
	21672 12999   738  1450   530
	21670 12999   744  1450   530
	21670 12998   755  1450   530
	21667 12987   744  1460   520
	21665 12986   737  1460   520
	21657 12982   736  1460   520
	21649 12956   734  1460   520
	21641 12936   734  1460   520
	21629 12903   736  1460   520
	21617 12860   736  1460   520
	21605 12825   734  1460   520
	21594 12780   731  1460   520
	21579 12732   730  1460   520
	21566 12683   729  1460   520
	21556 12635   727  1460   520
	21547 12587   727  1450   530
	21538 12536   725  1450   530
	21530 12488   725  1450   530
	21523 12439   724  1450   530
	21512 12390   725  1450   530
	21503 12345   723  1450   530
	21499 12295   723  1430   530
	21490 12252   723  1430   530
	21489 12215   723  1430   530
	21485 12172   721  1430   530
	21489 12140   717  1430   530
	21490 12117   717  1430   530
	21498 12090   714  1430   530
	21505 12070   713  1430   530
	21517 12053   710  1420   540
	21528 12038   708  1420   540
	21542 12024   708  1420   540
	21554 12022   708  1420   540
	21569 12021   706  1420   540
	21584 12012   708  1420   540
	21598 12024   714  1420   540
	21618 12041   713  1420   540
	21638 12057   722  1420   540
	21656 12076   723  1420   540
	21673 12104   733  1420   540
	21693 12134   736  1420   540
	21711 12166   755  1420   540
	21724 12187   760  1420   540
	21739 12218   766  1420   540
	21749 12248   766  1420   540
	21750 12264   768  1420   540
	21750 12277   771  1420   540
	21746 12282   773  1420   540
	21743 12296   773  1420   540
	21738 12297   773  1420   540
	21734 12297   773  1420   540
	21730 12296   772  1420   540
	21726 12293   770  1420   540
	21719 12279   769  1420   540
	21715 12261   768  1420   540
	21702 12231   767  1420   540
	21689 12198   766  1420   540
	21680 12165   766  1420   540
	21675 12123   766  1420   540
	21669 12086   738  1420   540
	21662 12054   738  1420   540
	21663 12024   737  1420   540
	21667 11993   734  1420   540
	21668 11973   737  1420   540
	21678 11946   734  1420   540
	21688 11928   733  1420   540
	21703 11913   730  1420   540
	21726 11900   729  1420   540
	21746 11895   730  1420   540
	21767 11884   729  1420   540
	21792 11884   729  1420   540
	21815 11895   729  1420   540
	21838 11898   733  1420   540
	21861 11912   733  1420   540
	21884 11925   736  1420   540
	21902 11929   737  1420   540
	21917 11943   737  1420   540
	21927 11947   737  1420   540
	21932 11948   737  1410   550
	21938 11961   737  1410   550
	21940 11961   737  1410   550
	21944 11961   736  1410   550
	21943 11962   734  1410   550
	21944 11961   734  1410   550
	21943 11961   736  1410   550
	21938 11961   737  1410   550
	21942 11961   750  1410   550
	21937 11961   767  1410   550
	21938 11961   770  1410   550
	21935 11964   776  1410   550
	21935 11975   778  1430   550
	21930 11989   783  1430   550
	21932 11994   789  1430   550
	21929 12010   814  1430   550
	21929 12027   823  1440   540
	21927 12055   824  1440   540
	21929 12076   827  1440   540
	21927 12102   828  1440   540
	21931 12123   829  1430   550
	21931 12140   832  1430   550
	21935 12165   830  1430   550
	21948 12185   828  1430   550
	21956 12201   824  1430   550
	21965 12204   818  1430   550
	21980 12217   789  1430   550
	22005 12230   779  1430   550
	22038 12234   769  1430   550
	22075 12232   718  1430   550
	22121 12230   681  1430   550
	22160 12220   646  1430   550
	22206 12213   562  1430   550
	22251 12198   380  1430   550
	22294 12181   360  1430   550
	22337 12167   297  1430   550
	22377 12150   136  1440   560
	22416 12133    -1  1440   560
	22448 12108    -1  1440   560
	22479 12092    -1  1440   560
	22503 12075    -1  1440   540
	22524 12056    -1  1440   540
	22537 12038    -1  1450   540
	22544 12012    -1  1450   540
	22542 11996    -1  1430   530
	22537 11991    -1  1450   530
	22520 11975    -1  1430   520
	22501 11964    -1  1440   510
	22482 11959    -1  1430   510
	22457 11957    -1  1440   510
	22436 11948    -1  1450   510
	22412 11948    -1  1450   510
	22392 11957    -1  1460   500
	22365 11959    -1  1460   500
	22342 11961    -1  1470   490
	22318 11973    -1  1480   500
	22292 11976    -1  1480   500
	22275 11989    -1  1500   500
	22256 11992    -1  1500   500
	22244 12005    -1  1500   500
	22232 12021    -1  1510   500
	22221 12026    -1  1510   500
	22214 12042    -1  1520   510
	22206 12060    -1  1520   510
	22206 12075    -1  1530   510
	22204 12092    -1  1530   510
	22203 12105    -1  1520   510
	22207 12122    -1  1510   510
	22206 12137     0  1510   510
	22232 12151   136  1510   510
	22207 12167   297  1490   520
	22208 12182   352  1490   520
	22208 12188   294  1480   530
	22206 12200   380  1480   530
	22207 12203   522  1470   530
	22206 12204   567  1470   530
	22208 12203   619  1470   530
	22208 12203   638  1460   540
	22207 12202   645  1460   540
	22208 12201   650  1450   550
	22210 12199   651  1450   550
	22214 12187   653  1450   550
	22214 12183   655  1430   550
	22214 12167   660  1430   550
	22217 12150   666  1430   550
	22216 12124   669  1430   550
	22216 12105   671  1430   550
	22215 12085   672  1440   540
	22215 12057   674  1440   540
	22215 12038   674  1440   540
	22223 12011   674  1440   540
	22223 11993   674  1440   540
	22229 11977   677  1440   540
	22231 11959   675  1440   540
	22233 11944   678  1440   540
	22236 11931   678  1440   540
	22239 11925   678  1440   540
	22243 11916   678  1440   540
	22245 11914   680  1440   540
	22246 11914   683  1440   540
	22247 11915   689  1440   540
	22251 11916   698  1440   540
	22253 11926   715  1440   540
	22259 11928   755  1440   540
	22265 11931   772  1440   540
	22278 11948   775  1440   540
	22291 11975   775  1440   540
	22310 11993   776  1440   540
	22328 12023   776  1440   540
	22345 12041   776  1440   540
	22363 12060   776  1440   540
	22378 12085   776  1440   540
	22390 12102   776  1440   540
	22402 12108   776  1440   540
	22405 12119   776  1440   540
	22412 12121   776  1440   540
	22412 12121   775  1440   540
	22412 12121   774  1440   540
	22413 12119   773  1440   540
	22411 12107   770  1440   540
	22415 12102   769  1440   540
	22413 12088   768  1440   540
	22415 12069   768  1450   550
	22414 12043   767  1450   550
	22411 12024   760  1450   550
	22414 12010   760  1450   550
	22414 11990   766  1450   550
	22412 11964   766  1450   550
	22414 11958   766  1450   550
	22417 11943   766  1450   550
	22417 11930   766  1450   550
	22421 11925   766  1450   550
	22424 11915   766  1450   550
	22427 11913   766  1450   550
	22428 11913   767  1450   550
	22430 11914   768  1450   550
	22435 11914   770  1450   550
	22438 11926   772  1450   550
	22445 11928   774  1460   550
	22458 11943   775  1460   550
	22477 11960   774  1450   550
	22501 11977   775  1450   550
	22524 11994   774  1450   550
	22551 12023   773  1450   550
	22575 12043   773  1450   550
	22596 12069   773  1450   550
	22618 12088   772  1450   550
	22637 12102   772  1440   540
	22654 12108   772  1440   540
	22665 12119   772  1440   540
	22670 12122   771  1440   540
	22675 12121   769  1440   540
	22671 12121   768  1440   540
	22671 12118   767  1440   540
	22668 12105   760  1440   540
	22666 12091   744  1410   550
	22665 12086   737  1420   540
	22658 12070   734  1420   540
	22652 12044   733  1440   540
	22645 12025   733  1440   540
	22639 12009   734  1440   540
	22634 11991   736  1440   540
	22630 11977   734  1440   540
	22626 11963   733  1440   540
	22622 11945   734  1440   540
	22621 11932   733  1440   540
	22622 11927   730  1440   540
	22618 11915   729  1440   540
	22623 11912   725  1440   540
	22625 11909   723  1440   540
	22627 11900   718  1440   540
	22633 11899   717  1440   540
	22634 11899   715  1440   540
	22641 11909   715  1440   540
	22651 11912   717  1440   540
	22665 11915   718  1440   540
	22684 11926   717  1440   540
	22706 11932   718  1440   540
	22728 11947   721  1440   540
	22753 11960   718  1440   540
	22783 11976   718  1440   540
	22815 11992   721  1440   540
	22845 12010   718  1440   540
	22878 12026   717  1440   540
	22903 12044   718  1440   540
	22932 12070   721  1440   540
	22957 12085   721  1440   540
	22975 12102   718  1440   540
	22994 12120   718  1440   540
	23006 12137   724  1440   540
	23012 12149   738  1440   540
	23013 12153   770  1440   540
	23010 12156   776  1440   540
	23005 12167   780  1440   540
	22998 12171   784  1440   540
	22988 12181   788  1440   540
	22980 12184   789  1440   540
	22964 12187   790  1440   540
	22950 12187   799  1440   540
	22937 12185   807  1450   550
	22931 12184   799  1450   550
	22928 12182   788  1450   550
	22922 12170   786  1450   550
	22915 12165   784  1440   560
	22914 12138   781  1440   560
	22915 12123   776  1440   560
	22922 12106   772  1450   550
	22932 12087   770  1450   550
	22944 12070   737  1450   550
	22963 12053   718  1450   550
	22972 12027   708  1450   550
	22986 12010   704  1450   550
	22992 11995   697  1450   550
	22996 11980   691  1450   550
	22994 11973   690  1450   550
	22988 11961   690  1450   550
	22979 11948   690  1460   540
	22969 11943   691  1460   540
	22954 11932   690  1460   540
	22935 11929   693  1460   540
	22916 11916   696  1460   540
	22899 11912   697  1460   540
	22885 11909   700  1450   540
	22878 11899   700  1450   540
	22875 11898   700  1450   540
	22872 11897   700  1450   540
	22873 11897   698  1440   540
	22876 11898   698  1440   540
	22882 11898   698  1440   540
	22890 11900   700  1440   540
	22900 11912   700  1440   540
	22913 11916   702  1440   540
	22934 11930   704  1440   540
	22959 11943   706  1440   540
	22980 11960   710  1440   540
	23002 11976   717  1440   540
	23022 11992   718  1440   540
	23047 12011   724  1440   540
	23073 12038   725  1440   540
	23094 12058   731  1440   540
	23106 12085   734  1440   540
	23123 12101   737  1440   540
	23134 12119   744  1440   540
	23143 12135   766  1440   540
	23152 12149   768  1440   540
	23156 12154   769  1440   540
	23158 12166   770  1440   540
	23159 12169   771  1440   540
	23160 12171   772  1440   540
	23161 12171   772  1440   540
	23159 12171   774  1440   540
	23160 12170   774  1440   540
	23158 12170   773  1440   540
	23155 12168   772  1440   540
	23155 12167   771  1430   550
	23149 12165   770  1430   550
	23147 12152   770  1430   550
	23140 12139   770  1430   550
	23136 12134   770  1430   550
	23128 12120   770  1430   550
	23122 12107   770  1430   550
	23114 12092   770  1430   550
	23108 12087   770  1440   540
	23101 12072   770  1440   540
	23091 12055   770  1440   540
	23084 12041   769  1440   540
	23076 12028   769  1440   540
	23070 12021   769  1440   540
	23063 12009   769  1440   540
	23057 11995   769  1450   550
	23053 11991   768  1450   550
	23055 11980   768  1450   550
	23057 11974   768  1460   540
	23058 11963   767  1460   540
	23062 11959   767  1460   540
	23071 11948   766  1460   540
	23085 11945   766  1460   540
	23094 11944   755  1460   540
	23115 11943   744  1460   540
	23137 11945   737  1460   540
	23170 11947   734  1460   540
	23204 11959   730  1460   540
	23243 11963   717  1460   540
	23284 11973   706  1460   540
	23322 11979   700  1460   540
	23356 11980   696  1460   540
	23388 11990   693  1460   540
	23414 11980   693  1460   540
	23438 11980   690  1460   540
	23460 11977   691  1460   540
	23482 11975   691  1460   540
	23502 11962   693  1460   540
	23526 11946   698  1460   540
	23543 11941   706  1460   540
	23569 11928   736  1460   540
	23592 11913   768  1460   540
	23626 11899   772  1460   540
	23655 11893   776  1460   540
	23681 11883   778  1460   540
	23703 11879   780  1460   540
	23723 11879   781  1460   540
	23741 11879   782  1460   540
	23759 11879   782  1460   540
	23779 11878   782  1460   540
	23793 11879   780  1460   540
	23814 11880   773  1460   540
	23842 11881   766  1460   540
	23879 11881   700  1460   540
	23925 11883   641  1470   550
	23983 11880   385  1470   550
	24042 11878   297  1470   550
