ABCDE-012_345_678 865
	25140 15515     0  1600   520
	25208 15512   160  1580   520
	25220 15465   317  1580   520
	25242 15512   344  1600   520
	25269 15512   352  1600   520
	25294 15512   352  1610   520
	25318 15510   360  1610   520
	25338 15511   294  1610   520
	25355 15509   338  1620   530
	25369 15509   385  1620   530
	25379 15509   410  1620   530
	25381 15500   469  1640   530
	25382 15499   531  1640   530
	25376 15499   562  1640   530
	25366 15497   588  1640   530
	25344 15497   625  1640   530
	25306 15495   638  1640   530
	25237 15496   648  1640   530
	25135 15483   671  1640   530
	24996 15477   674  1640   530
	24840 15467   678  1640   530
	24670 15464   693  1640   530
	24468 15462   698  1630   540
	24240 15462   700  1630   540
	23982 15461   700  1620   540
	23707 15461   693  1620   540
	23404 15464   696  1620   540
	23074 15477   693  1620   540
	22712 15477   689  1610   550
	22351 15483   690  1610   550
	21972 15497   693  1600   540
	21596 15509   697  1600   540
	21235 15512   702  1600   540
	20876 15528   706  1580   540
	20557 15545   708  1580   540
	20268 15564   710  1580   550
	20003 15594   710  1580   550
	19758 15623   717  1560   550
	19565 15669   718  1560   550
	19420 15706   734  1560   550
	19307 15755   774  1560   550
	19247 15800   780  1550   540
	19232 15846   781  1550   540
	19250 15894   779  1550   540
	19321 15945   777  1550   540
	19445 16007   776  1540   550
	19592 16060   775  1540   550
	19795 16124   775  1540   550
	20056 16186   774  1550   540
	20345 16248   772  1550   540
	20682 16295   772  1550   540
	21031 16343   771  1560   550
	21437 16375   770  1560   550
	21855 16392   771  1580   550
	22274 16394   771  1580   550
	22729 16379   772  1590   550
	23152 16358   773  1590   550
	23596 16326   772  1600   550
	23975 16282   774  1600   550
	24369 16229   774  1600   550
	24737 16156   774  1620   560
	25022 16089   773  1640   550
	25304 16022   773  1640   550
	25514 15945   771  1640   550
	25680 15880   769  1650   550
	25773 15804   729  1660   540
	25819 15738   700  1670   540
	25816 15690   683  1670   540
	25768 15644   674  1660   540
	25645 15605   669  1660   540
	25467 15561   658  1660   540
	25246 15529   663  1660   530
	24974 15509   661  1660   530
	24684 15481   661  1660   530
	24354 15464   661  1660   530
	23964 15449   658  1650   530
	23588 15446   660  1650   530
	23213 15431   675  1650   530
	22800 15418   691  1640   540
	22423 15414   697  1630   540
	22060 15401   702  1630   540
	21711 15400   706  1630   540
	21411 15387   717  1630   550
	21143 15383   723  1610   550
	20911 15370   744  1610   550
	20732 15367   768  1610   550
	20618 15366   772  1610   550
	20567 15365   776  1600   550
	20557 15356   775  1600   550
	20578 15354   770  1590   550
	20633 15339   769  1590   550
	20732 15333   770  1590   550
	20867 15308   771  1590   550
	21048 15290   772  1590   550
	21244 15274   772  1590   550
	21480 15253   772  1600   550
	21713 15222   773  1600   550
	21982 15179   772  1600   550
	22260 15143   768  1600   550
	22552 15098   744  1600   550
	22810 15062   723  1600   550
	23089 15015   704  1600   550
	23344 14965   671  1600   550
	23603 14919   651  1600   550
	23818 14869   619  1600   550
	24027 14811   557  1620   560
	24227 14760   405  1620   560
	24391 14710   331  1620   560
	24535 14663   344  1620   560
	24662 14617   275  1620   560
	24746 14585   160  1620   560
	24818 14565    64  1630   550
	24862 14540    -1  1630   550
	24879 14539    -1  1630   550
	24872 14550    -1  1630   550
	24835 14566    -1  1630   550
	24786 14533    -1  1610   550
	24708 14601    -1  1610   550
	24622 14629    -1  1610   550
	24516 14650    -1  1600   530
	24398 14677    -1  1600   530
	24267 14710    -1  1600   530
	24121 14741    -1  1600   530
	23947 14778    -1  1600   520
	23761 14823    -1  1580   520
	23558 14860    -1  1590   510
	23346 14903    -1  1580   510
	23138 14939    -1  1580   510
	22931 14983    -1  1570   500
	22734 15020    -1  1560   500
	22538 15063    -1  1570   490
	22327 15099    -1  1570   490
	22130 15147    -1  1580   480
	21940 15208    -1  1580   480
	21764 15259    -1  1580   480
	21606 15291    -1  1570   470
	21444 15356    -1  1570   480
	21304 15401    -1  1550   470
	21189 15447    -1  1550   480
	21109 15479    -1  1560   480
	21061 15511    -1  1550   490
	21043 15542    -1  1560   500
	21053 15562    -1  1550   500
	21094 15590    -1  1550   500
	21154 15607    -1  1560   510
	21234 15622    -1  1560   510
	21331 15628    -1  1550   520
	21432 15643    -1  1550   520
	21548 15655    -1  1560   530
	21648 15659    -1  1550   540
	21752 15673    -1  1540   550
	21854 15685    -1  1540   550
	21952 15689    -1  1560   550
	22042 15702    -1  1560   550
	22122 15718    -1  1560   550
	22191 15723    -1  1560   550
	22254 15737    -1  1580   540
	22313 15749    -1  1580   540
	22363 15755    -1  1600   540
	22397 15765    -1  1600   530
	22413 15766    -1  1620   540
	22415 15769    -1  1620   540
	22401 15770    -1  1620   530
	22365 15781    -1  1620   530
	22319 15785    -1  1620   530
	22264 15787    -1  1640   520
	22210 15797    -1  1640   520
	22152 15803    -1  1640   520
	22093 15814    -1  1650   510
	22032 15817    -1  1640   510
	21976 15829    -1  1640   510
	21915 15831    -1  1620   510
	21855 15835    -1  1610   500
	21807 15846    -1  1600   500
	21764 15851    -1  1590   500
	21726 15861    -1  1570   500
	21695 15865    -1  1560   500
	21669 15877    -1  1550   490
	21647 15880    -1  1550   490
	21630 15894    -1  1540   490
	21613 15851    -1  1540   490
	21612 15913    -1  1520   490
	21593 15928    -1  1510   490
	21590 15932    -1  1510   490
	21587 15948    -1  1510   490
	21584 15973    -1  1510   490
	21586 15989    -1  1510   490
	21591 16006    -1  1500   500
	21594 16025    -1  1500   500
	21599 16042    -1  1500   500
	21604 16058    -1  1510   500
	21611 16075    -1  1510   500
	21614 16101    -1  1520   490
	21618 16107    -1  1520   490
	21621 16124    -1  1520   490
	21625 16137    -1  1520   490
	21625 16152    -1  1520   490
	21622 16166    -1  1530   490
	21622 16172    -1  1530   490
	21616 16184    -1  1530   490
	21608 16197    -1  1530   490
	21596 16201    -1  1530   480
	21582 16215    -1  1530   480
	21568 16219    -1  1520   480
	21545 16233    -1  1520   480
	21522 16246    -1  1530   470
	21500 16252    -1  1530   470
	21473 16264    -1  1530   470
	21440 16277    -1  1530   470
	21409 16281    -1  1530   470
	21374 16293    -1  1540   470
	21340 16299    -1  1540   470
	21308 16310    -1  1530   480
	21277 16312    -1  1550   480
	21247 16315    -1  1540   490
	21215 16326    -1  1540   490
	21185 16329    -1  1530   500
	21157 16330    -1  1530   500
	21131 16341    -1  1530   510
	21108 16343    -1  1530   510
	21083 16346    -1  1530   520
	21062 16360    -1  1520   530
	21041 16360    -1  1520   530
	21023 16364    -1  1520   540
	21004 16376    -1  1520   540
	20997 16380    -1  1510   540
	20985 16390    -1  1490   550
	20982 16394    -1  1490   550
	21010 16405    -1  1490   550
	20974 16410    -1  1490   550
	20980 16423    -1  1490   550
	20982 16428    -1  1490   550
	20989 16441    -1  1490   550
	20993 16444    -1  1490   550
	21000 16459    -1  1490   550
	21002 16472    -1  1490   550
	21004 16488    -1  1490   550
	21009 16501    -1  1490   550
	21011 16506    -1  1470   550
	21013 16522    -1  1470   550
	21014 16537    -1  1480   540
	21016 16550    -1  1480   540
	21020 16567    -1  1480   540
	21025 16581    -1  1480   540
	21028 16587    -1  1480   540
	21029 16601    -1  1480   540
	21033 16616    -1  1480   540
	21031 16629    -1  1490   530
	21036 16636    -1  1490   530
	21034 16650    -1  1490   530
	21031 16665    -1  1490   530
	21031 16679    -1  1490   530
	21031 16683    -1  1490   530
	21028 16697    -1  1490   530
	21027 16709    -1  1490   530
	21027 16713    -1  1490   530
	21021 16663    -1  1490   530
	21020 16728    -1  1490   530
	21017 16728    -1  1490   530
	21011 16729    -1  1490   530
	21008 16730    -1  1490   530
	21001 16731    -1  1490   530
	21000 16741    -1  1500   520
	20994 16742    64  1500   520
	20989 16745     0  1500   520
	20982 16745     0  1500   520
	20979 16746     0  1500   520
	20976 16748    35  1500   520
	20977 16748   108  1500   520
	20976 16759   160  1500   520
	20975 16761   201  1500   520
	20976 16763   234  1500   520
	20977 16773   262  1500   520
	20975 16774   286  1500   520
	20971 16774   308  1500   520
	20971 16776   336  1500   520
	20973 16776   352  1500   520
	20970 16778   367  1500   520
	20970 16777   310  1500   520
	20970 16779   344  1500   520
	20969 16780   380  1500   520
	20970 16790   405  1500   520
	20967 16789   494  1500   520
	20969 16791   533  1500   520
	20969 16792   552  1500   520
	20963 16790   565  1500   520
	20967 16792   577  1500   520
	20965 16793   601  1500   520
	20966 16791   615  1500   520
	20965 16794   632  1500   520
	20967 16794   636  1490   520
	20967 16793   639  1490   520
	20964 16793   643  1490   520
	20962 16794   648  1490   520
	20965 16793   653  1490   520
	20964 16793   658  1490   520
	20964 16793   664  1490   520
	20967 16793   671  1490   520
	20964 16794   677  1490   520
	20965 16794   683  1490   520
	20965 16794   689  1490   520
	20965 16794   696  1490   520
	20964 16794   702  1490   520
	20965 16794   706  1490   520
	20965 16794   713  1490   520
	20965 16795   718  1490   520
	20967 16794   724  1490   520
	20965 16793   731  1490   520
	20965 16794   734  1490   520
	20965 16796   738  1490   520
	20966 16795   755  1490   520
	20965 16795   766  1490   520
	20966 16794   767  1490   520
	20967 16795   768  1490   520
	20966 16795   769  1490   520
	20965 16795   770  1490   520
	20967 16795   771  1490   520
	20969 16795   772  1490   520
	20969 16795   772  1480   510
	20969 16795   772  1480   510
	20968 16795   773  1480   510
	20963 16795   773  1480   510
	20968 16795   773  1480   510
	20967 16795   774  1480   510
	20968 16795   773  1480   510
	20965 16795   774  1480   510
	20967 16795   775  1480   510
	20967 16796   775  1480   510
	20963 16794   776  1480   510
	20968 16795   776  1480   510
	20967 16795   776  1480   510
	20967 16795   776  1480   510
	20968 16795   776  1480   510
	20966 16794   776  1480   510
	20967 16795   777  1470   520
	20967 16795   777  1470   520
	20967 16794   777  1470   520
	20965 16794   777  1470   520
	20968 16795   777  1470   520
	20967 16794   778  1470   520
	20968 16794   778  1470   520
	20967 16794   778  1470   520
	20968 16794   779  1470   520
	20967 16794   779  1470   520
	20967 16794   779  1470   520
	20967 16794   779  1470   520
	20967 16794   779  1470   520
	20966 16794   780  1470   520
	20967 16794   780  1470   520
	20967 16794   780  1470   520
	20968 16794   780  1470   520
	20968 16795   780  1470   520
	20968 16794   780  1470   520
	20966 16794   780  1470   520
	20968 16794   780  1470   520
	20968 16794   780  1470   520
	20967 16794   781  1470   520
	20967 16794   780  1470   520
	20967 16794   780  1470   520
	20965 16794   780  1470   520
	20967 16794   779  1470   520
	20965 16794   780  1470   520
	20965 16793   779  1470   520
	20965 16793   779  1470   520
	20963 16791   779  1480   510
	20965 16791   778  1480   510
	20963 16789   778  1480   510
	20963 16778   777  1480   510
	20962 16764   777  1480   510
	20962 16757   777  1470   520
	20963 16742   776  1470   520
	20963 16725   776  1470   520
	20968 16694   776  1470   520
	20968 16649   776  1470   520
	20968 16603   776  1470   520
	20967 16565   776  1470   520
	20970 16507   776  1470   520
	20974 16444   776  1470   520
	20980 16390   776  1470   520
	20983 16310   775  1470   520
	20983 16230   774  1470   520
	20986 16150   774  1460   530
	20984 16071   773  1460   530
	20983 15990   773  1460   530
	20981 15913   772  1460   530
	20979 15835   772  1460   530
	20973 15767   771  1450   530
	20972 15704   770  1450   530
	20965 15653   771  1450   530
	20966 15596   770  1430   530
	20961 15548   770  1430   530
	20947 15514   769  1430   530
	20939 15493   769  1430   530
	20928 15463   769  1420   530
	20919 15448   769  1420   530
	20908 15445   769  1420   530
	20900 15436   770  1420   530
	20890 15445   771  1410   530
	20875 15450   771  1410   530
	20861 15466   770  1410   530
	20849 15483   772  1410   530
	20837 15513   772  1410   530
	20830 15548   770  1410   530
	20826 15593   772  1410   530
	20830 15644   769  1410   530
	20836 15717   768  1410   530
	20854 15788   767  1410   530
	20882 15868   767  1410   530
	20915 15948   766  1410   530
	20958 16038   755  1410   530
	21003 16134   737  1410   530
	21054 16231   734  1410   530
	21112 16330   727  1420   530
	21172 16426   729  1430   530
	21237 16506   729  1430   530
	21293 16583   723  1430   530
	21348 16647   718  1430   530
	21401 16709   714  1430   530
	21441 16757   708  1450   540
	21478 16796   706  1450   540
	21510 16841   706  1460   530
	21529 16873   706  1460   530
	21542 16902   708  1460   530
	21550 16921   709  1470   530
	21557 16936   713  1470   530
	21556 16949   715  1470   530
	21550 16951   717  1470   530
	21545 16951   714  1470   530
	21537 16950   714  1470   530
	21535 16937   710  1470   530
	21521 16920   708  1470   530
	21501 16875   706  1470   530
	21477 16825   706  1470   530
	21451 16774   706  1470   530
	21432 16714   706  1470   530
	21408 16662   704  1470   530
	21386 16599   705  1470   530
	21369 16536   704  1470   530
	21351 16474   704  1470   530
	21335 16407   705  1470   530
	21320 16330   702  1470   530
	21304 16277   702  1470   530
	21291 16198   702  1460   530
	21281 16134   702  1450   540
	21268 16072   704  1450   540
	21260 16010   704  1450   540
	21255 15957   702  1450   540
	21250 15898   700  1450   540
	21249 15852   698  1450   540
	21250 15804   698  1450   540
	21253 15767   696  1450   540
	21255 15724   690  1450   540
	21261 15701   689  1450   540
	21267 15673   684  1450   540
	21274 15655   681  1450   540
	21281 15639   677  1450   540
	21289 15625   671  1450   540
	21298 15622   671  1450   540
	21309 15623   669  1450   540
	21318 15625   668  1450   540
	21334 15637   671  1450   540
	21349 15655   671  1450   540
	21371 15674   674  1460   540
	21397 15705   674  1460   540
	21422 15736   674  1460   540
	21454 15771   677  1460   540
	21484 15814   678  1460   540
	21515 15851   681  1460   540
	21543 15893   681  1460   540
	21566 15915   684  1460   540
	21581 15944   689  1460   540
	21594 15974   691  1460   540
	21604 15992   696  1460   540
	21610 16009   698  1460   540
	21613 16025   702  1460   540
	21612 16039   708  1460   540
	21610 16041   717  1460   540
	21608 16043   723  1460   540
	21607 16053   727  1460   540
	21601 16054   727  1460   540
	21599 16054   724  1460   540
	21595 16044   722  1460   540
	21590 16042   717  1460   540
	21582 16028   714  1460   540
	21567 16012   708  1460   540
	21547 15993   708  1460   540
	21528 15963   706  1460   540
	21511 15942   706  1460   540
	21488 15912   708  1460   540
	21472 15882   706  1460   540
	21461 15851   706  1460   540
	21451 15819   706  1460   540
	21449 15786   705  1460   540
	21449 15755   702  1460   540
	21454 15735   702  1460   540
	21462 15704   700  1460   540
	21466 15686   697  1460   540
	21482 15660   697  1450   540
	21494 15644   696  1450   540
	21510 15628   693  1450   540
	21524 15622   694  1440   540
	21542 15610   693  1440   540
	21559 15607   691  1440   540
	21577 15608   691  1440   540
	21590 15608   691  1440   540
	21608 15612   693  1440   540
	21627 15625   696  1440   540
	21647 15641   700  1440   540
	21665 15659   702  1450   550
	21685 15685   705  1450   550
	21704 15706   706  1450   550
	21729 15739   713  1450   550
	21751 15772   721  1450   550
	21767 15803   723  1450   550
	21790 15845   729  1450   550
	21805 15878   734  1450   550
	21822 15899   736  1450   550
	21831 15928   744  1450   550
	21836 15946   760  1450   550
	21836 15963   767  1450   550
	21833 15976   768  1450   550
	21830 15980   769  1450   550
	21828 15989   769  1460   540
	21830 15990   769  1460   540
	21828 15991   768  1460   540
	21828 15989   766  1460   540
	21831 15978   736  1460   540
	21832 15963   729  1460   540
	21833 15946   724  1460   540
	21835 15927   718  1460   540
	21835 15898   710  1460   540
	21838 15868   708  1460   540
	21839 15836   706  1460   540
	21840 15814   704  1460   540
	21841 15784   702  1460   540
	21846 15753   702  1460   540
	21844 15733   702  1460   540
	21848 15704   701  1460   540
	21849 15690   700  1460   540
	21850 15674   702  1460   540
	21850 15671   702  1450   550
	21853 15671   704  1450   550
	21856 15669   714  1450   550
	21855 15671   736  1450   550
	21855 15674   769  1450   550
	21855 15688   773  1450   550
	21856 15703   776  1450   550
	21855 15720   780  1450   550
	21855 15749   783  1450   550
	21859 15769   786  1450   550
	21863 15799   786  1450   550
	21870 15829   786  1450   550
	21879 15847   787  1460   550
	21892 15878   784  1460   550
	21911 15909   780  1460   550
	21934 15929   775  1460   550
	21964 15948   744  1470   550
	22003 15976   693  1470   550
	22045 15994   650  1470   550
	22094 16010   550  1470   550
	22150 16024   278  1470   550
	22206 16028   218  1470   550
	22260 16039    -1  1490   550
	22311 16042    -1  1490   550
	22357 16042    -1  1500   540
	22405 16039    -1  1510   540
	22453 16037    -1  1510   540
	22507 16023    -1  1510   540
	22558 16008    -1  1520   540
	22609 15990    -1  1520   540
	22655 15964    -1  1510   530
	22692 15943    -1  1520   530
	22722 15915    -1  1520   530
	22731 15900    -1  1500   520
	22732 15882    -1  1510   510
	22717 15866    -1  1510   510
	22690 15852    -1  1500   510
	22661 15847    -1  1500   510
	22625 15783    -1  1500   510
	22600 15830    -1  1480   500
	22558 15819    -1  1460   500
	22512 15816    -1  1450   500
	22460 15816    -1  1450   500
	22412 15815    -1  1440   490
	22359 15815    -1  1450   500
	22313 15816    -1  1450   500
	22271 15818    -1  1460   500
	22232 15819    -1  1460   500
	22198 15829    -1  1460   500
	22168 15832    -1  1460   500
	22141 15833    -1  1470   510
	22117 15845    -1  1470   510
	22107 15848    -1  1480   510
	22096 15851    -1  1480   510
	22130 15862    -1  1480   510
	22098 15865    -1  1480   530
	22107 15877    -1  1490   530
	22112 15878    -1  1490   530
	22126 15835    -1  1510   530
	22143 15894   249  1510   530
	22154 15900   308  1480   540
	22166 15915   327  1480   540
	22177 15925   360  1480   540
	22192 15932   324  1480   540
	22204 15943   395  1480   540
	22215 15947   531  1480   540
	22221 15957   567  1470   550
	22228 15958   609  1470   550
	22228 15958   639  1470   550
	22230 15957   650  1470   550
	22230 15948   658  1470   550
	22231 15948   661  1460   540
	22230 15943   668  1460   540
	22229 15931   671  1460   540
	22227 15926   672  1460   540
	22224 15910   675  1460   540
	22227 15893   683  1460   540
	22224 15863   691  1460   540
	22218 15832   693  1460   540
	22218 15815   694  1460   540
	22214 15788   694  1460   540
	22215 15769   696  1460   540
	22209 15736   700  1460   540
	22207 15708   701  1460   540
	22206 15691   702  1460   540
	22206 15685   702  1450   550
	22208 15671   702  1450   550
	22211 15655   704  1450   550
	22212 15653   706  1450   550
	22214 15644   706  1450   550
	22215 15642   709  1450   550
	22216 15644   721  1450   550
	22217 15644   738  1450   550
	22219 15653   770  1450   550
	22220 15656   776  1450   550
	22227 15659   780  1450   550
	22237 15675   783  1450   550
	22250 15691   786  1450   550
	22263 15708   789  1450   550
	22281 15738   789  1450   550
	22307 15768   789  1450   550
	22330 15800   789  1450   550
	22351 15818   789  1450   550
	22371 15835   789  1450   550
	22388 15852   789  1450   550
	22406 15864   789  1450   550
	22416 15867   788  1450   550
	22423 15868   787  1450   550
	22425 15868   784  1450   550
	22425 15866   782  1450   550
	22425 15866   779  1460   550
	22424 15861   777  1460   550
	22423 15848   776  1460   550
	22423 15834   774  1460   550
	22420 15818   773  1470   550
	22415 15801   773  1470   550
	22409 15782   773  1470   550
	22405 15753   773  1470   550
	22402 15736   773  1470   550
	22401 15720   773  1470   550
	22402 15704   772  1470   550
	22403 15690   772  1460   550
	22402 15676   772  1460   550
	22403 15671   772  1460   550
	22407 15660   772  1460   550
	22406 15659   771  1460   550
	22409 15659   771  1460   550
	22409 15659   772  1460   550
	22412 15669   772  1460   550
	22417 15670   774  1460   550
	22421 15674   774  1460   550
	22436 15689   775  1460   550
	22453 15702   775  1460   550
	22470 15719   776  1460   550
	22493 15737   776  1460   550
	22520 15766   776  1460   550
	22547 15785   776  1460   550
	22569 15803   776  1470   550
	22592 15829   775  1470   550
	22612 15836   776  1470   550
	22625 15848   775  1470   550
	22630 15851   775  1470   550
	22630 15851   775  1470   550
	22632 15851   775  1460   540
	22631 15850   775  1460   540
	22629 15849   773  1460   540
	22629 15846   770  1460   540
	22624 15834   769  1460   540
	22618 15817   770  1460   540
	22610 15802   769  1450   540
	22603 15785   768  1450   540
	22594 15766   768  1450   540
	22584 15739   769  1450   540
	22577 15720   768  1450   540
	22572 15704   768  1450   540
	22570 15686   768  1450   540
	22567 15660   768  1450   540
	22562 15654   766  1450   540
	22562 15642   750  1450   540
	22565 15627   744  1450   540
	22567 15623   738  1450   540
	22570 15612   733  1450   540
	22573 15610   725  1450   540
	22579 15609   715  1450   540
	22580 15608   709  1450   540
	22584 15609   706  1450   540
	22591 15611   706  1450   540
	22596 15612   708  1450   540
	22603 15624   710  1450   540
	22613 15627   714  1450   540
	22625 15642   714  1450   540
	22640 15655   715  1450   540
	22653 15669   718  1450   540
	22665 15685   717  1450   540
	22685 15692   718  1450   540
	22702 15707   718  1450   540
	22721 15733   721  1460   540
	22747 15740   721  1460   540
	22773 15756   718  1460   540
	22800 15781   721  1460   540
	22825 15797   721  1460   540
	22848 15803   723  1460   540
	22873 15819   723  1460   540
	22898 15835   723  1460   540
	22922 15850   724  1460   540
	22943 15866   723  1460   540
	22964 15880   725  1460   540
	22982 15894   729  1460   540
	22994 15899   734  1460   540
	23003 15910   738  1460   540
	23012 15915   766  1460   540
	23021 15927   768  1460   540
	23021 15927   771  1460   540
	23021 15928   774  1460   540
	23020 15929   777  1460   540
	23016 15930   780  1460   540
	23010 15931   783  1460   540
	22998 15931   784  1460   540
	22980 15931   783  1460   540
	22954 15931   783  1460   540
	22922 15929   784  1470   530
	22894 15925   785  1470   530
	22867 15915   786  1470   530
	22849 15912   786  1470   530
	22833 15910   786  1470   530
	22825 15899   785  1480   540
	22823 15896   784  1480   540
	22824 15883   783  1480   540
	22821 15877   780  1480   540
	22825 15863   777  1480   540
	22835 15846   775  1480   540
	22851 15817   773  1470   550
	22860 15800   744  1470   550
	22877 15771   727  1470   550
	22892 15753   706  1470   550
	22904 15736   693  1470   550
	22911 15719   684  1470   550
	22914 15704   677  1470   550
	22912 15690   675  1470   550
	22907 15685   677  1470   550
	22897 15673   678  1470   550
	22884 15669   689  1470   550
	22872 15659   694  1470   550
	22856 15655   700  1470   550
	22840 15653   713  1470   550
	22832 15644   725  1470   550
	22826 15642   730  1460   550
	22820 15642   730  1470   550
	22816 15640   729  1470   550
	22820 15640   724  1470   550
	22820 15639   718  1470   550
	22827 15639   713  1470   550
	22835 15639   706  1470   550
	22851 15639   705  1470   550
	22867 15640   706  1470   550
	22896 15643   706  1470   550
	22924 15653   709  1470   550
	22962 15659   713  1470   550
	23000 15674   713  1470   550
	23038 15691   718  1470   550
	23073 15708   723  1470   550
	23109 15735   724  1470   550
	23140 15753   738  1470   550
	23165 15772   744  1470   550
	23191 15800   760  1470   550
	23212 15817   766  1470   550
	23230 15833   769  1460   540
	23235 15848   773  1470   550
	23238 15864   776  1470   550
	23246 15868   778  1470   550
	23248 15883   779  1470   550
	23251 15894   781  1470   550
	23250 15897   784  1470   550
	23246 15899   786  1470   550
	23245 15899   787  1470   550
	23244 15900   788  1470   550
	23242 15900   788  1470   550
	23242 15898   788  1470   550
	23240 15897   787  1470   550
	23236 15895   785  1470   550
	23234 15893   784  1470   550
	23231 15882   784  1470   550
	23224 15868   784  1470   550
	23211 15862   784  1470   550
	23203 15849   784  1460   540
	23194 15833   784  1460   540
	23184 15820   784  1460   540
	23174 15802   784  1460   540
	23168 15788   784  1460   540
	23158 15781   784  1460   540
	23151 15765   784  1460   540
	23140 15740   784  1460   540
	23130 15735   784  1460   540
	23123 15721   783  1460   540
	23119 15708   784  1460   540
	23115 15703   783  1460   540
	23110 15690   783  1460   540
	23108 15686   783  1460   540
	23105 15673   783  1460   540
	23105 15660   782  1460   540
	23103 15657   782  1460   540
	23104 15653   782  1460   540
	23105 15643   781  1460   540
	23107 15640   780  1460   540
	23111 15640   780  1460   540
	23116 15639   780  1460   540
	23121 15639   780  1460   540
	23130 15640   780  1460   540
	23143 15642   781  1460   540
	23160 15655   782  1460   540
	23191 15660   782  1460   540
	23226 15674   783  1460   540
	23262 15690   783  1460   540
	23300 15703   783  1460   540
	23338 15717   783  1460   540
	23373 15723   781  1460   540
	23411 15735   781  1460   540
	23440 15736   781  1460   540
	23464 15736   780  1460   540
	23480 15737   780  1470   550
	23487 15735   780  1470   550
	23491 15734   780  1470   550
	23495 15724   781  1470   550
	23493 15720   782  1470   550
	23498 15708   784  1470   550
	23508 15703   787  1470   550
	23516 15690   789  1470   550
	23529 15675   790  1470   550
	23545 15672   812  1470   550
	23565 15657   818  1470   550
	23585 15644   820  1470   550
	23606 15638   824  1470   550
	23630 15627   825  1470   550
	23652 15624   825  1470   550
	23674 15624   827  1470   550
	23692 15624   827  1470   550
	23709 15624   827  1470   550
	23734 15625   827  1470   550
	23757 15626   825  1470   550
	23796 15638   817  1470   550
	23838 15642   788  1470   550
	23888 15653   772  1470   550
	23942 15654   655  1470   550
	23998 15656   380  1470   550
	24050 15670   249  1480   540
