ABCDE-012_345_678 951
	17781 15429    64  1600   540
	17788 15420    35  1580   540
	17790 15420   275  1600   540
	17788 15429   308  1600   540
	17788 15430   336  1610   550
	17783 15431   360  1610   550
	17780 15431   324  1610   550
	17770 15432   363  1630   550
	17761 15430   390  1630   550
	17742 15430   410  1630   550
	17719 15430   519  1630   540
	17688 15420   539  1630   540
	17646 15419   544  1630   540
	17594 15417   557  1630   540
	17531 15415   574  1630   550
	17453 15416   577  1630   550
	17354 15415   579  1630   550
	17223 15404   611  1630   550
	17078 15413   632  1630   550
	16926 15413   638  1630   550
	16733 15416   636  1630   550
	16518 15417   638  1630   550
	16295 15419   632  1630   550
	16036 15430   632  1610   550
	15750 15434   623  1610   550
	15445 15446   605  1610   550
	15138 15449   611  1600   540
	14822 15462   592  1600   540
	14496 15464   605  1600   540
	14191 15480   603  1600   540
	13900 15495   611  1580   540
	13606 15511   630  1580   550
	13346 15529   630  1580   550
	13109 15559   625  1560   550
	12888 15589   632  1560   550
	12704 15625   638  1550   540
	12533 15659   639  1550   540
	12401 15706   646  1550   540
	12311 15755   656  1530   540
	12255 15815   672  1530   540
	12231 15864   691  1530   540
	12234 15915   691  1530   540
	12273 15976   690  1530   540
	12349 16040   689  1520   540
	12474 16118   684  1520   540
	12655 16199   684  1520   540
	12872 16284   681  1520   540
	13144 16376   678  1530   540
	13428 16453   680  1530   540
	13785 16520   678  1530   540
	14175 16583   675  1530   540
	14556 16629   681  1560   530
	14995 16663   683  1560   530
	15435 16684   687  1560   530
	15855 16697   689  1560   530
	16317 16694   696  1570   540
	16713 16677   702  1580   540
	17133 16649   704  1580   540
	17526 16604   709  1600   540
	17857 16553   714  1610   550
	18179 16492   713  1610   550
	18473 16437   710  1630   550
	18686 16362   714  1640   550
	18885 16293   710  1640   550
	19041 16217   706  1650   550
	19137 16156   700  1670   550
	19184 16105   684  1670   550
	19187 16058   671  1680   550
	19143 16022   666  1680   550
	19040 15975   664  1680   550
	18864 15929   660  1700   560
	18645 15846   651  1700   560
	18389 15852   646  1700   560
	18086 15832   645  1700   560
	17709 15813   634  1700   560
	17331 15786   634  1700   560
	16950 15766   641  1680   550
	16512 15738   646  1680   550
	16118 15723   653  1670   550
	15727 15717   658  1670   550
	15362 15702   664  1670   550
	15024 15687   669  1650   550
	14705 15671   669  1650   550
	14411 15655   678  1640   550
	14170 15644   681  1630   550
	13959 15638   693  1630   550
	13802 15624   694  1610   550
	13690 15608   702  1610   550
	13633 15595   708  1600   550
	13625 15591   705  1600   550
	13645 15576   698  1590   550
	13698 15546   702  1590   550
	13781 15516   704  1590   550
	13897 15482   706  1590   550
	14042 15463   706  1590   550
	14225 15432   710  1590   550
	14415 15397   714  1590   550
	14628 15366   715  1590   550
	14867 15320   714  1590   550
	15097 15285   706  1590   550
	15342 15239   696  1590   550
	15551 15194   681  1590   550
	15781 15148   661  1590   550
	15985 15111   641  1590   550
	16179 15066   567  1590   550
	16367 15029   410  1590   550
	16512 14985   302  1590   550
	16649 14950   297  1600   550
	16777 14917     0  1600   550
	16885 14885    -1  1600   550
	16959 14859    -1  1600   550
	17008 14843    -1  1600   550
	17035 14839    -1  1620   560
	17039 14837    -1  1630   550
	17028 14838    -1  1630   550
	17001 14796    -1  1630   550
	16975 14853    -1  1630   540
	16914 14859    -1  1630   540
	16856 14873    -1  1630   540
	16786 14886    -1  1640   530
	16700 14903    -1  1640   530
	16599 14875    -1  1630   520
	16485 14935    -1  1620   520
	16357 14952    -1  1620   510
	16212 14970    -1  1610   500
	16048 14998    -1  1620   500
	15899 15029    -1  1620   490
	15746 15048    -1  1610   480
	15592 15079    -1  1620   480
	15439 15111    -1  1610   470
	15292 15146    -1  1610   460
	15128 15196    -1  1610   450
	14969 15254    -1  1610   450
	14826 15305    -1  1610   450
	14681 15356    -1  1590   460
	14542 15402    -1  1580   470
	14418 15452    -1  1570   470
	14314 15497    -1  1570   480
	14220 15543    -1  1550   470
	14146 15577    -1  1560   480
	14092 15612    -1  1560   480
	14068 15643    -1  1550   490
	14072 15675    -1  1540   500
	14105 15705    -1  1540   500
	14157 15724    -1  1550   510
	14217 15753    -1  1540   520
	14286 15782    -1  1540   520
	14365 15804    -1  1520   530
	14440 15834    -1  1490   530
	14519 15861    -1  1500   520
	14605 15880    -1  1500   520
	14697 15895    -1  1530   520
	14791 15910    -1  1530   520
	14879 15916    -1  1550   510
	14960 15929    -1  1570   520
	15033 15932    -1  1580   510
	15101 15941    -1  1580   510
	15165 15931    -1  1580   510
	15213 15930    -1  1570   500
	15255 15926    -1  1560   500
	15286 15914    -1  1560   500
	15293 15913    -1  1560   500
	15294 15909    -1  1560   500
	15272 15899    -1  1560   480
	15238 15899    -1  1560   480
	15187 15909    -1  1560   480
	15125 15910    -1  1570   490
	15065 15914    -1  1570   490
	15003 15915    -1  1570   490
	14938 15927    -1  1570   490
	14871 15930    -1  1560   480
	14804 15942    -1  1550   480
	14734 15944    -1  1540   490
	14700 15957    -1  1530   490
	14590 15960    -1  1530   490
	14520 15964    -1  1540   490
	14456 15976    -1  1540   490
	14394 15990    -1  1540   490
	14337 15996    -1  1540   490
	14279 16011    -1  1540   500
	14219 16027    -1  1540   500
	14158 16053    -1  1540   500
	14101 16070    -1  1530   500
	14051 16088    -1  1530   500
	14009 16105    -1  1530   500
	13971 16123    -1  1530   500
	13937 16139    -1  1530   500
	13912 16165    -1  1530   500
	13891 16183    -1  1530   500
	13874 16200    -1  1530   500
	13864 16219    -1  1530   500
	13881 16235    -1  1530   500
	13852 16262    -1  1530   500
	13849 16278    -1  1540   500
	13855 16293    -1  1540   500
	13859 16311    -1  1540   500
	13867 16329    -1  1530   510
	13875 16344    -1  1550   510
	13885 16358    -1  1540   520
	13891 16373    -1  1530   520
	13898 16377    -1  1530   520
	13901 16391    -1  1520   530
	13910 16395    -1  1520   530
	13914 16406    -1  1520   530
	13920 16410    -1  1510   530
	13926 16421    -1  1510   530
	13930 16395    -1  1510   530
	13934 16427    -1  1510   530
	13939 16439    -1  1500   540
	13938 16443    -1  1500   540
	13938 16454    -1  1500   540
	13939 16458    -1  1500   540
	13936 16469    -1  1500   540
	13937 16474    -1  1510   530
	13938 16486    -1  1510   530
	13939 16491    -1  1510   530
	13942 16503    -1  1510   530
	13945 16508    -1  1510   530
	13952 16522    -1  1510   530
	13953 16533    -1  1510   530
	13957 16539    -1  1510   530
	13959 16552    -1  1520   530
	13956 16555    -1  1520   530
	13953 16569    -1  1520   530
	13950 16581    -1  1520   530
	13945 16586    -1  1520   530
	13938 16597    -1  1520   530
	13928 16601    -1  1520   530
	13918 16614    -1  1520   530
	13911 16619    -1  1520   530
	13903 16631    -1  1530   520
	13898 16636    -1  1530   520
	13890 16651    -1  1530   520
	13888 16663    -1  1530   520
	13885 16677    -1  1510   510
	13883 16683    -1  1510   510
	13882 16697    -1  1510   510
	13878 16709    -1  1510   510
	13875 16714    -1  1510   510
	13873 16716    -1  1510   510
	13870 16728    -1  1510   510
	13864 16741    -1  1510   510
	13861 16743    -1  1510   510
	13859 16678    -1  1510   510
	13857 16744    -1  1500   510
	13856 16746    -1  1500   510
	13855 16746    -1  1510   510
	13851 16748     0  1510   510
	13851 16758   136  1510   510
	13850 16760   201  1520   510
	13850 16760   249  1520   510
	13850 16764   297  1520   510
	13849 16773   327  1520   510
	13849 16776   360  1520   510
	13849 16776   302  1520   510
	13850 16778   357  1520   510
	13849 16780   401  1520   510
	13854 16789   507  1520   510
	13855 16790   547  1520   510
	13856 16791   572  1520   510
	13857 16791   615  1510   500
	13858 16791   638  1510   500
	13856 16792   650  1500   510
	13857 16793   661  1500   510
	13858 16794   669  1500   510
	13858 16794   678  1500   510
	13858 16794   689  1500   510
	13860 16794   696  1500   510
	13860 16792   702  1500   510
	13860 16794   710  1500   510
	13860 16794   722  1490   510
	13860 16792   730  1490   510
	13861 16793   738  1490   510
	13859 16794   767  1490   510
	13859 16792   769  1490   510
	13859 16793   772  1490   510
	13859 16793   774  1490   510
	13859 16793   776  1490   510
	13861 16793   778  1490   510
	13860 16794   780  1490   510
	13860 16794   782  1490   510
	13859 16794   784  1490   510
	13861 16794   785  1480   500
	13862 16794   786  1480   500
	13860 16794   787  1480   500
	13859 16794   789  1480   500
	13861 16794   790  1480   500
	13860 16794   799  1480   500
	13859 16794   807  1480   500
	13860 16794   812  1480   500
	13860 16795   815  1480   500
	13861 16794   816  1480   500
	13859 16794   816  1480   500
	13860 16794   817  1480   500
	13860 16794   818  1480   500
	13860 16794   819  1480   500
	13861 16794   820  1480   500
	13861 16794   820  1480   500
	13858 16794   821  1480   500
	13859 16794   821  1480   500
	13858 16794   822  1480   500
	13862 16794   824  1480   500
	13861 16794   824  1480   500
	13861 16794   825  1480   500
	13860 16794   826  1480   500
	13861 16794   827  1480   500
	13860 16794   829  1480   500
	13860 16794   829  1480   500
	13859 16794   831  1480   500
	13861 16794   831  1480   500
	13861 16794   834  1480   500
	13861 16794   835  1480   500
	13861 16794   835  1480   500
	13861 16795   838  1480   500
	13860 16793   839  1480   500
	13859 16794   841  1480   500
	13862 16794   841  1480   500
	13861 16794   844  1480   500
	13863 16794   845  1480   500
	13864 16805   845  1480   500
	13862 16794   847  1480   500
	13862 16795   847  1480   500
	13864 16795   848  1480   500
	13861 16794   849  1480   500
	13862 16795   849  1480   500
	13862 16796   849  1480   500
	13862 16794   849  1480   500
	13860 16796   856  1480   500
	13862 16794   850  1480   500
	13862 16794   853  1480   500
	13861 16795   856  1480   500
	13862 16796   858  1480   500
	13863 16794   864  1480   500
	13860 16795   862  1480   500
	13861 16795   864  1480   500
	13861 16794   864  1480   500
	13862 16794   864  1480   500
	13862 16794   867  1480   500
	13861 16795   867  1480   500
	13861 16796   867  1480   500
	13861 16795   868  1480   500
	13861 16795   868  1480   500
	13861 16795   867  1480   500
	13860 16796   868  1480   500
	13861 16794   868  1480   500
	13861 16794   867  1480   500
	13862 16795   867  1480   500
	13861 16796   867  1480   500
	13860 16794   868  1480   500
	13863 16796   868  1480   500
	13862 16795   868  1480   500
	13861 16795   868  1480   500
	13862 16794   868  1480   500
	13861 16796   868  1480   500
	13863 16795   869  1480   500
	13861 16795   868  1480   500
	13861 16795   869  1480   500
	13862 16794   868  1480   500
	13861 16794   869  1480   500
	13861 16795   868  1480   500
	13861 16794   868  1480   500
	13860 16795   868  1480   500
	13862 16794   868  1480   500
	13863 16794   868  1480   500
	13863 16794   869  1480   500
	13862 16794   868  1480   500
	13861 16794   869  1480   500
	13862 16795   868  1480   500
	13861 16794   868  1480   500
	13861 16794   868  1480   500
	13859 16794   868  1480   500
	13862 16794   868  1480   500
	13863 16794   869  1480   500
	13862 16795   868  1480   500
	13862 16794   869  1480   500
	13862 16794   869  1480   500
	13861 16793   868  1480   500
	13862 16794   868  1480   500
	13861 16793   870  1480   500
	13861 16794   870  1480   500
	13860 16793   870  1480   500
	13861 16794   870  1480   500
	13862 16794   869  1480   500
	13861 16794   868  1480   500
	13863 16794   870  1480   500
	13864 16792   869  1480   500
	13864 16793   869  1480   500
	13861 16794   869  1480   500
	13864 16794   869  1480   500
	13863 16794   870  1480   500
	13859 16795   870  1480   500
	13862 16794   869  1480   500
	13860 16794   870  1480   500
	13862 16794   870  1480   500
	13861 16792   869  1480   500
	13862 16794   870  1480   500
	13862 16794   871  1480   500
	13862 16794   871  1480   500
	13862 16794   871  1480   500
	13862 16794   871  1480   500
	13861 16795   871  1480   500
	13862 16794   871  1480   500
	13862 16793   871  1480   500
	13861 16794   871  1480   500
	13861 16794   871  1470   510
	13862 16794   872  1470   510
	13863 16794   872  1470   510
	13861 16793   872  1470   510
	13861 16793   871  1470   510
	13863 16793   871  1470   510
	13862 16793   871  1470   510
	13862 16794   871  1470   510
	13862 16794   871  1470   510
	13862 16794   872  1470   510
	13861 16794   871  1470   510
	13859 16794   871  1470   510
	13862 16794   872  1470   510
	13861 16793   871  1470   510
	13861 16794   871  1470   510
	13863 16793   871  1470   510
	13863 16794   872  1470   510
	13860 16794   871  1470   510
	13864 16794   872  1470   510
	13864 16793   872  1470   510
	13862 16794   872  1470   510
	13863 16793   872  1470   510
	13862 16794   872  1470   510
	13865 16794   872  1470   510
	13862 16794   872  1470   510
	13863 16794   872  1470   510
	13864 16794   872  1470   510
	13863 16794   872  1470   510
	13863 16794   872  1470   510
	13862 16794   872  1480   500
	13862 16794   873  1480   500
	13862 16794   872  1480   500
	13862 16794   872  1480   500
	13862 16793   872  1480   500
	13862 16794   872  1480   500
	13862 16794   873  1480   500
	13863 16794   872  1470   510
	13862 16794   872  1470   510
	13863 16794   873  1470   510
	13864 16794   872  1470   510
	13863 16795   872  1470   510
	13862 16794   872  1470   510
	13863 16794   872  1470   510
	13862 16794   872  1470   510
	13863 16794   872  1470   510
	13862 16794   872  1470   510
	13862 16793   872  1470   510
	13863 16793   872  1470   510
	13863 16794   872  1470   510
	13862 16794   872  1470   510
	13863 16794   872  1470   510
	13863 16794   872  1470   510
	13864 16794   872  1480   500
	13863 16794   872  1480   500
	13862 16794   872  1480   500
	13864 16794   871  1480   500
	13861 16794   871  1480   500
	13861 16794   871  1480   500
	13863 16794   871  1480   500
	13862 16794   871  1480   500
	13861 16794   870  1480   500
	13864 16793   868  1480   500
	13863 16792   868  1480   500
	13862 16790   864  1480   500
	13862 16780   849  1480   500
	13866 16777   847  1480   500
	13870 16761   844  1470   510
	13874 16728   845  1470   510
	13878 16682   844  1470   510
	13891 16634   844  1470   510
	13897 16586   844  1470   510
	13914 16523   839  1470   510
	13918 16454   838  1470   510
	13927 16389   838  1470   510
	13945 16297   835  1470   510
	13954 16218   831  1470   510
	13960 16152   830  1470   510
	13959 16076   829  1460   520
	13960 16012   830  1460   520
	13949 15959   829  1460   520
	13944 15910   829  1460   520
	13925 15852   829  1430   520
	13906 15820   829  1430   520
	13886 15786   829  1430   520
	13862 15756   831  1430   520
	13839 15738   831  1430   520
	13817 15734   835  1420   530
	13797 15722   838  1420   530
	13778 15719   840  1420   530
	13768 15720   843  1420   530
	13763 15721   846  1420   530
	13764 15722   847  1410   530
	13765 15724   845  1410   530
	13769 15734   841  1410   530
	13776 15738   836  1410   530
	13789 15753   831  1410   530
	13807 15786   827  1410   530
	13844 15818   820  1410   530
	13891 15868   812  1410   530
	13946 15912   789  1410   530
	13997 15963   782  1410   530
	14050 16021   778  1410   530
	14105 16074   775  1410   530
	14163 16138   769  1410   530
	14218 16218   737  1410   530
	14265 16309   729  1410   530
	14304 16393   709  1410   530
	14343 16475   697  1420   530
	14377 16567   684  1420   530
	14406 16652   678  1420   530
	14430 16731   675  1420   530
	14449 16807   671  1430   520
	14463 16860   669  1430   520
	14469 16907   671  1450   530
	14474 16938   671  1450   530
	14476 16965   669  1450   530
	14475 16972   671  1460   520
	14469 16984   672  1460   520
	14465 16984   674  1460   520
	14462 16984   674  1460   520
	14457 16982   671  1460   520
	14449 16969   671  1460   520
	14439 16953   671  1470   510
	14428 16922   671  1470   510
	14411 16886   669  1470   510
	14397 16841   669  1470   510
	14378 16780   671  1470   510
	14362 16730   671  1470   510
	14348 16668   671  1470   510
	14333 16603   671  1470   510
	14313 16553   669  1470   510
	14303 16489   669  1460   520
	14287 16423   669  1460   520
	14273 16358   669  1460   520
	14254 16280   668  1460   520
	14236 16204   668  1460   520
	14225 16151   666  1460   520
	14214 16092   668  1460   520
	14202 16041   664  1430   520
	14188 15994   664  1430   520
	14185 15945   666  1430   520
	14173 15900   664  1430   520
	14170 15866   664  1430   520
	14171 15836   664  1430   520
	14179 15815   664  1420   530
	14181 15799   663  1420   530
	14192 15782   663  1420   530
	14200 15770   663  1420   530
	14210 15770   661  1420   530
	14225 15781   663  1420   530
	14242 15786   666  1420   530
	14264 15804   669  1420   530
	14286 15832   671  1420   530
	14311 15862   672  1420   530
	14340 15894   677  1420   530
	14369 15928   678  1420   530
	14401 15964   681  1430   530
	14434 16008   681  1430   530
	14464 16041   684  1430   530
	14489 16073   686  1430   530
	14511 16104   690  1430   530
	14526 16123   696  1450   530
	14535 16151   702  1450   530
	14540 16167   706  1450   530
	14545 16183   717  1450   530
	14545 16188   734  1450   530
	14544 16199   744  1450   530
	14540 16201   767  1450   530
	14538 16202   768  1450   530
	14535 16200   768  1450   530
	14533 16188   766  1450   530
	14527 16183   744  1450   530
	14513 16166   736  1460   520
	14498 16137   737  1460   520
	14481 16104   734  1460   520
	14463 16071   737  1460   520
	14444 16026   734  1450   530
	14428 15993   736  1450   530
	14412 15959   734  1450   530
	14405 15916   733  1450   530
	14397 15884   733  1450   530
	14397 15852   734  1450   530
	14397 15829   733  1450   530
	14398 15803   731  1450   530
	14407 15786   729  1450   530
	14411 15772   727  1450   530
	14417 15770   725  1450   530
	14424 15769   725  1430   530
	14427 15771   730  1430   530
	14432 15772   744  1430   530
	14437 15786   768  1430   530
	14453 15803   773  1430   530
	14466 15829   776  1430   530
	14486 15861   776  1430   530
	14501 15883   778  1430   530
	14522 15913   778  1430   530
	14542 15945   779  1430   530
	14557 15964   780  1430   530
	14570 15980   780  1430   530
	14579 15993   780  1430   530
	14587 16006   779  1430   530
	14591 16007   778  1430   530
	14593 16005   775  1430   530
	14595 16005   772  1430   530
	14595 15995   768  1430   530
	14600 15980   760  1430   530
	14605 15964   736  1430   530
	14613 15944   729  1430   530
	14619 15926   725  1430   530
	14629 15896   724  1430   530
	14640 15867   724  1430   530
	14653 15847   724  1430   530
	14665 15817   723  1430   530
	14674 15798   722  1430   530
	14683 15772   722  1430   530
	14693 15765   722  1430   530
	14698 15751   724  1430   530
	14700 15750   724  1430   530
	14703 15749   733  1430   530
	14702 15751   770  1430   530
	14703 15755   777  1430   530
	14704 15766   784  1430   530
	14703 15785   790  1430   530
	14712 15802   819  1430   530
	14711 15830   827  1430   530
	14711 15851   830  1430   530
	14714 15882   832  1430   530
	14721 15914   835  1430   530
	14726 15946   835  1430   530
	14739 15989   835  1430   530
	14753 16011   829  1450   540
	14773 16041   827  1450   540
	14793 16073   818  1450   540
	14825 16104   787  1450   540
	14856 16134   778  1450   540
	14897 16152   734  1450   540
	14942 16169   678  1450   540
	14992 16185   639  1450   540
	15048 16197   531  1460   540
	15109 16198   360  1460   540
	15170 16200   218  1460   540
	15221 16198    -1  1460   540
	15264 16187    -1  1470   530
	15305 16184    -1  1470   530
	15349 16169    -1  1470   530
	15394 16154    -1  1480   530
	15439 16137    -1  1480   530
	15478 16119    -1  1490   520
	15517 16102    -1  1490   520
	15543 16085    -1  1490   520
	15566 16058    -1  1490   520
	15576 16011    -1  1490   510
	15579 16023    -1  1490   510
	15572 16009    -1  1500   500
	15557 15994    -1  1500   500
	15536 15990    -1  1480   500
	15514 15978    -1  1470   490
	15483 15975    -1  1480   480
	15454 15963    -1  1480   480
	15417 15960    -1  1470   480
	15376 15959    -1  1470   480
	15333 15957    -1  1460   480
	15290 15948    -1  1460   480
	15238 15948    -1  1460   480
	15190 15948    -1  1460   480
	15133 15948    -1  1450   470
	15085 15959    -1  1440   480
	15042 15959    -1  1450   480
	15002 15959    -1  1450   480
	14971 15963    -1  1450   480
	14947 15974    -1  1450   480
	14926 15976    -1  1460   490
	14915 15990    -1  1460   490
	14912 15994    -1  1450   500
	14944 16007    -1  1460   500
	14918 16012    -1  1460   500
	14932 16026    -1  1480   500
	14948 16040    -1  1480   500
	14969 16055    -1  1490   510
	14991 16060    -1  1490   520
	15011 16073    -1  1490   520
	15036 16085    -1  1490   520
	15058 16091    35  1490   520
	15075 16104   297  1480   530
	15086 16107   317  1480   530
	15101 16119   344  1480   530
	15110 16124   310  1480   530
	15121 16135   380  1480   530
	15136 16138   415  1470   530
	15139 16140   533  1470   530
	15146 16140   567  1470   530
	15146 16140   609  1470   530
	15148 16139   634  1470   530
	15147 16139   643  1460   540
	15148 16137   650  1460   540
	15147 16135   655  1460   540
	15144 16124   660  1460   540
	15145 16117   663  1460   540
	15146 16101   669  1460   540
	15143 16075   674  1460   540
	15142 16055   678  1460   540
	15147 16028   681  1460   540
	15143 16009   681  1460   540
	15140 15989   683  1460   540
	15139 15959   686  1460   540
	15139 15930   686  1450   540
	15136 15911   687  1450   540
	15136 15882   689  1450   540
	15133 15864   689  1450   540
	15134 15850   691  1450   540
	15132 15836   689  1450   540
	15134 15832   689  1450   540
	15133 15819   689  1450   540
	15133 15820   691  1450   540
	15133 15817   691  1450   540
	15134 15818   697  1450   540
	15136 15818   706  1450   540
	15138 15819   731  1460   540
	15138 15830   769  1460   540
	15143 15831   773  1460   540
	15145 15836   776  1460   540
	15154 15850   777  1460   540
	15161 15866   779  1460   540
	15171 15882   780  1460   540
	15185 15900   782  1460   540
	15207 15931   781  1460   540
	15232 15960   782  1460   540
	15255 15980   782  1450   540
	15273 15996   783  1450   540
	15282 16010   782  1450   540
	15292 16023   783  1450   540
	15303 16037   782  1450   540
	15317 16040   782  1450   540
	15318 16041   780  1450   540
	15317 16041   779  1450   540
	15317 16040   777  1450   540
	15317 16039   776  1450   540
	15317 16028   773  1450   540
	15316 16023   772  1450   540
	15314 16007   772  1450   540
	15317 15991   772  1430   530
	15313 15973   772  1430   530
	15311 15947   771  1430   530
	15310 15931   770  1430   530
	15312 15916   770  1430   530
	15312 15899   770  1450   540
	15314 15894   770  1450   540
	15315 15880   769  1450   540
	15320 15867   769  1450   540
	15323 15865   769  1450   540
	15325 15863   768  1450   540
	15324 15862   768  1450   540
	15328 15863   768  1450   540
	15329 15863   768  1450   540
	15330 15866   769  1450   540
	15337 15868   770  1450   540
	15341 15881   771  1450   540
	15351 15894   772  1450   540
	15362 15909   772  1450   540
	15379 15928   771  1450   540
	15404 15945   772  1450   540
	15426 15964   770  1450   540
	15450 15991   770  1450   540
	15475 16009   770  1450   540
	15501 16027   770  1450   540
	15525 16043   770  1450   540
	15548 16058   770  1450   540
	15566 16070   769  1450   540
	15580 16072   769  1450   540
	15591 16074   768  1450   540
	15594 16074   767  1450   540
	15594 16074   766  1450   540
	15593 16070   744  1460   540
	15591 16059   733  1460   540
	15587 16054   731  1460   540
	15581 16039   733  1460   540
	15571 16022   734  1460   540
	15556 15993   736  1460   540
	15543 15976   736  1460   540
	15533 15947   734  1460   540
	15522 15929   733  1460   540
	15513 15912   731  1460   540
	15510 15894   730  1460   540
	15506 15868   727  1460   540
	15506 15852   723  1460   540
	15504 15836   713  1460   540
	15504 15832   706  1460   540
	15506 15819   700  1460   540
	15510 15817   690  1460   540
	15512 15816   681  1460   540
	15520 15815   674  1460   540
	15528 15816   671  1460   540
	15539 15818   672  1460   540
	15550 15832   671  1460   540
	15569 15846   672  1460   540
	15588 15852   674  1460   540
	15606 15868   674  1460   540
	15627 15894   674  1460   540
	15652 15912   674  1460   540
	15679 15931   674  1460   540
	15709 15948   674  1460   540
	15740 15977   674  1460   540
	15769 15995   674  1460   540
	15799 16024   674  1460   540
	15835 16042   674  1460   540
	15862 16069   675  1460   540
	15890 16087   678  1470   550
	15915 16103   678  1470   550
	15934 16120   678  1470   550
	15955 16135   681  1470   550
	15967 16150   681  1470   550
	15975 16153   689  1470   550
	15976 16155   697  1470   550
	15974 16166   708  1480   540
	15971 16170   723  1480   540
	15964 16170   731  1480   540
	15954 16172   755  1480   540
	15944 16183   766  1480   540
	15929 16183   769  1480   540
	15913 16183   771  1470   530
	15891 16183   772  1470   530
	15871 16181   772  1480   540
	15848 16170   773  1480   540
	15837 16167   774  1480   540
	15829 16165   773  1480   540
	15825 16154   772  1480   540
	15825 16150   770  1480   540
	15824 16137   769  1480   540
	15825 16121   766  1480   540
	15832 16105   734  1480   540
	15845 16089   717  1480   540
	15861 16071   702  1480   540
	15880 16053   686  1480   540
	15897 16037   674  1480   540
	15914 16011   660  1480   540
	15929 15993   646  1470   550
	15940 15978   619  1470   550
	15942 15962   577  1470   550
	15940 15948   565  1470   550
	15928 15932   565  1470   550
	15912 15926   570  1470   550
	15895 15913   577  1470   550
	15872 15909   595  1470   550
	15845 15897   625  1470   550
	15819 15893   639  1470   550
	15792 15882   655  1470   550
	15775 15880   656  1470   550
	15760 15868   658  1470   550
	15752 15866   660  1470   550
	15751 15863   660  1470   550
	15751 15863   656  1470   550
	15756 15852   653  1470   550
	15763 15850   651  1470   550
	15770 15849   650  1470   550
	15783 15848   651  1470   550
	15804 15850   653  1470   550
	15824 15861   653  1470   550
	15849 15863   655  1470   550
	15875 15868   658  1470   550
	15898 15881   660  1470   550
	15923 15895   661  1470   550
	15948 15912   663  1470   550
	15967 15926   672  1470   550
	15990 15943   674  1470   550
	16014 15958   678  1470   550
	16033 15976   678  1470   550
	16055 15994   684  1470   550
	16074 16009   689  1470   550
	16095 16028   691  1470   550
	16112 16043   694  1470   550
	16127 16069   697  1470   550
	16141 16076   698  1470   550
	16151 16091   704  1470   550
	16158 16105   706  1470   550
	16168 16118   708  1470   550
	16167 16123   714  1470   550
	16168 16134   715  1470   550
	16166 16134   723  1470   550
	16165 16136   733  1470   550
	16165 16135   733  1470   550
	16162 16135   733  1470   550
	16159 16134   729  1470   550
	16157 16124   723  1470   550
	16152 16122   721  1470   550
	16146 16117   718  1470   550
	16138 16102   721  1470   550
	16130 16089   724  1470   550
	16121 16075   722  1470   550
	16113 16059   722  1470   550
	16103 16053   723  1470   550
	16090 16037   724  1470   550
	16078 16022   724  1470   550
	16069 16005   724  1470   550
	16057 15990   724  1470   550
	16047 15976   723  1470   550
	16039 15961   723  1470   550
	16028 15945   723  1470   550
	16023 15931   723  1470   550
	16019 15925   723  1470   550
	16018 15910   723  1470   550
	16015 15896   722  1470   550
	16012 15884   718  1470   550
	16012 15880   715  1470   550
	16018 15879   715  1470   550
	16019 15877   713  1460   540
	16023 15866   709  1460   540
	16028 15868   708  1460   540
	16035 15868   709  1460   540
	16047 15877   717  1460   540
	16057 15879   724  1470   550
	16070 15884   730  1470   550
	16095 15897   729  1470   550
	16123 15913   733  1470   550
	16151 15930   729  1470   550
	16179 15944   725  1470   550
	16207 15958   725  1470   550
	16234 15964   724  1470   550
	16256 15975   723  1470   550
	16273 15978   722  1470   550
	16288 15978   718  1470   550
	16302 15977   718  1460   540
	16303 15976   718  1460   540
	16311 15973   717  1460   540
	16317 15962   715  1460   540
	16325 15958   717  1460   540
	16331 15943   718  1460   540
	16338 15928   721  1460   540
	16349 15915   721  1460   540
	16360 15911   722  1460   540
	16367 15899   727  1460   540
	16382 15894   734  1460   540
	16395 15884   737  1460   540
	16410 15882   766  1460   540
	16421 15879   769  1460   540
	16433 15879   772  1460   540
	16445 15878   776  1460   540
	16457 15879   777  1470   550
	16466 15879   778  1470   550
	16479 15880   779  1470   550
	16497 15883   779  1470   550
	16512 15884   780  1470   550
	16536 15895   778  1470   550
	16557 15897   774  1470   550
	16579 15909   727  1470   550
	16604 15911   669  1470   550
	16633 15913   542  1470   550
	16662 15926   327  1470   550
