ABCDE-012_345_678 426
	13771 16476    64  1070   520
	13770 16502    75  1080   530
	13766 16507   182  1080   530
	13763 16506   262  1080   530
	13759 16540   275  1090   520
	13758 16565   286  1090   520
	13755 16586   297  1090   520
	13755 16615   317  1100   530
	13752 16648   336  1100   530
	13753 16679   360  1100   530
	13752 16714   294  1100   530
	13752 16747   350  1110   530
	13751 16780   385  1110   530
	13750 16811   437  1110   530
	13749 16828   544  1110   530
	13748 16841   605  1110   530
	13743 16841   661  1110   530
	13740 16841   696  1110   530
	13735 16839   723  1120   530
	13726 16826   738  1120   530
	13715 16807   766  1120   530
	13696 16761   769  1120   530
	13671 16700   770  1120   530
	13641 16631   774  1120   530
	13610 16538   777  1140   530
	13578 16438   781  1120   530
	13540 16298   784  1120   530
	13500 16138   786  1120   530
	13458 15994   788  1120   530
	13425 15835   788  1120   530
	13390 15675   788  1120   530
	13360 15514   786  1110   530
	13326 15370   785  1110   530
	13290 15255   786  1100   530
	13255 15177   786  1100   530
	13227 15115   787  1080   540
	13195 15082   788  1080   540
	13167 15062   789  1070   540
	13128 15045   786  1060   540
	13087 15036   784  1060   540
	13053 15050   781  1050   550
	13025 15077   776  1050   550
	13000 15111   774  1030   550
	12980 15162   769  1030   550
	12965 15242   724  1030   540
	12961 15353   705  1030   540
	12964 15466   689  1030   540
	12979 15591   675  1030   540
	13006 15721   671  1030   540
	13044 15831   669  1030   540
	13078 15911   674  1030   540
	13114 15957   674  1030   540
	13150 15977   678  1040   540
	13183 15989   681  1040   540
	13207 15990   686  1040   540
	13226 15977   691  1060   540
	13250 15959   702  1060   540
	13271 15928   713  1060   540
	13291 15877   725  1060   540
	13311 15820   736  1060   540
	13329 15766   760  1060   540
	13343 15692   768  1060   540
	13362 15628   773  1060   540
	13373 15577   773  1060   540
	13387 15541   773  1060   540
	13401 15499   774  1050   530
	13418 15466   773  1050   530
	13434 15450   772  1040   530
	13450 15435   770  1040   530
	13468 15433   760  1040   530
	13485 15434   736  1040   530
	13506 15445   725  1020   530
	13524 15451   723  1020   530
	13546 15477   721  1020   530
	13573 15497   722  1020   530
	13600 15525   723  1020   530
	13620 15541   724  1030   540
	13634 15544   724  1030   540
	13647 15544   724  1030   540
	13651 15544   730  1030   540
	13656 15542   760  1030   540
	13660 15531   772  1030   540
	13666 15515   776  1030   540
	13672 15511   777  1030   540
	13679 15499   778  1030   540
	13689 15496   780  1030   540
	13705 15493   781  1030   540
	13723 15483   781  1030   540
	13743 15494   783  1030   540
	13765 15495   784  1030   540
	13789 15499   786  1030   540
	13802 15513   786  1030   540
	13811 15528   787  1030   540
	13824 15548   788  1030   550
	13834 15578   787  1030   550
	13842 15607   785  1030   550
	13849 15627   782  1030   550
	13853 15657   779  1030   550
	13857 15673   774  1030   550
	13858 15674   760  1030   550
	13858 15674   709  1030   550
	13858 15673   664  1030   550
	13861 15671   572  1030   550
	13867 15657   368  1030   550
	13877 15641   317  1030   550
	13890 15626    -1  1030   550
	13900 15622    -1  1030   550
	13909 15611    -1  1030   550
	13919 15607    -1  1030   550
	13930 15596    -1  1030   550
	13943 15595    -1  1030   550
	13960 15594    -1  1040   560
	13980 15592    -1  1040   560
	14000 15590    -1  1020   560
	14025 15609    -1  1020   560
	14052 15622    -1  1020   560
	14095 15639    -1  1020   560
	14108 15655    -1  1020   560
	14131 15673    -1  1020   550
	14159 15691    -1  1010   540
	14188 15720    -1  1010   540
	14213 15736    -1  1010   530
	14228 15755    -1  1010   530
	14247 15768    -1  1020   520
	14264 15784    -1  1020   520
	14275 15788    -1  1020   520
	14287 15802    -1  1010   510
	14295 15814    -1  1030   510
	14306 15820    -1  1030   510
	14313 15834    -1  1020   500
	14317 15851    -1  1020   500
	14344 15865   218  1020   500
	14319 15879   344  1020   500
	14311 15884   360  1020   500
	14307 15895   344  1030   510
	14300 15895   528  1030   520
	14290 15895   595  1030   520
	14281 15882   658  1040   530
	14267 15877   683  1040   530
	14251 15846   721  1040   530
	14231 15816   774  1040   540
	14209 15769   786  1040   540
	14180 15717   814  1040   540
	14145 15644   827  1040   540
	14119 15591   841  1040   540
	14098 15527   846  1050   550
	14084 15477   862  1050   550
	14076 15450   850  1030   550
	14082 15432   849  1030   550
	14090 15418   841  1030   550
	14108 15415   834  1030   550
	14132 15413   829  1030   550
	14159 15415   822  1030   550
	14195 15432   820  1030   550
	14230 15468   818  1020   550
	14268 15529   815  1020   550
	14308 15605   812  1020   550
	14351 15687   786  1020   550
	14387 15769   778  1020   550
	14418 15851   769  1020   550
	14444 15944   689  1020   550
	14470 16041   641  1030   550
	14494 16133   572  1030   550
	14519 16188   525  1030   550
	14534 16234   410  1050   550
	14544 16249   405  1050   550
	14551 16246   410  1050   550
	14553 16219   516  1060   550
	14557 16184   562  1070   550
	14564 16135   584  1070   550
	14574 16076   639  1070   550
	14593 16027   660  1090   550
	14619 15979   681  1090   550
	14659 15928   704  1100   550
	14706 15852   737  1100   550
	14757 15767   767  1100   550
	14825 15717   769  1100   550
	14899 15637   770  1100   550
	14989 15579   772  1080   560
	15095 15542   772  1080   560
	15211 15498   776  1090   570
	15328 15481   780  1070   570
	15451 15479   782  1070   570
	15590 15480   785  1060   570
	15736 15496   787  1060   570
	15884 15516   790  1040   570
	16036 15546   794  1050   580
	16199 15575   803  1030   580
	16362 15609   807  1030   580
	16496 15628   803  1030   580
	16638 15657   788  1020   590
	16766 15685   785  1020   590
	16882 15691   780  1020   590
	16979 15703   773  1020   590
	17057 15708   760  1020   590
	17119 15721   693  1020   590
	17162 15724   641  1020   600
	17187 15733   415  1010   610
	17184 15723   336  1010   610
	17152 15719    -1  1010   610
	17106 15705    -1  1010   610
	17053 15691    -1  1010   610
	16986 15687    -1  1010   610
	16907 15685    -1  1010   610
	16817 15674    -1  1010   610
	16719 15671    -1  1010   610
	16597 15659    -1  1000   600
	16472 15643    -1  1000   600
	16338 15622    -1  1000   600
	16208 15607    -1  1000   600
	16067 15591    -1  1000   580
	15943 15564    -1  1000   580
	15825 15558    -1   990   570
	15713 15546    -1   990   570
	15605 15544    -1   990   560
	15507 15557    -1   990   550
	15415 15573    -1   980   540
	15337 15594    -1   980   540
	15272 15638    -1   990   530
	15207 15691    -1   990   520
	15154 15772    -1  1000   520
	15114 15865    -1  1000   520
	15088 15960    -1  1010   510
	15086 16044    -1  1030   510
	15098 16137    -1  1030   520
	15124 16230    -1  1040   520
	15156 16310   297  1060   520
	15171 16362   278  1060   520
	15197 16406   324  1070   520
	15230 16441   350  1080   520
	15268 16475   395  1090   520
	15302 16504   487  1100   520
	15337 16519   533  1100   520
	15383 16520   552  1120   530
	15384 16506   592  1130   540
	15406 16474   651  1130   540
	15423 16423   669  1140   550
	15438 16346   698  1140   550
	15449 16252   710  1140   550
	15459 16149   724  1130   540
	15464 16041   755  1130   540
	15460 15932   768  1120   540
	15454 15830   770  1120   540
	15446 15674   772  1120   540
	15431 15611   776  1100   540
	15427 15548   777  1100   540
	15425 15497   780  1100   540
	15427 15481   782  1090   550
	15427 15479   781  1090   550
	15427 15480   781  1070   550
	15430 15481   780  1070   550
	15434 15482   779  1070   550
	15440 15494   780  1060   550
	15448 15511   780  1060   550
	15455 15543   781  1050   550
	15476 15606   781  1050   550
	15506 15688   780  1050   560
	15539 15788   778  1050   560
	15581 15899   772  1050   560
	15629 16023   766  1050   560
	15684 16138   729  1050   560
	15724 16246   717  1050   560
	15765 16329   714  1070   560
	15787 16378   715  1070   560
	15814 16406   717  1070   560
	15825 16409   722  1080   560
	15831 16406   725  1080   560
	15835 16392   744  1090   570
	15832 16362   769  1100   560
	15826 16310   772  1100   560
	15810 16234   776  1100   560
	15786 16139   779  1120   560
	15765 16059   782  1120   560
	15741 15973   783  1120   560
	15723 15878   786  1120   560
	15708 15784   788  1120   560
	15705 15701   788  1100   560
	15710 15626   788  1100   560
	15723 15575   787  1100   560
	15737 15542   786  1090   570
	15763 15512   784  1090   570
	15785 15500   781  1090   570
	15807 15499   777  1070   570
	15829 15512   775  1070   570
	15853 15526   772  1060   570
	15876 15544   769  1060   570
	15898 15579   766  1060   570
	15919 15637   733  1040   570
	15941 15687   706  1050   580
	15959 15740   674  1050   580
	15970 15800   650  1050   580
	15977 15849   615  1050   580
	15986 15884   574  1050   580
	15989 15913   570  1050   580
	15989 15925   574  1050   580
	15985 15926   599  1060   580
	15981 15913   639  1060   580
	15975 15895   668  1060   580
	15960 15863   681  1060   580
	15949 15820   714  1060   580
	15938 15783   769  1060   580
	15932 15724   778  1060   580
	15932 15688   784  1060   580
	15929 15653   783  1060   580
	15934 15609   784  1060   580
	15937 15590   784  1060   580
	15951 15574   784  1060   580
	15969 15545   781  1060   580
	15991 15543   778  1060   580
	16012 15544   776  1050   580
	16032 15548   773  1050   580
	16050 15560   770  1050   580
	16068 15578   766  1050   580
	16086 15610   730  1050   580
	16105 15654   714  1030   580
	16120 15689   689  1030   580
	16132 15722   669  1030   580
	16141 15755   651  1030   580
	16147 15786   632  1030   580
	16154 15817   595  1050   590
	16159 15834   588  1050   590
	16163 15849   588  1050   590
	16162 15852   605  1050   590
	16162 15849   641  1050   590
	16160 15845   661  1050   590
	16164 15832   674  1050   590
	16157 15814   689  1070   590
	16157 15785   706  1080   600
	16158 15765   736  1080   600
	16158 15734   767  1080   600
	16158 15717   768  1080   600
	16157 15691   769  1080   600
	16165 15672   769  1080   600
	16170 15659   768  1080   600
	16178 15654   766  1060   600
	16189 15642   736  1060   600
	16202 15640   714  1060   600
	16210 15640   697  1050   590
	16219 15642   689  1050   590
	16229 15655   681  1040   590
	16238 15670   671  1040   590
	16250 15688   664  1030   580
	16265 15707   658  1030   580
	16280 15736   648  1030   580
	16289 15755   643  1030   580
	16304 15781   641  1030   580
	16314 15797   641  1030   580
	16321 15803   641  1030   570
	16325 15813   646  1040   570
	16330 15804   660  1040   570
	16328 15803   677  1040   570
	16330 15799   691  1040   570
	16330 15785   702  1040   560
	16334 15769   710  1040   560
	16336 15753   723  1040   560
	16341 15738   733  1040   560
	16343 15719   737  1040   560
	16348 15704   734  1040   560
	16351 15690   734  1040   560
	16359 15687   736  1040   560
	16367 15676   727  1040   560
	16378 15673   709  1040   560
	16389 15685   689  1040   560
	16398 15688   674  1040   560
	16414 15707   669  1020   560
	16434 15738   664  1020   560
	16455 15781   651  1030   570
	16480 15818   632  1030   570
	16506 15867   615  1030   570
	16531 15915   572  1030   570
	16556 15978   533  1040   570
	16576 16042   415  1040   570
	16601 16117   395  1040   570
	16626 16184   390  1040   570
	16644 16245   401  1060   570
	16658 16283   500  1060   570
	16664 16312   572  1060   570
	16665 16315   661  1070   570
	16662 16314   717  1070   570
	16659 16311   772  1070   570
	16655 16295   783  1070   570
	16648 16277   803  1090   570
	16631 16232   822  1090   570
	16617 16185   835  1090   570
	16601 16140   843  1090   570
	16586 16074   846  1100   560
	16571 16007   846  1090   570
	16558 15930   846  1090   570
	16550 15850   842  1090   570
	16548 15782   835  1090   570
	16550 15703   819  1070   570
	16549 15623   786  1070   570
	16550 15562   773  1070   570
	16549 15527   725  1060   570
	16548 15500   696  1060   570
	16544 15498   668  1060   570
	16543 15509   651  1060   570
	16539 15515   638  1040   570
	16532 15544   636  1040   570
	16526 15573   634  1030   570
	16521 15608   632  1030   570
	16512 15654   615  1030   570
	16508 15703   609  1030   570
	16507 15765   615  1030   570
	16513 15816   634  1030   570
	16525 15863   661  1030   570
	16534 15884   705  1030   570
	16540 15898   772  1030   570
	16548 15900   788  1030   570
	16551 15909   823  1040   570
	16552 15900   835  1040   570
	16556 15909   846  1040   570
	16560 15909   868  1040   570
	16564 15898   875  1040   570
	16568 15898   878  1040   570
	16576 15897   880  1040   570
	16585 15896   881  1040   570
	16594 15894   881  1040   570
	16604 15884   882  1060   570
	16618 15882   882  1060   570
	16638 15880   878  1060   570
	16659 15878   869  1060   570
	16679 15868   835  1040   570
	16700 15868   788  1050   580
	16729 15877   675  1050   580
	16758 15880   367  1050   580
