ABCDE-012_345_678 960
	20057  7852    64  1020   580
	20011  7867   136  1020   580
	20013  7883   218  1000   590
	20012  7910   249  1000   590
	20012  7929   286  1000   590
	20014  7948   308   980   590
	20016  7976   317   970   590
	20022  8008   336   970   590
	20026  8039   352   970   590
	20028  8072   352   970   590
	20031  8102   367   970   590
	20028  8136   286   970   590
	20023  8169   317   950   590
	20019  8203   338   950   590
	20010  8234   357   950   590
	19997  8263   380   950   590
	19983  8281   401   950   590
	19969  8295   420   950   590
	19954  8299   536   970   590
	19941  8299   557   970   590
	19926  8299   565   970   590
	19910  8293   579   980   590
	19895  8279   584   980   590
	19875  8267   590   980   590
	19858  8246   590   980   590
	19836  8213   590   980   580
	19814  8168   592  1000   580
	19792  8118   599  1000   580
	19772  8070   599  1000   580
	19755  8008   603   980   580
	19737  7948   601   980   580
	19723  7884   615   980   580
	19715  7819   632   980   580
	19713  7770   651   980   580
	19714  7722   655   980   580
	19717  7675   658   960   580
	19724  7639   661   960   580
	19731  7605   663   960   580
	19746  7575   668   960   580
	19763  7557   668   950   580
	19778  7543   669   950   580
	19800  7531   669   950   580
	19817  7529   666   950   580
	19833  7531   664   930   580
	19856  7541   664   930   580
	19879  7548   664   930   580
	19904  7573   664   930   580
	19933  7606   668   950   590
	19959  7640   664   930   590
	19986  7686   664   930   590
	20011  7733   664   930   590
	20032  7782   664   930   590
	20042  7830   664   950   590
	20053  7877   664   950   590
	20055  7916   666   950   590
	20059  7963   666   950   590
	20057  8010   668   950   590
	20052  8053   668   950   590
	20047  8085   669   950   590
	20040  8102   671   950   590
	20033  8106   674   970   590
	20026  8107   681   970   590
	20023  8107   689   970   590
	20020  8105   693   970   590
	20017  8103   696   970   590
	20010  8090   696   980   590
	20003  8075   698   980   590
	19994  8055   700   980   590
	19984  8023   700   970   590
	19978  7963   702   970   590
	19970  7909   702   970   590
	19968  7850   705   970   590
	19974  7804   704   970   590
	19979  7755   705   970   590
	19989  7720   705   970   590
	19998  7688   706   970   590
	20010  7657   702   970   590
	20028  7624   702   970   590
	20043  7606   700   970   590
	20059  7593   697   970   590
	20075  7592   693   950   590
	20092  7590   686   950   590
	20110  7590   678   950   590
	20127  7594   672   950   590
	20144  7608   674   950   590
	20162  7627   672   950   590
	20182  7670   671   950   590
	20202  7705   671   950   600
	20220  7750   671   950   600
	20235  7786   671   950   600
	20244  7832   669   950   600
	20251  7879   671   950   600
	20251  7916   671   950   600
	20250  7963   672   950   600
	20249  8009   672   950   600
	20244  8057   672   950   600
	20243  8105   671   950   600
	20235  8140   671   950   600
	20234  8172   671   950   600
	20229  8188   671   950   600
	20231  8200   671   970   600
	20232  8200   669   970   600
	20232  8198   668   970   600
	20234  8186   663   970   600
	20235  8167   663   970   600
	20240  8135   663   970   600
	20248  8089   663   950   600
	20251  8038   663   950   600
	20254  7977   664   950   600
	20258  7916   666   950   600
	20261  7861   668   950   600
	20261  7800   669   950   590
	20255  7750   674   950   590
	20250  7691   675   950   590
	20246  7654   686   930   590
	20238  7621   691   930   600
	20231  7591   696   930   600
	20224  7563   700   930   600
	20215  7546   709   930   600
	20214  7547   723   920   600
	20212  7547   737   920   600
	20212  7558   767   920   600
	20211  7563   770   920   600
	20204  7575   772   920   600
	20202  7593   773   920   600
	20195  7626   773   920   600
	20193  7676   774   920   600
	20191  7736   774   920   600
	20196  7787   775   920   600
	20204  7851   774   920   600
	20212  7931   775   920   600
	20226  8008   775   920   600
	20248  8086   774   930   600
	20274  8153   774   930   600
	20301  8202   772   930   600
	20336  8234   771   930   600
	20365  8252   769   930   600
	20391  8263   767   930   590
	20416  8261   737   950   590
	20440  8245   733   950   590
	20465  8204   736   950   590
	20488  8154   760   950   590
	20507  8091   770   950   590
	20522  8025   773   950   590
	20528  7946   777   950   590
	20528  7861   778   930   590
	20522  7769   794   950   590
	20504  7717   815   950   590
	20483  7655   817   950   600
	20457  7592   822   950   600
	20424  7531   825   930   600
	20387  7494   824   930   600
	20350  7450   825   930   600
	20322  7433   824   930   600
	20298  7420   825   920   610
	20278  7419   821   920   610
	20262  7430   818   920   610
	20244  7434   807   920   610
	20226  7462   784   920   610
	20210  7496   775   920   610
	20197  7544   730   920   610
	20190  7594   689   920   610
	20189  7659   574   920   610
	20186  7733   437   920   610
	20183  7802   294   920   610
	20176  7881   182   920   610
	20175  7963    -1   920   610
	20180  8042    -1   920   610
	20190  8102    -1   940   610
	20205  8140    -1   940   610
	20222  8183    -1   940   610
	20242  8204    -1   940   610
	20269  8231    -1   950   610
	20289  8235    -1   950   610
	20314  8236    -1   970   610
	20350  8232    -1   970   610
	20378  8229    -1   970   610
	20407  8215    -1   970   600
	20445  8185    -1   970   590
	20473  8168    -1   970   590
	20495  8137    -1   960   580
	20510  8104    -1   950   580
	20523  8069    -1   950   570
	20533  8022    -1   950   570
	20541  7976    -1   930   560
	20545  7929    -1   930   560
	20553  7880    -1   930   550
	20556  7832    -1   940   550
	20559  7785    -1   940   540
	20561  7740    -1   940   540
	20559  7704    -1   940   530
	20557  7673    -1   940   530
	20554  7644    -1   940   540
	20550  7628    -1   940   540
	20538  7610   201   940   550
	20528  7610   360   940   550
	20521  7610   286   960   560
	20513  7623   294   960   570
	20511  7640   324   960   570
	20509  7655   368   980   580
	20506  7673   380   980   580
	20506  7704   401  1000   590
	20510  7735   522   980   590
	20514  7767   557   980   590
	20523  7804   572   970   600
	20531  7851   579   970   600
	20534  7899   588   970   600
	20535  7959   595   950   600
	20538  8005   603   950   600
	20543  8053   621   950   600
	20546  8088   632   950   600
	20555  8122   636   970   600
	20566  8151   639   970   600
	20575  8165   639   970   600
	20585  8166   641   970   600
	20594  8166   641   970   600
	20610  8154   645   970   600
	20627  8140   648   970   600
	20649  8123   655   970   600
	20675  8089   656   970   600
	20704  8058   658   970   600
	20730  8038   660   950   600
	20762  8006   656   950   600
	20787  7990   656   950   600
	20817  7975   650   950   600
	20843  7964   641   950   600
	20867  7976   632   950   600
	20887  7990   605   930   600
	20902  8006   590   930   600
	20912  8026   581   930   600
	20921  8058   581   930   600
	20919  8090   588   930   600
	20918  8121   609   930   600
	20905  8154   623   930   600
	20892  8186   639   930   600
	20876  8218   646   930   600
	20860  8250   651   930   600
	20847  8280   658   930   600
	20833  8298   660   930   600
	20823  8316   661   950   600
	20819  8326   664   950   600
	20822  8327   663   950   600
	20824  8325   661   970   600
	20828  8311   661   970   600
	20842  8282   661   970   600
	20857  8246   661   970   600
	20875  8187   663   970   610
	20889  8121   664   970   610
	20904  8043   671   970   610
	20917  7959   674   970   610
	20929  7852   678   970   610
	20939  7753   681   970   610
	20936  7655   687   970   610
	20929  7561   689   970   610
	20909  7468   691   970   610
	20887  7384   697   970   610
	20914  7304   696   950   610
	20831  7239   700   950   610
	20799  7191   700   940   610
	20768  7158   710   940   610
	20736  7129   717   940   610
	20707  7113   725   920   610
	20672  7112   760   920   610
	20649  7114   772   900   610
	20622  7128   773   900   610
	20607  7143   777   900   610
	20590  7160   778   880   610
	20581  7180   778   880   610
	20578  7223   777   880   610
	20579  7254   776   860   610
	20586  7302   773   860   610
	20600  7356   772   860   610
	20622  7417   769   870   600
	20656  7468   738   880   600
	20689  7525   723   880   600
	20735  7564   700   880   600
	20777  7612   686   880   600
	20823  7655   668   880   600
	20870  7690   651   900   600
	20916  7734   641   900   600
	20955  7765   632   920   600
	20991  7787   630   920   600
	21016  7813   625   930   600
	21035  7819   621   930   600
	21048  7834   621   950   600
	21050  7836   621   950   600
	21049  7836   625   970   600
	21044  7834   638   970   600
	21042  7831   646   990   600
	21037  7817   656   990   600
	21035  7803   663   990   610
	21035  7783   669   990   610
	21038  7753   681  1010   610
	21037  7721   693  1010   610
	21041  7690   701  1010   610
	21050  7654   706   990   610
	21065  7611   715   990   610
	21076  7589   718   990   610
	21091  7564   722   970   610
	21108  7558   724   970   620
	21126  7548   727   970   620
	21149  7547   737   970   620
	21165  7558   768   960   620
	21180  7563   773   960   620
	21192  7576   778   940   620
	21207  7596   787   940   620
	21216  7627   815   940   620
	21224  7670   821   940   620
	21226  7708   826   940   620
	21225  7754   830   940   630
	21222  7799   830   940   630
	21210  7851   829   940   630
	21193  7910   823   940   630
	21179  7961   816   940   630
	21167  8005   783   940   630
	21158  8026   769   940   630
	21156  8042   681   940   630
	21160  8054   567   960   630
	21168  8055   360   960   630
	21179  8054     0   960   630
	21184  8038    -1   960   630
	21193  8024    -1   960   630
	21206  8006    -1   960   630
	21220  7980    -1   960   630
	21241  7964    -1   940   630
	21265  7947    -1   940   630
	21293  7930    -1   940   630
	21326  7914    -1   920   630
	21365  7898    -1   920   630
	21392  7883    -1   920   630
	21421  7877    -1   920   630
	21441  7864    -1   940   630
	21461  7864    -1   940   630
	21471  7864    -1   940   620
	21474  7863    -1   960   620
	21478  7865    -1   960   620
	21469  7849   249   960   620
	21463  7862   302   970   620
	21454  7867   380   970   620
	21448  7879   525   970   610
	21442  7883   574   990   610
	21436  7894   639   990   610
	21430  7896   658   990   610
	21426  7898   671   990   600
	21414  7898   686   990   600
	21410  7900   702   990   600
	21408  7899   722   970   600
	21400  7899   738   970   610
	21393  7899   766   950   610
	21386  7896   767   950   610
	21369  7879   768   940   620
	21352  7845   770   940   620
	21334  7804   772   940   620
	21312  7770   774   940   620
	21294  7734   776   940   620
	21277  7689   780   920   630
	21264  7670   784   940   630
	21258  7640   784   940   630
	21250  7607   785   940   630
	21249  7580   785   940   630
	21251  7563   785   960   630
	21252  7547   784   960   630
	21261  7545   782   960   630
	21265  7544   778   960   630
	21272  7545   775   960   630
	21278  7547   772   960   630
	21288  7559   770   960   630
	21294  7575   768   960   630
	21305  7596   768   960   630
	21325  7638   767   940   630
	21343  7676   766   940   630
	21361  7706   737   960   630
	21376  7737   729   960   630
	21392  7769   721   960   630
	21407  7788   713   960   630
	21420  7813   702   960   630
	21428  7815   690   960   630
	21433  7814   675   960   630
	21436  7803   668   970   620
	21437  7798   661   970   620
	21442  7782   661   970   620
	21448  7752   661   970   620
	21448  7722   661   990   620
	21442  7702   664   990   620
	21442  7671   664   990   620
	21436  7643   668   990   610
	21432  7623   669   990   610
	21423  7608   672   990   610
	21417  7595   674   990   610
	21415  7595   675   990   610
	21419  7596   681   990   600
	21416  7605   681   990   600
	21419  7610   683   970   600
	21425  7625   684   970   600
	21429  7642   683   970   600
	21438  7671   683   970   600
	21450  7692   683   970   600
	21464  7720   681   970   600
	21476  7739   681   970   600
	21495  7768   680   970   600
	21516  7786   678   970   610
	21530  7798   677   970   610
	21547  7801   671   970   610
	21560  7788   668   970   610
	21571  7772   666   970   610
	21580  7755   664   990   610
	21591  7735   664   990   610
	21597  7704   663   990   610
	21604  7674   664   990   610
	21607  7653   663   990   610
	21608  7623   658   990   610
	21612  7606   651   990   610
	21614  7591   625   990   610
	21618  7589   544   970   620
	21623  7589   350   970   620
	21627  7593   327   970   620
	21636  7610   108   970   620
	21644  7639    -1   970   620
	21652  7660    -1   960   620
	21664  7692    -1   960   620
	21679  7724    -1   970   620
	21696  7765    -1   970   620
	21708  7798    -1   970   620
	21723  7819    -1   970   620
	21735  7861    -1   970   620
	21742  7884    -1   970   620
	21750  7914    -1   970   620
	21757  7943    -1   970   620
	21763  7964    -1   970   620
	21762  7990    -1   970   620
	21764  8006    -1   970   610
	21762  8021    -1   970   620
	21759  8024    -1   970   620
	21757  8027    -1   970   620
	21758  8023    75   970   620
	21754  8010   262   970   620
	21748  7993   317   970   620
	21746  7964   344   960   620
	21745  7930   367   960   620
	21739  7893   310   960   620
	21735  7836   357   940   620
	21732  7788   410   960   620
	21725  7751   528   960   620
	21722  7706   550   960   620
	21718  7671   565   960   620
	21713  7639   574   960   630
	21717  7609   605   960   630
	21716  7592   623   960   630
	21720  7575   629   960   630
	21722  7559   641   960   630
	21722  7548   645   940   630
	21722  7559   653   940   630
	21721  7560   660   940   630
	21722  7562   669   940   630
	21720  7576   678   940   630
	21718  7580   691   940   640
	21719  7605   702   940   640
	21718  7612   725   940   640
	21714  7628   750   920   640
	21713  7644   770   920   640
	21713  7659   776   920   640
	21708  7676   777   920   640
	21710  7702   782   920   640
	21709  7718   784   920   640
	21710  7750   786   920   630
	21713  7784   787   940   630
	21714  7816   788   940   630
	21715  7851   788   940   630
	21720  7883   790   940   630
	21721  7927   799   940   630
	21722  7959   807   940   630
	21728  7991   812   940   630
	21729  8022   812   960   630
	21734  8040   814   960   630
	21739  8057   814   960   630
	21741  8071   815   960   630
	21745  8085   815   960   630
	21746  8086   815   960   630
	21748  8090   817   960   630
	21753  8102   816   960   630
	21757  8106   817   980   630
	21762  8119   816   960   630
	21765  8120   817   960   630
	21771  8121   816   960   630
	21772  8123   816   960   630
	21773  8133   816   960   630
	21781  8134   817   960   630
	21786  8138   818   970   620
	21794  8151   817   970   620
	21797  8152   816   970   620
	21799  8154   817   980   630
	21801  8153   817   980   630
	21805  8155   817   980   630
	21809  8156   817   980   630
	21814  8156   817   980   630
	21816  8165   817   980   630
	21823  8167   817   980   630
	21831  8167   817   980   630
	21839  8170   817   980   630
	21848  8170   817   980   630
	21860  8172   817   980   630
	21867  8182   817   980   630
	21875  8182   818   980   630
	21878  8183   817   980   630
	21881  8182   817   980   630
	21883  8183   817   980   630
	21883  8183   817   980   630
	21887  8182   818   980   630
	21891  8181   817   980   630
	21892  8170   818  1000   630
	21895  8156   821  1000   630
	21903  8140   822   980   630
	21903  8119   825   980   640
	21907  8085   827   980   640
	21901  8042   829   980   640
	21897  8012   830   980   640
	21889  7979   831   980   640
	21884  7957   835   980   640
	21884  7942   835   960   640
	21885  7928   835   960   640
	21890  7915   835   960   640
	21892  7913   832   960   650
	21898  7914   830   960   650
	21909  7913   827   940   650
	21915  7913   826   940   650
	21922  7912   826   940   650
	21921  7910   827   940   650
	21918  7909   829   920   650
	21910  7894   835   920   650
	21895  7862   834   920   650
	21862  7802   846   940   660
	21809  7737   872   940   660
	21749  7674   876   940   660
	21687  7612   897   940   660
	21628  7562   900   940   660
	21588  7516   901   970   660
	21565  7494   897   970   660
	21548  7466   895   970   660
	21544  7461   886   970   660
	21543  7452   876   970   660
	21546  7461   850   970   660
	21549  7464   833   970   660
	21557  7479   822   990   660
	21569  7509   788   990   660
	21587  7544   760   990   660
	21608  7593   605   990   660
	21628  7657   352   990   660
	21647  7723     0   990   660
	21656  7798    -1   990   650
	21660  7864    -1   990   650
	21661  7930    -1   990   650
	21668  8006    -1   980   640
	21677  8058    -1   980   640
	21693  8103    -1   980   640
	21738  8135    -1   970   620
	21733  8154    -1   970   620
	21798  8167    -1   970   610
	21798  8169    -1   970   610
	21831  8166    -1   970   600
	21871  8154    -1   970   600
	21910  8149    -1   970   600
	21957  8124    -1   950   590
	21998  8107    -1   950   590
	22038  8085    -1   950   590
	22081  8057    -1   930   590
	22118  8025    -1   920   600
	22157  7994    -1   920   600
	22193  7962    -1   920   600
	22223  7930    -1   920   610
	22252  7900    -1   920   610
	22277  7877    -1   940   620
	22305  7835    -1   960   630
	22328  7803    -1   960   640
	22345  7771    -1   980   640
	22362  7738    -1  1010   650
	22365  7717    -1  1010   660
	22366  7685    -1  1030   650
	22361  7655    -1  1060   660
	22349  7627    -1  1080   660
	22333  7610    -1  1080   660
	22313  7593    -1  1100   660
	22291  7579    -1  1130   650
	22271  7574    -1  1130   650
	22252  7574    -1  1150   650
	22231  7575    -1  1170   650
	22214  7575    -1  1190   640
	22195  7578    -1  1170   650
	22177  7591    -1  1170   650
	22159  7593    -1  1150   650
	22176  7596    -1  1140   640
	22136  7609    -1  1140   640
	22131  7607    -1  1120   640
	22129  7626    -1  1120   640
	22129  7640    -1  1110   640
	22133  7654    -1  1110   640
	22131  7669    -1  1110   640
	22134  7676    -1  1110   640
	22131  7690    -1  1110   640
	22130  7706    -1  1120   620
	22130  7721    -1  1120   620
	22126  7736    -1  1120   620
	22120  7750    -1  1120   620
	22117  7756    -1  1140   620
	22112  7766    -1  1140   620
	22108  7769    -1  1140   620
	22101  7772    -1  1150   620
	22091  7781    -1  1140   610
	22084  7782    -1  1140   610
	22076  7781    -1  1140   610
	22070  7771    -1  1160   600
	22064  7769    -1  1160   600
	22058  7766    -1  1160   600
	22055  7756    -1  1160   600
	22052  7754    -1  1160   600
	22048  7752    -1  1160   600
	22047  7752    -1  1160   600
	22044  7750    -1  1160   600
	22039  7750    -1  1160   600
	22037  7750    -1  1160   600
	22034  7752    -1  1160   600
	22029  7750    -1  1160   600
	22025  7751    -1  1160   600
	22022  7753    -1  1160   600
	22016  7754    -1  1160   600
	22013  7754    -1  1160   600
	22009  7755    -1  1160   600
	22011  7765    -1  1140   610
	22012  7766    -1  1140   610
	22014  7766    -1  1140   610
	22014  7766    -1  1140   610
	22017  7766    -1  1140   610
	22020  7766    -1  1140   610
	22023  7767    -1  1130   600
	22030  7767    -1  1130   600
	22030  7769    -1  1130   600
	22033  7770    -1  1130   600
	22038  7771    -1  1130   600
	22039  7782    -1  1130   600
	22046  7783    -1  1130   600
	22049  7784    -1  1130   600
	22051  7786    -1  1130   600
	22054  7787    -1  1150   600
	22054  7798    -1  1150   600
	22055  7799    -1  1150   600
	22052  7801    -1  1150   600
	22053  7802    -1  1150   600
	22050  7803    -1  1150   600
	22051  7803    -1  1150   600
	22048  7804    -1  1150   600
	22049  7813    -1  1150   600
	22052  7813    -1  1150   600
	22055  7814    -1  1150   600
	22060  7815    -1  1150   600
	22063  7816    -1  1150   600
	22070  7816    -1  1150   600
	22074  7815    -1  1150   600
	22083  7818    -1  1150   600
	22092  7819    -1  1150   600
	22103  7829    -1  1150   600
	22115  7833    -1  1150   600
	22128  7836    -1  1160   600
	22139  7847    -1  1160   600
	22146  7851    -1  1160   600
	22157  7852    -1  1160   600
	22167  7865    -1  1140   610
	22171  7868    -1  1140   610
	22176  7880    -1  1140   610
	22181  7894     0  1140   610
	22181  7897   136  1140   610
	22177  7900   218  1140   610
	22174  7910   286  1130   610
	22168  7912   336  1130   610
	22162  7914   360  1130   610
	22150  7916   324  1110   610
	22137  7925   374  1110   610
	22120  7925   415  1110   610
	22101  7925   525  1090   620
	22082  7916   550  1090   620
	22061  7913   565  1090   620
	22043  7900   572  1090   620
	22022  7884   603  1090   620
	22006  7866   625  1070   620
	21991  7845   639  1070   620
	21976  7802   639  1070   620
	21964  7769   645  1070   620
	21962  7735   646  1070   620
	21967  7701   650  1090   620
	21974  7687   651  1090   620
	21991  7671   651  1090   620
	22008  7653   651  1090   620
	22031  7640   653  1090   620
	22048  7640   653  1090   620
	22067  7642   655  1090   620
	22087  7654   656  1080   610
	22103  7670   656  1080   610
	22113  7686   658  1080   610
	22124  7703   658  1080   610
	22131  7733   656  1070   610
	22134  7768   653  1070   610
	22138  7803   643  1070   620
	22136  7846   611  1070   620
	22137  7882   544  1070   620
	22135  7916   401  1090   620
	22131  7943   269  1070   620
	22128  7958   275  1070   620
	22131  7964    64  1070   620
	22135  7976    -1  1070   620
	22146  7979    -1  1070   620
	22160  7976    -1  1070   620
	22171  7960    -1  1070   620
	22184  7944    -1  1070   620
	22201  7925    -1  1070   620
	22215  7900    -1  1070   620
	22229  7882    -1  1070   620
	22240  7865    -1  1070   620
	22247  7847    -1  1070   620
	22251  7830    -1  1070   620
	22251  7813    -1  1070   620
	22245  7786    64  1070   620
	22233  7768   275  1090   620
	22225  7749   317  1090   620
	22216  7723   360  1090   620
	22206  7702   331  1100   630
	22197  7675   380  1100   630
	22189  7653   420  1100   630
	22178  7625   531  1100   630
	22173  7606   570  1100   630
	22168  7579   599  1100   630
	22164  7573   621  1100   630
	22165  7560   632  1100   630
	22165  7559   636  1080   630
	22165  7558   641  1080   630
	22165  7557   646  1080   630
	22167  7557   658  1060   630
	22166  7559   669  1060   630
	22167  7562   681  1060   630
	22166  7574   696  1060   630
	22173  7580   706  1060   630
	22175  7605   723  1040   630
	22176  7609   736  1040   630
	22177  7625   760  1040   630
	22183  7653   768  1040   630
	22189  7674   770  1040   630
	22196  7703   772  1040   630
	22207  7734   773  1060   630
	22220  7767   773  1060   630
	22230  7799   772  1060   630
	22248  7830   773  1060   630
	22261  7851   773  1060   630
	22274  7868   772  1080   630
	22286  7884   772  1080   630
	22304  7896   772  1080   630
	22316  7898   772  1080   630
	22324  7897   771  1080   630
	22329  7894   770  1080   630
	22343  7880   772  1080   630
	22353  7852   772  1080   630
	22371  7831   774  1080   630
	22380  7798   776  1080   630
	22388  7765   777  1080   630
	22392  7734   778  1080   630
	22392  7704   780  1080   630
	22386  7660   782  1090   640
	22382  7637   783  1090   640
	22378  7611   785  1070   640
	22375  7608   786  1070   640
	22375  7608   786  1070   640
	22370  7608   788  1070   640
	22369  7608   789  1070   640
	22370  7611   799  1070   640
	22368  7623   803  1070   640
	22367  7628   799  1070   640
	22367  7643   794  1050   640
	22367  7669   790  1050   640
	22374  7692   790  1050   640
	22383  7737   789  1050   640
	22396  7798   787  1050   640
	22409  7833   786  1050   640
	22426  7868   786  1050   640
	22450  7900   786  1050   640
	22476  7927   784  1050   640
	22493  7932   783  1050   640
	22512  7941   782  1040   630
	22524  7931   780  1040   630
	22536  7926   780  1060   630
	22546  7897   780  1050   620
	22554  7863   781  1050   620
	22556  7833   781  1050   620
	22556  7787   781  1050   620
	22556  7751   781  1070   610
	22550  7707   780  1070   610
	22547  7676   780  1070   610
	22541  7657   777  1060   600
	22538  7640   772  1060   600
	22540  7638   738  1060   600
	22538  7638   700  1050   590
	22538  7642   671  1060   600
	22541  7656   653  1060   600
	22547  7675   641  1060   600
	22552  7704   615  1060   600
	22559  7734   590  1060   600
	22563  7756   572  1060   600
	22570  7787   565  1060   600
	22580  7818   562  1060   600
	22594  7850   562  1060   600
	22608  7881   562  1060   600
	22624  7910   562  1060   600
	22638  7925   562  1060   600
	22645  7926   562  1060   600
	22649  7925   567  1060   600
	22656  7910   577  1060   600
	22661  7884   592  1060   600
	22667  7865   603  1060   600
	22671  7833   621  1060   600
	22673  7803   634  1080   600
	22673  7781   645  1080   600
	22674  7755   646  1080   600
	22680  7734   650  1080   600
	22677  7707   653  1080   600
	22676  7688   656  1060   600
	22670  7672   658  1060   600
	22666  7656   658  1060   600
	22662  7653   660  1060   600
	22658  7643   660  1060   600
	22656  7643   661  1060   600
	22653  7644   663  1060   600
	22649  7655   663  1060   600
	22647  7659   666  1060   600
	22644  7672   669  1060   600
	22646  7690   672  1060   600
	22649  7707   675  1060   600
	22654  7734   684  1060   600
	22661  7753   689  1060   600
	22667  7784   691  1060   600
	22674  7814   694  1060   600
	22685  7831   697  1060   600
	22694  7849   702  1060   600
	22709  7881   704  1060   600
	22727  7911   704  1060   600
	22740  7929   704  1060   600
	22751  7932   706  1060   600
	22759  7942   708  1060   600
	22760  7942   715  1040   600
	22762  7931   723  1040   600
	22768  7915   737  1040   600
	22778  7895   766  1040   600
	22781  7865   769  1040   600
	22788  7836   770  1050   610
	22791  7813   772  1050   610
	22791  7783   773  1050   610
	22787  7751   774  1050   610
	22787  7724   774  1050   610
	22779  7703   775  1050   610
	22772  7687   775  1050   610
	22769  7675   776  1050   610
	22766  7673   776  1050   610
	22769  7674   776  1050   610
	22768  7675   776  1050   610
	22769  7686   776  1070   610
	22769  7690   776  1070   610
	22769  7703   777  1070   610
	22774  7720   777  1070   610
	22781  7739   777  1070   610
	22791  7784   777  1070   610
	22807  7818   776  1070   610
	22818  7851   776  1070   610
	22836  7881   776  1070   610
	22853  7909   776  1070   610
	22871  7927   777  1070   610
	22887  7941   776  1070   610
	22898  7941   776  1070   610
	22905  7929   777  1050   610
	22915  7914   779  1050   620
	22929  7894   780  1050   620
	22942  7861   783  1050   620
	22949  7829   784  1050   620
	22952  7785   785  1050   620
	22955  7750   785  1050   620
	22967  7718   785  1050   620
	22973  7692   785  1050   620
	22979  7686   783  1050   620
	22986  7674   780  1050   620
	22991  7673   778  1050   620
	22994  7675   776  1060   630
	23002  7690   776  1060   630
	23014  7719   776  1060   630
	23030  7752   776  1060   630
	23045  7787   775  1060   630
	23060  7831   776  1060   630
	23070  7882   775  1060   630
	23073  7930   775  1060   630
	23068  7980   776  1060   630
	23064  8027   776  1060   630
	23060  8090   776  1060   630
	23057  8152   776  1060   630
	23051  8199   776  1060   630
	23058  8219   776  1060   630
	23067  8231   777  1060   630
	23078  8229   777  1060   630
	23089  8217   780  1060   630
	23104  8199   783  1080   630
	23126  8168   786  1080   630
	23155  8120   789  1090   640
	23189  8057   812  1090   640
	23225  7991   816  1070   640
	23263  7914   820  1070   640
	23294  7849   822  1070   640
	23330  7799   824  1070   640
	23356  7751   823  1070   640
	23380  7718   824  1070   640
	23394  7701   825  1080   650
	23394  7685   826  1080   650
	23382  7674   831  1080   650
	23354  7673   836  1080   650
	23307  7672   840  1080   650
	23237  7674   845  1080   650
	23150  7686   848  1080   660
	23034  7691   858  1080   660
	22896  7702   869  1080   660
	22733  7703   862  1080   660
	22557  7702   856  1080   660
	22326  7701   848  1080   660
	22086  7686   848  1100   660
	21820  7670   828  1100   660
	21562  7656   835  1100   660
	21287  7639   829  1100   660
	21023  7625   831  1100   650
	20748  7625   829  1100   650
	20499  7609   823  1100   650
	20248  7591   820  1090   640
	20024  7559   823  1110   640
	19809  7528   829  1110   640
	19642  7496   830  1110   640
	19517  7467   846  1100   630
	19436  7446   848  1100   630
	19388  7433   867  1100   630
	19384  7435   868  1090   620
	19402  7433   864  1090   620
	19450  7434   862  1090   620
	19553  7433   862  1090   620
	19692  7448   868  1090   620
	19894  7463   871  1110   610
	20151  7483   875  1110   610
	20478  7526   882  1110   610
	20802  7563   894  1110   610
	21193  7611   901  1090   620
	21605  7659   913  1100   630
	21981  7706   919  1110   640
	22368  7751   918  1110   640
	22730  7798   925  1120   640
	23029  7833   919  1130   650
	23330  7851   918  1130   650
	23603  7877   908  1140   660
	23804  7900   897  1140   660
	23980  7915   879  1140   660
	24124  7916   840  1120   670
	24215  7913   784  1100   680
	24256  7910   658  1100   680
	24249  7899   360  1100   680
	24191  7893   108  1100   680
