ABCDE-012_345_678 1017
	 5936 19240   136  1240   490
	 5926 19240   234  1250   500
	 5926 19241   286  1250   500
	 5928 19241   317  1240   500
	 5929 19243   352  1250   510
	 5931 19255   269  1250   510
	 5931 19257   324  1230   510
	 5935 19271   368  1230   510
	 5942 19276   395  1230   510
	 5944 19291   410  1240   520
	 5947 19306   507  1240   520
	 5951 19334   531  1240   520
	 5957 19353   547  1240   520
	 5957 19381   557  1240   520
	 5957 19400   565  1240   520
	 5955 19429   570  1260   510
	 5954 19451   577  1260   510
	 5949 19479   599  1270   510
	 5939 19500   601  1270   510
	 5929 19541   609  1270   510
	 5919 19544   611  1280   500
	 5902 19593   615  1290   500
	 5882 19612   629  1290   500
	 5861 19639   639  1300   500
	 5844 19653   643  1300   500
	 5825 19669   648  1320   490
	 5813 19671   653  1320   490
	 5797 19673   658  1330   480
	 5788 19671   664  1340   490
	 5782 19669   668  1340   490
	 5768 19655   668  1350   490
	 5757 19638   668  1350   490
	 5742 19606   668  1350   490
	 5723 19564   668  1350   490
	 5714 19531   668  1350   490
	 5705 19495   668  1350   490
	 5697 19434   668  1350   500
	 5691 19382   668  1350   500
	 5684 19307   669  1350   500
	 5678 19257   669  1340   500
	 5675 19207   669  1330   510
	 5673 19157   671  1320   510
	 5673 19097   671  1320   510
	 5671 19036   672  1300   520
	 5672 18987   672  1290   520
	 5678 18939   674  1280   530
	 5682 18892   675  1270   530
	 5688 18859   677  1240   530
	 5700 18838   677  1230   530
	 5711 18811   678  1220   540
	 5724 18792   678  1200   540
	 5739 18776   680  1200   540
	 5750 18762   680  1190   540
	 5765 18760   681  1170   550
	 5784 18758   681  1170   550
	 5800 18761   681  1160   550
	 5819 18776   681  1160   550
	 5836 18792   684  1160   550
	 5860 18822   684  1160   550
	 5889 18859   683  1150   540
	 5906 18904   686  1150   540
	 5925 18940   689  1150   540
	 5945 18985   689  1150   540
	 5961 19036   689  1150   540
	 5976 19094   691  1150   540
	 5984 19147   691  1150   540
	 5991 19207   690  1170   540
	 5992 19270   693  1170   540
	 5996 19334   693  1170   540
	 5997 19386   693  1180   540
	 6000 19434   696  1180   530
	 5997 19467   700  1200   520
	 5994 19483   706  1210   520
	 5992 19496   718  1220   510
	 5985 19498   725  1220   510
	 5981 19498   731  1230   510
	 5980 19497   733  1250   510
	 5978 19493   730  1260   500
	 5974 19480   727  1260   500
	 5967 19450   718  1270   500
	 5963 19416   723  1270   500
	 5960 19368   723  1270   500
	 5956 19305   723  1280   490
	 5956 19255   724  1280   490
	 5956 19196   724  1270   500
	 5960 19159   724  1270   500
	 5967 19110   725  1260   500
	 5969 19063   725  1260   500
	 5973 19014   724  1250   510
	 5974 18972   727  1230   510
	 5985 18938   725  1220   510
	 5996 18904   725  1220   510
	 6008 18885   721  1210   520
	 6017 18871   718  1200   520
	 6029 18857   713  1180   530
	 6040 18844   709  1170   530
	 6053 18842   706  1170   530
	 6065 18842   702  1160   530
	 6078 18855   700  1160   530
	 6091 18869   696  1140   530
	 6106 18887   696  1140   530
	 6117 18908   694  1140   530
	 6130 18951   693  1140   530
	 6143 18986   693  1140   530
	 6153 19030   693  1150   540
	 6159 19078   697  1150   540
	 6163 19114   700  1150   540
	 6163 19173   700  1170   540
	 6163 19225   701  1170   540
	 6158 19275   700  1170   540
	 6157 19336   700  1170   540
	 6155 19382   702  1180   540
	 6149 19416   704  1190   530
	 6147 19434   708  1210   530
	 6142 19447   714  1210   530
	 6142 19451   723  1220   530
	 6140 19449   727  1230   520
	 6141 19449   727  1240   520
	 6142 19447   724  1240   520
	 6141 19435   724  1260   510
	 6141 19420   723  1260   510
	 6144 19399   721  1270   510
	 6147 19367   718  1270   510
	 6152 19323   718  1270   510
	 6162 19285   718  1270   510
	 6165 19237   718  1270   510
	 6167 19180   722  1270   510
	 6173 19132   722  1270   510
	 6176 19093   722  1260   510
	 6183 19048   722  1240   520
	 6189 19013   721  1240   520
	 6196 18982   722  1230   520
	 6202 18940   723  1220   530
	 6204 18918   723  1220   530
	 6211 18890   724  1210   530
	 6211 18875   724  1190   530
	 6210 18859   725  1180   540
	 6210 18855   729  1180   540
	 6209 18854   737  1170   540
	 6209 18854   768  1170   540
	 6208 18853   772  1150   540
	 6203 18856   776  1150   540
	 6197 18859   780  1150   540
	 6193 18873   784  1150   540
	 6187 18891   790  1150   540
	 6176 18917   812  1150   540
	 6162 18939   812  1150   540
	 6147 18983   815  1150   540
	 6138 19033   815  1150   540
	 6132 19093   816  1150   540
	 6121 19148   817  1150   540
	 6108 19224   817  1150   540
	 6107 19289   817  1150   540
	 6101 19355   817  1170   540
	 6111 19416   818  1180   540
	 6121 19464   817  1190   530
	 6125 19496   817  1190   530
	 6137 19525   818  1210   530
	 6145 19542   817  1220   530
	 6152 19544   815  1220   510
	 6157 19546   812  1230   510
	 6162 19545   799  1230   510
	 6177 19532   790  1260   510
	 6200 19516   789  1270   510
	 6228 19493   788  1280   500
	 6249 19450   788  1280   500
	 6273 19400   788  1280   500
	 6288 19334   788  1290   500
	 6300 19270   788  1290   500
	 6304 19196   788  1280   500
	 6294 19145   788  1280   500
	 6283 19093   788  1270   510
	 6266 19036   788  1280   520
	 6250 19000   788  1270   520
	 6237 18967   787  1270   520
	 6218 18924   784  1250   530
	 6199 18892   782  1240   530
	 6181 18876   780  1230   530
	 6176 18872   776  1230   530
	 6173 18874   766  1220   540
	 6167 18886   706  1200   540
	 6158 18892   660  1200   540
	 6151 18923   565  1190   540
	 6144 18965   374  1190   540
	 6140 19002   336  1190   540
	 6135 19051    -1  1190   540
	 6130 19112    -1  1190   540
	 6133 19163    -1  1180   540
	 6142 19210    -1  1180   540
	 6162 19255    -1  1190   530
	 6189 19289    -1  1190   530
	 6216 19323    -1  1210   530
	 6247 19355    -1  1220   530
	 6275 19381    -1  1220   530
	 6301 19384    -1  1230   520
	 6331 19383    -1  1230   520
	 6351 19366    -1  1230   520
	 6364 19340    -1  1260   510
	 6371 19306    -1  1260   510
	 6377 19274    -1  1270   510
	 6381 19239    -1  1270   510
	 6382 19207    -1  1270   510
	 6380 19174    -1  1270   510
	 6385 19141    -1  1270   510
	 6385 19111    -1  1270   510
	 6375 19081    -1  1270   510
	 6430 19063   317  1270   520
	 6362 19048   360  1270   520
	 6360 19035   294  1250   530
	 6360 19031   344  1250   530
	 6362 19020   385  1240   530
	 6366 19030   401  1240   530
	 6368 19030   415  1230   530
	 6371 19033   513  1220   540
	 6377 19036   542  1220   540
	 6380 19050   552  1200   540
	 6394 19078   577  1200   540
	 6401 19099   629  1200   540
	 6412 19131   636  1200   540
	 6424 19174   643  1190   540
	 6432 19212   653  1200   540
	 6443 19259   666  1200   540
	 6447 19304   674  1200   540
	 6440 19365   677  1200   540
	 6436 19419   681  1230   550
	 6431 19465   689  1240   540
	 6428 19499   693  1240   540
	 6420 19527   700  1250   540
	 6420 19541   706  1270   530
	 6420 19545   725  1270   530
	 6419 19545   734  1280   530
	 6419 19545   734  1290   520
	 6419 19544   736  1300   520
	 6420 19531   733  1300   520
	 6426 19515   733  1320   510
	 6431 19494   734  1330   510
	 6443 19462   730  1330   510
	 6454 19433   730  1330   510
	 6468 19404   729  1340   500
	 6490 19382   727  1340   500
	 6506 19354   724  1330   510
	 6531 19337   718  1330   510
	 6548 19321   706  1320   510
	 6568 19319   702  1320   510
	 6588 19318   697  1300   520
	 6608 19321   693  1300   520
	 6623 19337   690  1290   520
	 6636 19354   687  1290   520
	 6642 19381   686  1290   520
	 6647 19402   687  1280   530
	 6649 19429   691  1280   530
	 6644 19450   697  1280   530
	 6637 19467   705  1280   530
	 6628 19495   709  1290   520
	 6614 19513   721  1300   530
	 6604 19530   733  1300   530
	 6598 19542   768  1310   520
	 6591 19545   772  1310   520
	 6587 19545   774  1330   520
	 6586 19546   776  1330   520
	 6583 19544   776  1340   510
	 6584 19543   774  1340   510
	 6581 19528   773  1350   510
	 6581 19514   772  1350   510
	 6586 19495   772  1350   510
	 6588 19463   771  1350   510
	 6589 19418   770  1350   510
	 6594 19369   770  1350   510
	 6599 19304   768  1340   510
	 6608 19244   767  1340   510
	 6618 19178   738  1330   520
	 6627 19099   727  1310   520
	 6630 19013   725  1310   520
	 6630 18919   718  1300   530
	 6629 18821   713  1290   530
	 6623 18712   713  1280   540
	 6610 18618   706  1260   540
	 6591 18537   708  1250   550
	 6577 18469   708  1240   550
	 6561 18408   713  1220   560
	 6543 18359   718  1220   560
	 6531 18328   725  1200   550
	 6514 18298   737  1200   550
	 6500 18293   769  1170   560
	 6486 18293   774  1170   560
	 6471 18295   777  1160   560
	 6455 18312   777  1160   560
	 6437 18344   777  1140   570
	 6424 18379   777  1140   570
	 6413 18421   778  1140   570
	 6397 18459   777  1140   570
	 6394 18507   777  1140   570
	 6399 18566   777  1140   570
	 6408 18614   777  1140   570
	 6422 18663   777  1140   570
	 6439 18710   777  1140   570
	 6463 18747   776  1140   570
	 6491 18792   776  1140   570
	 6521 18826   776  1140   570
	 6552 18870   773  1140   570
	 6588 18904   770  1160   560
	 6626 18937   769  1160   560
	 6664 18981   736  1160   560
	 6694 19014   708  1170   560
	 6724 19045   700  1170   560
	 6763 19068   696  1180   570
	 6760 19098   683  1190   560
	 6772 19125   680  1190   560
	 6778 19148   678  1190   560
	 6777 19175   677  1210   560
	 6779 19194   677  1220   570
	 6773 19211   680  1230   560
	 6770 19227   686  1230   560
	 6767 19237   700  1230   560
	 6762 19237   715  1230   560
	 6757 19228   722  1250   560
	 6754 19225   727  1250   560
	 6749 19210   730  1250   560
	 6743 19190   736  1250   560
	 6738 19147   744  1250   560
	 6733 19098   768  1250   560
	 6730 19048   770  1250   560
	 6728 18988   773  1250   560
	 6738 18949   776  1250   560
	 6746 18906   777  1250   560
	 6760 18872   777  1250   560
	 6776 18842   778  1240   570
	 6792 18827   779  1240   570
	 6805 18825   780  1240   570
	 6815 18823   783  1240   570
	 6830 18827   789  1230   580
	 6837 18840   822  1230   580
	 6855 18858   833  1230   580
	 6876 18901   841  1230   580
	 6899 18951   848  1200   570
	 6922 19004   856  1200   570
	 6939 19061   862  1200   570
	 6944 19113   868  1220   570
	 6946 19160   870  1220   570
	 6944 19195   869  1220   570
	 6940 19238   849  1220   570
	 6931 19272   841  1220   560
	 6920 19301   824  1220   560
	 6903 19318   780  1240   550
	 6889 19334   690  1240   550
	 6868 19338   547  1240   540
	 6858 19338   352  1240   540
	 6841 19334    -1  1250   540
	 6833 19321    -1  1250   540
	 6831 19307    -1  1280   540
	 6837 19292    -1  1280   540
	 6844 19274    -1  1290   530
	 6861 19257    -1  1290   530
	 6883 19239    -1  1300   530
	 6903 19223    -1  1300   520
	 6938 19205    -1  1300   520
	 6974 19178    -1  1300   510
	 7000 19161    -1  1300   510
	 7033 19143    -1  1300   510
	 7071 19128    -1  1320   500
	 7104 19112    -1  1300   500
	 7141 19096    -1  1300   500
	 7174 19080    -1  1300   500
	 7203 19066    -1  1300   500
	 7223 19051    -1  1290   490
	 7232 19034    -1  1290   490
	 7233 19020    -1  1290   490
	 7226 19014    -1  1270   490
	 7211 19013    -1  1280   490
	 7195 19000    -1  1280   490
	 7177 18999    -1  1270   500
	 7160 18999    -1  1270   500
	 7140 18997    -1  1270   510
	 7123 18997    -1  1270   510
	 7106 18987    -1  1260   510
	 7092 18987    -1  1260   510
	 7076 18986    -1  1260   510
	 7061 18985    -1  1240   520
	 7051 18984    -1  1240   520
	 7039 18982    -1  1240   520
	 7031 18982    -1  1240   520
	 7025 18982    -1  1240   520
	 7023 18983    -1  1230   510
	 7022 18985    -1  1230   510
	 7024 18987    -1  1230   510
	 7025 19001    -1  1220   510
	 7029 19004    -1  1220   510
	 7034 19017    -1  1220   510
	 7041 19032    -1  1220   510
	 7047 19047    -1  1220   510
	 7063 19063    -1  1220   510
	 7077 19079    -1  1230   520
	 7094 19096    -1  1230   520
	 7110 19111    -1  1230   520
	 7113 19126    -1  1230   520
	 7138 19141    -1  1230   520
	 7152 19160   234  1240   530
	 7162 19176   286  1240   530
	 7172 19191   308  1240   530
	 7180 19207   344  1250   530
	 7185 19221   302  1250   530
	 7185 19222   390  1270   530
	 7180 19225   525  1270   530
	 7179 19225   577  1270   530
	 7174 19225   645  1270   530
	 7169 19227   664  1270   530
	 7157 19237   678  1270   530
	 7147 19228   694  1270   530
	 7134 19225   714  1270   530
	 7121 19223   736  1270   530
	 7105 19210   766  1270   530
	 7090 19195   770  1270   530
	 7073 19180   774  1270   530
	 7064 19176   775  1270   530
	 7048 19147   776  1270   530
	 7033 19115   776  1270   530
	 7019 19081   777  1270   530
	 7004 19049   778  1250   540
	 6997 19018   780  1250   540
	 6994 18982   781  1250   540
	 6992 18940   782  1250   540
	 6991 18917   783  1250   540
	 6994 18890   783  1240   540
	 7001 18860   784  1240   540
	 7009 18841   784  1240   540
	 7014 18837   784  1240   540
	 7022 18823   784  1230   550
	 7031 18811   784  1220   540
	 7041 18807   784  1220   540
	 7049 18806   784  1200   540
	 7058 18807   784  1200   540
	 7064 18809   784  1200   540
	 7073 18821   784  1200   540
	 7086 18839   785  1200   540
	 7101 18870   786  1190   540
	 7118 18903   786  1190   540
	 7136 18940   786  1190   540
	 7148 18983   786  1190   540
	 7157 19029   786  1200   540
	 7163 19066   786  1200   540
	 7164 19110   786  1200   540
	 7164 19141   787  1200   540
	 7165 19163   786  1200   540
	 7165 19189   786  1210   550
	 7165 19206   786  1230   550
	 7164 19207   786  1230   550
	 7167 19208   786  1230   550
	 7165 19207   786  1240   540
	 7164 19205   785  1240   540
	 7164 19193   785  1240   540
	 7166 19174   785  1240   540
	 7168 19132   786  1250   540
	 7165 19098   786  1250   540
	 7164 19065   785  1250   540
	 7164 19032   786  1250   540
	 7164 19000   786  1250   540
	 7164 18967   786  1240   540
	 7164 18935   787  1240   540
	 7164 18908   787  1240   540
	 7168 18891   787  1240   540
	 7169 18875   788  1240   540
	 7170 18860   788  1240   540
	 7172 18855   788  1230   550
	 7174 18855   788  1230   550
	 7174 18855   788  1230   550
	 7174 18856   788  1210   550
	 7174 18858   788  1210   550
	 7174 18859   789  1210   550
	 7176 18874   789  1200   550
	 7179 18901   788  1200   550
	 7182 18922   788  1200   550
	 7186 18951   788  1200   550
	 7193 18984   788  1200   550
	 7203 19020   788  1200   550
	 7223 19064   788  1210   550
	 7238 19100   788  1210   550
	 7254 19144   788  1210   550
	 7270 19163   788  1210   550
	 7282 19192   788  1210   550
	 7296 19206   788  1210   550
	 7299 19207   787  1230   550
	 7302 19206   785  1230   550
	 7306 19205   784  1230   550
	 7310 19192   783  1240   540
	 7318 19175   784  1250   550
	 7326 19146   784  1250   550
	 7333 19114   784  1250   550
	 7333 19078   784  1250   550
	 7332 19046   784  1250   550
	 7336 19016   785  1250   550
	 7339 18983   785  1250   550
	 7342 18954   785  1250   550
	 7348 18934   785  1250   550
	 7354 18917   785  1240   550
	 7358 18904   784  1240   550
	 7362 18901   782  1240   550
	 7371 18891   782  1240   550
	 7376 18891   780  1240   550
	 7382 18902   777  1220   560
	 7388 18906   775  1220   560
	 7399 18919   770  1220   560
	 7409 18938   768  1220   560
	 7424 18970   744  1220   560
	 7438 19000   725  1220   560
	 7451 19031   713  1230   560
	 7460 19064   700  1230   560
	 7470 19098   684  1230   560
	 7474 19129   678  1230   560
	 7478 19163   672  1230   560
	 7476 19193   668  1250   560
	 7476 19221   668  1250   560
	 7475 19239   668  1250   560
	 7471 19254   669  1250   560
	 7470 19256   674  1260   560
	 7470 19257   683  1260   560
	 7464 19256   689  1260   560
	 7464 19256   693  1260   560
	 7466 19253   696  1270   550
	 7464 19239   698  1270   550
	 7464 19222   706  1270   550
	 7465 19191   714  1270   550
	 7463 19159   718  1270   550
	 7463 19127   727  1270   550
	 7463 19084   737  1270   550
	 7460 19052   766  1270   550
	 7458 19016   767  1270   550
	 7454 18981   769  1260   560
	 7451 18940   772  1260   560
	 7450 18908   772  1260   560
	 7454 18888   773  1250   560
	 7456 18871   774  1250   560
	 7461 18856   774  1250   560
	 7463 18842   775  1230   560
	 7466 18838   776  1230   560
	 7468 18828   776  1230   560
	 7467 18828   777  1230   560
	 7468 18837   778  1220   570
	 7467 18841   784  1220   570
	 7467 18856   786  1220   570
	 7467 18876   788  1220   570
	 7466 18902   790  1220   570
	 7463 18923   807  1220   570
	 7460 18954   815  1220   570
	 7460 18987   817  1220   570
	 7460 19019   820  1220   570
	 7459 19061   823  1220   570
	 7464 19096   825  1220   570
	 7464 19128   829  1220   570
	 7465 19161   830  1220   570
	 7468 19192   833  1230   560
	 7469 19224   834  1230   560
	 7473 19255   835  1230   560
	 7476 19288   836  1250   560
	 7479 19317   838  1250   560
	 7485 19339   839  1250   560
	 7487 19356   841  1260   560
	 7487 19384   841  1260   560
	 7489 19403   843  1270   550
	 7494 19433   843  1270   550
	 7496 19448   844  1280   540
	 7501 19465   844  1290   530
	 7507 19483   844  1300   540
	 7515 19500   844  1310   540
	 7523 19511   844  1310   540
	 7526 19515   844  1330   530
	 7529 19516   843  1330   530
	 7533 19526   843  1340   520
	 7537 19526   843  1340   520
	 7544 19528   843  1350   520
	 7547 19529   844  1350   520
	 7551 19531   842  1360   510
	 7558 19532   841  1360   510
	 7561 19541   841  1360   510
	 7565 19542   841  1360   510
	 7568 19542   841  1360   510
	 7573 19541   840  1370   510
	 7577 19541   838  1380   510
	 7579 19541   836  1380   510
	 7584 19541   835  1380   510
	 7588 19531   833  1380   510
	 7598 19528   834  1380   510
	 7606 19515   834  1380   510
	 7610 19511   832  1380   510
	 7612 19497   831  1380   510
	 7612 19483   831  1380   510
	 7609 19465   831  1380   510
	 7604 19434   832  1380   510
	 7592 19388   832  1380   510
	 7578 19350   832  1370   520
	 7565 19307   833  1370   520
	 7556 19285   833  1360   520
	 7553 19269   833  1360   520
	 7555 19244   833  1350   530
	 7560 19238   834  1350   530
	 7567 19223   834  1340   540
	 7583 19196   834  1340   540
	 7598 19180   833  1330   540
	 7619 19175   832  1330   540
	 7648 19159   832  1310   550
	 7680 19141   832  1310   550
	 7711 19125   832  1300   550
	 7753 19097   831  1300   550
	 7772 19077   832  1290   560
	 7783 19052   831  1300   560
	 7791 19032   832  1280   570
	 7787 19004   838  1280   570
	 7777 18984   843  1280   570
	 7758 18953   862  1280   570
	 7733 18924   872  1280   570
	 7706 18903   881  1280   580
	 7679 18886   886  1280   580
	 7650 18857   885  1280   580
	 7617 18843   887  1280   580
	 7586 18840   882  1270   590
	 7561 18842   876  1270   590
	 7535 18853   869  1270   590
	 7508 18871   838  1260   580
	 7481 18890   815  1260   580
	 7463 18924   782  1240   580
	 7458 18970   738  1240   580
	 7459 19018   648  1230   580
	 7467 19068   317  1230   580
	 7473 19116    -1  1230   580
	 7485 19160    -1  1240   570
	 7503 19190    -1  1230   560
	 7521 19212    -1  1230   560
	 7540 19238    -1  1250   560
	 7567 19243    -1  1250   560
	 7598 19256    -1  1260   560
	 7628 19259    -1  1270   550
	 7660 19259    -1  1270   550
	 7699 19258    -1  1270   550
	 7739 19254    -1  1310   550
	 7784 19254    -1  1330   540
	 7847 19244    -1  1340   540
	 7887 19239    -1  1350   530
	 7929 19225    -1  1340   520
	 7976 19221    -1  1350   520
	 8004 19196    -1  1350   510
	 8024 19176    -1  1340   500
	 8029 19157    -1  1350   500
	 8020 19126    -1  1340   490
	 8004 19095    -1  1340   490
	 7981 19066    -1  1330   480
	 7953 19036    -1  1320   480
	 7929 19018    -1  1310   470
	 7895 19001    -1  1280   470
	 7872 18986    -1  1280   470
	 7852 18971    -1  1260   470
	 7834 18968    -1  1260   470
	 7819 18966    -1  1250   470
	 7814 18965    -1  1250   480
	 7810 18965    -1  1260   490
	 7808 18968    -1  1260   500
	 7811 18971    -1  1270   510
	 7816 18983    -1  1260   510
	 7822 18988    -1  1270   520
	 7828 19000    -1  1280   530
	 7840 19013    -1  1280   540
	 7853 19019    -1  1290   550
	 7868 19033    -1  1290   550
	 7882 19049    -1  1300   550
	 7896 19064    -1  1300   550
	 7908 19079    -1  1310   560
	 7923 19084    -1  1300   550
	 7928 19098    -1  1290   550
	 7938 19109    -1  1290   550
	 7944 19112    -1  1280   540
	 7953 19115    -1  1280   540
	 7958 19125    -1  1270   530
	 7964 19128    -1  1280   530
	 7973 19130    -1  1270   520
	 7983 19141    -1  1270   520
	 7988 19143    -1  1260   510
	 7989 19129    -1  1260   510
	 7991 19146    -1  1250   510
	 7997 19157   218  1250   510
	 7997 19160   286  1230   510
	 7997 19164   317  1240   520
	 7999 19175   360  1240   520
	 8001 19176   344  1240   520
	 7998 19180   420  1250   530
	 7996 19180   555  1250   530
	 7991 19189   621  1250   530
	 7987 19190   656  1250   530
	 7979 19189   674  1250   530
	 7974 19180   696  1250   530
	 7965 19178   718  1270   530
	 7955 19176   733  1270   530
	 7934 19162   767  1250   540
	 7912 19142   773  1250   540
	 7900 19116   776  1250   540
	 7884 19093   779  1250   540
	 7870 19051   781  1250   540
	 7861 19019   783  1250   540
	 7859 18997   785  1260   540
	 7861 18968   786  1260   540
	 7869 18949   786  1260   540
	 7879 18933   786  1250   550
	 7889 18917   786  1250   550
	 7902 18890   786  1250   550
	 7920 18887   787  1250   550
	 7939 18876   787  1240   550
	 7957 18885   787  1240   550
	 7980 18887   787  1240   550
	 7991 18901   786  1240   550
	 8008 18919   786  1220   560
	 8025 18951   786  1220   560
	 8044 18984   785  1220   560
	 8051 19017   785  1220   560
	 8056 19048   784  1220   560
	 8060 19078   781  1220   560
	 8055 19109   776  1210   550
	 8049 19129   771  1230   550
	 8042 19145   736  1230   550
	 8037 19160   693  1230   550
	 8036 19173   660  1230   550
	 8035 19176   623  1230   550
	 8034 19173   528  1240   540
	 8040 19164   385  1240   540
	 8041 19162   338  1240   540
	 8044 19158   302  1240   540
	 8052 19147   269  1250   540
	 8057 19141   367  1250   540
	 8060 19128   360  1250   540
	 8063 19115   360  1250   540
	 8066 19109   367  1250   540
	 8069 19094   294  1250   540
	 8069 19068   324  1250   540
	 8069 19049   363  1250   540
	 8064 19030   395  1250   540
	 8064 19004   480  1250   540
	 8058 18984   542  1240   540
	 8056 18955   572  1240   540
	 8052 18937   629  1240   540
	 8050 18919   650  1240   540
	 8049 18901   669  1240   540
	 8047 18886   690  1230   550
	 8044 18874   705  1230   550
	 8044 18860   725  1230   550
	 8042 18853   766  1230   550
	 8038 18844   772  1210   550
	 8039 18843   777  1210   550
	 8038 18844   782  1210   550
	 8040 18844   790  1210   550
	 8036 18855   818  1210   550
	 8035 18857   828  1210   550
	 8033 18870   835  1210   550
	 8031 18885   838  1200   550
	 8027 18907   841  1200   550
	 8021 18934   845  1200   550
	 8023 18951   853  1200   550
	 8026 18972   862  1200   550
	 8029 19001   871  1200   550
	 8035 19032   871  1200   550
	 8040 19064   872  1200   550
	 8046 19098   872  1210   550
	 8055 19128   872  1210   550
	 8059 19143   873  1210   550
	 8068 19161   874  1210   550
	 8079 19180   873  1210   550
	 8088 19206   872  1230   550
	 8096 19211   872  1230   550
	 8102 19212   872  1230   550
	 8108 19222   870  1230   550
	 8116 19221   868  1230   550
	 8123 19212   849  1240   540
	 8131 19207   847  1250   550
	 8146 19190   847  1250   550
	 8158 19174   847  1250   550
	 8175 19143   848  1250   550
	 8183 19111   848  1250   550
	 8190 19079   849  1250   550
	 8195 19046   849  1250   550
	 8195 19002   849  1250   550
	 8193 18970   850  1250   550
	 8193 18949   856  1250   550
	 8190 18923   856  1250   550
	 8188 18906   858  1250   550
	 8185 18890   864  1250   550
	 8184 18887   868  1250   560
	 8185 18885   868  1250   560
	 8186 18885   871  1250   560
	 8185 18887   873  1250   560
	 8185 18889   878  1230   560
	 8185 18902   882  1230   560
	 8185 18919   884  1230   560
	 8185 18949   884  1230   560
	 8188 18981   885  1230   560
	 8190 19014   886  1230   560
	 8191 19048   884  1230   560
	 8199 19094   884  1230   560
	 8203 19126   883  1230   560
	 8208 19142   884  1220   560
	 8216 19148   883  1220   560
	 8255 19162   884  1220   560
	 8227 19163   882  1220   560
	 8226 19163   879  1240   550
	 8233 19159   877  1250   560
	 8240 19146   875  1250   560
	 8254 19130   875  1250   560
	 8271 19109   875  1250   560
	 8285 19079   876  1260   560
	 8296 19046   876  1260   560
	 8311 19014   875  1260   560
	 8319 18981   875  1260   560
	 8328 18949   874  1250   560
	 8335 18922   869  1250   560
	 8343 18906   844  1260   570
	 8346 18903   829  1260   570
	 8358 18891   817  1260   570
	 8365 18892   778  1260   570
	 8375 18904   708  1260   570
	 8384 18920   671  1240   570
	 8404 18951   650  1240   570
	 8416 18972   572  1240   570
	 8433 19004   536  1240   570
	 8443 19035   525  1240   570
	 8450 19064   519  1240   570
	 8453 19083   519  1240   570
	 8454 19113   522  1240   570
	 8454 19131   533  1240   570
	 8456 19157   550  1260   570
	 8456 19164   574  1260   570
	 8456 19176   634  1260   570
	 8458 19179   660  1260   570
	 8454 19179   689  1270   560
	 8452 19178   704  1270   560
	 8456 19176   713  1280   570
	 8454 19163   718  1280   570
	 8460 19148   724  1280   570
	 8457 19128   734  1300   560
	 8454 19099   766  1300   560
	 8456 19079   768  1300   560
	 8454 19048   772  1300   560
	 8453 19014   773  1280   570
	 8445 18972   777  1280   570
	 8443 18949   778  1280   570
	 8439 18921   780  1280   570
	 8439 18892   782  1280   570
	 8432 18872   783  1270   570
	 8432 18857   784  1270   570
	 8431 18844   784  1270   570
	 8431 18841   785  1260   580
	 8431 18841   786  1260   580
	 8428 18841   787  1260   580
	 8428 18842   789  1260   580
	 8428 18842   814  1240   580
	 8426 18844   821  1240   580
	 8428 18856   831  1240   580
	 8424 18871   838  1240   580
	 8424 18886   841  1240   580
	 8420 18904   849  1240   580
	 8420 18920   853  1230   580
	 8422 18950   868  1230   580
	 8424 18972   872  1230   580
	 8426 19003   874  1230   580
	 8429 19033   878  1230   580
	 8436 19065   879  1230   580
	 8443 19096   879  1230   580
	 8458 19131   879  1230   580
	 8467 19159   879  1230   580
	 8474 19179   879  1240   570
	 8485 19195   879  1240   570
	 8495 19211   880  1240   570
	 8503 19223   880  1260   570
	 8505 19224   879  1260   570
	 8508 19224   879  1270   570
	 8512 19224   879  1270   570
	 8516 19223   877  1280   570
	 8523 19212   875  1280   570
	 8529 19210   872  1280   570
	 8544 19205   872  1280   570
	 8559 19180   873  1280   570
	 8574 19161   872  1280   570
	 8584 19142   872  1280   570
	 8593 19112   872  1280   570
	 8604 19079   872  1280   570
	 8606 19049   873  1300   580
	 8608 19031   873  1300   580
	 8613 19004   873  1300   580
	 8615 18982   873  1300   580
	 8615 18965   873  1300   580
	 8611 18951   874  1280   580
	 8609 18939   873  1280   580
	 8608 18937   875  1280   580
	 8606 18937   875  1280   580
	 8607 18939   876  1280   580
	 8604 18950   878  1270   590
	 8606 18953   880  1270   590
	 8606 18965   883  1270   590
	 8604 18971   885  1270   590
	 8606 18997   885  1270   590
	 8612 19029   883  1270   590
	 8610 19063   882  1270   590
	 8614 19093   882  1270   590
	 8619 19115   881  1270   590
	 8631 19145   882  1270   590
	 8643 19173   882  1270   590
	 8662 19196   881  1280   580
	 8670 19210   881  1280   580
	 8677 19221   880  1280   580
	 8677 19222   879  1280   580
	 8679 19211   877  1290   590
	 8686 19207   875  1310   580
	 8691 19192   874  1310   580
	 8700 19175   874  1310   580
	 8709 19145   875  1310   580
	 8717 19115   875  1310   580
	 8718 19093   876  1310   580
	 8726 19052   875  1310   580
	 8733 19019   876  1310   580
	 8735 19000   876  1310   580
	 8745 18984   875  1310   580
	 8752 18968   875  1320   590
	 8757 18955   874  1320   590
	 8766 18953   872  1320   590
	 8773 18952   871  1310   600
	 8781 18955   869  1310   600
	 8789 18966   867  1310   600
	 8803 18985   867  1310   600
	 8822 19015   862  1310   600
	 8844 19051   856  1310   610
	 8864 19093   856  1310   610
	 8885 19129   850  1310   610
	 8899 19174   862  1310   610
	 8911 19208   862  1310   610
	 8917 19244   864  1340   610
	 8919 19275   868  1340   610
	 8919 19301   870  1340   610
	 8919 19304   874  1350   600
	 8918 19302   879  1350   600
	 8916 19290   878  1350   600
	 8914 19287   879  1360   600
	 8915 19257   880  1380   600
	 8909 19223   880  1380   600
	 8911 19164   880  1380   600
	 8908 19126   880  1380   600
	 8919 19084   879  1380   600
	 8936 19048   879  1390   600
	 8948 19004   876  1380   600
	 8970 18986   873  1380   600
	 9000 18969   868  1360   600
	 9028 18966   847  1360   600
	 9061 18968   836  1360   600
	 9091 18983   831  1350   600
	 9113 19017   827  1340   600
	 9134 19065   822  1340   600
	 9156 19126   824  1340   600
	 9170 19179   826  1340   600
	 9178 19244   830  1340   600
	 9184 19321   841  1320   590
	 9177 19401   856  1320   590
	 9161 19498   875  1340   580
	 9131 19593   879  1350   580
	 9083 19702   890  1340   570
	 9026 19799   893  1350   570
	 8969 19909   895  1360   560
	 8928 19979   902  1380   550
	 8906 20023   918  1400   550
	 8900 20037   921  1410   550
	 8900 20037   915  1420   540
	 8915 20010   910  1430   530
	 8935 19963   907  1450   530
	 8967 19899   908  1470   520
	 9015 19813   910  1480   510
	 9073 19720   915  1480   510
	 9131 19608   915  1490   510
	 9178 19498   915  1480   510
	 9219 19397   912  1480   510
	 9255 19304   912  1480   510
	 9287 19243   913  1470   520
	 9297 19194   913  1470   520
	 9291 19148   910  1470   530
	 9264 19112   916  1450   540
	 9206 19064   926  1450   540
	 9112 19018   921  1440   540
	 8956 18968   915  1430   550
	 8755 18933   897  1410   560
	 8534 18873   893  1390   560
	 8250 18811   872  1380   570
	 7946 18742   869  1380   570
	 7598 18664   864  1360   570
	 7207 18586   868  1350   580
	 6857 18519   872  1350   580
	 6526 18444   871  1320   580
	 6168 18393   871  1320   580
	 5856 18344   871  1320   580
	 5555 18300   868  1300   580
	 5282 18277   879  1280   570
	 5066 18265   884  1270   570
	 4922 18267   908  1260   570
	 4849 18282   946  1260   570
	 4823 18299   957  1250   560
	 4829 18314   954  1250   560
	 4866 18343   952  1250   560
	 4954 18405   953  1240   550
	 5095 18485   955  1240   550
	 5300 18569   958  1240   550
	 5570 18667   960  1240   550
	 5919 18779   962  1240   550
	 6276 18902   972  1250   560
	 6724 19004   974  1250   560
	 7192 19093   980  1270   560
	 7629 19161   982  1270   560
	 8076 19226   986  1300   560
	 8434 19286   988  1310   570
	 8795 19337   989  1310   570
	 9090 19369   989  1350   570
	 9300 19404   989  1360   570
	 9492 19434   986  1390   570
	 9641 19434   971  1400   560
	 9736 19434   928  1420   570
	 9779 19431   841  1440   570
	 9783 19419   718  1440   570
	 9744 19401   357  1470   560
	 9668 19382   249  1470   560
