ABCDE-012_345_678 384
	 7581  8133   182   780   520
	 7576  8137   286   780   520
	 7573  8140   327   780   520
	 7571  8151   367   780   520
	 7570  8152   350   780   520
	 7566  8153   405   790   530
	 7566  8153   531   790   530
	 7563  8154   567   790   530
	 7565  8154   621   810   530
	 7564  8154   643   810   530
	 7563  8154   653   810   530
	 7564  8153   660   810   530
	 7564  8152   663   820   530
	 7564  8150   668   820   530
	 7570  8137   668   820   530
	 7577  8123   672   820   530
	 7587  8104   675   820   530
	 7598  8073   678   820   530
	 7617  8028   681   810   530
	 7636  7973   689   810   530
	 7663  7893   691   810   530
	 7699  7787   691   810   530
	 7733  7690   697   790   530
	 7775  7590   696   790   530
	 7814  7494   698   790   530
	 7851  7386   700   780   530
	 7905  7286   697   780   530
	 7948  7191   696   760   530
	 7985  7125   696   760   530
	 8016  7068   691   750   530
	 8043  7046   689   750   530
	 8072  7019   683   730   540
	 8091  7016   672   730   540
	 8105  7017   669   720   540
	 8115  7019   669   720   540
	 8121  7032   671   720   540
	 8128  7048   678   700   530
	 8127  7078   691   700   530
	 8117  7114   698   700   530
	 8102  7174   704   700   530
	 8081  7228   714   700   530
	 8054  7303   714   700   530
	 8025  7371   721   700   530
	 7987  7452   723   700   530
	 7943  7545   725   700   530
	 7898  7637   724   700   530
	 7852  7705   724   720   540
	 7816  7772   724   720   540
	 7789  7820   724   720   540
	 7777  7846   725   730   540
	 7772  7849   725   740   530
	 7771  7847   730   740   530
	 7775  7846   724   740   530
	 7777  7833   710   750   530
	 7783  7819   704   750   530
	 7797  7798   706   750   530
	 7819  7751   706   740   540
	 7849  7691   710   740   540
	 7887  7625   713   740   540
	 7920  7563   715   740   540
	 7960  7494   717   740   540
	 8006  7420   717   740   540
	 8045  7350   717   740   540
	 8083  7275   718   740   540
	 8117  7226   715   740   540
	 8144  7191   717   740   540
	 8173  7164   715   740   540
	 8195  7158   709   730   540
	 8214  7158   705   730   540
	 8228  7160   705   730   540
	 8237  7173   705   720   540
	 8241  7189   708   720   540
	 8240  7208   715   720   540
	 8235  7241   724   720   540
	 8218  7301   729   720   540
	 8199  7353   729   700   530
	 8173  7432   733   700   530
	 8141  7497   734   700   530
	 8106  7574   733   700   530
	 8057  7642   727   700   530
	 8002  7733   724   720   540
	 7934  7802   721   720   540
	 7857  7894   704   720   540
	 7779  7963   700   720   540
	 7712  8024   706   730   540
	 7660  8041   706   740   530
	 7624  8042   698   740   530
	 7593  8026   705   750   530
	 7577  7995   702   750   530
	 7561  7961   696   750   530
	 7550  7909   691   750   530
	 7547  7819   689   760   530
	 7555  7737   689   760   530
	 7562  7655   689   760   530
	 7572  7575   690   760   530
	 7587  7500   693   760   530
	 7611  7432   697   760   530
	 7638  7367   700   760   530
	 7670  7305   704   760   530
	 7705  7241   709   760   530
	 7740  7195   715   750   530
	 7777  7158   718   750   530
	 7812  7125   717   740   540
	 7841  7099   717   730   540
	 7875  7094   710   730   540
	 7900  7094   713   730   540
	 7925  7099   710   730   540
	 7954  7115   717   720   540
	 7973  7144   714   720   540
	 7985  7179   714   700   540
	 7993  7238   717   700   540
	 7993  7304   717   700   540
	 7985  7401   717   700   540
	 7971  7510   708   700   540
	 7948  7609   706   700   540
	 7920  7707   706   700   540
	 7875  7804   708   700   540
	 7821  7926   702   700   530
	 7757  8012   706   700   530
	 7710  8076   715   700   530
	 7663  8122   715   720   540
	 7621  8149   715   720   540
	 7595  8153   718   720   540
	 7577  8154   723   730   540
	 7563  8149   725   740   530
	 7558  8136   725   750   530
	 7554  8121   725   750   530
	 7551  8117   723   750   530
	 7554  8103   718   750   530
	 7561  8076   717   750   530
	 7578  8056   713   760   530
	 7604  8022   710   760   530
	 7625  7990   708   750   530
	 7649  7947   706   750   530
	 7690  7915   705   750   530
	 7720  7884   704   750   530
	 7746  7866   702   750   530
	 7776  7851   700   740   530
	 7805  7852   693   730   540
	 7835  7861   694   730   540
	 7857  7867   684   720   540
	 7878  7893   681   720   540
	 7894  7915   684   720   540
	 7905  7947   686   700   530
	 7913  7990   690   700   530
	 7909  8025   693   700   530
	 7905  8057   697   700   530
	 7888  8101   702   700   530
	 7864  8122   714   700   530
	 7838  8151   725   700   530
	 7801  8170   729   700   530
	 7761  8187   744   700   530
	 7722  8204   750   720   540
	 7686  8218   760   720   540
	 7663  8231   767   720   530
	 7650  8230   769   740   530
	 7644  8220   770   740   530
	 7643  8217   770   740   530
	 7645  8214   767   740   530
	 7658  8198   767   750   530
	 7679  8155   766   750   530
	 7708  8106   755   750   530
	 7745  8054   760   740   540
	 7785  7993   760   740   540
	 7830  7931   744   730   540
	 7887  7864   755   730   540
	 7943  7785   755   730   540
	 8012  7717   768   730   540
	 8066  7643   768   730   540
	 8128  7592   769   720   540
	 8193  7531   769   720   540
	 8265  7465   769   720   540
	 8346  7401   770   700   530
	 8425  7324   770   700   530
	 8492  7258   769   680   540
	 8551  7193   769   680   540
	 8598  7129   769   670   540
	 8633  7081   769   670   540
	 8658  7031   769   660   530
	 8675  6981   770   650   540
	 8683  6934   770   630   540
	 8686  6876   772   630   540
	 8680  6825   773   630   540
	 8664  6773   775   610   540
	 8635  6725   775   610   540
	 8597  6679   777   610   540
	 8549  6645   777   600   540
	 8496  6602   777   600   540
	 8428  6581   778   600   540
	 8349  6556   777   600   540
	 8261  6551   776   600   540
	 8175  6553   777   600   540
	 8092  6565   777   600   540
	 8015  6572   776   600   540
	 7948  6599   777   600   540
	 7891  6630   777   600   540
	 7855  6651   776   600   540
	 7826  6682   776   610   540
	 7812  6713   776   610   540
	 7810  6746   775   610   540
	 7803  6780   775   620   540
	 7803  6837   774   620   540
	 7805  6891   774   620   540
	 7820  6953   773   620   540
	 7839  7020   773   620   540
	 7865  7096   771   630   540
	 7899  7174   770   630   540
	 7936  7256   768   630   540
	 7976  7350   768   630   540
	 8016  7449   744   630   540
	 8065  7545   744   650   540
	 8112  7637   744   660   530
	 8156  7708   729   660   530
	 8193  7784   725   660   530
	 8227  7846   722   660   530
	 8253  7899   717   670   540
	 8271  7958   714   680   540
	 8280  8006   713   680   540
	 8283  8042   713   680   540
	 8277  8087   713   690   530
	 8265  8123   718   690   530
	 8244  8167   725   700   530
	 8218  8203   733   700   530
	 8185  8251   737   700   530
	 8150  8297   766   700   530
	 8108  8341   766   720   540
	 8059  8396   755   720   540
	 8001  8458   766   720   540
	 7934  8523   766   720   540
	 7862  8582   766   720   540
	 7797  8618   760   730   540
	 7737  8662   766   730   540
	 7693  8681   767   740   540
	 7661  8683   767   750   530
	 7641  8682   768   760   530
	 7627  8668   768   760   530
	 7622  8663   767   760   530
	 7622  8645   760   760   530
	 7634  8604   755   780   530
	 7655  8551   750   780   530
	 7684  8489   744   780   530
	 7721  8421   760   780   530
	 7765  8346   767   780   530
	 7814  8266   767   780   530
	 7873  8184   767   780   530
	 7942  8092   768   780   530
	 8000  7995   769   760   530
	 8063  7898   769   760   530
	 8129  7786   769   750   530
	 8197  7691   771   750   530
	 8259  7605   770   730   540
	 8334  7514   770   730   540
	 8417  7429   770   720   540
	 8497  7336   767   720   540
	 8568  7242   744   700   540
	 8634  7162   725   680   540
	 8699  7093   717   680   540
	 8746  7036   706   660   550
	 8782  7000   704   650   540
	 8808  6972   700   650   540
	 8831  6956   689   630   550
	 8846  6951   680   610   540
	 8849  6950   671   610   540
	 8846  6952   669   600   550
	 8837  6965   668   590   550
	 8812  6987   668   590   550
	 8779  7029   664   590   550
	 8737  7077   668   590   550
	 8689  7141   668   570   550
	 8633  7211   669   570   550
	 8570  7307   669   570   550
	 8498  7413   669   590   550
	 8438  7512   668   590   550
	 8382  7595   671   590   550
	 8345  7659   669   600   540
	 8316  7718   672   610   540
	 8290  7753   672   610   540
	 8273  7797   674   630   550
	 8260  7814   677   630   540
	 8249  7832   677   630   540
	 8236  7848   684   650   540
	 8235  7861   691   660   530
	 8229  7863   697   660   530
	 8228  7862   700   660   530
	 8232  7861   702   660   530
	 8235  7861   700   660   530
	 8242  7849   697   660   530
	 8259  7836   696   680   530
	 8280  7819   696   680   530
	 8310  7784   700   680   530
	 8350  7749   702   680   530
	 8392  7701   704   680   530
	 8443  7642   706   680   530
	 8490  7589   706   670   540
	 8528  7532   705   660   530
	 8572  7483   704   660   530
	 8602  7447   702   660   530
	 8627  7430   702   660   530
	 8649  7414   700   660   530
	 8664  7402   696   660   530
	 8674  7400   694   650   540
	 8679  7399   693   650   540
	 8680  7400   696   650   540
	 8676  7400   700   650   540
	 8671  7403   704   650   540
	 8660  7417   705   640   550
	 8642  7435   706   630   550
	 8619  7463   710   630   550
	 8587  7497   713   630   550
	 8548  7544   714   630   550
	 8497  7607   708   630   550
	 8437  7675   708   630   550
	 8364  7767   702   630   550
	 8288  7862   700   630   550
	 8215  7960   702   630   540
	 8144  8043   700   650   540
	 8083  8119   700   650   540
	 8027  8172   702   650   540
	 7990  8201   704   660   530
	 7968  8215   714   670   540
	 7955  8215   729   670   540
	 7946  8214   734   690   530
	 7942  8213   737   690   530
	 7947  8213   733   690   530
	 7957  8201   729   700   530
	 7964  8199   723   700   530
	 7978  8198   717   700   530
	 7999  8184   717   720   530
	 8033  8167   718   720   530
	 8075  8136   717   720   530
	 8116  8103   715   720   530
	 8165  8060   714   720   530
	 8216  8025   714   720   530
	 8267  7979   715   720   540
	 8317  7930   715   700   530
	 8371  7879   710   700   530
	 8420  7817   705   700   530
	 8463  7768   704   690   530
	 8494  7721   702   690   530
	 8521  7675   702   690   530
	 8538  7640   702   670   540
	 8551  7606   705   670   540
	 8555  7576   704   670   540
	 8554  7545   702   660   530
	 8554  7513   706   660   530
	 8545  7480   709   660   530
	 8524  7447   706   660   530
	 8497  7417   706   650   540
	 8460  7386   706   650   540
	 8420  7356   706   650   540
	 8368  7338   714   650   540
	 8317  7320   710   650   540
	 8271  7305   706   650   540
	 8236  7292   706   650   540
	 8215  7289   713   650   540
	 8210  7287   710   650   540
	 8210  7287   700   650   540
	 8221  7291   681   650   540
	 8242  7292   671   650   540
	 8271  7304   668   650   540
	 8301  7306   664   650   540
	 8342  7318   663   650   540
	 8387  7320   663   650   540
	 8435  7322   663   650   540
	 8478  7322   663   650   540
	 8518  7320   663   650   540
	 8550  7317   664   650   540
	 8585  7308   664   650   540
	 8612  7302   668   650   540
	 8634  7288   674   650   540
	 8655  7273   686   650   540
	 8669  7256   700   650   540
	 8684  7237   713   650   540
	 8703  7207   715   650   540
	 8718  7177   721   650   540
	 8732  7144   723   630   550
	 8747  7113   718   630   550
	 8761  7081   702   630   550
	 8780  7049   690   630   550
	 8792  7018   671   630   550
	 8804  6987   663   630   550
	 8817  6968   611   600   550
	 8832  6940   410   600   550
	 8837  6924   317   600   550
