ABCDE-012_345_678 391
	21291 19463   218  1040   560
	21290 19463   286  1050   560
	21286 19450   308  1050   550
	21286 19446   336  1060   550
	21284 19433   367  1060   550
	21283 19420   338  1060   550
	21283 19416   368  1070   550
	21288 19399   390  1070   550
	21296 19370   405  1070   550
	21304 19340   500  1070   550
	21311 19308   533  1070   550
	21320 19276   544  1050   550
	21336 19240   562  1050   550
	21360 19189   588  1020   550
	21383 19127   615  1020   550
	21410 19050   639   990   560
	21442 18997   646   970   560
	21475 18918   651   960   560
	21510 18837   656   940   560
	21536 18748   660   930   560
	21566 18664   661   900   560
	21602 18583   664   890   560
	21628 18521   664   870   560
	21658 18473   666   860   560
	21680 18453   664   830   560
	21704 18441   663   810   560
	21725 18441   660   800   560
	21744 18444   658   800   560
	21756 18458   656   780   550
	21767 18474   658   780   550
	21775 18502   668   770   550
	21776 18537   681   770   550
	21773 18587   689   770   550
	21760 18635   691   750   550
	21745 18699   697   750   550
	21724 18761   702   750   550
	21696 18828   706   750   550
	21663 18890   713   770   550
	21625 18955   706   770   550
	21587 19018   706   770   550
	21549 19081   705   770   550
	21523 19125   706   780   550
	21503 19146   709   780   550
	21490 19158   709   780   550
	21480 19157   717   800   560
	21478 19148   717   800   560
	21480 19145   710   810   560
	21484 19131   706   810   560
	21491 19110   705   810   560
	21506 19064   706   810   560
	21525 19015   706   830   560
	21546 18966   708   830   560
	21572 18907   708   830   560
	21600 18855   708   830   560
	21633 18792   713   830   550
	21667 18729   715   830   560
	21703 18664   717   810   560
	21740 18614   718   810   560
	21782 18565   718   810   560
	21823 18519   721   800   560
	21856 18502   718   800   560
	21889 18488   708   780   550
	21919 18487   706   780   550
	21945 18491   705   770   550
	21966 18508   704   760   560
	21985 18551   704   760   560
	21993 18599   704   750   560
	21996 18663   706   750   560
	21992 18732   706   750   560
	21980 18812   708   750   560
	21956 18889   715   740   570
	21930 18966   717   740   570
	21888 19035   715   740   570
	21832 19114   714   740   570
	21767 19194   708   760   570
	21695 19274   706   760   570
	21623 19356   702   790   570
	21546 19419   702   810   570
	21475 19465   700   840   570
	21403 19482   698   850   570
	21353 19480   691   870   570
	21311 19452   687   900   570
	21281 19413   677   920   570
	21262 19338   669   910   560
	21247 19256   669   930   560
	21235 19176   671   930   560
	21236 19094   671   940   560
	21237 19015   674   940   560
	21250 18924   674   940   560
	21268 18840   678   940   560
	21293 18759   684   930   560
	21331 18666   689   930   560
	21367 18587   696   910   560
	21417 18508   700   890   560
	21465 18454   702   870   560
	21510 18396   706   840   560
	21552 18373   706   830   560
	21598 18346   709   800   560
	21635 18345   709   780   550
	21677 18357   710   770   550
	21717 18374   714   750   550
	21750 18396   717   750   560
	21785 18442   723   730   560
	21813 18502   733   730   560
	21835 18554   755   730   560
	21848 18620   767   720   560
	21851 18695   768   720   560
	21848 18774   770   720   560
	21835 18842   772   720   560
	21815 18917   772   720   560
	21788 18988   772   720   560
	21747 19079   772   730   560
	21701 19164   772   730   560
	21652 19255   772   730   560
	21594 19350   770   760   560
	21535 19420   770   780   560
	21477 19481   772   810   570
	21429 19510   771   820   570
	21393 19516   772   850   570
	21371 19526   772   870   570
	21357 19525   772   900   570
	21349 19515   772   920   570
	21344 19511   770   950   570
	21344 19496   770   960   570
	21350 19477   768   980   570
	21364 19434   768   990   570
	21385 19398   768  1010   570
	21411 19350   768  1020   560
	21440 19304   768  1020   550
	21475 19271   768  1020   550
	21513 19240   768  1000   560
	21549 19212   769   990   560
	21592 19189   769   970   560
	21631 19162   769   950   570
	21669 19159   768   930   560
	21702 19160   768   910   560
	21733 19174   767   890   560
	21761 19190   766   870   570
	21782 19211   760   850   570
	21797 19242   766   820   570
	21803 19276   768   820   570
	21803 19321   769   810   570
	21797 19355   771   790   570
	21784 19387   774   790   570
	21766 19419   775   810   570
	21742 19451   776   820   570
	21712 19481   777   840   570
	21680 19516   777   850   570
	21644 19547   779   870   570
	21611 19574   780   900   570
	21577 19591   783   920   570
	21555 19596   786   930   570
	21538 19596   812   960   570
	21530 19596   815   980   570
	21529 19595   816   990   570
	21529 19593   813  1020   560
	21536 19577   807  1040   560
	21548 19544   812  1050   560
	21575 19493   812  1050   560
	21600 19435   803  1050   560
	21639 19370   812  1030   550
	21686 19302   812  1030   550
	21744 19226   812  1010   570
	21802 19160   814   990   570
	21864 19082   815   960   570
	21934 19014   815   950   570
	21999 18936   817   930   570
	22070 18854   816   900   570
	22129 18774   817   870   570
	22186 18682   815   850   580
	22239 18603   814   820   580
	22285 18534   812   790   580
	22328 18471   812   750   580
	22360 18411   812   740   580
	22386 18360   812   710   570
	22401 18312   812   680   580
	22413 18261   812   680   580
	22412 18215   812   650   580
	22408 18169   812   630   580
	22392 18124   807   610   580
	22367 18090   812   600   570
	22330 18056   812   600   570
	22287 18025   812   580   570
	22238 18007   812   560   570
	22181 17990   812   570   560
	22121 17976   812   550   560
	22044 17975   807   550   560
	21966 17964   812   550   560
	21872 17976   814   540   560
	21789 17993   816   540   560
	21708 18011   815   550   550
	21637 18041   815   550   550
	21580 18075   816   550   550
	21544 18104   818   560   540
	21517 18124   818   560   540
	21503 18140   818   560   540
	21492 18166   817   570   550
	21488 18188   816   580   540
	21488 18217   814   580   540
	21491 18250   807   580   540
	21501 18295   799   600   540
	21525 18332   803   610   530
	21554 18380   790   620   540
	21591 18428   789   630   540
	21633 18492   789   630   540
	21680 18555   788   650   540
	21738 18634   788   650   540
	21800 18726   788   660   550
	21863 18823   786   660   550
	21928 18905   785   680   550
	21990 18998   784   690   550
	22038 19080   783   680   560
	22081 19159   782   700   560
	22116 19237   782   700   560
	22139 19308   781   710   570
	22160 19388   781   740   570
	22169 19452   781   750   580
	22173 19513   780   780   580
	22169 19574   780   800   590
	22153 19640   782   830   590
	22131 19691   782   850   590
	22100 19740   782   880   600
	22062 19798   784   920   600
	22022 19862   783   930   600
	21975 19915   784   970   600
	21978 19977   784  1000   600
	21858 20038   784  1020   590
	21802 20090   784  1050   590
	21746 20134   785  1080   580
	21696 20155   783  1110   570
	21652 20170   784  1130   570
	21619 20182   784  1140   570
	21590 20171   784  1160   560
	21571 20156   784  1160   550
	21554 20138   783  1160   550
	21550 20119   782  1170   550
	21553 20076   781  1170   550
	21565 20025   780  1170   540
	21586 19961   781  1170   540
	21613 19879   781  1170   540
	21652 19781   782  1170   540
	21688 19688   783  1170   540
	21734 19580   784  1150   540
	21790 19465   786  1140   550
	21847 19336   788  1140   550
	21908 19225   807  1100   550
	21977 19128   812  1070   560
	22036 19030   812  1040   560
	22108 18924   812  1010   570
	22177 18824   803   980   580
	22241 18715   799   950   580
	22332 18618   789   920   580
	22374 18540   783   870   580
	22441 18470   778   840   580
	22504 18406   775   800   590
	22543 18359   773   770   580
	22565 18327   770   730   590
	22592 18299   767   700   580
	22604 18284   766   680   580
	22606 18282   744   650   580
	22606 18281   738   640   570
	22603 18283   744   640   570
	22591 18298   750   620   570
	22570 18326   755   620   570
	22545 18358   738   610   560
	22509 18406   737   610   560
	22464 18457   744   610   560
	22412 18520   744   610   560
	22355 18587   744   610   560
	22302 18680   760   610   560
	22252 18773   760   610   560
	22203 18858   744   620   570
	22164 18935   750   620   570
	22133 18985   760   640   570
	22118 19013   767   640   570
	22106 19018   769   650   580
	22100 19029   771   650   580
	22097 19029   772   670   580
	22097 19029   774   670   580
	22101 19018   774   690   570
	22106 19016   773   680   580
	22113 19004   773   680   580
	22129 18987   774   700   580
	22152 18968   774   700   580
	22184 18935   774   710   570
	22218 18891   774   710   570
	22254 18844   774   700   580
	22293 18805   775   700   580
	22338 18744   775   700   580
	22377 18694   776   700   580
	22419 18635   775   700   580
	22458 18585   774   680   580
	22494 18538   774   680   580
	22531 18492   774   680   580
	22549 18473   773   670   580
	22562 18459   772   670   580
	22568 18457   772   670   580
	22574 18457   770   650   580
	22571 18458   770   650   580
	22566 18470   769   650   580
	22556 18475   770   640   570
	22543 18502   772   640   570
	22520 18522   772   640   570
	22483 18567   772   640   570
	22440 18617   772   620   570
	22390 18683   772   630   560
	22339 18757   773   640   560
	22284 18823   772   640   560
	22222 18907   770   640   560
	22159 19003   770   640   570
	22096 19098   771   650   580
	22045 19179   770   650   580
	22005 19259   770   650   580
	21969 19321   770   680   580
	21943 19381   770   700   580
	21922 19415   771   710   590
	21908 19445   772   750   580
	21897 19462   772   780   580
	21888 19468   774   800   590
	21882 19484   774   830   590
	21879 19495   775   850   590
	21879 19499   776   880   590
	21882 19498   775   900   590
	21887 19498   773   930   590
	21894 19497   772   950   590
	21908 19494   772   970   590
	21926 19481   772   980   590
	21958 19462   772  1000   580
	21993 19419   772  1010   580
	22031 19370   772  1010   580
	22072 19308   773  1010   580
	22117 19254   773   980   590
	22157 19195   774   970   590
	22196 19144   774   950   590
	22231 19097   773   930   590
	22263 19065   773   920   590
	22289 19045   772   880   590
	22315 19019   770   870   590
	22339 19003   770   830   600
	22359 18988   769   810   600
	22373 18983   767   800   600
	22381 18981   767   760   590
	22387 18971   766   740   600
	22391 18969   767   720   600
	22388 18969   767   710   600
	22386 18968   768   710   600
	22376 18968   768   690   590
	22367 18968   769   690   590
	22356 18968   770   680   600
	22340 18966   770   680   600
	22322 18965   770   680   600
	22299 18955   770   680   600
	22278 18953   769   680   600
	22256 18940   770   680   600
	22239 18934   768   690   590
	22221 18919   767   690   590
	22207 18892   768   690   590
	22196 18875   768   690   590
	22187 18856   766   690   590
	22184 18837   737   690   590
	22183 18805   730   690   590
	22189 18775   733   690   590
	22201 18745   729   690   590
	22218 18727   727   690   590
	22234 18709   727   690   590
	22253 18683   721   690   590
	22275 18667   715   670   590
	22290 18664   714   670   590
	22308 18652   713   670   590
	22325 18649   709   670   590
	22339 18645   708   670   590
	22352 18632   708   670   590
	22363 18616   706   670   590
	22369 18600   709   660   590
	22378 18581   709   660   590
	22387 18552   708   660   590
	22398 18520   708   650   600
	22405 18492   713   630   590
	22412 18476   713   630   590
	22424 18456   710   630   590
	22435 18438   710   630   590
	22450 18411   710   630   590
	22460 18393   713   630   590
	22473 18374   709   620   590
	22485 18358   704   620   590
	22501 18332   686   620   590
	22513 18316   664   630   580
	22530 18300   588   610   580
	22541 18281   368   610   580
	22556 18262   327   600   570
	22560 18234    75   610   560
