ABCDE-012_345_678 653
	 5596 19190   234  1260   610
	 5594 19207   262  1260   610
	 5592 19221   286  1260   610
	 5591 19227   308  1250   600
	 5594 19241   336  1250   600
	 5595 19243   352  1250   600
	 5598 19243   269  1250   600
	 5600 19242   310  1250   600
	 5603 19240   338  1250   600
	 5610 19227   374  1260   610
	 5622 19222   401  1260   610
	 5635 19194   454  1260   610
	 5651 19158   533  1260   610
	 5666 19113   550  1260   610
	 5683 19066   570  1240   620
	 5701 19015   605  1240   620
	 5716 18969   629  1240   620
	 5735 18919   645  1240   620
	 5749 18871   651  1240   630
	 5770 18823   660  1240   630
	 5786 18764   664  1220   630
	 5800 18712   669  1220   630
	 5813 18666   671  1200   640
	 5818 18632   671  1200   640
	 5826 18597   674  1200   650
	 5837 18567   677  1190   640
	 5844 18535   677  1170   650
	 5852 18520   678  1170   650
	 5857 18507   677  1170   650
	 5862 18503   675  1140   640
	 5860 18491   675  1140   640
	 5863 18489   672  1140   640
	 5863 18490   669  1110   640
	 5860 18490   664  1110   640
	 5856 18492   660  1110   640
	 5855 18506   658  1100   630
	 5849 18523   650  1100   630
	 5838 18554   638  1090   620
	 5822 18599   615  1090   620
	 5805 18651   590  1090   620
	 5792 18713   577  1090   620
	 5779 18789   557  1100   630
	 5765 18856   555  1100   630
	 5757 18918   565  1120   620
	 5748 18966   560  1130   630
	 5745 19029   560  1130   630
	 5750 19080   565  1140   640
	 5758 19127   565  1160   640
	 5772 19177   567  1160   640
	 5791 19222   570  1190   640
	 5809 19256   572  1190   640
	 5825 19274   574  1200   640
	 5842 19291   577  1220   630
	 5862 19305   581  1220   630
	 5882 19318   584  1240   630
	 5901 19321   595  1230   620
	 5916 19321   609  1240   620
	 5940 19317   629  1240   620
	 5960 19301   630  1250   600
	 5974 19287   632  1250   600
	 5994 19259   641  1250   600
	 6014 19237   646  1250   590
	 6029 19196   651  1250   590
	 6043 19160   658  1250   590
	 6062 19111   661  1250   590
	 6078 19061   664  1240   580
	 6086 19015   671  1240   580
	 6097 18982   671  1230   590
	 6109 18940   674  1240   600
	 6121 18902   677  1220   600
	 6130 18856   678  1220   600
	 6136 18812   678  1200   600
	 6142 18775   678  1220   610
	 6142 18746   677  1200   620
	 6146 18728   674  1200   620
	 6148 18711   672  1180   620
	 6148 18709   669  1180   620
	 6147 18709   664  1160   630
	 6148 18699   661  1160   630
	 6147 18700   653  1160   630
	 6147 18710   645  1150   630
	 6145 18715   634  1150   630
	 6144 18732   601  1150   630
	 6141 18777   574  1150   630
	 6137 18828   555  1150   630
	 6129 18902   522  1150   630
	 6121 18981   410  1150   630
	 6118 19062   405  1150   630
	 6115 19142   395  1160   630
	 6116 19221   380  1160   630
	 6125 19292   374  1160   630
	 6136 19352   380  1200   620
	 6147 19388   380  1220   610
	 6156 19417   385  1220   610
	 6171 19436   390  1230   610
	 6180 19450   395  1250   600
	 6194 19462   401  1260   600
	 6204 19464   405  1280   590
	 6218 19462   415  1290   590
	 6232 19450   420  1310   580
	 6283 19445   469  1320   580
	 6264 19418   522  1340   570
	 6285 19397   533  1340   570
	 6303 19353   547  1350   580
	 6328 19304   560  1360   570
	 6348 19257   567  1360   570
	 6365 19210   579  1350   580
	 6377 19160   603  1350   580
	 6385 19110   615  1340   580
	 6392 19063   632  1340   580
	 6397 19018   636  1320   590
	 6402 18986   638  1310   600
	 6408 18949   639  1290   600
	 6405 18908   639  1280   610
	 6404 18885   638  1290   610
	 6404 18856   634  1270   620
	 6406 18827   629  1260   620
	 6401 18806   605  1240   630
	 6395 18778   581  1220   630
	 6392 18761   567  1200   640
	 6383 18743   552  1200   640
	 6378 18728   525  1190   640
	 6370 18715   415  1190   640
	 6362 18711   380  1190   640
	 6354 18709   338  1170   650
	 6348 18711   344  1170   650
	 6340 18725   275  1170   650
	 6340 18742   136  1170   650
	 6338 18776    64  1170   650
	 6342 18821    -1  1170   650
	 6346 18870    -1  1170   650
	 6352 18923    -1  1170   650
	 6356 18998    -1  1170   650
	 6359 19067    -1  1190   640
	 6364 19147    -1  1190   640
	 6377 19242    -1  1200   640
	 6394 19338    -1  1200   640
	 6413 19446    -1  1240   630
	 6443 19545    -1  1260   620
	 6475 19639    -1  1290   610
	 6513 19735    -1  1310   610
	 6548 19818    -1  1320   600
	 6580 19899    -1  1350   590
	 6603 19975    -1  1360   580
	 6617 20041    -1  1400   580
	 6634 20091    -1  1420   570
	 6647 20124     0  1430   560
	 6653 20149   108  1450   550
	 6653 20151   182  1470   550
	 6649 20150   234  1480   540
	 6651 20138   275  1490   530
	 6645 20133   308  1490   530
	 6636 20107   344  1520   530
	 6627 20074   367  1520   530
	 6615 20026   317  1530   520
	 6593 19961   350  1530   520
	 6565 19882   380  1530   520
	 6531 19802   405  1520   530
	 6489 19720   516  1520   530
	 6442 19622   533  1520   530
	 6382 19525   542  1490   530
	 6312 19416   555  1490   530
	 6234 19302   557  1480   540
	 6157 19205   567  1450   550
	 6083 19109   562  1440   560
	 6012 19017   572  1430   560
	 5955 18965   570  1400   560
	 5907 18907   570  1360   570
	 5863 18857   570  1350   580
	 5820 18821   567  1320   590
	 5791 18780   557  1310   600
	 5761 18758   567  1290   600
	 5745 18748   562  1280   610
	 5738 18748   555  1240   620
	 5736 18762   533  1220   610
	 5730 18789   415  1200   620
	 5731 18839   363  1190   630
	 5747 18918   338  1190   630
	 5757 18998   294  1190   630
	 5782 19077   294  1170   630
	 5824 19141   302  1190   630
	 5861 19176   317  1190   630
	 5900 19192   344  1190   630
	 5942 19195   368  1190   630
	 5980 19195   385  1210   630
	 6017 19190   410  1210   630
	 6053 19177   420  1210   630
	 6085 19147   522  1220   610
	 6121 19115   539  1220   610
	 6153 19067   555  1220   610
	 6183 19019   567  1230   610
	 6212 18970   574  1230   610
	 6241 18921   588  1230   610
	 6266 18871   601  1200   600
	 6294 18826   611  1200   600
	 6317 18777   615  1200   600
	 6338 18744   621  1200   620
	 6366 18709   619  1200   620
	 6390 18678   615  1200   620
	 6406 18650   611  1180   620
	 6429 18633   595  1170   630
	 6448 18618   572  1170   630
	 6463 18613   557  1170   630
	 6476 18613   531  1160   640
	 6486 18615   405  1170   650
	 6496 18618   357  1150   650
	 6504 18635   286  1150   650
	 6516 18663   344  1150   650
	 6522 18700   297  1150   650
	 6526 18759   182  1150   650
	 6526 18812     0  1150   650
	 6522 18887    -1  1150   650
	 6515 18952    -1  1180   650
	 6510 19016    -1  1180   650
	 6506 19078    -1  1180   650
	 6507 19128    -1  1200   650
	 6512 19176    -1  1220   650
	 6516 19212    -1  1220   650
	 6525 19242    -1  1240   640
	 6532 19259    -1  1240   640
	 6539 19272     0  1250   640
	 6540 19276   262  1250   640
	 6544 19276   297  1270   630
	 6547 19276   327  1270   630
	 6554 19270   360  1270   630
	 6563 19255   310  1290   630
	 6572 19228   363  1290   630
	 6583 19207   390  1290   630
	 6592 19174   410  1290   630
	 6604 19132   516  1290   630
	 6616 19098   542  1290   630
	 6623 19065   560  1300   630
	 6632 19030   577  1300   630
	 6643 18998   605  1300   630
	 6654 18956   632  1290   640
	 6657 18933   638  1290   640
	 6663 18890   641  1290   640
	 6664 18871   645  1270   640
	 6671 18853   646  1270   640
	 6674 18826   646  1270   640
	 6673 18807   646  1250   650
	 6676 18790   646  1250   650
	 6675 18777   646  1250   650
	 6675 18776   645  1230   650
	 6673 18776   641  1230   650
	 6672 18776   638  1230   650
	 6674 18777   632  1210   660
	 6671 18779   629  1210   660
	 6668 18796   609  1210   660
	 6661 18825   579  1210   660
	 6658 18855   562  1210   660
	 6652 18902   557  1210   660
	 6648 18953   542  1210   660
	 6645 19018   462  1210   660
	 6643 19082   420  1210   660
	 6642 19147   410  1210   660
	 6647 19207   415  1230   650
	 6656 19259   410  1230   650
	 6664 19307   415  1250   650
	 6676 19349   420  1270   640
	 6686 19369   454  1270   640
	 6698 19384   480  1290   640
	 6705 19386   513  1300   630
	 6713 19386   513  1320   630
	 6719 19385   522  1330   620
	 6729 19383   528  1330   620
	 6740 19368   539  1350   620
	 6752 19350   544  1350   620
	 6762 19318   550  1380   610
	 6771 19286   557  1380   610
	 6788 19253   562  1380   610
	 6801 19210   567  1380   610
	 6805 19177   572  1380   610
	 6821 19143   577  1380   610
	 6829 19111   584  1380   610
	 6841 19068   590  1370   620
	 6852 19036   603  1350   630
	 6870 19004   603  1350   630
	 6883 18988   609  1330   630
	 6902 18971   615  1320   630
	 6916 18965   623  1300   630
	 6940 18952   625  1270   630
	 6955 18950   630  1270   630
	 6972 18938   632  1250   640
	 6991 18938   632  1240   630
	 7012 18940   632  1220   630
	 7028 18951   632  1220   630
	 7049 18955   629  1210   630
	 7066 18972   623  1210   630
	 7080 18998   623  1210   630
	 7097 19018   621  1200   620
	 7112 19046   619  1200   620
	 7121 19068   609  1200   620
	 7130 19110   603  1200   620
	 7143 19146   592  1200   620
	 7146 19190   579  1220   610
	 7154 19228   574  1220   610
	 7155 19285   570  1220   610
	 7156 19336   557  1220   610
	 7155 19387   552  1260   610
	 7155 19433   557  1260   610
	 7152 19463   560  1280   610
	 7142 19467   565  1290   600
	 7133 19481   570  1310   600
	 7125 19483   588  1310   600
	 7119 19483   605  1320   590
	 7112 19479   609  1340   580
	 7103 19477   609  1350   580
	 7095 19464   611  1350   580
	 7084 19448   611  1360   570
	 7078 19416   609  1360   570
	 7067 19372   609  1360   570
	 7056 19338   609  1380   570
	 7051 19292   613  1380   570
	 7048 19257   615  1380   570
	 7048 19222   621  1360   570
	 7053 19192   623  1350   570
	 7061 19159   625  1340   570
	 7069 19128   630  1320   580
	 7078 19096   632  1320   580
	 7090 19066   634  1310   580
	 7106 19048   634  1290   590
	 7123 19031   632  1290   590
	 7140 19017   632  1280   590
	 7161 19004   632  1260   600
	 7184 19004   632  1260   600
	 7209 19003   632  1250   600
	 7238 19013   634  1240   620
	 7265 19016   632  1240   620
	 7291 19020   630  1240   620
	 7314 19035   625  1230   620
	 7337 19051   613  1230   620
	 7363 19078   595  1240   630
	 7386 19097   579  1240   630
	 7408 19128   565  1240   630
	 7422 19158   555  1240   630
	 7434 19192   533  1240   630
	 7446 19238   462  1250   640
	 7455 19286   395  1270   630
	 7460 19339   374  1270   630
	 7458 19403   324  1290   630
	 7457 19466   269  1290   630
	 7455 19516   367  1320   630
	 7454 19557   278  1330   620
	 7450 19574   286  1350   620
	 7442 19578   310  1360   610
	 7435 19580   350  1360   610
	 7429 19577   374  1380   600
	 7424 19575   390  1390   600
	 7426 19561   401  1410   590
	 7432 19543   415  1410   590
	 7435 19514   446  1420   580
	 7441 19484   487  1420   580
	 7444 19434   516  1430   570
	 7456 19388   525  1430   570
	 7467 19336   531  1430   570
	 7483 19290   533  1420   580
	 7499 19254   533  1410   590
	 7515 19221   539  1410   590
	 7527 19179   539  1390   600
	 7541 19157   542  1380   600
	 7552 19128   544  1380   600
	 7560 19100   544  1360   610
	 7566 19082   542  1370   620
	 7570 19067   533  1350   630
	 7579 19052   522  1350   630
	 7580 19051   420  1330   630
	 7587 19052   390  1320   640
	 7587 19062   357  1320   640
	 7590 19065   310  1300   650
	 7594 19079   360  1300   650
	 7600 19097   327  1300   650
	 7612 19125   262  1300   650
	 7615 19145    35  1300   650
	 7621 19174    -1  1300   650
	 7630 19192    -1  1320   650
	 7632 19212    -1  1320   650
	 7638 19241    -1  1320   650
	 7643 19270    -1  1320   650
	 7645 19292    -1  1330   650
	 7647 19324    -1  1330   650
	 7650 19366    -1  1350   640
	 7655 19413    -1  1350   640
	 7662 19450    -1  1370   630
	 7663 19495    -1  1380   630
	 7673 19530    -1  1400   620
	 7686 19560    -1  1410   630
	 7695 19574    -1  1430   620
	 7701 19562    -1  1440   610
	 7706 19559    -1  1440   610
	 7709 19545    75  1450   600
	 7707 19530   286  1450   600
	 7708 19509   308  1460   600
	 7714 19468   327  1460   600
	 7712 19418   352  1470   590
	 7719 19355   310  1470   590
	 7717 19302   385  1460   600
	 7727 19240   415  1460   600
	 7737 19178   522  1450   600
	 7750 19114   560  1450   600
	 7766 19061   588  1440   610
	 7782 19002   603  1430   620
	 7797 18950   621  1410   630
	 7814 18888   625  1400   630
	 7824 18809   609  1380   640
	 7840 18728   615  1380   650
	 7854 18683   619  1370   660
	 7866 18646   615  1350   670
	 7869 18603   619  1330   670
	 7868 18581   619  1310   680
	 7869 18566   615  1290   680
	 7868 18556   599  1270   690
	 7865 18555   577  1270   700
	 7862 18565   562  1270   700
	 7861 18571   552  1270   700
	 7852 18600   528  1240   710
	 7837 18634   415  1240   710
	 7825 18683   363  1240   710
	 7807 18758   331  1240   710
	 7790 18838   294  1240   710
	 7775 18920   278  1240   710
	 7756 19013   360  1240   710
	 7737 19096   360  1250   700
	 7724 19180   367  1250   700
	 7704 19270   310  1270   690
	 7696 19351   278  1290   680
	 7687 19420   310  1310   680
	 7686 19483   310  1330   660
	 7689 19544   317  1350   650
	 7699 19606   324  1370   650
	 7712 19656   331  1380   640
	 7737 19701   338  1400   630
	 7759 19722   344  1410   630
	 7789 19740   350  1420   610
	 7821 19755   374  1440   600
	 7862 19769   401  1450   590
	 7905 19767   420  1460   580
	 7944 19756   513  1470   580
	 7980 19739   531  1480   570
	 8004 19718   536  1470   560
	 8019 19687   552  1480   560
	 8031 19642   562  1480   560
	 8032 19605   570  1460   550
	 8023 19548   570  1460   550
	 8001 19497   565  1460   550
	 7966 19446   565  1450   550
	 7908 19385   567  1450   550
	 7840 19340   557  1440   560
	 7777 19292   542  1430   560
	 7706 19259   533  1430   560
	 7642 19228   539  1420   570
	 7578 19211   531  1390   570
	 7519 19196   454  1380   580
	 7460 19195   390  1380   580
	 7404 19194   286  1380   590
	 7356 19205   297  1360   600
	 7319 19222    -1  1360   600
	 7285 19244    -1  1350   600
	 7259 19286    -1  1350   600
	 7241 19333    -1  1350   600
	 7231 19386    -1  1350   600
	 7232 19462    -1  1350   600
	 7245 19527    -1  1350   600
	 7274 19595    -1  1350   590
	 7311 19670    -1  1350   590
	 7364 19723    -1  1350   590
	 7435 19734    -1  1380   580
	 7551 19804    -1  1390   570
	 7606 19847    -1  1400   560
	 7713 19880    -1  1410   560
	 7843 19911    -1  1430   550
	 7972 19930    -1  1440   540
	 8091 19943    -1  1450   540
	 8217 19943    -1  1450   540
	 8337 19944    -1  1460   530
	 8497 19932    -1  1470   520
	 8552 19925    -1  1480   530
	 8626 19909    -1  1480   530
	 8666 19820    -1  1500   520
	 8678 19862   317  1500   520
	 8660 19848   344  1520   530
	 8628 19829   352  1520   530
	 8582 19798   360  1530   530
	 8524 19756   310  1530   530
	 8453 19720   338  1520   530
	 8365 19686   363  1520   530
	 8262 19641   390  1510   530
	 8159 19595   420  1510   530
	 8037 19546   525  1500   540
	 7894 19483   542  1510   540
	 7729 19419   570  1510   540
	 7566 19350   588  1490   560
	 7384 19276   653  1480   570
	 7192 19226   687  1480   570
	 7023 19190   718  1470   580
	 6851 19146   730  1440   580
	 6705 19125   766  1430   590
	 6596 19109   769  1420   590
	 6509 19099   767  1410   600
	 6439 19109   738  1390   610
	 6383 19112   733  1380   600
	 6342 19128   729  1360   610
	 6313 19157   724  1350   620
	 6306 19179   718  1330   620
	 6324 19210   715  1350   630
	 6361 19254   708  1320   630
	 6428 19292   706  1320   630
	 6517 19339   700  1320   630
	 6636 19388   697  1320   630
	 6788 19445   691  1330   620
	 6977 19495   689  1350   630
	 7159 19532   690  1370   620
	 7367 19574   689  1380   610
	 7591 19606   681  1390   610
	 7803 19611   681  1390   610
	 8027 19621   671  1410   600
	 8197 19609   677  1440   600
	 8340 19605   674  1450   590
	 8467 19574   663  1450   590
	 8554 19546   661  1460   580
	 8610 19527   660  1490   580
	 8641 19500   660  1490   580
	 8653 19482   661  1500   570
	 8651 19450   663  1500   570
	 8632 19417   663  1500   570
	 8592 19370   663  1510   580
	 8533 19324   669  1510   580
	 8457 19288   671  1510   580
	 8361 19253   678  1500   580
	 8248 19212   684  1490   590
	 8124 19178   693  1470   590
	 7986 19148   713  1460   600
	 7821 19127   730  1480   600
	 7656 19098   755  1470   610
	 7482 19066   767  1460   620
	 7292 19033   744  1460   620
	 7110 19000   760  1430   620
	 6924 18952   767  1410   630
	 6723 18907   768  1410   630
	 6544 18869   768  1400   630
	 6364 18826   766  1380   640
	 6199 18791   767  1370   650
	 6057 18760   772  1370   650
	 5923 18731   768  1350   650
	 5800 18712   768  1320   650
	 5696 18699   770  1330   660
	 5622 18696   768  1330   660
	 5575 18698   770  1310   670
	 5552 18709   769  1310   670
	 5548 18712   767  1300   670
	 5557 18727   737  1300   670
	 5584 18742   727  1280   680
	 5626 18763   723  1280   680
	 5692 18795   724  1280   680
	 5785 18842   723  1280   680
	 5907 18888   725  1280   680
	 6034 18934   729  1280   680
	 6182 18982   733  1280   680
	 6346 19029   736  1280   680
	 6529 19068   755  1300   670
	 6722 19116   768  1300   670
	 6947 19161   770  1300   670
	 7169 19210   772  1310   670
	 7418 19269   772  1310   670
	 7680 19319   773  1310   670
	 7969 19368   772  1350   650
	 8235 19415   775  1370   650
	 8516 19449   773  1380   640
	 8802 19484   773  1380   640
	 9099 19516   772  1410   640
	 9334 19547   770  1430   630
	 9585 19575   769  1440   620
	 9794 19592   767  1470   620
	 9993 19607   744  1480   610
	10164 19621   737  1510   610
	10295 19625   724  1520   600
	10413 19638   704  1530   590
	10514 19643   681  1540   580
	10587 19654   656  1540   580
	10636 19660   570  1550   580
	10663 19670   385  1570   570
	10668 19675   344  1570   570
	10651 19691     0  1570   570
	10609 19704    -1  1570   570
	10539 19717    -1  1580   560
	10454 19722    -1  1580   560
	10359 19738    -1  1580   560
	10259 19753    -1  1570   560
	10148 19766    -1  1550   550
	10034 19783    -1  1560   550
	 9913 19798    -1  1560   550
	 9794 19816    -1  1560   550
	 9693 19770    -1  1580   550
	 9599 19848    -1  1580   540
	 9547 19863    -1  1570   540
	 9434 19880    -1  1570   540
	 9359 19831    -1  1570   540
	 9315 19847    -1  1560   530
	 9234 19928    -1  1560   510
	 9176 19944    -1  1550   500
	 9124 19959    -1  1550   500
	 9088 19898    -1  1540   490
	 9050 19912    -1  1550   480
	 9017 19915    -1  1530   470
	 8993 19916    -1  1520   460
	 8973 19914    -1  1520   450
	 8959 19912    -1  1500   440
	 8957 19911    -1  1500   440
	 8958 19894    -1  1470   430
	 8961 19947    -1  1470   420
	 8978 19929    -1  1470   420
	 8994 19911    -1  1470   420
	 9007 19801    -1  1470   420
	 9017 19781    -1  1470   420
	 9012 19770   807  1440   420
	 8993 19862   807  1430   430
	 8984 19867   771  1440   430
	 8978 19851   693  1440   440
	 8989 19851   664  1450   450
	 9000 19850   658  1460   460
	 9011 19849   645  1460   470
	 9023 19861   599  1460   480
	 9039 19877   462  1470   480
	 9068 19895   352  1470   490
	 9102 19910     0  1480   500
	 9131 19915    -1  1490   510
	 9154 19929    -1  1500   510
	 9173 19944    -1  1510   510
	 9191 19957    -1  1510   510
	 9211 19963    -1  1530   520
	 9232 19964    -1  1530   520
	 9252 19963    -1  1530   520
	 9274 19884    -1  1530   510
	 9300 19932    -1  1530   510
	 9320 19925    -1  1530   510
	 9346 19909    -1  1540   500
	 9360 19879    -1  1550   500
	 9370 19787   776  1550   500
	 9362 19877   816  1550   500
	 9349 19879   788  1550   500
	 9339 19879   784  1570   510
	 9342 19879   785  1570   510
	 9345 19877   786  1570   510
	 9345 19879   788  1560   510
	 9347 19879   799  1570   520
	 9347 19878   803  1570   520
	 9351 19879   803  1560   530
	 9353 19878   790  1580   530
	 9358 19868   786  1580   530
	 9363 19868   775  1570   540
	 9371 19866   702  1570   540
	 9381 19864   634  1570   540
	 9400 19865   344  1570   540
