ABCDE-012_345_678 1094
	 5599 11770    64  2900   530
	 5600 11785   218  2900   530
	 5610 11797   344  2900   530
	 5615 11803   367  2900   530
	 5620 11815   344  2900   530
	 5622 11829   405  2900   530
	 5627 11833   525  2900   530
	 5631 11835   574  2900   530
	 5633 11835   643  2900   530
	 5633 11835   674  2900   540
	 5633 11834   713  2900   540
	 5632 11830   766  2900   540
	 5632 11820   775  2900   540
	 5633 11804   780  2900   540
	 5629 11785   785  2900   540
	 5624 11752   788  2900   540
	 5622 11717   812  2900   540
	 5615 11671   815  2900   540
	 5607 11625   818  2900   540
	 5605 11577   819  2900   540
	 5598 11541   821  2900   540
	 5591 11496   821  2900   540
	 5585 11464   822  2900   540
	 5580 11434   821  2900   540
	 5576 11416   819  2910   550
	 5573 11399   815  2910   550
	 5566 11386   789  2910   550
	 5566 11383   778  2920   550
	 5563 11383   744  2920   550
	 5561 11382   683  2920   550
	 5559 11386   636  2920   550
	 5559 11399   536  2920   550
	 5558 11417   380  2920   550
	 5558 11446   269  2920   550
	 5556 11467   297  2940   550
	 5552 11496   160  2940   550
	 5550 11514     0  2940   550
	 5545 11542    -1  2940   550
	 5542 11558    -1  2940   550
	 5539 11574    -1  2930   540
	 5535 11580    -1  2930   540
	 5530 11595    -1  2930   540
	 5520 11609    -1  2920   540
	 5512 11622    -1  2920   540
	 5502 11638    -1  2920   540
	 5493 11654    -1  2920   540
	 5485 11660    -1  2920   540
	 5480 11674    75  2920   540
	 5476 11689   234  2920   540
	 5471 11703   275  2920   540
	 5471 11718   317  2920   540
	 5467 11735   352  2920   540
	 5467 11753   286  2920   540
	 5471 11769   338  2900   540
	 5471 11785   390  2900   540
	 5475 11800   528  2900   540
	 5477 11816   570  2900   540
	 5483 11832   625  2900   540
	 5489 11846   655  2910   550
	 5497 11851   680  2910   550
	 5498 11863   721  2910   550
	 5506 11863   772  2910   550
	 5515 11867   780  2910   550
	 5529 11881   785  2910   550
	 5539 11882   813  2910   550
	 5554 11893   818  2910   550
	 5571 11896   824  2910   550
	 5591 11897   831  2910   550
	 5610 11898   835  2910   550
	 5638 11897   838  2910   550
	 5661 11898   846  2910   550
	 5684 11893   856  2910   550
	 5707 11881   862  2910   550
	 5733 11867   874  2910   550
	 5751 11866   879  2910   550
	 5772 11861   879  2910   550
	 5793 11849   877  2910   550
	 5813 11845   877  2910   550
	 5825 11833   878  2910   550
	 5833 11829   878  2910   550
	 5836 11819   877  2910   550
	 5836 11816   874  2910   550
	 5833 11813   872  2910   550
	 5821 11798   871  2910   550
	 5809 11781   871  2910   550
	 5790 11755   870  2910   550
	 5766 11737   870  2910   550
	 5737 11718   870  2910   550
	 5712 11691   868  2910   550
	 5688 11675   858  2910   550
	 5661 11660   849  2910   550
	 5637 11653   846  2920   550
	 5614 11641   838  2920   550
	 5599 11637   826  2920   550
	 5584 11626   818  2920   550
	 5571 11624   789  2920   550
	 5561 11622   781  2920   550
	 5554 11621   768  2920   550
	 5549 11612   690  2920   550
	 5546 11621   634  2920   550
	 5549 11612   405  2920   550
	 5557 11623   317  2920   550
	 5566 11626    -1  2920   540
	 5583 11637    -1  2920   540
	 5602 11639    -1  2920   540
	 5624 11642    -1  2920   540
	 5643 11643    -1  2920   540
	 5659 11655    -1  2920   540
	 5678 11657    -1  2910   530
	 5693 11658    -1  2910   530
	 5707 11669    -1  2910   530
	 5719 11671    -1  2900   520
	 5730 11672    -1  2900   520
	 5742 11675    -1  2900   520
	 5747 11676    -1  2900   510
	 5754 11685    -1  2880   520
	 5757 11685    -1  2880   520
	 5765 11686    -1  2880   510
	 5766 11687    -1  2880   510
	 5770 11687    -1  2880   510
	 5775 11688    -1  2880   510
	 5779 11690    -1  2870   500
	 5781 11701    -1  2870   500
	 5787 11708    -1  2870   500
	 5790 11723    -1  2860   500
	 5795 11738    -1  2860   500
	 5800 11755    -1  2860   500
	 5806 11772    -1  2860   500
	 5816 11797    -1  2860   500
	 5822 11816    -1  2860   500
	 5831 11833    -1  2860   500
	 5838 11848    -1  2860   510
	 5844 11862    -1  2860   510
	 5851 11877    -1  2860   510
	 5855 11882    35  2870   520
	 5864 11883   352  2870   520
	 5875 11883   302  2870   520
	 5886 11882   350  2870   520
	 5892 11881   437  2880   530
	 5897 11880   547  2880   530
	 5902 11867   574  2880   530
	 5902 11861   623  2880   530
	 5902 11845   648  2880   540
	 5895 11818   660  2900   530
	 5886 11797   674  2900   530
	 5873 11756   683  2900   530
	 5862 11720   687  2900   540
	 5847 11675   691  2900   540
	 5829 11638   700  2900   540
	 5813 11594   702  2900   540
	 5800 11561   709  2900   540
	 5782 11528   714  2900   540
	 5767 11494   714  2900   540
	 5750 11464   723  2900   540
	 5740 11435   724  2900   540
	 5733 11429   724  2900   540
	 5725 11416   724  2900   540
	 5724 11413   725  2900   540
	 5721 11415   725  2900   540
	 5720 11416   722  2900   540
	 5723 11416   718  2910   550
	 5725 11420   723  2910   550
	 5730 11435   722  2910   550
	 5741 11462   717  2910   550
	 5752 11483   717  2910   550
	 5764 11514   718  2910   550
	 5782 11544   717  2910   550
	 5796 11580   721  2910   550
	 5812 11621   723  2910   550
	 5831 11657   723  2910   550
	 5849 11691   729  2900   540
	 5869 11733   750  2900   540
	 5892 11766   766  2900   540
	 5913 11798   767  2900   540
	 5939 11829   770  2900   540
	 5964 11846   770  2900   540
	 5984 11862   773  2900   540
	 6006 11867   777  2900   540
	 6023 11878   779  2900   540
	 6040 11881   782  2900   540
	 6051 11881   787  2890   550
	 6060 11879   812  2890   550
	 6067 11868   815  2890   550
	 6075 11864   815  2890   550
	 6079 11851   817  2890   550
	 6079 11833   817  2890   550
	 6077 11804   817  2890   550
	 6072 11771   817  2890   550
	 6062 11738   817  2890   550
	 6055 11707   817  2890   550
	 6042 11685   817  2890   550
	 6024 11640   817  2890   550
	 6006 11607   818  2890   550
	 5993 11575   816  2890   550
	 5976 11546   815  2890   550
	 5963 11528   813  2890   550
	 5946 11510   799  2890   550
	 5932 11493   786  2890   550
	 5927 11477   780  2900   550
	 5919 11463   772  2890   550
	 5914 11462   715  2900   550
	 5909 11452   674  2900   550
	 5911 11461   639  2900   550
	 5916 11461   547  2900   550
	 5922 11462   338  2890   550
	 5932 11466   286  2890   550
	 5946 11468     0  2890   550
	 5964 11481    -1  2890   550
	 5982 11484    -1  2890   550
	 6002 11500    -1  2890   550
	 6023 11513    -1  2890   550
	 6045 11529    -1  2890   550
	 6065 11546    -1  2890   550
	 6083 11573    -1  2890   550
	 6103 11596    -1  2890   550
	 6121 11626    -1  2890   550
	 6137 11659    -1  2890   550
	 6152 11691    -1  2890   550
	 6170 11722    -1  2890   550
	 6181 11753    -1  2890   550
	 6190 11781    -1  2890   550
	 6198 11799    -1  2890   550
	 6202 11815    -1  2870   550
	 6207 11831    -1  2870   550
	 6213 11835    -1  2870   550
	 6215 11836   249  2870   550
	 6223 11832   317  2870   550
	 6233 11820   350  2870   550
	 6241 11814   405  2870   550
	 6248 11802   577  2870   540
	 6249 11785   632  2870   540
	 6253 11770   643  2870   540
	 6255 11752   653  2870   540
	 6248 11718   668  2870   540
	 6246 11676   677  2870   540
	 6236 11627   684  2870   540
	 6222 11577   696  2870   540
	 6207 11525   705  2870   540
	 6184 11463   717  2870   540
	 6159 11404   727  2870   540
	 6136 11356   731  2880   540
	 6105 11317   738  2880   540
	 6069 11260   766  2890   550
	 6035 11225   766  2890   550
	 5997 11194   766  2890   550
	 5962 11174   760  2890   550
	 5917 11157   760  2900   540
	 5867 11141   755  2900   540
	 5821 11129   755  2900   540
	 5780 11129   750  2900   540
	 5744 11132   744  2920   540
	 5703 11145   760  2920   540
	 5663 11161   738  2920   540
	 5622 11190   737  2920   550
	 5582 11212   738  2920   550
	 5549 11243   738  2920   550
	 5522 11285   744  2940   550
	 5500 11317   760  2940   550
	 5489 11350   755  2940   550
	 5483 11371   768  2940   550
	 5491 11399   774  2940   550
	 5496 11418   785  2940   550
	 5515 11432   820  2940   550
	 5542 11450   830  2940   550
	 5583 11466   842  2920   550
	 5618 11484   886  2920   550
	 5662 11499   897  2920   550
	 5718 11513   904  2920   550
	 5783 11516   906  2920   550
	 5849 11541   913  2920   550
	 5925 11541   915  2920   550
	 6005 11547   919  2910   550
	 6069 11560   934  2910   550
	 6132 11573   939  2910   550
	 6192 11577   939  2910   550
	 6241 11589   943  2910   550
	 6280 11591   945  2910   550
	 6305 11593   945  2910   550
	 6319 11592   945  2900   540
	 6325 11592   941  2890   550
	 6326 11593   928  2890   550
	 6324 11593   901  2890   550
	 6321 11593   874  2890   550
	 6308 11591   841  2890   550
	 6289 11593   820  2890   550
	 6259 11591   781  2890   550
	 6228 11591   706  2890   550
	 6190 11580   613  2890   550
	 6152 11578   278  2890   550
	 6111 11576     0  2900   540
	 6079 11561    -1  2900   540
	 6050 11532    -1  2900   540
	 6028 11510    -1  2900   540
	 6013 11479    -1  2900   540
	 5982 11448    -1  2900   540
	 5968 11446    -1  2910   530
	 5959 11401    -1  2900   510
	 5942 11404    -1  2900   510
	 5912 11402    -1  2910   490
	 5895 11385    -1  2900   480
	 5877 11415    -1  2910   480
	 5863 11419    -1  2910   480
	 5852 11431    -1  2890   430
	 5844 11446    -1  2890   420
	 5840 11448    -1  2880   410
	 5852 11462    -1  2870   390
	 5865 11466    -1  2890   380
	 5873 11477    -1  2890   380
	 5891 11479    -1  2860   340
	 5907 11482    -1  2850   320
	 5931 11484    -1  2840   290
	 5950 11499    -1  2840   290
	 5981 11511    -1  2840   290
	 6000 11511    -1  2840   290
	 6024 11512    -1  2840   290
	 6054 11513    -1  2840   290
	 6080 11514    -1  2850   310
	 6106 11513    -1  2850   320
	 6138 11513    -1  2870   340
	 6168 11512    -1  2880   360
	 6200 11500    -1  2880   380
	 6228 11495    -1  2890   380
	 6264 11495    -1  2900   400
	 6298 11494    -1  2910   410
	 6330 11484    -1  2910   430
	 6362 11482    -1  2920   450
	 6399 11479    -1  2940   460
	 6447 11481    -1  2950   470
	 6490 11479    -1  2960   490
	 6535 11480    -1  2970   500
	 6575 11479    -1  2960   490
	 6615 11478    -1  2950   480
	 6650 11479    -1  2940   460
	 6680 11479    -1  2930   460
	 6703 11482    -1  2920   450
	 6725 11493    -1  2920   440
	 6737 11494    -1  2890   420
	 6743 11499    -1  2890   420
	 6744 11512    -1  2890   420
	 6742 11516    -1  2890   420
	 6732 11528    -1  2880   400
	 6720 11543    -1  2880   400
	 6703 11557    -1  2880   400
	 6683 11564    -1  2870   400
	 6711 11548    -1  2870   400
	 6694 11608    -1  2870   400
	 6620 11594    -1  2870   410
	 6658 11608    -1  2870   420
	 6641 11621    -1  2870   430
	 6628 11625    -1  2880   440
	 6610 11626    -1  2890   440
	 6597 11628    -1  2880   450
	 6582 11638    -1  2880   460
	 6567 11641    -1  2890   460
	 6554 11641    -1  2890   470
	 6535 11641    -1  2890   470
	 6518 11643    -1  2890   480
	 6507 11654    -1  2890   480
	 6413 11675    -1  2900   500
	 6481 11658    -1  2900   500
	 6469 11659    -1  2900   500
	 6465 11660    -1  2910   510
	 6458 11659    -1  2910   510
	 6455 11658    -1  2910   510
	 6455 11657    -1  2910   510
	 6458 11656    -1  2910   510
	 6459 11655    -1  2910   510
	 6455 11654    -1  2910   510
	 6459 11655    -1  2920   520
	 6458 11656    -1  2920   520
	 6458 11676    -1  2920   520
	 6456 11658    -1  2920   520
	 6458 11659    -1  2920   520
	 6458 11658    -1  2920   520
	 6454 11657    -1  2920   520
	 6457 11656    -1  2920   520
	 6452 11654    -1  2920   520
	 6453 11643    -1  2920   520
	 6453 11640    -1  2920   520
	 6448 11628    -1  2920   520
	 6448 11625    -1  2920   520
	 6378 11612    -1  2920   530
	 6442 11607    -1  2920   530
	 6443 11595    -1  2920   530
	 6440 11592    -1  2920   530
	 6440 11589    -1  2920   530
	 6442 11578    -1  2920   530
	 6439 11575    -1  2920   530
	 6438 11563    -1  2920   530
	 6438 11561    -1  2920   530
	 6435 11558    -1  2920   530
	 6435 11546    -1  2920   530
	 6434 11546    -1  2920   530
	 6431 11543    -1  2920   530
	 6431 11542    -1  2940   530
	 6428 11542    -1  2940   530
	 6429 11532    -1  2940   530
	 6428 11532    -1  2940   530
	 6429 11531    -1  2940   530
	 6431 11531    -1  2940   530
	 6432 11530    -1  2940   530
	 6435 11530    -1  2940   530
	 6438 11531    -1  2940   530
	 6440 11531    -1  2940   530
	 6447 11541    -1  2940   530
	 6450 11541    -1  2940   530
	 6451 11545    -1  2940   530
	 6454 11548    -1  2940   530
	 6460 11558    -1  2940   530
	 6460 11562    -1  2940   530
	 6465 11575    -1  2940   530
	 6467 11579    -1  2940   530
	 6467 11622    -1  2940   530
	 6464 11607    -1  2940   530
	 6464 11621    -1  2940   530
	 6463 11656    -1  2940   530
	 6391 11642    -1  2940   530
	 6455 11656     0  2940   530
	 6458 11656   338  2940   530
	 6464 11656   415  2940   530
	 6464 11656   562  2930   540
	 6465 11656   656  2930   540
	 6463 11657   693  2930   540
	 6463 11656   724  2930   540
	 6462 11655   767  2930   540
	 6463 11655   775  2930   540
	 6457 11653   781  2930   540
	 6456 11643   788  2930   540
	 6452 11641   812  2930   540
	 6445 11628   817  2930   540
	 6439 11612   821  2930   540
	 6435 11605   825  2940   550
	 6430 11593   825  2940   550
	 6424 11578   826  2940   550
	 6417 11560   825  2940   550
	 6413 11544   824  2940   550
	 6406 11528   821  2940   550
	 6404 11515   815  2940   550
	 6404 11513   785  2940   550
	 6404 11510   770  2940   550
	 6404 11509   684  2940   550
	 6404 11511   581  2940   550
	 6409 11513   338  2940   550
	 6418 11527   262  2940   550
	 6427 11543    -1  2940   550
	 6441 11563    -1  2940   550
	 6455 11593    -1  2940   550
	 6464 11625    -1  2940   550
	 6473 11657    -1  2940   550
	 6479 11688    -1  2940   550
	 6485 11723    -1  2940   550
	 6488 11753    -1  2940   550
	 6486 11783    -1  2930   540
	 6487 11801    -1  2930   540
	 6486 11817    -1  2930   540
	 6482 11833    -1  2930   540
	 6481 11836    -1  2930   540
	 6481 11846   182  2930   540
	 6483 11833   385  2930   540
	 6491 11820   401  2930   540
	 6497 11815   446  2930   540
	 6500 11802   542  2930   540
	 6503 11800   555  2930   540
	 6503 11799   555  2930   540
	 6501 11787   547  2930   540
	 6503 11787   531  2930   540
	 6499 11785   405  2930   540
	 6497 11784   324  2930   540
	 6494 11783   336  2930   540
	 6493 11781   218  2930   540
	 6491 11769     0  2930   540
	 6496 11765    -1  2930   540
	 6498 11752    -1  2930   540
	 6503 11740    -1  2930   540
	 6510 11734    -1  2930   540
	 6516 11723    -1  2930   540
	 6523 11720    -1  2930   540
	 6529 11718    -1  2930   540
	 6533 11717    -1  2930   540
	 6540 11720    -1  2920   540
	 6545 11723    -1  2910   530
	 6551 11734    -1  2910   530
	 6561 11738    -1  2910   530
	 6566 11749    -1  2910   530
	 6571 11752    -1  2910   530
	 6575 11754    -1  2910   530
	 6578 11765    -1  2910   530
	 6579 11756    -1  2910   530
	 6583 11756    -1  2910   530
	 6585 11755    -1  2910   530
	 6587 11750   286  2910   530
	 6594 11737   360  2910   530
	 6598 11722   331  2910   530
	 6600 11706   401  2910   530
	 6601 11690   533  2910   530
	 6598 11671   572  2910   530
	 6598 11655   634  2920   540
	 6590 11627   639  2920   540
	 6581 11610   648  2920   540
	 6574 11589   660  2920   540
	 6565 11563   668  2930   540
	 6558 11547   672  2930   540
	 6548 11530   678  2930   540
	 6542 11515   684  2930   540
	 6537 11511   689  2930   540
	 6534 11509   690  2930   540
	 6534 11509   693  2930   540
	 6532 11500   697  2940   550
	 6534 11509   702  2940   550
	 6532 11510   706  2920   550
	 6534 11512   713  2920   550
	 6536 11516   715  2920   550
	 6542 11527   717  2920   550
	 6552 11544   721  2920   550
	 6558 11561   723  2920   550
	 6569 11580   723  2920   550
	 6579 11596   725  2920   550
	 6589 11611   733  2920   550
	 6599 11625   760  2920   550
	 6610 11638   768  2920   550
	 6624 11654   768  2920   550
	 6638 11658   769  2920   550
	 6650 11660   773  2920   540
	 6665 11670   776  2920   540
	 6681 11673   776  2920   540
	 6695 11674   778  2920   540
	 6707 11674   781  2920   540
	 6714 11674   785  2920   540
	 6720 11673   788  2920   540
	 6722 11673   799  2920   540
	 6727 11670   812  2920   540
	 6727 11669   815  2920   540
	 6728 11669   815  2920   540
	 6727 11660   815  2920   540
	 6725 11656   815  2920   540
	 6725 11643   815  2920   540
	 6722 11626   815  2920   540
	 6715 11609   815  2920   540
	 6709 11592   815  2920   540
	 6707 11577   815  2920   540
	 6704 11561   815  2920   540
	 6700 11546   814  2920   540
	 6694 11530   814  2900   540
	 6689 11526   807  2900   540
	 6688 11515   788  2900   540
	 6686 11515   782  2900   540
	 6687 11514   775  2900   540
	 6687 11514   737  2900   540
	 6687 11516   697  2900   540
	 6688 11515   655  2900   540
	 6690 11526   560  2900   540
	 6695 11529   368  2900   540
	 6701 11531   327  2900   540
	 6711 11542   108  2900   540
	 6723 11544    -1  2900   540
	 6732 11545    -1  2900   540
	 6746 11546    -1  2900   540
	 6759 11547    -1  2900   530
	 6773 11557    -1  2900   530
	 6786 11558    -1  2900   530
	 6799 11560    -1  2900   530
	 6813 11562    -1  2900   530
	 6830 11564    -1  2890   520
	 6847 11574    -1  2890   520
	 6864 11579    -1  2890   520
	 6882 11593    -1  2890   520
	 6899 11606    -1  2890   520
	 6914 11612    -1  2880   520
	 6937 11626    -1  2880   520
	 6953 11640    -1  2880   520
	 6964 11655    -1  2880   520
	 6977 11659    -1  2880   520
	 6983 11671   249  2880   520
	 6988 11674   308  2880   520
	 6990 11685   336  2880   520
	 6987 11687   269  2880   520
	 6986 11690   338  2890   520
	 6981 11701   368  2890   520
	 6970 11702   401  2890   520
	 6959 11705   480  2890   520
	 6943 11705   536  2890   520
	 6926 11706   557  2900   530
	 6907 11706   592  2900   530
	 6887 11706   632  2900   530
	 6871 11702   641  2900   530
	 6858 11691   658  2900   530
	 6842 11689   675  2900   530
	 6825 11675   696  2900   530
	 6810 11671   708  2900   530
	 6801 11657   731  2900   530
	 6791 11643   768  2900   530
	 6786 11626   772  2900   530
	 6778 11611   776  2900   540
	 6776 11594   778  2900   540
	 6775 11577   781  2900   540
	 6775 11564   783  2900   540
	 6778 11558   784  2900   540
	 6782 11544   786  2900   540
	 6788 11532   786  2900   540
	 6796 11531   786  2900   540
	 6803 11529   785  2900   540
	 6813 11528   782  2900   540
	 6825 11529   777  2900   540
	 6839 11529   772  2900   540
	 6853 11542   738  2900   540
	 6870 11548   696  2900   540
	 6886 11564   669  2900   540
	 6900 11579   643  2900   540
	 6916 11607   560  2900   530
	 6935 11628   405  2900   530
	 6949 11659   367  2900   530
	 6964 11690   297  2900   530
	 6977 11721   218  2900   530
	 6982 11753   108  2900   530
	 6989 11786     0  2900   530
	 6997 11817    -1  2880   540
	 7000 11848    -1  2880   540
	 7000 11879    -1  2880   540
	 6997 11899    -1  2880   540
	 6994 11915    -1  2880   540
	 6992 11931    64  2880   530
	 6991 11932   249  2880   530
	 6992 11932   336  2880   530
	 6994 11930   278  2880   530
	 6997 11925   380  2880   530
	 6998 11913   533  2880   530
	 7001 11910   590  2880   530
	 7004 11897   645  2880   530
	 7006 11884   664  2880   530
	 7005 11868   678  2880   530
	 7005 11851   691  2880   530
	 6997 11831   700  2880   530
	 6999 11804   708  2880   530
	 6998 11783   715  2880   540
	 6991 11756   718  2880   540
	 6992 11737   733  2880   540
	 6985 11708   760  2880   540
	 6983 11690   770  2880   540
	 6976 11674   774  2880   540
	 6980 11659   775  2880   540
	 6980 11653   773  2880   540
	 6980 11641   774  2880   540
	 6983 11637   775  2880   540
	 6988 11628   776  2880   540
	 6994 11625   776  2880   540
	 6999 11622   777  2880   540
	 7010 11611   777  2880   540
	 7019 11607   777  2880   540
	 7031 11608   777  2900   540
	 7042 11608   777  2900   540
	 7057 11608   777  2900   540
	 7070 11609   778  2900   540
	 7080 11611   777  2900   540
	 7097 11622   777  2900   540
	 7108 11627   776  2900   540
	 7123 11641   776  2900   540
	 7134 11653   775  2900   540
	 7145 11659   774  2900   540
	 7152 11672   773  2900   540
	 7159 11676   772  2900   540
	 7164 11689   770  2900   540
	 7166 11692   770  2900   540
	 7168 11704   769  2900   540
	 7171 11708   769  2900   540
	 7164 11719   768  2900   540
	 7161 11723   768  2900   540
	 7156 11734   767  2900   540
	 7151 11737   766  2900   540
	 7142 11738   755  2900   540
	 7134 11749   744  2900   540
	 7130 11750   738  2900   540
	 7122 11751   737  2900   540
	 7114 11751   738  2900   540
	 7104 11750   738  2900   540
	 7096 11750   750  2900   540
	 7088 11738   760  2900   540
	 7081 11735   766  2900   540
	 7077 11724   768  2900   540
	 7074 11708   770  2900   540
	 7069 11692   770  2900   540
	 7065 11676   773  2900   540
	 7065 11660   775  2900   540
	 7069 11644   775  2900   540
	 7072 11627   775  2900   540
	 7073 11609   776  2900   540
	 7074 11594   777  2900   540
	 7081 11590   777  2890   550
	 7089 11579   777  2890   550
	 7096 11579   777  2890   550
	 7105 11576   776  2890   550
	 7114 11577   774  2890   550
	 7120 11578   772  2890   550
	 7134 11589   771  2890   550
	 7143 11592   770  2890   550
	 7157 11605   768  2890   550
	 7168 11611   766  2890   550
	 7182 11627   755  2890   550
	 7195 11644   738  2890   550
	 7206 11669   738  2890   550
	 7214 11685   736  2890   550
	 7225 11692   733  2890   550
	 7236 11707   734  2880   540
	 7243 11717   736  2880   540
	 7250 11720   737  2900   530
	 7256 11720   738  2900   530
	 7259 11719   766  2900   530
	 7264 11717   768  2900   530
	 7269 11706   769  2900   530
	 7272 11702   769  2900   530
	 7276 11690   769  2900   530
	 7278 11674   768  2900   530
	 7281 11659   768  2900   530
	 7281 11643   768  2900   530
	 7281 11626   767  2900   530
	 7277 11607   767  2900   530
	 7277 11592   767  2900   530
	 7275 11578   767  2880   540
	 7272 11575   767  2880   540
	 7272 11564   767  2880   540
	 7272 11563   766  2880   540
	 7272 11562   766  2880   540
	 7274 11563   766  2880   540
	 7274 11573   767  2880   540
	 7276 11575   767  2880   540
	 7279 11577   767  2880   540
	 7285 11589   767  2880   540
	 7293 11595   767  2880   540
	 7300 11607   767  2880   540
	 7311 11623   766  2880   540
	 7323 11640   755  2880   540
	 7336 11654   755  2880   540
	 7347 11672   755  2880   540
	 7359 11685   760  2880   540
	 7368 11690   760  2880   540
	 7380 11691   766  2880   540
	 7388 11702   767  2880   540
	 7390 11704   769  2880   540
	 7396 11704   770  2880   540
	 7403 11703   773  2900   530
	 7404 11702   776  2900   530
	 7404 11692   777  2900   530
	 7405 11692   778  2900   530
	 7409 11688   779  2900   530
	 7410 11686   779  2880   540
	 7412 11674   780  2880   540
	 7413 11669   780  2880   540
	 7414 11655   782  2880   540
	 7416 11642   783  2880   540
	 7420 11639   786  2880   540
	 7421 11626   790  2880   540
	 7429 11611   807  2880   540
	 7436 11607   816  2880   540
	 7441 11591   818  2880   540
	 7451 11579   822  2880   540
	 7455 11574   824  2880   540
	 7465 11563   825  2880   540
	 7473 11563   825  2880   540
	 7485 11558   827  2880   540
	 7495 11558   825  2880   540
	 7507 11558   822  2880   540
	 7518 11558   819  2880   540
	 7529 11561   799  2880   540
	 7545 11573   781  2880   540
	 7559 11577   773  2880   540
	 7574 11591   714  2880   530
	 7583 11607   653  2880   530
	 7595 11625   454  2860   530
	 7605 11644   344  2880   530
	 7611 11670     0  2880   530
	 7621 11686    -1  2880   530
	 7630 11702    -1  2880   530
	 7641 11718    -1  2880   530
	 7649 11733    -1  2870   520
	 7655 11750    -1  2860   520
	 7665 11765    -1  2850   510
	 7676 11788    -1  2850   510
	 7686 11801    -1  2850   510
	 7656 11817    -1  2850   500
	 7710 11834    -1  2830   500
	 7685 11834    -1  2830   490
	 7742 11848    -1  2830   480
	 7756 11845    -1  2810   480
	 7780 11834    -1  2810   470
	 7802 11830    -1  2800   470
	 7831 11814    -1  2800   470
	 7848 11799    -1  2790   450
	 7896 11782    -1  2780   440
	 7921 11756    -1  2770   440
	 7965 11734    -1  2760   420
	 8002 11703    -1  2760   410
	 8033 11674    -1  2760   410
	 8065 11641    -1  2760   410
	 8087 11610    -1  2760   420
	 8111 11578    -1  2770   430
	 8131 11547    -1  2780   440
	 8148 11516    -1  2780   450
	 8150 11496    -1  2790   460
	 8184 11462    -1  2800   470
	 8182 11435    -1  2810   480
	 8168 11419    -1  2830   490
	 8145 11418    -1  2830   490
	 8099 11447    -1  2860   520
	 8091 11447    -1  2860   520
	 8061 11494    -1  2870   520
	 8028 11494    -1  2880   520
	 7992 11511    -1  2930   580
	 7960 11529    -1  2960   580
	 7930 11548    -1  2950   580
	 7902 11573    -1  2940   570
	 7875 11590    -1  2930   560
	 7847 11607    -1  2920   550
	 7821 11623    -1  2920   540
	 7801 11639    -1  2920   540
	 7752 11653    -1  2910   530
	 7763 11659    -1  2900   520
	 7747 11672    -1  2900   510
	 7735 11675    -1  2900   510
	 7725 11685    -1  2890   500
	 7715 11676    -1  2870   500
	 7710 11686    -1  2870   500
	 7707 11702    -1  2870   490
	 7706 11676    -1  2870   490
	 7706 11685    -1  2870   490
	 7702 11685    -1  2870   500
	 7705 11688    -1  2870   500
	 7702 11690    -1  2870   500
	 7701 11691    -1  2870   500
	 7703 11702    -1  2870   500
	 7699 11704    -1  2870   500
	 7699 11707    -1  2870   500
	 7699 11718    -1  2880   510
	 7697 11720    -1  2880   510
	 7694 11722    -1  2880   510
	 7694 11722    -1  2880   510
	 7696 11722    -1  2880   510
	 7691 11720    -1  2860   510
	 7694 11719    -1  2860   510
	 7649 11708    -1  2860   510
	 7695 11706    -1  2880   510
	 7694 11704    -1  2880   510
	 7694 11692    -1  2880   510
	 7692 11692    -1  2880   510
	 7692 11691    -1  2880   510
	 7694 11691    -1  2880   510
	 7693 11701    -1  2880   510
	 7691 11704    -1  2880   520
	 7691 11707    -1  2880   520
	 7687 11717    -1  2880   520
	 7687 11722    -1  2880   520
	 7684 11734    -1  2880   520
	 7681 11740    -1  2880   520
	 7677 11751    -1  2880   520
	 7679 11756    -1  2880   520
	 7674 11770    -1  2880   520
	 7671 11783    -1  2880   520
	 7668 11797    -1  2880   520
	 7668 11802    -1  2870   520
	 7665 11817    -1  2870   520
	 7662 11833    -1  2870   520
	 7658 11850    -1  2870   520
	 7657 11864    -1  2870   520
	 7653 11883    -1  2870   520
	 7652 11900    -1  2870   520
	 7648 11928    -1  2880   530
	 7643 11946    -1  2880   530
	 7589 11963    -1  2880   530
	 7639 11979     0  2880   530
	 7640 11990   297  2880   530
	 7640 11992   344  2880   530
	 7638 11994   310  2880   540
	 7642 11994   401  2880   540
	 7640 11992   539  2880   540
	 7642 11980   574  2880   540
	 7644 11976   634  2880   540
	 7643 11959   650  2900   530
	 7641 11928   655  2900   540
	 7639 11897   668  2900   540
	 7634 11851   680  2900   540
	 7633 11816   690  2900   540
	 7627 11772   697  2900   540
	 7623 11754   702  2900   540
	 7618 11703   706  2900   540
	 7613 11671   710  2900   540
	 7607 11640   715  2900   540
	 7604 11612   718  2900   540
	 7601 11596   721  2900   540
	 7600 11591   723  2900   540
	 7598 11579   721  2900   540
	 7598 11579   715  2900   540
	 7597 11580   708  2910   550
	 7598 11589   705  2910   550
	 7595 11592   702  2910   550
	 7600 11593   700  2910   550
	 7603 11608   700  2910   550
	 7609 11623   704  2910   550
	 7613 11640   706  2910   550
	 7624 11657   714  2910   550
	 7632 11674   723  2910   550
	 7645 11689   730  2910   550
	 7658 11705   736  2910   550
	 7672 11721   738  2910   550
	 7691 11735   766  2910   550
	 7711 11740   768  2910   550
	 7729 11751   773  2900   540
	 7748 11753   775  2900   540
	 7772 11753   777  2900   540
	 7792 11755   782  2900   540
	 7812 11753   783  2900   540
	 7829 11749   785  2900   540
	 7846 11738   788  2900   540
	 7857 11734   790  2900   540
	 7866 11720   803  2900   540
	 7875 11708   812  2900   540
	 7878 11702   812  2900   540
	 7880 11689   812  2900   540
	 7878 11676   812  2900   540
	 7874 11671   812  2900   540
	 7870 11658   807  2900   540
	 7862 11653   803  2900   540
	 7851 11639   803  2900   540
	 7836 11626   794  2900   540
	 7821 11621   794  2900   540
	 7806 11607   790  2900   540
	 7789 11596   790  2900   540
	 7772 11592   790  2900   540
	 7757 11591   788  2900   540
	 7743 11589   786  2900   540
	 7730 11578   784  2900   540
	 7715 11577   782  2900   540
	 7707 11577   777  2900   540
	 7696 11579   774  2900   540
	 7687 11590   767  2900   540
	 7680 11592   710  2900   540
	 7675 11605   669  2900   540
	 7675 11609   632  2900   540
	 7676 11623   525  2900   540
	 7677 11638   294  2900   540
	 7683 11653   136  2900   540
	 7691 11659    -1  2900   540
	 7705 11672    -1  2900   540
	 7721 11675    -1  2900   540
	 7739 11686    -1  2900   540
	 7753 11690    -1  2900   540
	 7767 11692    -1  2900   540
	 7788 11704    -1  2900   530
	 7801 11705    -1  2900   530
	 7820 11707    -1  2900   530
	 7837 11717    -1  2890   520
	 7848 11717    -1  2890   520
	 7860 11717    -1  2890   520
	 7866 11717    -1  2870   520
	 7878 11708    -1  2870   520
	 7883 11707    -1  2870   520
	 7887 11706    -1  2860   510
	 7891 11705    -1  2860   510
	 7893 11704    -1  2860   510
	 7895 11702    -1  2860   510
	 7897 11692    -1  2860   500
	 7895 11692    -1  2860   500
	 7896 11692    -1  2860   500
	 7894 11691    -1  2860   500
	 7894 11690    -1  2860   510
	 7892 11690    -1  2860   510
	 7889 11689    -1  2860   510
	 7884 11688    -1  2860   510
	 7884 11686    -1  2860   510
	 7882 11686    -1  2870   520
	 7882 11676   249  2870   520
	 7886 11672   352  2870   520
	 7893 11669   367  2880   530
	 7896 11657   350  2890   520
	 7904 11656   446  2890   520
	 7907 11653   547  2890   520
	 7914 11643   601  2900   530
	 7920 11643   645  2900   530
	 7927 11641   661  2900   530
	 7936 11642   678  2900   530
	 7947 11643   697  2900   530
	 7964 11643   713  2900   530
	 7982 11653   721  2900   530
	 8001 11656   729  2900   540
	 8022 11659   736  2900   540
	 8042 11670   766  2900   540
	 8060 11675   769  2900   540
	 8073 11687   770  2900   540
	 8090 11702   772  2900   540
	 8101 11705   772  2900   540
	 8112 11720   773  2900   540
	 8117 11724   772  2900   540
	 8122 11735   772  2900   540
	 8123 11749   772  2900   540
	 8127 11753   771  2910   550
	 8123 11756   770  2910   550
	 8118 11767   768  2910   550
	 8115 11770   767  2910   550
	 8109 11770   760  2910   550
	 8098 11772   744  2910   550
	 8087 11781   744  2910   550
	 8073 11781   750  2910   550
	 8055 11771   760  2910   550
	 8042 11770   755  2910   550
	 8030 11769   744  2900   550
	 8019 11769   760  2900   550
	 8011 11768   766  2900   550
	 8005 11765   767  2900   550
	 7997 11753   772  2890   550
	 7989 11750   776  2890   550
	 7986 11737   781  2890   550
	 7982 11724   785  2890   550
	 7980 11718   812  2890   550
	 7982 11706   820  2900   540
	 7983 11702   827  2900   540
	 7990 11687   831  2890   550
	 8000 11674   839  2890   550
	 8010 11669   844  2890   550
	 8022 11656   864  2890   550
	 8030 11653   875  2890   550
	 8041 11643   886  2890   550
	 8050 11642   895  2890   550
	 8064 11642   907  2890   550
	 8080 11641   902  2890   550
	 8101 11642   897  2890   550
	 8116 11643   895  2890   550
	 8133 11653   893  2890   550
	 8147 11655   890  2890   550
	 8159 11657   882  2900   550
	 8177 11660   875  2900   550
	 8189 11673   862  2900   550
	 8205 11687   835  2900   550
	 8218 11692   824  2900   550
	 8229 11706   790  2900   550
	 8234 11708   776  2900   550
	 8243 11723   737  2900   550
	 8253 11736   684  2900   550
	 8260 11750   638  2900   550
	 8268 11755   500  2900   550
	 8274 11767   269  2890   550
	 8278 11771   262  2890   550
	 8286 11781    64  2890   550
	 8293 11782    -1  2890   550
	 8299 11782    -1  2890   550
	 8303 11783    -1  2890   550
	 8309 11771    -1  2890   550
	 8311 11769    -1  2890   550
	 8318 11765    -1  2890   550
	 8325 11750    -1  2890   550
	 8327 11735    -1  2870   550
	 8330 11720    -1  2870   550
	 8335 11707    -1  2870   550
	 8338 11702    -1  2870   550
	 8338 11689    -1  2870   550
	 8339 11685     0  2870   550
	 8344 11671   218  2870   550
	 8348 11658   275  2870   550
	 8350 11655   317  2870   550
	 8348 11644   360  2870   550
	 8348 11644   294  2870   550
	 8346 11644   338  2870   550
	 8345 11654   363  2870   550
	 8345 11656   401  2890   550
	 8341 11657   454  2890   550
	 8336 11669   536  2890   550
	 8332 11673   565  2890   550
	 8327 11685   609  2890   550
	 8321 11701   645  2890   550
	 8319 11718   660  2890   550
	 8318 11723   671  2890   550
	 8317 11740   696  2890   550
	 8318 11755   729  2890   550
	 8321 11767   772  2890   550
	 8322 11772   784  2890   550
	 8327 11783   818  2890   550
	 8334 11797   829  2890   550
	 8345 11803   839  2890   550
	 8355 11815   867  2890   550
	 8364 11819   872  2890   550
	 8379 11830   874  2890   550
	 8395 11831   877  2890   550
	 8407 11833   879  2890   550
	 8417 11834   881  2890   550
	 8432 11836   881  2890   550
	 8447 11845   880  2890   550
	 8462 11846   878  2890   550
	 8471 11845   877  2890   550
	 8480 11846   874  2890   550
	 8483 11846   868  2890   550
	 8491 11846   845  2890   550
	 8495 11848   831  2890   550
	 8501 11846   814  2890   550
	 8503 11846   777  2890   550
	 8505 11846   713  2890   550
	 8506 11846   643  2890   550
	 8510 11845   401  2890   550
	 8514 11834   286  2890   550
