ABCDE-012_345_678 1080
	 7433 16922   182  1270   550
	 7431 16968   324  1270   550
	 7433 16998   338  1270   550
	 7428 17016   324  1290   560
	 7427 17029   324  1300   550
	 7425 17030   331  1300   550
	 7420 17031   331  1300   550
	 7419 17018   331  1290   560
	 7410 17000   331  1300   560
	 7396 16966   331  1300   560
	 7386 16908   331  1300   560
	 7360 16841   338  1300   560
	 7335 16747   338  1300   560
	 7316 16648   344  1300   560
	 7293 16534   357  1300   560
	 7268 16408   363  1280   570
	 7245 16261   368  1280   570
	 7215 16106   368  1280   570
	 7187 15977   374  1270   570
	 7153 15848   401  1270   570
	 7123 15703   415  1270   570
	 7094 15564   420  1260   580
	 7059 15446   536  1260   580
	 7028 15323   544  1260   580
	 6999 15196   557  1240   570
	 6964 15081   565  1210   580
	 6929 14983   572  1210   580
	 6889 14886   574  1210   580
	 6854 14792   584  1200   580
	 6819 14710   588  1200   580
	 6786 14629   590  1200   580
	 6752 14565   590  1180   590
	 6723 14502   581  1180   590
	 6696 14444   577  1190   600
	 6665 14410   572  1190   600
	 6640 14390   570  1180   590
	 6616 14376   570  1180   590
	 6588 14376   567  1180   590
	 6565 14379   567  1170   590
	 6542 14405   560  1170   590
	 6520 14427   560  1170   590
	 6504 14473   550  1170   590
	 6486 14534   550  1180   600
	 6471 14615   531  1180   600
	 6461 14712   528  1180   590
	 6456 14825   469  1180   590
	 6459 14949   410  1180   590
	 6471 15084   405  1180   590
	 6493 15243   401  1200   580
	 6525 15418   390  1200   580
	 6569 15596   395  1210   580
	 6627 15786   405  1210   580
	 6700 15962   405  1210   580
	 6783 16123   410  1210   580
	 6880 16294   405  1230   560
	 6972 16455   410  1230   560
	 7075 16600   415  1260   570
	 7181 16745   415  1260   570
	 7301 16890   415  1270   560
	 7424 17015   437  1270   560
	 7542 17126   420  1290   560
	 7660 17223   415  1290   560
	 7790 17317   415  1300   550
	 7928 17397   410  1310   560
	 8048 17448   415  1320   550
	 8163 17482   415  1320   550
	 8281 17498   410  1320   550
	 8398 17498   410  1350   550
	 8513 17480   401  1350   550
	 8621 17436   401  1350   550
	 8721 17386   395  1360   560
	 8813 17318   390  1380   570
	 8904 17227   390  1390   560
	 8995 17147   390  1390   560
	 9064 17050   390  1400   560
	 9131 16938   390  1400   560
	 9187 16827   390  1400   560
	 9237 16697   390  1400   560
	 9279 16570   395  1420   570
	 9314 16441   395  1400   580
	 9341 16309   401  1400   580
	 9359 16150   410  1420   580
	 9370 16012   410  1420   580
	 9368 15877   410  1420   580
	 9357 15721   410  1410   590
	 9339 15573   410  1410   590
	 9311 15419   410  1410   590
	 9275 15275   410  1410   590
	 9233 15130   410  1410   590
	 9185 15015   410  1390   600
	 9135 14892   410  1390   600
	 9074 14791   415  1390   600
	 9010 14694   437  1390   600
	 8931 14598   462  1380   600
	 8854 14520   494  1380   600
	 8775 14443   513  1380   600
	 8698 14390   500  1380   600
	 8616 14341   507  1380   600
	 8533 14298   494  1360   610
	 8443 14268   513  1350   600
	 8347 14250   516  1350   600
	 8257 14235   525  1350   600
	 8169 14231   525  1350   600
	 8080 14220   525  1350   600
	 7993 14231   533  1340   610
	 7901 14230   552  1340   610
	 7806 14233   562  1340   610
	 7723 14236   562  1340   610
	 7644 14246   562  1340   610
	 7569 14250   547  1320   600
	 7494 14262   513  1320   600
	 7420 14278   437  1320   600
	 7353 14282   338  1310   610
	 7292 14296   352  1290   600
	 7246 14310   262  1290   600
	 7211 14327    64  1290   600
	 7188 14344    -1  1290   600
	 7177 14361    -1  1280   590
	 7173 14379    -1  1280   590
	 7173 14395    -1  1280   590
	 7182 14407    -1  1280   590
	 7192 14411    -1  1250   590
	 7209 14422    -1  1250   590
	 7226 14395    -1  1250   590
	 7286 14422    -1  1240   580
	 7265 14411    -1  1240   580
	 7289 14406    -1  1230   580
	 7311 14395    -1  1230   580
	 7326 14380    -1  1230   580
	 7344 14364    -1  1230   580
	 7353 14348    -1  1210   580
	 7363 14341    -1  1210   580
	 7368 14325    -1  1210   580
	 7362 14311    -1  1200   570
	 7358 14300    -1  1200   570
	 7345 14298    -1  1210   580
	 7328 14299    -1  1210   580
	 7313 14310    -1  1210   580
	 7290 14315    -1  1210   580
	 7267 14328    -1  1210   580
	 7237 14343    -1  1210   580
	 7206 14359    -1  1210   580
	 7171 14374    -1  1210   580
	 7136 14391    -1  1200   570
	 7103 14405    -1  1200   570
	 7068 14411    -1  1200   570
	 7037 14426    -1  1200   570
	 7007 14441    -1  1190   560
	 6978 14454    -1  1190   560
	 6948 14469    -1  1190   560
	 6922 14485    -1  1200   550
	 6890 14492    -1  1200   550
	 6865 14508    -1  1200   550
	 6847 14522    -1  1200   550
	 6826 14536    -1  1200   550
	 6816 14550    -1  1210   560
	 6810 14556    -1  1220   560
	 6807 14568    -1  1230   560
	 6803 14583    -1  1230   560
	 6808 14586    -1  1240   570
	 6810 14599    -1  1240   570
	 6817 14603    -1  1260   580
	 6824 14613    -1  1270   590
	 6836 14615    -1  1270   590
	 6845 14619    -1  1270   590
	 6861 14630    -1  1290   590
	 6874 14631    -1  1310   600
	 6893 14636    -1  1310   600
	 6907 14647    -1  1310   600
	 6926 14647    -1  1290   590
	 6940 14648    -1  1280   580
	 6954 14648    -1  1280   580
	 6970 14650    -1  1270   570
	 6983 14650    -1  1270   570
	 6999 14649    -1  1260   570
	 7015 14651    -1  1260   570
	 7026 14651    -1  1250   560
	 7039 14652    -1  1250   560
	 7052 14661    -1  1240   550
	 7064 14661    -1  1240   550
	 7099 14618    -1  1230   550
	 7093 14668    -1  1240   550
	 7103 14679    -1  1240   550
	 7118 14693    -1  1240   550
	 7125 14698   182  1250   560
	 7127 14715   262  1250   560
	 7128 14727   275  1250   560
	 7126 14741   275  1260   570
	 7121 14746   286  1260   570
	 7117 14760   308  1260   570
	 7109 14762   308  1260   570
	 7094 14761   327  1270   570
	 7077 14761   336  1270   570
	 7056 14759   360  1270   570
	 7031 14747   360  1270   570
	 7007 14741   360  1270   570
	 6975 14728   367  1270   570
	 6943 14710   278  1270   570
	 6907 14684   294  1270   570
	 6865 14666   317  1270   570
	 6823 14645   331  1270   570
	 6774 14615   357  1270   570
	 6738 14585   405  1270   570
	 6700 14556   410  1270   570
	 6671 14536   420  1270   570
	 6647 14504   494  1270   570
	 6628 14476   522  1270   570
	 6613 14456   525  1270   570
	 6603 14437   525  1270   570
	 6598 14421   525  1270   570
	 6603 14405   525  1270   570
	 6609 14390   525  1270   570
	 6617 14377   519  1270   570
	 6630 14375   519  1270   570
	 6648 14362   519  1270   570
	 6671 14360   519  1270   570
	 6699 14358   513  1270   570
	 6728 14358   507  1270   570
	 6762 14359   494  1270   570
	 6796 14361   454  1280   580
	 6830 14373   415  1280   580
	 6868 14378   405  1270   590
	 6898 14391   390  1270   590
	 6934 14406   368  1260   580
	 6957 14412   344  1260   580
	 6983 14428   302  1260   580
	 7001 14444   360  1270   570
	 7016 14469   336  1260   580
	 7028 14486   297  1260   580
	 7033 14501   249  1260   580
	 7036 14506   218  1260   580
	 7031 14519   201  1260   580
	 7024 14533   160  1270   570
	 7008 14535   160  1270   570
	 6990 14538   182  1270   570
	 6968 14539   201  1260   570
	 6944 14538   218  1260   570
	 6912 14537   249  1260   570
	 6877 14536   275  1260   570
	 6842 14533   297  1260   570
	 6810 14521   327  1260   570
	 6778 14517   336  1270   570
	 6749 14505   352  1270   570
	 6725 14504   360  1270   570
	 6704 14492   324  1270   570
	 6689 14489   338  1270   570
	 6679 14488   344  1270   570
	 6671 14488   357  1270   570
	 6671 14488   368  1260   580
	 6673 14488   368  1260   580
	 6675 14487   368  1260   580
	 6681 14487   368  1260   580
	 6689 14487   368  1260   580
	 6701 14487   363  1270   590
	 6717 14489   357  1270   590
	 6735 14501   357  1270   590
	 6755 14504   357  1270   590
	 6781 14508   350  1270   590
	 6807 14520   357  1270   590
	 6836 14524   350  1270   590
	 6864 14538   350  1270   590
	 6895 14551   350  1260   580
	 6929 14556   344  1260   580
	 6955 14570   350  1260   580
	 6981 14583   344  1260   580
	 7006 14598   350  1260   580
	 7032 14604   350  1260   580
	 7050 14618   350  1260   580
	 7069 14630   350  1260   580
	 7084 14635   350  1260   580
	 7096 14649   357  1260   580
	 7106 14651   363  1260   580
	 7110 14651   368  1260   580
	 7113 14652   380  1240   570
	 7115 14661   385  1240   570
	 7114 14661   385  1240   570
	 7113 14652   390  1240   570
	 7115 14651   390  1240   570
	 7119 14649   390  1240   570
	 7119 14649   390  1260   570
	 7124 14635   401  1260   570
	 7127 14629   405  1260   570
	 7133 14613   410  1240   570
	 7135 14597   410  1260   580
	 7138 14571   415  1260   580
	 7141 14553   420  1260   580
	 7146 14536   446  1260   580
	 7152 14517   446  1260   580
	 7154 14492   462  1260   580
	 7159 14485   469  1260   580
	 7160 14469   469  1260   580
	 7163 14454   487  1260   580
	 7166 14439   507  1260   580
	 7168 14428   513  1260   580
	 7171 14425   519  1260   580
	 7171 14424   525  1260   580
	 7171 14423   531  1260   580
	 7170 14424   539  1260   580
	 7172 14426   552  1260   580
	 7172 14427   562  1240   570
	 7172 14438   574  1240   570
	 7169 14443   579  1240   570
	 7165 14460   581  1240   570
	 7164 14489   579  1240   570
	 7167 14518   577  1240   570
	 7169 14550   570  1240   570
	 7173 14581   565  1240   570
	 7180 14602   547  1240   570
	 7186 14632   494  1240   570
	 7190 14651   390  1260   580
	 7202 14677   310  1260   580
	 7214 14684   286  1260   580
	 7231 14699     0  1260   580
	 7249 14716    -1  1260   580
	 7271 14731    -1  1260   580
	 7292 14742    -1  1260   580
	 7316 14744    -1  1270   570
	 7336 14745    -1  1270   570
	 7361 14744    -1  1270   570
	 7388 14741    -1  1270   570
	 7415 14730    -1  1280   570
	 7445 14725    -1  1280   570
	 7476 14715    -1  1280   570
	 7504 14712    -1  1280   570
	 7533 14698    -1  1280   570
	 7558 14682    -1  1310   570
	 7579 14666    -1  1310   570
	 7600 14647    -1  1310   570
	 7608 14631    -1  1310   570
	 7614 14613    -1  1310   570
	 7614 14586    -1  1300   580
	 7611 14565    -1  1300   580
	 7603 14538    -1  1300   580
	 7593 14520    -1  1300   580
	 7581 14504    -1  1300   580
	 7568 14490    -1  1300   580
	 7551 14475    -1  1280   580
	 7536 14460    -1  1280   580
	 7518 14455    -1  1280   580
	 7496 14444    -1  1280   580
	 7485 14441    -1  1260   580
	 7472 14440    -1  1260   580
	 7460 14438    -1  1260   580
	 7451 14439    -1  1260   580
	 7438 14441    -1  1260   580
	 7431 14441    -1  1260   580
	 7419 14444    -1  1260   580
	 7410 14453    -1  1230   580
	 7402 14456    -1  1230   580
	 7392 14459    -1  1230   580
	 7384 14471    -1  1230   580
	 7375 14476    -1  1230   580
	 7364 14488    -1  1230   580
	 7357 14501    -1  1230   580
	 7348 14507    -1  1230   580
	 7341 14519    -1  1220   570
	 7334 14522    -1  1220   570
	 7327 14536    -1  1220   570
	 7315 14549    -1  1230   560
	 7306 14554    -1  1230   560
	 7294 14568    -1  1230   560
	 7285 14581    -1  1220   560
	 7272 14585    -1  1220   560
	 7258 14597    -1  1220   560
	 7250 14600    -1  1220   560
	 7241 14603    -1  1220   560
	 7228 14613    -1  1220   560
	 7220 14617    -1  1220   560
	 7211 14620    -1  1220   560
	 7206 14631    -1  1210   550
	 7199 14645    -1  1210   550
	 7197 14650    -1  1210   550
	 7196 14661    -1  1210   550
	 7194 14667    -1  1210   550
	 7197 14681    -1  1230   550
	 7202 14694    -1  1230   550
	 7206 14699    -1  1230   550
	 7213 14711    -1  1230   550
	 7218 14715    -1  1230   550
	 7221 14727   218  1240   550
	 7220 14731   249  1240   550
	 7227 14732   249  1240   550
	 7230 14741   275  1240   550
	 7230 14732   297  1240   550
	 7231 14732   317  1240   550
	 7234 14729   327  1250   560
	 7237 14726   344  1250   560
	 7239 14711   360  1250   560
	 7241 14695   278  1250   560
	 7243 14679   294  1250   560
	 7248 14651   302  1250   560
	 7248 14630   317  1230   560
	 7248 14602   331  1230   560
	 7250 14582   338  1230   560
	 7246 14554   344  1230   560
	 7244 14534   344  1230   560
	 7241 14517   350  1230   560
	 7241 14492   357  1230   560
	 7239 14485   357  1230   560
	 7243 14473   357  1230   560
	 7242 14470   357  1230   560
	 7244 14470   357  1230   560
	 7245 14469   357  1230   560
	 7244 14470   357  1230   560
	 7247 14471   350  1230   560
	 7247 14472   338  1230   560
	 7246 14475   324  1230   560
	 7250 14487   317  1230   560
	 7253 14502   310  1230   560
	 7262 14519   302  1230   560
	 7268 14537   302  1230   560
	 7276 14553   302  1230   560
	 7284 14569   302  1230   560
	 7291 14586   302  1230   560
	 7299 14601   310  1230   560
	 7306 14617   310  1230   560
	 7319 14635   310  1240   570
	 7335 14651   310  1240   570
	 7348 14666   317  1240   570
	 7361 14679   317  1240   570
	 7373 14684   324  1240   570
	 7384 14698   331  1240   570
	 7403 14712   338  1240   570
	 7421 14713   350  1240   570
	 7437 14725   350  1240   570
	 7443 14725   350  1240   570
	 7451 14716   357  1240   570
	 7458 14712   368  1240   570
	 7464 14699   380  1240   570
	 7473 14683   385  1240   570
	 7478 14665   390  1240   570
	 7483 14647   401  1240   570
	 7483 14619   410  1240   570
	 7483 14597   415  1240   570
	 7482 14566   437  1240   570
	 7478 14538   469  1240   570
	 7476 14519   480  1240   570
	 7469 14492   494  1240   570
	 7469 14485   507  1240   570
	 7465 14473   513  1240   570
	 7461 14471   516  1240   570
	 7464 14470   516  1240   570
	 7463 14469   519  1240   570
	 7465 14472   519  1240   570
	 7464 14473   519  1240   570
	 7462 14476   519  1240   570
	 7463 14489   516  1240   570
	 7463 14506   507  1240   570
	 7463 14521   513  1240   570
	 7463 14540   446  1240   570
	 7464 14571   410  1240   570
	 7470 14603   410  1240   570
	 7473 14636   410  1240   570
	 7481 14665   401  1240   570
	 7483 14696   395  1240   570
	 7488 14709   401  1240   570
	 7489 14711   401  1240   570
	 7497 14716   401  1240   570
	 7510 14729   401  1240   570
	 7527 14741   405  1240   570
	 7541 14742   410  1240   570
	 7553 14732   410  1240   570
	 7568 14731   415  1240   570
	 7582 14726   437  1240   570
	 7596 14713   469  1240   570
	 7615 14699   513  1260   580
	 7627 14682   525  1260   580
	 7640 14666   531  1270   570
	 7645 14661   536  1270   570
	 7649 14646   547  1270   570
	 7654 14633   555  1270   570
	 7657 14618   565  1260   580
	 7657 14602   570  1260   580
	 7659 14585   570  1260   580
	 7654 14570   565  1260   580
	 7651 14565   555  1260   580
	 7646 14552   533  1260   580
	 7640 14538   437  1260   580
	 7639 14534   368  1260   580
	 7632 14522   352  1260   580
	 7627 14518   218  1260   580
	 7626 14519    -1  1260   580
	 7621 14533    -1  1260   580
	 7619 14539    -1  1260   580
	 7618 14555    -1  1260   580
	 7621 14581    -1  1260   580
	 7623 14600    -1  1260   580
	 7633 14618    -1  1260   580
	 7643 14636    -1  1260   580
	 7657 14664    -1  1260   580
	 7670 14681    -1  1260   580
	 7686 14709    -1  1270   570
	 7704 14727    -1  1270   570
	 7720 14746    -1  1280   580
	 7734 14764    -1  1280   580
	 7754 14780    -1  1280   580
	 7771 14796    -1  1280   580
	 7786 14811    -1  1300   580
	 7803 14826    -1  1300   580
	 7821 14842   182  1300   580
	 7825 14858   344  1300   580
	 7831 14869   360  1300   580
	 7837 14871   360  1300   580
	 7838 14872   294  1300   580
	 7842 14873   331  1300   580
	 7844 14874   357  1300   580
	 7839 14872   374  1300   580
	 7838 14871   385  1300   580
	 7837 14860   395  1300   580
	 7835 14856   390  1300   580
	 7831 14843   395  1300   580
	 7825 14825   395  1300   580
	 7817 14807   395  1300   580
	 7805 14777   395  1300   580
	 7797 14760   395  1300   580
	 7791 14732   401  1300   580
	 7781 14715   395  1280   580
	 7776 14696   401  1280   580
	 7770 14666   401  1280   580
	 7766 14648   401  1280   580
	 7762 14632   401  1280   580
	 7762 14618   401  1280   580
	 7761 14604   401  1280   580
	 7765 14599   401  1280   580
	 7768 14587   401  1280   580
	 7771 14582   401  1280   580
	 7780 14569   401  1280   580
	 7787 14556   401  1280   580
	 7793 14551   401  1280   580
	 7805 14539   390  1270   590
	 7809 14535   385  1270   590
	 7815 14523   374  1270   590
	 7817 14522   357  1270   590
	 7824 14521   331  1270   590
	 7825 14521   310  1270   590
	 7825 14521   286  1270   590
	 7825 14523   367  1270   590
	 7824 14524   360  1270   590
	 7821 14536   352  1280   580
	 7816 14539   352  1280   580
	 7809 14553   352  1280   580
	 7801 14566   352  1280   580
	 7791 14572   352  1280   580
	 7781 14587   352  1280   580
	 7767 14602   352  1280   580
	 7756 14617   360  1280   580
	 7746 14631   367  1280   580
	 7732 14645   286  1280   580
	 7722 14650   324  1280   580
	 7705 14652   344  1280   580
	 7692 14664   363  1280   580
	 7681 14668   395  1280   580
	 7666 14678   405  1280   580
	 7651 14677   437  1280   580
	 7643 14678   528  1280   580
	 7633 14678   550  1280   580
	 7632 14677   555  1280   580
	 7630 14678   557  1280   580
	 7632 14678   555  1280   580
	 7634 14677   555  1280   580
	 7637 14668   555  1270   570
	 7643 14666   550  1270   570
	 7646 14661   542  1270   570
	 7657 14648   533  1270   570
	 7667 14636   525  1270   570
	 7682 14632   516  1270   570
	 7698 14629   500  1270   570
	 7721 14618   446  1270   570
	 7745 14618   415  1270   570
	 7765 14618   390  1270   570
	 7787 14618   380  1260   580
	 7806 14619   363  1260   580
	 7828 14620   357  1270   590
	 7851 14630   338  1270   590
	 7872 14634   324  1270   590
	 7897 14648   317  1270   590
	 7919 14664   310  1270   590
	 7935 14678   310  1260   580
	 7955 14684   317  1260   580
	 7969 14709   317  1260   580
	 7980 14725   331  1260   580
	 7988 14731   350  1260   580
	 7993 14744   357  1260   580
	 7993 14747   368  1260   580
	 7991 14759   374  1260   580
	 7991 14761   395  1270   570
	 7991 14763   410  1270   570
	 7988 14764   446  1270   570
	 7986 14764   513  1260   570
	 7983 14763   528  1260   570
	 7983 14763   533  1260   570
	 7978 14761   536  1260   570
	 7977 14760   539  1260   570
	 7974 14748   542  1260   570
	 7969 14744   544  1260   570
	 7967 14730   544  1260   570
	 7964 14715   547  1260   570
	 7956 14697   547  1260   570
	 7953 14683   550  1260   570
	 7946 14666   550  1260   570
	 7946 14650   550  1260   570
	 7945 14635   550  1260   570
	 7948 14629   550  1260   570
	 7949 14604   552  1260   570
	 7956 14586   552  1260   570
	 7960 14572   550  1260   570
	 7965 14556   550  1260   570
	 7974 14552   544  1260   570
	 7983 14549   539  1260   570
	 7988 14538   533  1260   570
	 7997 14536   525  1260   570
	 8010 14535   516  1260   570
	 8019 14536   462  1260   570
	 8031 14537   420  1260   570
	 8038 14549   410  1260   570
	 8052 14555   410  1260   570
	 8062 14570   405  1240   570
	 8076 14588   401  1240   570
	 8087 14613   401  1240   570
	 8100 14632   401  1260   570
	 8108 14651   401  1240   570
	 8116 14683   395  1240   570
	 8126 14713   395  1260   580
	 8134 14744   390  1270   570
	 8143 14773   390  1270   570
	 8152 14794   395  1270   570
	 8158 14806   401  1270   570
	 8159 14811   410  1270   570
	 8159 14810   415  1270   570
	 8159 14810   480  1270   570
	 8158 14810   513  1270   570
	 8159 14807   525  1270   570
	 8157 14795   536  1270   570
	 8158 14791   550  1270   570
	 8155 14775   567  1270   570
	 8151 14747   601  1270   570
	 8150 14730   623  1270   570
	 8150 14713   634  1270   570
	 8154 14700   634  1270   570
	 8159 14680   639  1270   570
	 8161 14662   641  1270   570
	 8163 14646   641  1270   570
	 8168 14633   639  1270   570
	 8170 14630   632  1270   570
	 8174 14619   611  1270   570
	 8179 14616   572  1270   570
	 8186 14614   542  1270   570
	 8196 14615   410  1270   570
	 8202 14615   331  1270   570
	 8211 14617   327  1270   570
	 8222 14636    75  1270   570
	 8236 14666    -1  1270   570
	 8246 14697    -1  1270   570
	 8252 14730    -1  1270   570
	 8255 14773    -1  1270   570
	 8261 14811    -1  1270   570
	 8268 14858    -1  1270   570
	 8280 14906    -1  1280   570
	 8289 14950    -1  1270   560
	 8303 14984    -1  1270   560
	 8305 15014    -1  1290   560
	 8308 15031    -1  1290   560
	 8312 15046    -1  1300   550
	 8311 15049    -1  1300   550
	 8305 15047    -1  1300   550
	 8301 15047    35  1300   550
	 8288 15049   385  1310   550
	 8281 15050   380  1310   550
	 8279 15048   368  1310   550
	 8273 15045   380  1310   550
	 8266 15034   395  1310   550
	 8261 15030   405  1310   550
	 8262 15018   429  1320   550
	 8265 15004   522  1320   550
	 8265 14999   544  1310   560
	 8270 14981   560  1310   560
	 8272 14956   570  1310   560
	 8275 14933   577  1300   560
	 8283 14904   603  1300   560
	 8286 14874   629  1300   560
	 8292 14837   638  1300   560
	 8294 14809   639  1300   560
	 8299 14777   641  1300   580
	 8307 14747   643  1300   580
	 8311 14711   643  1300   580
	 8318 14683   643  1300   580
	 8323 14661   639  1300   580
	 8330 14635   629  1300   580
	 8338 14617   590  1300   580
	 8347 14598   555  1300   580
	 8354 14582   437  1280   580
	 8365 14568   344  1280   580
	 8379 14555   336  1280   580
	 8392 14552   160  1280   580
	 8409 14554    -1  1280   580
	 8422 14570    -1  1280   580
	 8436 14586    -1  1280   580
	 8446 14603    -1  1280   580
	 8459 14631    -1  1280   580
	 8470 14651    -1  1280   580
	 8482 14679    -1  1280   580
	 8494 14700    -1  1270   570
	 8504 14729    -1  1270   570
	 8509 14747    -1  1280   570
	 8510 14775    -1  1300   580
	 8514 14794    -1  1300   580
	 8516 14821    -1  1300   580
	 8518 14840    -1  1300   580
	 8519 14856    -1  1310   570
	 8518 14874    -1  1310   570
	 8522 14892    -1  1310   570
	 8521 14906    -1  1310   570
	 8522 14921    -1  1320   570
	 8524 14933    -1  1320   570
	 8525 14939    -1  1320   570
	 8525 14950    -1  1320   570
	 8523 14955   344  1320   570
	 8518 14969   352  1320   570
	 8518 14981   360  1320   570
	 8514 14984   360  1320   570
	 8510 14986   269  1320   570
	 8509 14986   310  1320   570
	 8503 14988   350  1320   570
	 8499 14986   380  1320   570
	 8497 14986   401  1320   570
	 8490 14984   405  1310   570
	 8486 14971   410  1310   570
	 8478 14955   410  1310   570
	 8470 14936   415  1310   570
	 8458 14918   437  1310   570
	 8450 14888   462  1310   570
	 8443 14856   469  1310   570
	 8435 14837   500  1310   570
	 8428 14806   513  1310   570
	 8428 14775   513  1300   580
	 8423 14746   513  1300   580
	 8419 14716   519  1300   580
	 8418 14696   519  1300   580
	 8417 14668   522  1300   580
	 8415 14648   522  1300   580
	 8417 14633   519  1300   580
	 8426 14617   519  1300   580
	 8430 14604   516  1280   580
	 8437 14600   494  1280   580
	 8446 14586   469  1280   580
	 8454 14584   415  1280   580
	 8461 14581   401  1280   580
	 8474 14581   390  1280   580
	 8486 14582   374  1280   580
	 8498 14584   338  1280   580
	 8511 14587   310  1280   580
	 8525 14601   367  1280   580
	 8537 14615   360  1280   580
	 8546 14630   336  1280   580
	 8554 14648   297  1280   580
	 8559 14666   249  1280   580
	 8563 14683   182  1280   580
	 8564 14710    75  1280   580
	 8563 14726     0  1280   580
	 8560 14742     0  1280   580
	 8553 14757    64  1280   580
	 8546 14762    64  1280   580
	 8536 14774    64  1280   580
	 8522 14780     0  1280   580
	 8509 14790    75  1280   580
	 8492 14792   182  1280   580
	 8472 14795   234  1280   580
	 8452 14793   262  1300   580
	 8433 14795   317  1300   580
	 8413 14795   360  1300   580
	 8396 14795   367  1300   580
	 8381 14792   310  1300   580
	 8364 14792   338  1300   580
	 8353 14792   350  1300   580
	 8344 14791   357  1300   580
	 8339 14790   368  1300   580
	 8341 14789   368  1300   580
	 8341 14789   363  1300   580
	 8344 14780   357  1300   580
	 8351 14780   357  1300   580
	 8360 14778   357  1300   580
	 8369 14776   357  1300   580
	 8387 14775   357  1300   580
	 8401 14775   357  1280   570
	 8423 14775   350  1280   570
	 8436 14776   331  1280   570
	 8456 14779   331  1300   580
	 8474 14780   331  1300   580
	 8491 14792   331  1300   580
	 8510 14795   338  1300   580
	 8523 14807   338  1300   580
	 8540 14810   338  1300   580
	 8555 14822   344  1300   580
	 8567 14823   357  1300   580
	 8578 14828   363  1300   580
	 8590 14837   368  1300   580
	 8598 14839   374  1300   580
	 8607 14838   380  1300   580
	 8610 14838   385  1300   580
	 8615 14838   390  1300   580
	 8618 14837   401  1300   580
	 8622 14826   405  1300   580
	 8625 14824   415  1300   580
	 8629 14821   494  1300   580
	 8634 14807   525  1300   580
	 8637 14792   531  1300   580
	 8640 14780   542  1300   580
	 8643 14773   552  1300   580
	 8644 14757   552  1300   580
	 8644 14743   555  1300   580
	 8645 14731   560  1300   580
	 8643 14715   567  1300   580
	 8643 14699   572  1300   580
	 8640 14693   577  1300   580
	 8637 14679   581  1300   580
	 8634 14667   590  1280   580
	 8631 14663   590  1280   580
	 8629 14651   590  1280   580
	 8626 14650   584  1280   580
	 8625 14648   579  1280   580
	 8623 14648   577  1280   580
	 8623 14648   577  1280   580
	 8621 14650   577  1280   580
	 8620 14652   572  1280   580
	 8622 14652   570  1280   580
	 8623 14662   567  1280   580
	 8626 14666   567  1280   580
	 8635 14678   567  1280   580
	 8644 14684   567  1280   580
	 8655 14700   567  1290   590
	 8669 14709   570  1290   590
	 8684 14714   572  1290   590
	 8700 14725   574  1290   590
	 8721 14726   577  1290   590
	 8740 14729   584  1290   590
	 8765 14730   590  1290   590
	 8789 14730   588  1290   590
	 8812 14731   588  1290   590
	 8833 14730   584  1290   590
	 8856 14729   577  1290   590
	 8878 14729   562  1290   590
	 8903 14728   533  1290   590
	 8920 14725   401  1290   590
	 8939 14715   294  1290   590
	 8953 14711   297  1310   600
	 8960 14698     0  1320   590
	 8954 14696    -1  1310   580
	 8938 14684    -1  1320   590
	 8911 14680    -1  1320   590
	 8883 14677    -1  1320   590
	 8852 14666    -1  1320   590
	 8814 14652    -1  1320   590
	 8772 14648    -1  1320   590
	 8721 14634    -1  1340   600
	 8665 14618    -1  1320   590
	 8603 14603    -1  1320   590
	 8526 14587    -1  1320   590
	 8449 14572    -1  1320   590
	 8368 14566    -1  1310   580
	 8280 14540    -1  1310   580
	 8195 14533    -1  1290   590
	 8111 14517    -1  1280   580
	 8018 14491    -1  1280   580
	 7920 14474    -1  1280   580
	 7814 14457    -1  1270   570
	 7709 14438    -1  1270   570
	 7612 14412    -1  1270   570
	 7512 14377    -1  1260   580
	 7416 14377    -1  1240   570
	 7313 14360    -1  1240   570
	 7217 14342    -1  1230   560
	 7127 14325    -1  1220   570
	 7042 14300    -1  1210   560
	 6961 14284    -1  1190   560
	 6875 14268    -1  1190   560
	 6790 14251    -1  1190   560
	 6712 14236    -1  1180   570
	 6643 14230    -1  1190   580
	 6577 14215    -1  1190   580
	 6518 14200    -1  1190   580
	 6457 14188    -1  1170   580
	 6400 14183    -1  1170   580
	 6342 14168    -1  1170   580
	 6283 14154    -1  1190   580
	 6232 14150    -1  1190   580
	 6183 14137    -1  1200   570
	 6140 14134    -1  1220   570
	 6104 14122    -1  1220   570
	 6071 14107    -1  1230   560
	 6043 14105    -1  1250   560
	 6016 14101    -1  1250   560
	 5996 14088    -1  1260   560
	 5978 14088    -1  1260   540
	 5967 14085    -1  1260   540
	 5957 14075    -1  1280   540
	 5948 14073    -1  1270   530
	 5942 14070    -1  1280   530
	 5935 14057    -1  1280   530
	 5937 14055    -1  1280   530
	 5927 14037   218  1280   530
	 5919 14040   336  1280   530
	 5914 14039   336  1270   530
	 5919 14037   327  1280   540
	 5929 14026   327  1260   540
	 5945 14025   336  1260   540
	 5965 14025   344  1250   550
	 5992 14024   352  1250   550
	 6023 14026   367  1260   560
	 6064 14037   302  1250   560
	 6119 14041   344  1250   560
	 6185 14043   363  1250   560
	 6264 14059   390  1260   570
	 6359 14075   405  1240   570
	 6470 14089   429  1240   570
	 6580 14104   513  1240   570
	 6689 14123   528  1240   570
	 6821 14150   531  1240   570
	 6967 14169   533  1260   580
	 7092 14197   544  1260   580
	 7237 14217   555  1260   580
	 7403 14245   567  1260   580
	 7564 14264   579  1270   590
	 7729 14283   592  1270   590
	 7899 14309   603  1270   590
	 8075 14327   615  1270   590
	 8221 14345   632  1280   580
	 8385 14359   634  1280   580
	 8548 14375   639  1290   590
	 8702 14380   643  1290   590
	 8851 14392   646  1290   590
	 9010 14405   646  1290   590
	 9133 14407   655  1290   590
	 9257 14412   658  1290   590
	 9371 14421   660  1290   590
	 9484 14425   661  1290   590
	 9583 14427   663  1290   590
	 9673 14437   664  1290   590
	 9746 14441   666  1310   580
	 9810 14453   666  1320   590
	 9869 14455   664  1320   590
	 9916 14458   666  1320   590
	 9959 14459   666  1320   590
	 9992 14473   664  1320   590
	10012 14475   664  1320   590
	10032 14486   660  1320   590
	10035 14489   651  1320   590
	10033 14489   638  1320   590
	10030 14491   577  1320   590
	10016 14503   437  1320   590
	 9998 14506   367  1320   590
	 9971 14508   182  1320   590
	 9931 14507    -1  1320   590
	 9886 14504    -1  1320   590
	 9834 14503    -1  1320   590
	 9777 14491    -1  1320   590
	 9712 14488    -1  1320   590
	 9643 14471    -1  1320   590
	 9572 14457    -1  1320   590
	 9509 14442    -1  1320   590
	 9441 14426    -1  1320   590
	 9376 14409    -1  1310   580
	 9315 14374    -1  1290   590
	 9257 14375    -1  1290   590
	 9199 14348    -1  1280   580
	 9156 14331    -1  1280   580
	 9116 14315    -1  1260   580
	 9087 14296    -1  1260   580
	 9065 14283    -1  1240   570
	 9052 14277    -1  1230   560
	 9049 14267    -1  1230   560
	 9049 14265    -1  1210   560
	 9061 14264    -1  1210   560
	 9065 14263    -1  1210   560
	 9075 14263    -1  1200   550
	 9083 14263    -1  1200   550
	 9097 14265    -1  1200   550
	 9108 14268    -1  1200   550
	 9121 14281    -1  1200   550
	 9133 14294    -1  1200   550
	 9142 14298    -1  1200   550
	 9156 14313    -1  1200   550
	 9164 14326    -1  1200   550
	 9173 14341    -1  1200   550
	 9186 14348    -1  1200   550
	 9198 14363    -1  1200   550
	 9211 14378    -1  1210   560
	 9227 14394    -1  1210   560
	 9240 14410    -1  1210   560
	 9250 14425    -1  1220   560
	 9259 14439    -1  1220   560
	 9268 14442    -1  1220   560
	 9276 14444    -1  1220   560
	 9284 14456    -1  1220   560
	 9293 14456    -1  1230   560
	 9301 14457    -1  1230   560
	 9309 14438    64  1250   560
	 9309 14469   374  1260   570
	 9307 14471   415  1260   570
	 9310 14472   410  1260   570
	 9307 14460   410  1260   570
	 9309 14459   454  1280   570
	 9309 14457   528  1280   570
	 9311 14456   555  1280   570
	 9310 14453   579  1300   580
	 9311 14440   636  1300   580
	 9313 14425   651  1300   580
	 9313 14412   653  1300   580
	 9315 14410   655  1300   580
	 9317 14407   653  1300   580
	 9319 14405   656  1300   580
	 9323 14393   656  1300   580
	 9324 14380   656  1300   580
	 9327 14377   656  1300   580
	 9330 14374   656  1300   580
	 9332 14363   651  1300   580
	 9334 14362   645  1300   580
	 9338 14362   636  1300   580
	 9341 14361   615  1300   580
	 9342 14362   577  1300   580
	 9347 14362   560  1300   580
	 9350 14362   542  1300   580
	 9355 14374   533  1300   580
	 9361 14377   525  1300   580
	 9376 14392   516  1300   580
	 9388 14412   454  1300   580
	 9404 14425   494  1300   580
	 9412 14428   500  1300   580
	 9414 14439   507  1300   580
	 9420 14440   519  1300   580
	 9427 14441   533  1300   580
	 9433 14440   542  1300   580
	 9438 14438   560  1300   580
	 9446 14428   584  1310   580
	 9455 14425   615  1310   580
	 9465 14422   632  1310   580
	 9475 14411   639  1310   580
	 9488 14409   645  1310   580
	 9499 14405   645  1310   580
	 9510 14396   645  1310   580
	 9519 14394   645  1310   580
	 9527 14393   643  1310   580
	 9534 14394   636  1310   580
	 9535 14394   619  1310   580
	 9544 14396   584  1310   580
	 9552 14411   550  1310   580
	 9568 14440   513  1310   580
	 9583 14471   331  1310   580
	 9594 14505   201  1310   580
	 9598 14553    -1  1320   590
	 9595 14601    -1  1320   590
	 9588 14661    -1  1320   590
	 9575 14725    -1  1320   590
	 9563 14795    -1  1340   580
	 9549 14887    -1  1320   580
	 9536 14984    -1  1320   580
	 9513 15084    -1  1320   580
	 9541 15221    -1  1320   580
	 9470 15339    -1  1350   570
	 9487 15494    -1  1360   560
	 9463 15627    -1  1360   560
	 9434 15723    -1  1360   560
	 9402 15883    -1  1390   550
	 9376 16041    -1  1390   550
	 9354 16201    -1  1390   550
	 9328 16328    -1  1390   550
	 9308 16442    -1  1400   530
	 9304 16537    -1  1390   520
	 9298 16615    -1  1380   510
	 9285 16680    -1  1400   510
	 9292 16729    -1  1400   500
	 9312 16763    -1  1380   490
	 9332 16790    -1  1380   490
	 9348 16791    -1  1380   490
	 9372 16775    -1  1380   490
	 9399 16748    -1  1380   490
	 9403 16805   770  1380   490
	 9381 16811   755  1380   490
	 9381 16838   656  1350   470
	 9347 16837   338  1430   430
	 9371 16885    75  1440   420
