ABCDE-012_345_678 1188
	21587  9622    64  1350   580
	21605  9639   201  1340   570
	21591  9655   297  1320   580
	21588  9659   297  1310   570
	21586  9658   297  1300   580
	21584  9654   297  1280   580
	21577  9626   297  1270   570
	21567  9592   297  1280   570
	21552  9544   308  1270   560
	21528  9478   327  1280   570
	21505  9400   336  1280   570
	21480  9320   344  1300   580
	21450  9224   352  1280   580
	21416  9127   352  1280   580
	21383  9019   367  1290   590
	21351  8891   310  1290   590
	21315  8789   344  1290   590
	21276  8665   390  1280   590
	21236  8540   410  1280   590
	21198  8408   469  1290   600
	21153  8277   525  1290   600
	21113  8138   536  1290   600
	21067  7994   547  1290   600
	21022  7847   550  1280   610
	20977  7721   562  1280   610
	20935  7593   572  1290   610
	20889  7463   588  1290   610
	20846  7335   601  1290   610
	20801  7223   619  1290   610
	20765  7114   615  1290   610
	20727  7015   630  1290   610
	20696  6919   634  1290   610
	20660  6823   634  1280   610
	20627  6748   636  1280   610
	20596  6693   638  1280   610
	20561  6633   638  1280   610
	20532  6597   638  1280   610
	20498  6554   638  1280   610
	20461  6533   639  1260   600
	20423  6517   643  1260   600
	20388  6506   643  1280   590
	20353  6508   643  1280   590
	20314  6522   643  1280   590
	20279  6549   643  1280   590
	20249  6572   638  1280   590
	20214  6619   609  1280   590
	20185  6682   599  1290   590
	20160  6759   565  1290   590
	20134  6855   533  1290   590
	20118  6969   500  1290   590
	20108  7095   420  1310   600
	20103  7212   410  1310   600
	20105  7355   405  1310   600
	20113  7513   401  1310   600
	20129  7659   410  1310   600
	20155  7803   446  1310   600
	20187  7962   487  1320   590
	20229  8117   531  1320   590
	20272  8248   560  1320   590
	20331  8379   570  1320   590
	20397  8519   579  1320   590
	20465  8649   595  1320   590
	20543  8776   605  1320   590
	20633  8903   619  1320   590
	20737  9035   639  1320   590
	20845  9148   648  1340   580
	20966  9244   646  1340   580
	21094  9338   651  1340   580
	21224  9419   648  1340   580
	21366  9493   651  1340   580
	21518  9542   650  1340   580
	21653  9579   650  1340   580
	21799  9609   648  1350   590
	21957  9626   650  1350   590
	22117  9639   648  1350   590
	22269  9639   648  1350   590
	22421  9625   648  1350   590
	22582  9596   646  1380   590
	22720  9561   645  1360   600
	22861  9513   641  1360   600
	23005  9451   643  1360   600
	23136  9384   643  1380   590
	23259  9305   639  1390   600
	23373  9223   638  1390   600
	23475  9130   636  1390   600
	23580  9030   634  1390   600
	23656  8907   634  1390   600
	23725  8806   638  1390   600
	23788  8682   639  1390   600
	23837  8555   643  1390   600
	23881  8412   645  1390   600
	23908  8279   646  1390   600
	23927  8138   646  1390   600
	23927  7991   646  1390   600
	23911  7831   646  1410   600
	23888  7691   641  1410   600
	23844  7558   639  1410   600
	23788  7417   639  1410   600
	23728  7289   638  1410   600
	23656  7175   636  1410   600
	23572  7064   634  1410   600
	23470  6965   634  1390   600
	23368  6859   636  1410   600
	23263  6777   636  1410   600
	23158  6709   641  1410   600
	23047  6647   645  1420   590
	22929  6588   648  1420   590
	22811  6552   648  1420   590
	22700  6520   653  1420   590
	22595  6503   653  1420   590
	22476  6488   655  1420   590
	22361  6476   653  1420   590
	22249  6476   658  1430   590
	22139  6486   661  1450   590
	22026  6490   663  1450   590
	21906  6501   661  1450   590
	21794  6506   663  1450   590
	21678  6517   663  1460   580
	21569  6521   664  1450   590
	21452  6534   658  1450   590
	21340  6538   650  1450   590
	21241  6551   638  1450   590
	21161  6565   615  1450   590
	21086  6571   570  1450   590
	21018  6586   380  1450   590
	20958  6601   344  1450   590
	20910  6616   182  1450   590
	20870  6633    -1  1450   590
	20845  6651    -1  1460   580
	20829  6677    -1  1460   580
	20828  6694    -1  1440   580
	20832  6713    -1  1440   580
	20844  6729    -1  1460   570
	20861  6744    -1  1460   570
	20884  6747    -1  1460   570
	20953  6747    -1  1480   560
	20944  6760    -1  1480   560
	20976  6760    -1  1490   550
	21013  6760    -1  1490   550
	21049  6745    -1  1510   530
	21104  6747    -1  1520   530
	21106  6743    -1  1530   520
	21126  6728    -1  1530   520
	21140  6700    -1  1530   510
	21146  6682    -1  1530   510
	21147  6661    -1  1540   500
	21139  6633    -1  1550   500
	21128  6613    -1  1550   500
	21116  6587    -1  1550   510
	21098  6568    -1  1550   510
	21078  6550    -1  1550   510
	21083  6533    -1  1540   520
	21026  6507    -1  1530   530
	20994  6491    -1  1530   530
	20958  6476    -1  1520   540
	20922  6470    -1  1510   540
	20886  6456    -1  1500   550
	20855  6453    -1  1490   560
	20826  6441    -1  1480   560
	20804  6440    -1  1470   560
	20781  6441    -1  1460   570
	20766  6444    -1  1440   570
	20758  6454    -1  1440   570
	20750  6460    -1  1440   570
	20751  6475    -1  1430   570
	20752  6502    -1  1420   570
	20756  6521    -1  1420   570
	20758  6552    -1  1420   570
	20759  6584    -1  1430   560
	20763  6617    -1  1410   560
	20761  6650    -1  1410   560
	20760  6683    -1  1430   550
	20758  6726    -1  1430   550
	20753  6760    -1  1440   540
	20753  6793    -1  1420   540
	20748  6822    -1  1430   530
	20742  6844    -1  1450   530
	20739  6860    -1  1450   530
	20733  6885    -1  1460   520
	20731  6891    -1  1470   510
	20729  6904    -1  1480   500
	20728  6917    -1  1480   500
	20730  6918    -1  1480   500
	20730  6921    -1  1470   510
	20734  6922    -1  1450   510
	20737  6921    -1  1440   510
	20738  6919    -1  1430   520
	20741  6918    -1  1430   520
	20751  6919    -1  1430   530
	20758  6919    -1  1420   540
	20770  6919    -1  1410   550
	20783  6919    -1  1410   550
	20800  6918    -1  1410   550
	20818  6908    -1  1410   550
	20843  6907    -1  1410   550
	20870  6905    -1  1410   550
	20902  6905    -1  1340   580
	20939  6908    -1  1340   600
	20979  6917    -1  1340   600
	21050  6919    -1  1340   600
	21039  6920    -1  1340   600
	21069  6920    -1  1350   600
	21096  6934    -1  1350   600
	21116  6938     0  1360   600
	21126  6950   234  1380   600
	21127  6950   275  1380   600
	21126  6967   286  1380   600
	21121  6970   297  1380   600
	21113  6981   317  1410   600
	21101  6984   336  1410   600
	21085  6984   360  1410   600
	21062  6985   269  1410   600
	21035  6983   294  1420   590
	21001  6971   302  1420   590
	20964  6966   317  1420   590
	20923  6951   324  1420   590
	20880  6935   338  1420   590
	20836  6906   357  1420   590
	20791  6886   368  1420   590
	20746  6858   374  1430   590
	20701  6823   385  1420   580
	20656  6794   401  1420   580
	20621  6773   522  1420   580
	20592  6743   542  1420   580
	20568  6715   547  1420   580
	20554  6698   550  1420   580
	20543  6681   550  1400   580
	20535  6664   550  1420   570
	20534  6652   547  1420   570
	20538  6648   544  1420   570
	20549  6633   542  1420   570
	20554  6619   531  1400   560
	20570  6614   528  1400   560
	20585  6601   525  1400   560
	20606  6598   519  1400   560
	20632  6599   516  1400   560
	20658  6601   494  1400   560
	20690  6604   462  1400   560
	20723  6617   420  1400   560
	20758  6632   410  1400   560
	20793  6648   401  1400   560
	20822  6663   390  1400   560
	20854  6679   380  1400   560
	20886  6697   363  1420   570
	20912  6715   357  1420   570
	20936  6742   350  1420   570
	20954  6759   344  1420   570
	20972  6776   344  1420   570
	20980  6792   344  1420   570
	20979  6796   350  1420   570
	20973  6809   350  1420   570
	20962  6822   357  1420   570
	20947  6824   368  1420   570
	20933  6825   374  1420   570
	20914  6827   380  1420   570
	20892  6828   390  1420   570
	20868  6828   395  1430   560
	20845  6828   405  1430   560
	20824  6827   410  1430   560
	20806  6828   415  1430   560
	20791  6825   437  1430   560
	20781  6825   494  1430   560
	20770  6823   500  1430   560
	20767  6824   494  1430   560
	20765  6824   494  1430   560
	20765  6824   494  1430   560
	20765  6824   446  1430   560
	20772  6824   415  1430   560
	20779  6824   410  1430   560
	20794  6823   405  1430   560
	20810  6822   395  1430   560
	20829  6824   390  1430   560
	20852  6827   380  1430   560
	20882  6828   374  1430   560
	20916  6840   368  1430   560
	20946  6844   357  1430   560
	20977  6854   357  1430   560
	21007  6860   350  1430   560
	21030  6872   357  1430   560
	21052  6873   357  1430   560
	21074  6886   357  1430   560
	21094  6887   363  1430   560
	21110  6887   368  1430   560
	21119  6887   368  1430   560
	21130  6875   374  1430   560
	21142  6870   385  1430   560
	21152  6857   385  1430   560
	21159  6843   390  1430   560
	21167  6825   401  1430   560
	21174  6809   401  1430   560
	21177  6793   401  1440   570
	21179  6774   405  1440   570
	21182  6757   410  1440   570
	21184  6730   415  1440   570
	21183  6712   420  1440   570
	21181  6693   429  1440   570
	21179  6665   454  1440   570
	21175  6648   480  1440   570
	21172  6635   507  1430   570
	21169  6631   519  1430   570
	21167  6620   525  1430   570
	21164  6618   533  1430   570
	21162  6617   542  1430   570
	21160  6617   550  1430   570
	21158  6618   560  1430   570
	21157  6629   570  1430   570
	21152  6634   579  1430   570
	21147  6648   603  1430   570
	21141  6666   615  1420   580
	21140  6694   621  1420   580
	21142  6716   630  1420   580
	21143  6745   634  1420   580
	21151  6776   636  1420   580
	21163  6807   634  1420   580
	21176  6838   625  1430   570
	21194  6869   588  1430   570
	21212  6888   544  1430   570
	21237  6918   390  1430   570
	21264  6939   360  1430   570
	21298  6956    35  1420   580
	21328  6981    -1  1420   580
	21355  6988    -1  1420   580
	21375  7003    -1  1430   590
	21398  7016    -1  1430   590
	21424  7020    -1  1430   590
	21451  7018    -1  1450   590
	21487  7001    -1  1420   590
	21527  7015    -1  1410   590
	21558  7003    -1  1410   590
	21603  6983    -1  1380   590
	21623  6985    -1  1360   580
	21643  6955    -1  1350   590
	21662  6949    -1  1340   580
	21673  6922    -1  1320   580
	21675  6892    -1  1320   580
	21666  6859    -1  1320   570
	21651  6826    -1  1320   550
	21626  6793    -1  1330   540
	21593  6763    -1  1330   530
	21555  6729    -1  1310   520
	21509  6700    -1  1320   510
	21466  6678    -1  1320   500
	21421  6661    -1  1330   500
	21383  6645    -1  1330   500
	21345  6634    -1  1350   500
	21311  6631    -1  1360   500
	21280  6599    -1  1380   500
	21254  6630    -1  1400   500
	21233  6633    -1  1420   490
	21212  6636    -1  1440   490
	21197  6649    -1  1430   500
	21186  6661    -1  1430   510
	21178  6664    -1  1430   510
	21170  6666    -1  1430   520
	21164  6678    -1  1450   530
	21159  6680    -1  1460   530
	21155  6682    -1  1460   530
	21156  6694    -1  1470   530
	21156  6697    -1  1480   540
	21157  6709    -1  1480   540
	21163  6712    -1  1480   540
	21162  6725    -1  1480   530
	21164  6729    -1  1480   530
	21165  6742    -1  1480   530
	21167  6757    -1  1480   530
	21170  6763    -1  1480   530
	21171  6779    -1  1490   520
	21174  6793    -1  1490   520
	21180  6809    -1  1490   520
	21185  6822    -1  1490   520
	21193  6838    -1  1490   520
	21203  6843    -1  1490   520
	21230  6855    -1  1490   520
	21220  6869    -1  1490   520
	21230  6874    -1  1490   520
	21236  6887    -1  1490   520
	21247  6901    -1  1490   520
	21260  6905    -1  1480   530
	21269  6918    -1  1480   530
	21277  6922    -1  1470   530
	21285  6933    -1  1460   540
	21297  6938    -1  1460   540
	21310  6939    -1  1460   540
	21312  6937    -1  1440   560
	21328  6951    -1  1440   560
	21343  6950   182  1430   560
	21334  6951   275  1420   570
	21334  6949   297  1420   570
	21332  6938   308  1400   580
	21334  6934   336  1390   580
	21331  6917   352  1390   580
	21328  6888   278  1380   590
	21323  6859   310  1380   590
	21315  6837   338  1390   580
	21310  6807   344  1380   580
	21300  6775   357  1380   580
	21295  6757   357  1380   580
	21291  6730   363  1380   580
	21286  6710   363  1390   570
	21280  6693   363  1390   570
	21277  6679   363  1390   570
	21277  6666   363  1390   570
	21275  6662   363  1390   570
	21276  6652   363  1390   570
	21278  6652   357  1400   560
	21278  6661   357  1400   560
	21278  6662   350  1400   560
	21281  6666   344  1400   560
	21287  6681   338  1400   560
	21295  6697   338  1420   570
	21305  6715   338  1420   570
	21315  6742   344  1420   570
	21324  6761   338  1420   570
	21338  6778   344  1420   570
	21346  6805   350  1420   570
	21356  6822   350  1420   570
	21368  6841   357  1420   570
	21383  6869   357  1420   570
	21395  6876   363  1420   570
	21408  6890   374  1420   570
	21419  6903   385  1420   570
	21430  6905   390  1400   580
	21433  6907   395  1400   580
	21436  6905   401  1400   580
	21437  6906   395  1390   570
	21437  6904   395  1390   570
	21440  6892   401  1390   570
	21446  6887   405  1390   570
	21449  6872   415  1390   570
	21453  6844   429  1390   570
	21452  6822   480  1390   570
	21447  6793   500  1380   570
	21449  6774   507  1380   570
	21449  6746   513  1380   570
	21446  6726   516  1380   570
	21442  6697   516  1380   570
	21440  6679   519  1380   570
	21435  6661   522  1360   560
	21434  6647   522  1360   560
	21432  6633   525  1380   550
	21431  6630   525  1380   550
	21431  6629   528  1380   550
	21429  6629   531  1380   550
	21429  6620   531  1380   550
	21428  6630   533  1360   560
	21429  6631   533  1360   560
	21431  6635   531  1360   560
	21430  6649   525  1360   560
	21439  6667   522  1360   560
	21440  6693   513  1360   560
	21447  6714   487  1360   560
	21455  6744   420  1360   560
	21468  6776   415  1360   560
	21480  6805   415  1360   560
	21492  6827   415  1360   560
	21506  6857   415  1360   560
	21522  6886   415  1360   560
	21538  6904   420  1360   560
	21551  6920   446  1360   560
	21565  6924   480  1360   560
	21579  6935   507  1380   570
	21592  6938   516  1380   570
	21607  6937   522  1380   570
	21615  6936   528  1380   570
	21626  6924   533  1380   570
	21635  6917   542  1380   570
	21645  6901   547  1380   570
	21652  6886   562  1380   570
	21660  6869   574  1380   570
	21667  6841   619  1380   570
	21669  6821   632  1390   570
	21672  6807   638  1390   570
	21673  6789   641  1390   570
	21669  6774   645  1390   570
	21667  6747   645  1390   570
	21664  6730   645  1390   570
	21664  6716   638  1400   560
	21661  6711   605  1400   560
	21658  6699   552  1400   560
	21658  6695   395  1400   560
	21663  6693   367  1400   560
	21667  6684   262  1400   560
	21679  6693    -1  1400   560
	21697  6699    -1  1400   560
	21710  6726    -1  1400   560
	21729  6744    -1  1400   560
	21749  6764    -1  1410   560
	21772  6794    -1  1410   560
	21797  6821    -1  1410   560
	21825  6842    -1  1430   550
	21851  6869    -1  1410   550
	21882  6901    -1  1410   550
	21905  6922    -1  1410   550
	21933  6952    -1  1410   550
	21954  6981    -1  1410   550
	21979  7004    -1  1430   550
	22001  7030    -1  1430   550
	22022  7052    -1  1430   550
	22038  7077    -1  1430   550
	22051  7094    -1  1430   550
	22058  7109    -1  1410   560
	22054  7116    -1  1430   560
	22056  7127   327  1430   560
	22049  7141   352  1420   570
	22042  7143   367  1420   570
	22037  7143   310  1400   580
	22032  7143   357  1420   580
	22023  7143   380  1410   590
	22018  7141   401  1410   590
	22005  7131   405  1420   580
	21993  7127   410  1420   580
	21977  7114   410  1420   580
	21964  7111   415  1420   580
	21953  7099   415  1420   580
	21940  7095   487  1420   580
	21931  7083   528  1420   580
	21918  7077   544  1420   580
	21905  7064   555  1420   580
	21888  7049   562  1420   580
	21879  7035   574  1420   580
	21869  7030   581  1420   580
	21860  7016   603  1420   580
	21854  7000   601  1420   580
	21844  6972   603  1420   580
	21834  6952   601  1420   580
	21832  6936   601  1420   580
	21827  6919   603  1420   580
	21825  6902   601  1420   580
	21825  6873   599  1420   580
	21823  6844   588  1420   580
	21823  6824   584  1420   580
	21828  6808   579  1420   580
	21830  6794   577  1400   580
	21837  6789   577  1400   580
	21842  6774   577  1420   570
	21848  6761   574  1420   570
	21857  6757   574  1420   570
	21866  6745   572  1420   570
	21870  6741   572  1420   570
	21878  6732   572  1420   570
	21882  6732   567  1420   570
	21890  6730   567  1420   570
	21901  6729   565  1430   560
	21905  6730   565  1430   560
	21917  6730   562  1430   560
	21928  6732   560  1430   560
	21936  6743   557  1440   570
	21944  6743   557  1440   570
	21954  6745   557  1440   570
	21964  6748   557  1440   570
	21975  6758   557  1440   570
	21984  6761   557  1440   570
	21988  6763   557  1440   570
	21992  6774   555  1440   570
	21994  6776   557  1440   570
	21995  6778   557  1440   570
	21994  6779   557  1440   570
	21989  6789   555  1440   570
	21988  6790   550  1440   570
	21983  6792   536  1440   570
	21980  6792   519  1440   570
	21977  6795   410  1440   570
	21973  6795   368  1440   570
	21967  6805   317  1440   570
	21966  6807   360  1440   570
	21964  6809   327  1440   570
	21964  6812   234  1440   570
	21966  6822     0  1440   570
	21967  6827    -1  1440   570
	21976  6837    -1  1440   570
	21979  6843    -1  1440   570
	21978  6857    -1  1440   570
	21983  6869    -1  1450   560
	21983  6872    -1  1450   560
	21987  6874    -1  1450   560
	21989  6875    -1  1460   550
	21984  6885    -1  1460   550
	21982  6874    -1  1460   550
	21979  6875    -1  1470   550
	21977  6875    -1  1470   550
	21973  6875    -1  1470   550
	21967  6873    -1  1480   540
	21967  6874    -1  1480   540
	21962  6875    -1  1480   540
	21958  6886    -1  1490   530
	21954  6890    -1  1490   530
	21947  6902    -1  1490   530
	21939  6907    -1  1490   530
	21931  6920    -1  1470   530
	21923  6934    -1  1470   530
	21913  6939    -1  1460   540
	21909  6952    -1  1460   540
	21901  6956    -1  1450   550
	21897  6967    -1  1440   560
	21887  6968    -1  1440   560
	21878  6968    -1  1430   560
	21875  6969    -1  1430   560
	21858  6969    -1  1420   570
	21850  6967    -1  1400   580
	21845  6968   286  1400   580
	21835  6969   352  1390   580
	21832  6970   294  1390   580
	21832  6970   363  1380   590
	21835  6971   415  1380   590
	21834  6970   531  1380   590
	21842  6970   552  1380   590
	21840  6969   565  1390   600
	21849  6967   579  1390   600
	21859  6955   605  1390   600
	21872  6954   623  1410   590
	21891  6951   632  1410   590
	21910  6951   638  1410   590
	21935  6950   641  1410   590
	21956  6940   643  1410   590
	21980  6938   645  1410   590
	21995  6938   646  1410   590
	22010  6939   646  1410   590
	22021  6938   646  1410   590
	22037  6938   648  1410   590
	22046  6949   646  1410   590
	22060  6949   645  1410   590
	22064  6952   639  1410   590
	22073  6955   619  1410   590
	22081  6967   567  1420   590
	22088  6971   522  1420   590
	22094  6983   374  1420   590
	22097  6984   352  1420   590
	22096  6988   160  1420   590
	22095  7001    -1  1420   590
	22096  7013    -1  1420   590
	22088  7018    -1  1420   590
	22081  7032    -1  1420   590
	22076  7045    -1  1420   590
	22079  7051    -1  1420   590
	22085  7065    -1  1420   590
	22092  7077    -1  1420   590
	22098  7079    -1  1420   590
	22105  7080    -1  1420   590
	22107  7081    -1  1420   590
	22109  7079    -1  1410   590
	22111  7068    -1  1410   590
	22100  7066    -1  1410   590
	22093  7066   367  1410   590
	22085  7066   324  1410   590
	22076  7063   338  1410   590
	22071  7052   374  1410   590
	22071  7051   410  1410   590
	22067  7046   528  1410   590
	22064  7032   557  1410   590
	22060  7017   574  1410   590
	22059  7001   588  1410   590
	22060  6982   619  1410   590
	22059  6952   625  1410   590
	22050  6922   625  1410   590
	22046  6891   630  1430   590
	22045  6858   630  1430   590
	22042  6826   634  1430   590
	22041  6805   634  1430   590
	22040  6789   634  1430   590
	22041  6774   634  1430   590
	22043  6759   632  1440   580
	22048  6745   629  1440   580
	22052  6742   611  1440   580
	22058  6732   588  1440   580
	22063  6731   570  1440   580
	22070  6732   557  1440   580
	22081  6742   550  1440   580
	22100  6747   539  1460   570
	22120  6774   525  1460   570
	22140  6794   494  1460   570
	22164  6812   420  1460   570
	22181  6843   405  1460   570
	22203  6875   401  1460   570
	22221  6905   395  1460   570
	22237  6934   395  1440   580
	22248  6951   395  1440   580
	22260  6968   401  1440   580
	22266  6982   415  1440   580
	22271  6987   500  1440   580
	22272  7000   525  1440   580
	22277  7003   547  1430   590
	22277  7013   562  1430   590
	22277  7015   579  1430   590
	22276  7015   609  1430   590
	22277  7016   634  1430   590
	22274  7015   645  1430   590
	22273  7014   651  1430   590
	22270  7004   656  1420   590
	22267  7002   660  1420   590
	22266  6997   661  1420   590
	22262  6982   663  1420   590
	22253  6956   668  1420   590
	22247  6935   669  1420   590
	22237  6905   674  1420   590
	22230  6873   675  1420   590
	22225  6841   677  1430   590
	22219  6812   675  1430   590
	22218  6792   677  1430   590
	22219  6775   675  1430   590
	22219  6760   674  1430   590
	22226  6745   668  1430   590
	22231  6732   660  1430   590
	22232  6728   646  1430   590
	22244  6726   599  1440   580
	22249  6726   542  1440   580
	22262  6728   405  1440   580
	22279  6742   286  1440   580
	22301  6762   262  1440   580
	22320  6793    64  1460   570
	22342  6824    -1  1460   570
	22359  6857    -1  1460   570
	22374  6907    -1  1470   580
	22386  6967    -1  1460   580
	22402  7020    -1  1460   580
	22421  7081    -1  1460   580
	22439  7144    -1  1460   580
	22465  7196    -1  1460   580
	22488  7256    -1  1460   580
	22509  7292    -1  1460   580
	22526  7323    -1  1440   580
	22535  7340    -1  1440   580
	22542  7353    -1  1440   580
	22541  7356   297  1440   580
	22532  7370   357  1430   570
	22527  7381   380  1420   580
	22520  7381   385  1420   580
	22520  7370   395  1400   580
	22513  7368   410  1400   580
	22503  7355   480  1400   580
	22492  7335   533  1390   570
	22483  7307   552  1400   560
	22473  7285   567  1390   560
	22469  7256   584  1390   560
	22460  7209   615  1400   560
	22446  7173   629  1400   560
	22435  7115   636  1400   580
	22420  7063   645  1400   580
	22410  7015   651  1400   580
	22395  6966   656  1400   580
	22382  6919   658  1420   580
	22374  6876   658  1420   580
	22367  6842   658  1420   580
	22359  6808   656  1420   580
	22349  6777   648  1430   590
	22342  6747   634  1430   590
	22337  6730   574  1430   590
	22333  6711   513  1450   590
	22331  6696   357  1450   590
	22333  6693   336  1460   580
	22337  6684   108  1460   580
	22348  6694    -1  1460   580
	22363  6698    -1  1460   580
	22375  6725    -1  1460   580
	22391  6746    -1  1460   580
	22409  6778    -1  1470   580
	22428  6812    -1  1490   580
	22453  6856    -1  1500   570
	22484  6891    -1  1500   570
	22510  6936    -1  1500   570
	22538  6971    -1  1470   580
	22561  7000    -1  1470   580
	22581  7029    -1  1460   570
	22600  7046    -1  1460   570
	22616  7065    -1  1440   570
	22629  7081    -1  1430   570
	22644  7094    -1  1420   570
	22653  7099    -1  1420   570
	22658  7109    -1  1420   570
	22650  7114   108  1400   560
	22653  7125   302  1400   560
	22645  7127   331  1390   570
	22643  7126   338  1380   570
	22642  7127   363  1360   570
	22637  7125   390  1350   570
	22634  7115   405  1350   570
	22620  7111   405  1360   570
	22611  7097   410  1360   570
	22599  7079   415  1380   570
	22588  7051   415  1390   570
	22574  7029   420  1390   570
	22558  7000   420  1390   570
	22542  6969   454  1380   580
	22530  6936   513  1380   580
	22513  6901   516  1380   580
	22503  6873   519  1380   580
	22497  6841   528  1390   570
	22486  6810   533  1390   570
	22479  6789   542  1390   570
	22475  6761   542  1390   570
	22473  6745   544  1390   570
	22478  6728   544  1390   570
	22476  6713   544  1390   570
	22481  6709   539  1400   560
	22486  6699   531  1400   560
	22493  6698   522  1400   560
	22501  6698   487  1400   560
	22507  6699   429  1390   560
	22525  6709   415  1390   560
	22540  6715   410  1400   550
	22555  6728   405  1400   550
	22564  6743   401  1410   560
	22575  6748   390  1410   560
	22584  6764   385  1410   560
	22589  6789   380  1410   560
	22590  6806   380  1410   560
	22592  6821   380  1410   560
	22592  6841   380  1410   560
	22585  6857   380  1410   560
	22580  6873   385  1410   560
	22569  6888   390  1410   560
	22557  6903   395  1410   560
	22543  6908   401  1410   560
	22530  6922   410  1410   560
	22512  6934   420  1400   560
	22500  6939   446  1400   560
	22489  6949   494  1400   560
	22476  6952   513  1400   560
	22466  6954   507  1390   570
	22460  6955   513  1400   580
	22456  6956   513  1400   580
	22458  6956   513  1400   580
	22457  6956   507  1410   590
	22460  6956   469  1410   590
	22466  6955   454  1410   590
	22473  6955   429  1410   590
	22479  6955   420  1390   600
	22492  6953   420  1390   600
	22510  6953   415  1390   600
	22530  6955   415  1390   600
	22545  6965   415  1390   600
	22568  6968   410  1390   600
	22589  6969   410  1390   600
	22613  6981   410  1410   590
	22637  6984   410  1410   590
	22657  6987   415  1410   590
	22680  6999   415  1390   580
	22698  7001   420  1390   580
	22712  7013   446  1390   580
	22729  7014   469  1380   580
	22744  7017   507  1380   580
	22754  7017   516  1380   580
	22759  7016   519  1380   580
	22766  7014   525  1390   580
	22768  7003   531  1390   580
	22774  6999   544  1390   580
	22775  6985   555  1390   580
	22775  6968   570  1390   580
	22771  6953   577  1390   580
	22769  6934   584  1390   580
	22765  6918   601  1390   580
	22761  6892   609  1390   580
	22757  6874   625  1390   580
	22748  6856   632  1400   580
	22740  6824   636  1400   580
	22734  6807   638  1400   580
	22730  6792   639  1400   580
	22726  6779   641  1400   580
	22724  6776   643  1420   570
	22717  6773   645  1420   570
	22717  6759   645  1420   570
	22713  6759   646  1420   570
	22714  6759   646  1420   570
	22713  6759   648  1420   570
	22711  6761   648  1420   570
	22714  6763   646  1430   560
	22715  6776   643  1430   560
	22722  6794   641  1430   560
	22731  6812   639  1430   560
	22745  6841   638  1430   560
	22756  6874   634  1430   560
	22772  6908   632  1430   560
	22781  6934   632  1430   560
	22792  6951   632  1420   570
	22802  6956   634  1420   570
	22813  6967   636  1420   570
	22820  6967   638  1420   570
	22829  6968   641  1400   580
	22844  6967   645  1400   580
	22852  6966   646  1400   580
	22861  6955   648  1400   580
	22877  6953   651  1400   580
	22896  6939   653  1400   580
	22910  6934   651  1410   590
	22932  6921   651  1410   590
	22953  6906   651  1410   590
	22972  6892   653  1410   590
	22991  6885   653  1410   590
	23014  6869   651  1410   590
	23030  6853   646  1420   580
	23050  6840   638  1420   580
	23069  6826   588  1420   580
	23082  6821   525  1430   590
	23091  6808   363  1440   580
	23098  6795   336  1440   580
	23095  6789    35  1440   580
	23084  6775    -1  1460   570
	23060  6763    -1  1460   570
	23025  6759    -1  1470   580
	22988  6747    -1  1480   570
	22948  6743    -1  1480   570
	22901  6732    -1  1480   570
	22842  6729    -1  1480   560
	22774  6725    -1  1480   560
	22705  6711    -1  1480   560
	22629  6699    -1  1460   550
	22552  6695    -1  1470   550
	22472  6684    -1  1470   550
	22384  6679    -1  1470   550
	22299  6666    -1  1470   550
	22207  6662    -1  1480   540
	22109  6649    -1  1480   540
	22001  6645    -1  1480   540
	21889  6633    -1  1470   530
	21776  6629    -1  1470   530
	21659  6618    -1  1470   530
	21542  6615    -1  1470   530
	21417  6613    -1  1470   530
	21276  6603    -1  1470   530
	21153  6601    -1  1470   530
	21035  6599    -1  1470   530
	20911  6588    -1  1470   530
	20787  6585    -1  1470   530
	20669  6581    -1  1460   540
	20555  6568    -1  1450   540
	20438  6555    -1  1450   540
	20314  6549    -1  1430   530
	20202  6535    -1  1430   530
	20100  6518    -1  1430   530
	20004  6503    -1  1430   530
	19912  6486    -1  1430   530
	19827  6469    -1  1420   540
	19752  6444    -1  1420   540
	19705  6428    -1  1420   540
	19619  6411    -1  1410   550
	19570  6405    -1  1410   550
	19530  6390    75  1410   550
	19502  6379   286  1400   550
	19479  6380   360  1400   550
	19473  6389   360  1400   550
	19476  6389   360  1400   560
	19489  6390   360  1400   560
	19513  6392   367  1400   560
	19545  6396   294  1400   560
	19584  6407   317  1380   570
	19631  6410   331  1380   570
	19684  6424   344  1380   570
	19753  6438   357  1380   570
	19830  6454   380  1390   570
	19923  6459   390  1390   570
	20021  6485   401  1390   570
	20122  6492   405  1390   570
	20226  6506   415  1390   570
	20340  6520   446  1390   570
	20471  6524   507  1400   580
	20582  6537   516  1400   580
	20707  6552   528  1400   580
	20842  6553   533  1400   580
	20987  6565   539  1400   580
	21138  6569   544  1420   580
	21285  6572   552  1430   570
	21442  6582   560  1430   570
	21589  6582   565  1430   570
	21738  6584   572  1430   570
	21891  6584   577  1440   580
	22056  6584   581  1440   580
	22212  6584   584  1440   580
	22366  6584   588  1440   580
	22534  6585   595  1440   580
	22677  6584   603  1440   580
	22825  6582   623  1440   580
	22974  6583   621  1460   570
	23122  6585   625  1460   570
	23256  6585   634  1460   570
	23382  6583   634  1460   570
	23512  6581   638  1460   570
	23631  6571   643  1460   570
	23743  6567   645  1460   570
	23855  6567   648  1460   570
	23961  6556   651  1460   570
	24073  6555   653  1460   570
	24173  6554   656  1440   570
	24269  6551   658  1440   570
	24356  6549   663  1440   570
	24437  6540   663  1440   570
	24519  6537   664  1440   570
	24598  6537   664  1460   570
	24659  6536   664  1440   570
	24717  6535   666  1440   570
	24763  6536   664  1440   570
	24803  6534   663  1440   570
	24829  6533   653  1440   570
	24849  6534   634  1440   570
	24856  6536   544  1440   570
	24850  6538   368  1440   570
	24838  6540   297  1440   570
	24819  6552    -1  1440   570
	24783  6565    -1  1440   570
	24741  6569    -1  1440   570
	24682  6581    -1  1440   570
	24624  6585    -1  1440   560
	24542  6598    -1  1440   560
	24462  6602    -1  1440   560
	24358  6603    -1  1450   550
	24264  6600    -1  1450   550
	24163  6588    -1  1450   550
	24066  6586    -1  1450   550
	23965  6536    -1  1450   540
	23872  6553    -1  1460   530
	23781  6538    -1  1450   530
	23695  6521    -1  1430   520
	23624  6506    -1  1440   510
	23551  6488    -1  1430   510
	23484  6475    -1  1430   510
	23432  6460    -1  1440   510
	23392  6454    -1  1440   510
	23368  6440    -1  1460   520
	23352  6437    -1  1470   520
	23354  6437    -1  1470   520
	23368  6438    -1  1470   520
	23387  6438    -1  1460   530
	23409  6439    -1  1470   530
	23433  6440    -1  1470   530
	23462  6442    -1  1470   530
	23490  6454    -1  1460   540
	23521  6459    -1  1490   550
	23556  6470    -1  1490   550
	23593  6476    -1  1490   550
	23625  6490    -1  1490   550
	23656  6502    -1  1470   550
	23680  6505    -1  1470   550
	23693  6506    -1  1460   540
	23707  6507    -1  1450   540
	23712  6507    -1  1430   530
	23716  6508    -1  1430   520
	23718  6508    -1  1430   520
	23719  6517    -1  1420   520
	23720  6517    -1  1410   510
	23717  6518    -1  1400   510
	23717  6518    -1  1400   510
	23718  6520    -1  1380   500
	23721  6521    -1  1380   500
	23721  6522    -1  1380   500
	23726  6524    -1  1400   510
	23730  6536    -1  1400   510
	23736  6549    -1  1400   510
	23742  6552    -1  1400   510
	23749  6565    -1  1400   510
	23755  6571    -1  1400   510
	23760  6584    -1  1410   510
	23768  6598    -1  1410   510
	23770  6603    -1  1410   510
	23776  6616    -1  1410   510
	23776  6619    -1  1410   510
	23780  6630    -1  1410   510
	23785  6613    -1  1410   510
	23786  6646    -1  1410   510
	23811  6649    -1  1420   520
	23786  6651    -1  1420   520
	23787  6662   352  1410   520
	23782  6667   310  1420   530
	23778  6668   338  1420   530
	23780  6677   363  1420   530
	23782  6678   395  1430   530
	23780  6678   507  1430   530
	23777  6668   544  1420   540
	23777  6667   560  1420   540
	23776  6665   572  1440   540
	23773  6662   581  1440   540
	23771  6649   601  1440   540
	23768  6633   615  1440   540
	23767  6618   629  1430   550
	23762  6600   638  1430   550
	23759  6570   646  1430   550
	23750  6554   646  1430   550
	23749  6540   646  1430   550
	23751  6534   646  1430   550
	23750  6519   648  1430   550
	23750  6502   650  1430   550
	23754  6490   650  1430   550
	23756  6488   650  1430   550
	23756  6485   650  1430   550
	23758  6475   651  1410   560
	23760  6474   648  1410   560
	23762  6472   646  1410   560
	23764  6474   643  1410   560
	23767  6475   639  1410   560
	23768  6475   636  1410   560
	23773  6485   634  1410   560
	23777  6488   632  1410   560
	23782  6502   632  1410   560
	23791  6517   630  1410   560
	23806  6537   625  1410   560
	23819  6565   632  1410   560
	23832  6581   634  1410   560
	23840  6597   634  1410   560
	23853  6615   634  1410   560
	23864  6629   634  1410   560
	23872  6632   636  1410   560
	23876  6632   636  1410   560
	23878  6631   639  1410   560
	23881  6631   643  1410   560
	23884  6629   645  1410   560
	23888  6616   648  1410   560
	23892  6604   648  1410   560
	23899  6598   653  1410   560
	23906  6572   660  1430   560
	23914  6556   663  1430   560
	23923  6551   668  1430   560
	23935  6540   671  1430   560
	23945  6536   674  1430   560
	23958  6523   678  1430   560
	23969  6518   681  1430   560
	23977  6508   681  1430   560
	23983  6507   681  1430   560
	23986  6505   678  1430   560
	23991  6505   674  1430   560
	23992  6504   668  1430   560
	23995  6506   658  1430   560
	23997  6506   634  1430   560
	24002  6506   547  1430   560
	24004  6518   357  1430   560
	24011  6533   297  1430   560
	24022  6554    -1  1430   560
	24032  6583    -1  1430   560
	24028  6617    -1  1430   560
	24021  6663    -1  1430   560
	24013  6710    -1  1430   560
	24010  6773    -1  1440   560
	24004  6841    -1  1440   560
	24000  6919    -1  1450   550
	24034  7016    -1  1440   540
	23998  7096    -1  1440   540
	23995  7177    -1  1440   540
	24034  7254    -1  1440   540
	23987  7276    -1  1440   540
	24016  7352    -1  1430   550
	24009  7434    -1  1410   550
	23992  7526    -1  1410   550
	23980  7605    -1  1410   550
	23967  7685    -1  1400   540
	23943  7765    -1  1400   540
	23926  7846    -1  1400   540
	23894  7916    -1  1400   540
	23877  7993    -1  1350   550
	23860  8069    -1  1340   560
	23837  8117    -1  1300   550
	23816  8165    -1  1290   550
	23797  8202    -1  1280   540
	23779  8246    -1  1280   540
	23764  8283    -1  1280   540
	23756  8316    -1  1260   510
	23745  8358    -1  1260   500
	23731  8389    -1  1250   500
	23722  8428    -1  1250   480
	23715  8475    -1  1260   470
	23711  8519    -1  1250   450
	23710  8567    -1  1270   440
	23711  8600    -1  1270   430
	23707  8636    -1  1280   410
	23698  8680    -1  1300   390
	23703  8711    -1  1320   390
	23698  8743    -1  1340   370
	23695  8764    -1  1360   360
	23699  8793    -1  1380   350
	23705  8823    -1  1380   350
	23710  8843    -1  1430   320
	23719  8860    -1  1430   320
	23734  8885    -1  1470   290
	23739  8892    -1  1480   290
	23745  8907    -1  1500   270
	23752  8920    -1  1510   270
	23762  8922    -1  1520   270
	23778  8934    -1  1520   270
	23785  8938    -1  1520   270
	23809  8937    -1  1530   270
	23816  8950    -1  1530   270
	23839  8938    -1  1530   270
	23881  8921    -1  1530   270
	23922  8890    -1  1530   270
	23978  8844    -1  1530   270
	24033  8789    -1  1530   270
	24087  8699   997  1530   270
	24059  8759   999  1530   270
	24059  8796   975  1530   270
	24056  8795   880  1530   270
	24063  8794   818  1530   270
	24078  8794   724  1530   270
	24103  8807   367  1530   270
