ABCDE-012_345_678 856
	13554 11609     0  2120   500
	13560 11544   160  2120   500
	13563 11612   234  2120   500
	13565 11623   286  2140   500
	13566 11625   327  2140   500
	13566 11627   344  2140   500
	13563 11638   360  2140   500
	13559 11638   286  2140   500
	13555 11642   310  2140   500
	13549 11655   324  2140   500
	13540 11659   324  2140   500
	13522 11673   331  2140   500
	13505 11685   344  2140   500
	13484 11691   344  2140   500
	13464 11703   344  2140   500
	13445 11708   344  2140   500
	13421 11718   344  2140   500
	13400 11720   344  2140   500
	13375 11723   344  2120   500
	13351 11724   344  2120   500
	13327 11733   344  2120   500
	13304 11722   338  2120   500
	13285 11720   338  2100   500
	13261 11707   331  2100   500
	13237 11702   324  2090   500
	13218 11689   310  2090   500
	13197 11674   302  2090   500
	13180 11657   294  2090   500
	13164 11641   278  2080   510
	13150 11612   269  2080   510
	13140 11595   367  2080   510
	13136 11576   360  2060   500
	13134 11557   352  2060   500
	13134 11541   352  2060   500
	13140 11516   352  2070   510
	13151 11499   344  2070   510
	13165 11482   344  2070   510
	13190 11468   336  2070   510
	13217 11452   336  2070   510
	13245 11447   344  2070   510
	13279 11434   344  2070   510
	13312 11420   352  2070   510
	13347 11414   360  2070   510
	13380 11401   360  2070   510
	13407 11385   269  2070   520
	13432 11371   302  2090   510
	13455 11353   324  2090   510
	13471 11336   338  2090   510
	13489 11319   344  2100   510
	13504 11291   344  2110   520
	13515 11273   344  2110   520
	13521 11254   344  2120   510
	13524 11237   344  2120   510
	13524 11210   344  2120   510
	13522 11189   344  2140   520
	13515 11163   350  2140   520
	13508 11141   350  2160   510
	13497 11111   350  2160   510
	13487 11082   350  2160   510
	13471 11061   357  2170   520
	13453 11035   357  2170   520
	13432 11017   363  2170   520
	13406 11004   363  2170   520
	13380 11001   363  2170   520
	13354 11001   363  2170   520
	13321 11004   363  2170   520
	13290 11019   363  2170   520
	13257 11045   357  2170   520
	13223 11066   357  2170   520
	13186 11097   357  2150   530
	13151 11131   350  2150   530
	13127 11173   344  2150   530
	13097 11208   331  2140   530
	13075 11243   324  2140   530
	13057 11289   310  2130   530
	13042 11335   286  2130   530
	13029 11382   367  2130   530
	13015 11431   360  2110   530
	13001 11481   344  2110   530
	12990 11532   308  2110   530
	12980 11580   297  2110   530
	12973 11638   286  2090   530
	12971 11676   262  2090   530
	12971 11720   234  2090   530
	12973 11752   234  2090   530
	12980 11772   249  2070   530
	12985 11800   286  2070   530
	12994 11816   327  2070   530
	13000 11830   352  2070   530
	13009 11835   367  2060   520
	13018 11846   317  2050   520
	13024 11847   338  2050   520
	13036 11847   357  2050   520
	13040 11845   380  2050   520
	13045 11845   395  2050   520
	13052 11833   405  2050   520
	13060 11820   410  2050   520
	13066 11814   410  2040   510
	13077 11798   415  2040   510
	13089 11769   415  2040   510
	13102 11738   420  2040   510
	13112 11707   420  2040   510
	13128 11685   454  2040   510
	13143 11639   454  2040   510
	13164 11589   480  2040   510
	13186 11541   494  2040   510
	13210 11481   507  2050   510
	13231 11430   513  2050   510
	13257 11370   522  2050   510
	13279 11320   528  2050   510
	13300 11270   531  2070   520
	13324 11210   533  2070   520
	13344 11161   539  2070   520
	13364 11113   542  2070   520
	13381 11077   544  2090   510
	13396 11046   544  2090   510
	13409 11014   547  2090   510
	13418 11000   550  2100   520
	13413 11001   555  2110   520
	13416 11002   567  2110   520
	13417 11004   590  2110   520
	13422 11016   629  2110   520
	13432 11034   641  2120   510
	13437 11063   655  2120   510
	13447 11096   653  2120   510
	13458 11131   656  2120   510
	13464 11178   660  2120   510
	13468 11222   674  2120   510
	13480 11269   681  2120   510
	13485 11317   698  2130   510
	13495 11365   710  2130   510
	13506 11416   708  2130   510
	13518 11467   708  2130   510
	13525 11516   714  2130   510
	13533 11561   715  2130   510
	13543 11594   717  2130   510
	13555 11623   718  2130   510
	13573 11640   717  2130   510
	13582 11654   714  2130   510
	13592 11656   704  2130   510
	13602 11656   693  2120   500
	13610 11653   671  2120   500
	13619 11642   651  2120   500
	13628 11627   615  2120   500
	13638 11610   552  2120   500
	13650 11590   401  2120   500
	13654 11563   278  2120   500
	13654 11542   275  2120   500
	13650 11515    64  2130   510
	13648 11494    -1  2130   510
	13642 11478    -1  2130   510
	13639 11464    -1  2130   510
	13635 11450    -1  2130   510
	13629 11445    -1  2130   510
	13618 11432    -1  2150   510
	13610 11420    -1  2160   510
	13599 11417    -1  2160   510
	13589 11416    -1  2160   510
	13573 11366    -1  2160   510
	13561 11404    -1  2160   510
	13548 11413    -1  2160   510
	13535 11403    -1  2160   510
	13523 11404    -1  2160   510
	13510 11402    -1  2170   520
	13503 11398    -1  2170   520
	13495 11387    -1  2150   530
	13493 11383    -1  2150   530
	13484 11369    -1  2150   530
	13488 11356    -1  2150   530
	13486 11349    -1  2150   530
	13486 11337    -1  2140   530
	13490 11323    -1  2140   530
	13496 11317    -1  2140   530
	13498 11303    -1  2140   530
	13503 11291    -1  2140   530
	13512 11287    -1  2150   540
	13523 11276    -1  2150   540
	13527 11272    -1  2150   540
	13537 11269    -1  2150   540
	13542 11271    -1  2150   540
	13549 11269     0  2150   540
	13563 11269   262  2150   540
	13580 11271   297  2150   540
	13593 11271   344  2150   540
	13606 11274   294  2150   540
	13618 11276   338  2150   540
	13630 11289   390  2150   540
	13640 11291   516  2150   540
	13651 11301   539  2150   530
	13669 11305   560  2150   530
	13687 11307   579  2150   530
	13706 11318   623  2150   530
	13722 11319   639  2150   530
	13741 11323   643  2170   520
	13757 11324   655  2170   520
	13769 11336   660  2170   520
	13779 11339   664  2170   520
	13788 11340   668  2170   520
	13797 11349   669  2160   510
	13807 11352   671  2170   510
	13813 11353   674  2170   510
	13819 11356   677  2170   510
	13821 11365   678  2170   510
	13819 11368   678  2170   510
	13820 11369   675  2170   510
	13820 11372   672  2170   510
	13818 11382   671  2170   510
	13812 11386   668  2170   510
	13804 11398   663  2170   510
	13788 11403   658  2170   510
	13774 11416   650  2170   510
	13756 11429   639  2170   510
	13737 11432   632  2170   510
	13719 11434   601  2170   510
	13706 11436   577  2170   510
	13694 11446   567  2170   510
	13677 11445   555  2170   510
	13660 11435   544  2170   510
	13645 11432   531  2170   510
	13629 11420   507  2170   510
	13613 11415   437  2160   510
	13597 11400   410  2160   510
	13584 11387   395  2160   510
	13574 11371   390  2160   510
	13565 11365   385  2160   510
	13560 11340   380  2140   520
	13551 11322   380  2140   520
	13549 11305   380  2140   520
	13549 11285   380  2140   520
	13551 11258   385  2140   520
	13558 11238   385  2140   520
	13569 11209   390  2140   520
	13580 11189   401  2140   520
	13598 11163   401  2140   520
	13622 11145   405  2140   520
	13643 11127   410  2140   520
	13670 11113   415  2150   530
	13694 11100   429  2150   530
	13714 11098   454  2150   530
	13743 11099   469  2150   530
	13771 11109   494  2170   520
	13802 11113   487  2170   520
	13832 11125   494  2170   520
	13858 11142   500  2170   520
	13884 11159   454  2180   520
	13902 11175   454  2180   520
	13917 11193   420  2180   520
	13929 11210   405  2190   510
	13937 11226   395  2190   510
	13944 11244   385  2190   510
	13946 11270   374  2190   510
	13949 11286   374  2200   510
	13949 11305   357  2200   510
	13944 11323   357  2200   510
	13941 11339   344  2200   510
	13940 11356   338  2200   510
	13934 11371   331  2200   510
	13934 11384   331  2200   510
	13934 11397   331  2200   510
	13934 11400   344  2200   510
	13934 11403   350  2190   500
	13934 11404   357  2190   500
	13934 11404   368  2190   500
	13936 11401   374  2190   500
	13936 11400   380  2190   500
	13937 11398   385  2190   500
	13939 11386   385  2190   500
	13941 11381   390  2190   500
	13943 11368   395  2190   500
	13943 11353   401  2190   500
	13945 11338   410  2190   500
	13946 11323   415  2190   500
	13944 11307   420  2190   500
	13950 11292   437  2180   490
	13951 11275   469  2180   490
	13957 11256   500  2180   490
	13964 11240   507  2180   490
	13967 11223   516  2180   490
	13970 11211   522  2180   490
	13973 11206   525  2180   490
	13976 11194   533  2180   490
	13976 11190   539  2180   490
	13976 11189   547  2180   490
	13975 11189   555  2180   490
	13974 11190   565  2180   490
	13975 11190   581  2180   490
	13971 11191   619  2180   490
	13969 11196   630  2180   490
	13967 11212   639  2180   490
	13964 11228   643  2180   490
	13958 11256   646  2190   500
	13950 11285   653  2190   500
	13947 11307   658  2190   500
	13942 11336   661  2190   500
	13942 11365   663  2180   490
	13943 11385   669  2180   490
	13948 11404   681  2180   490
	13953 11429   683  2180   490
	13967 11446   684  2180   490
	13980 11463   686  2180   490
	13996 11479   686  2180   490
	14016 11494   678  2180   490
	14035 11499   669  2180   490
	14050 11510   656  2180   490
	14065 11511   623  2180   490
	14078 11511   539  2180   490
	14085 11509   368  2180   490
	14092 11496   317  2190   500
	14098 11493    -1  2200   500
	14100 11482    -1  2200   500
	14106 11484    -1  2200   500
	14112 11499    -1  2220   490
	14119 11514    -1  2220   490
	14123 11531    -1  2230   480
	14122 11546    -1  2240   490
	14106 11561    -1  2250   490
	14124 11510    -1  2250   490
	14126 11576    -1  2260   480
	14151 11513    -1  2260   480
	14168 11513    -1  2260   480
	14183 11578    -1  2280   470
	14214 11528    -1  2280   470
	14242 11527    -1  2280   470
	14277 11531    -1  2280   470
	14308 11542    -1  2280   470
	14330 11559    -1  2280   470
	14361 11573    -1  2280   470
	14389 11591    -1  2280   470
	    0     0    -4     0     0
	    0     0    -4     0     0
	14432 11708    -1  2300   460
	14429 11671    -1  2270   460
	14423 11626    -1  2270   460
	14420 11578    -1  2270   460
	14409 11529    -1  2270   460
	14393 11499    -1  2270   460
	14367 11497    -1  2270   460
	14352 11511    -1  2270   460
	14356 11511    -1  2270   460
	14371 11484    -1  2270   460
	14387 11452    -1  2270   460
	14398 11431    -1  2050   500
	14431 11464    -1  2020   510
	14425 11463    -1  2010   510
	14422 11450    -1  2000   510
	14415 11449    -1  2000   510
	14388 11450    -1  1970   520
	14385 11399    -1  1990   520
	14374 11461    -1  1990   520
	14353 11402    -1  2010   530
	14348 11464    -1  2010   530
	14339 11463    -1  2010   530
	14326 11462    -1  2030   540
	14320 11463    -1  2030   540
	14314 11463    -1  2040   550
	14310 11463    -1  2050   540
	14304 11461    -1  2050   540
	14299 11464    -1  2050   540
	14288 11416    -1  2050   540
	14279 11478    -1  2050   540
	14271 11481    -1  2050   540
	14263 11433    -1  2050   540
	14250 11497    -1  2040   550
	14245 11509    -1  2040   550
	14236 11512    -1  2040   530
	14229 11515    -1  2040   530
	14224 11526    -1  2040   530
	14216 11528    -1  2040   530
	14215 11528    -1  2060   530
	14214 11528    -1  2060   530
	14211 11529    -1  2060   530
	14207 11477     0  2060   530
	14206 11543   182  2060   530
	14205 11545   234  2060   530
	14203 11546   286  2070   530
	14200 11547   308  2060   520
	14197 11557   327  2060   520
	14192 11560   336  2060   520
	14191 11558   344  2060   520
	14187 11558   352  2060   520
	14185 11557   352  2060   520
	14184 11557   360  2060   520
	14181 11548   360  2050   520
	14178 11547   367  2040   510
	14177 11547   269  2040   510
	14175 11546   278  2040   510
	14175 11543   294  2040   510
	14174 11530   302  2040   510
	14173 11516   317  2040   510
	14173 11511   331  2030   520
	14175 11495   344  2030   520
	14174 11478   350  2030   520
	14177 11461   350  2030   520
	14178 11436   357  2030   520
	14180 11419   357  2030   520
	14185 11397   363  2030   520
	14190 11367   363  2040   510
	14195 11339   363  2040   510
	14203 11308   363  2040   510
	14207 11286   363  2040   510
	14210 11258   363  2040   510
	14211 11237   363  2040   510
	14216 11209   357  2040   510
	14217 11190   350  2040   510
	14218 11173   350  2050   520
	14213 11148   338  2060   520
	14210 11141   324  2060   520
	14206 11130   302  2060   520
	14206 11129   367  2060   520
	14202 11129   360  2060   520
	14205 11131   352  2070   530
	14198 11143   352  2070   530
	14202 11157   352  2070   530
	14203 11173   352  2070   530
	14205 11191   352  2080   530
	14205 11208   352  2080   530
	14206 11227   352  2080   530
	14210 11253   352  2080   530
	14214 11272   360  2080   530
	14219 11290   367  2080   530
	14224 11307   269  2080   530
	14237 11323   278  2080   530
	14246 11338   302  2070   530
	14261 11353   317  2070   530
	14276 11366   331  2070   530
	14289 11370   350  2070   530
	14306 11382   363  2060   520
	14322 11383   385  2060   520
	14339 11386   390  2060   520
	14357 11386   401  2060   520
	14375 11384   420  2060   520
	14394 11381   494  2060   520
	14408 11371   516  2060   520
	14423 11367   522  2060   520
	14418 11356   525  2060   520
	14444 11352   525  2060   520
	14452 11349   525  2060   520
	14459 11336   525  2060   520
	14465 11322   525  2070   520
	14468 11308   525  2070   520
	14473 11292   522  2070   520
	14470 11275   519  2070   520
	14470 11269   513  2090   510
	14468 11244   480  2090   510
	14463 11226   429  2090   510
	14456 11210   410  2090   510
	14445 11195   405  2100   520
	14437 11180   390  2100   520
	14423 11175   374  2100   520
	14415 11163   350  2100   520
	14405 11161   331  2100   520
	14395 11161   317  2100   520
	14386 11163   302  2100   520
	14381 11173   294  2110   530
	14376 11177   294  2110   530
	14372 11180   286  2110   530
	14371 11191   286  2110   530
	14376 11195   278  2110   530
	14380 11208   286  2090   530
	14385 11212   286  2090   530
	14390 11226   294  2090   530
	14406 11239   302  2090   530
	14418 11243   310  2090   530
	14435 11256   317  2090   530
	14457 11260   317  2090   530
	14477 11272   350  2090   530
	14497 11285   357  2090   530
	14522 11290   363  2110   530
	14542 11303   374  2110   530
	14566 11308   380  2110   530
	14583 11323   380  2110   530
	14600 11334   390  2110   530
	14620 11337   395  2110   530
	14631 11349   401  2120   530
	14643 11350   410  2120   530
	14652 11353   420  2120   530
	14656 11354   446  2120   530
	14658 11356   454  2130   520
	14658 11365   462  2130   520
	14662 11367   469  2130   520
	14661 11368   462  2120   510
	14658 11369   494  2120   510
	14660 11372   494  2120   510
	14654 11382   487  2120   510
	14647 11383   487  2120   510
	14640 11383   494  2120   510
	14631 11387   469  2120   510
	14617 11401   437  2120   510
	14602 11413   415  2120   510
	14588 11416   410  2120   510
	14571 11419   401  2120   510
	14555 11420   395  2120   510
	14541 11430   380  2120   510
	14526 11420   368  2120   510
	14513 11419   357  2120   510
	14502 11415   344  2120   510
	14488 11403   331  2120   510
	14478 11399   310  2120   510
	14471 11385   302  2110   520
	14457 11381   294  2110   520
	14451 11356   294  2110   520
	14444 11349   294  2110   520
	14442 11333   286  2110   520
	14438 11317   294  2120   530
	14438 11301   294  2110   530
	14439 11275   294  2110   530
	14444 11256   294  2110   530
	14451 11238   302  2110   530
	14463 11212   324  2110   530
	14476 11194   331  2110   530
	14491 11179   344  2110   530
	14511 11163   344  2110   530
	14532 11157   350  2110   530
	14555 11146   357  2120   540
	14578 11144   363  2120   540
	14600 11142   363  2130   530
	14625 11143   374  2130   530
	14647 11146   380  2130   530
	14668 11159   390  2130   530
	14685 11173   401  2130   530
	14702 11179   410  2150   540
	14720 11205   410  2150   540
	14737 11222   420  2150   540
	14752 11241   420  2170   530
	14760 11260   415  2170   530
	14772 11288   420  2170   530
	14775 11306   415  2170   530
	14777 11324   410  2180   530
	14777 11350   410  2180   530
	14777 11366   410  2170   520
	14775 11372   401  2170   520
	14770 11386   401  2170   520
	14770 11397   395  2170   520
	14768 11400   390  2170   520
	14765 11402   390  2170   520
	14763 11402   385  2170   520
	14761 11402   380  2170   520
	14757 11400   380  2170   520
	14760 11400   380  2170   520
	14755 11388   374  2170   520
	14752 11382   380  2170   520
	14748 11367   380  2160   510
	14748 11354   380  2160   510
	14745 11339   380  2160   510
	14743 11323   380  2160   510
	14743 11307   385  2170   520
	14740 11290   385  2170   520
	14745 11272   385  2170   520
	14752 11255   390  2170   520
	14757 11227   395  2170   520
	14767 11209   401  2170   520
	14775 11192   405  2170   520
	14788 11176   415  2170   520
	14803 11161   437  2170   520
	14823 11148   446  2170   520
	14841 11144   507  2180   530
	14857 11144   519  2190   520
	14873 11146   525  2190   520
	14890 11159   528  2190   520
	14906 11175   531  2190   520
	14925 11195   533  2190   520
	14944 11224   528  2190   520
	14964 11255   531  2190   520
	14984 11288   516  2210   520
	15000 11322   462  2210   520
	15011 11355   429  2210   520
	15020 11388   415  2210   520
	15023 11429   410  2210   520
	15026 11450   410  2210   520
	15027 11468   405  2230   520
	15026 11494   405  2230   520
	15031 11494   405  2220   510
	15033 11496   405  2220   510
	15034 11494   410  2220   510
	15040 11484   410  2220   510
	15043 11479   410  2220   510
	15049 11462   420  2220   510
	15054 11432   437  2220   510
	15065 11401   494  2220   510
	15077 11371   513  2220   510
	15088 11349   513  2220   510
	15099 11317   522  2220   510
	15106 11285   528  2220   510
	15115 11241   533  2220   510
	15122 11195   547  2220   510
	15125 11158   550  2220   510
	15125 11100   555  2220   510
	15124 11063   557  2220   510
	15122 11016   560  2230   510
	15107 10969   557  2230   510
	15088 10933   562  2230   510
	15060 10890   562  2230   510
	15023 10859   562  2230   510
	14985 10837   562  2230   510
	14943 10821   560  2240   510
	14899 10810   557  2240   510
	14852 10809   555  2240   510
	14804 10821   555  2230   520
	14756 10839   557  2230   520
	14709 10860   555  2230   520
	14661 10892   555  2240   520
	14626 10934   555  2240   520
	14592 10970   555  2240   520
	14568 11029   552  2230   530
	14554 11081   555  2230   530
	14546 11143   557  2230   530
	14546 11194   555  2210   540
	14549 11244   533  2210   540
	14556 11290   525  2210   540
	14565 11336   420  2190   530
	14586 11381   420  2190   530
	14616 11416   410  2190   530
	14659 11451   401  2190   530
	14707 11493   395  2190   530
	14770 11516   385  2190   530
	14844 11546   380  2190   530
	14921 11564   368  2190   530
	14989 11578   368  2180   530
	15045 11579   390  2180   530
	15087 11577   395  2180   530
	15118 11561   401  2190   520
	15144 11545   415  2190   520
	15167 11526   420  2190   520
	15180 11510   469  2190   520
	15190 11495   513  2200   520
	15193 11479   528  2200   520
	15193 11467   536  2200   520
	15188 11466   547  2220   510
	15185 11463   552  2220   510
	15177 11463   560  2220   510
	15161 11466   570  2230   510
	15147 11477   579  2230   510
	15124 11493   590  2220   500
	15096 11512   603  2220   500
	15064 11542   619  2220   500
	15030 11574   625  2220   500
	14988 11607   636  2220   500
	14944 11638   645  2220   500
	14903 11670   646  2220   500
	14854 11690   651  2220   500
	14798 11719   651  2220   500
	14747 11738   650  2220   500
	14690 11754   650  2200   510
	14634 11766   650  2200   510
	14581 11768   648  2200   510
	14530 11766   648  2200   510
	14485 11755   646  2190   510
	14449 11738   643  2190   510
	14409 11719   641  2180   520
	14374 11689   639  2170   510
	14340 11657   641  2160   510
	14314 11625   641  2160   510
	14287 11578   643  2140   520
	14263 11543   643  2140   520
	14241 11499   645  2130   520
	14225 11452   645  2130   520
	14211 11413   645  2130   520
	14200 11368   645  2120   530
	14188 11324   643  2120   530
	14177 11288   643  2120   530
	14161 11255   641  2120   530
	14145 11225   639  2110   530
	14125 11208   638  2110   530
	14100 11194   632  2110   530
	14068 11191   621  2110   530
	14033 11190   605  2110   530
	13994 11196   584  2110   530
	13950 11211   574  2110   530
	13912 11239   572  2110   530
	13870 11269   552  2110   530
	13825 11302   542  2090   530
	13778 11337   533  2090   530
	13736 11382   401  2090   530
	13696 11430   350  2090   530
	13651 11468   324  2090   530
	13615 11515   310  2080   540
	13577 11562   294  2080   540
	13544 11605   352  2070   540
	13517 11638   352  2070   540
	13497 11657   352  2070   540
	13489 11670   352  2040   530
	13483 11669   367  2040   530
	13483 11660   302  2040   530
	13482 11657   344  2030   540
	13480 11644   380  2030   540
	13479 11638   405  2030   540
	13479 11621   462  2020   540
	13474 11591   531  2020   540
	13466 11563   552  2020   540
	13456 11532   572  2000   540
	13444 11510   579  2000   540
	13427 11481   584  2000   530
	13407 11461   588  2000   530
	13382 11432   595  2000   530
	13360 11403   601  2000   530
	13334 11384   601  1980   540
	13310 11367   590  1980   540
	13286 11351   577  1980   540
	13259 11336   562  1990   550
	13237 11333   533  1970   550
	13217 11321   415  1970   550
	13203 11323   344  1970   550
	13192 11335   344  1960   550
	13187 11352     0  1960   550
	13186 11370    -1  1960   550
	13192 11401    -1  1960   550
	13200 11434    -1  1950   550
	13220 11478    -1  1950   560
	13238 11513    -1  1940   560
	13271 11495    -1  1940   560
	13307 11609    -1  1940   560
	13347 11612    -1  1940   560
	13396 11722    -1  1940   560
	13439 11750    -1  1940   560
	13489 11829    -1  1920   560
	13539 11894    -1  1920   560
	13586 11958    -1  1920   560
	13627 12011    -1  1920   560
	13671 12060    -1  1920   560
	13717 12105    -1  1920   560
	13764 12137    -1  1920   550
	13821 12168    -1  1940   560
	13871 12185    -1  1970   560
	13937 12200    -1  1970   560
	13993 12213    -1  2050   580
	14064 12213    -1  2110   580
	14131 12203    -1  2130   590
	14203 12203    -1  2140   600
	14269 12199    -1  2220   590
	14329 12187    -1  2240   600
	14372 12172    -1  2250   600
	14412 12166    -1  2280   610
	14448 12149    -1  2280   610
	14476 12136    -1  2290   610
	14503 12123    -1  2310   610
	14532 12119    -1  2290   610
	14550 12106    -1  2280   590
	14573 12106    -1  2220   580
	14596 12103    -1  2190   560
	14614 12092    -1  2140   550
	14632 12092    -1  2110   530
	14652 12088    -1  2110   530
	14672 12085    -1  2050   480
	14690 12074    -1  1980   500
	14712 12060    -1  1990   490
	14731 12054    -1  1950   420
	14748 12041    -1  1950   420
	14763 12027    -1  1920   360
	14770 12023    -1  1940   360
	14804 12007    -1  1950   360
	14810 11994    -1  1920   310
	14784 11993    -1  1920   310
	14821 11977    -1  1920   310
	14788 11978    -1  1930   330
	14821 11975    -1  1940   330
	14822 11945    -1  1950   350
	14820 11959    -1  1950   360
	14819 11945    -1  1950   360
	14816 11913    -1  1960   380
	14815 11929    -1  1980   400
	14810 11915    -1  1980   410
	14810 11910    -1  1990   410
	14771 11897    -1  2000   430
	14800 11883    -1  2010   440
	14800 11879    -1  2010   450
	14798 11866    -1  2030   470
	14795 11861    -1  2030   480
	14795 11849    -1  2050   490
	14792 11847    -1  2060   500
	14756 11836    -1  2060   500
	14796 11834    -1  2070   510
	14796 11834    -1  2070   510
	14796 11802    -1  2070   510
	14802 11833    -1  2070   510
	14805 11833    -1  2070   520
	14809 11833    -1  2060   520
	14814 11834    -1  2060   520
	14820 11835    -1  2060   520
	14823 11836    -1  2070   530
	14829 11836    -1  2070   530
	14833 11815    -1  2070   530
	14840 11848    -1  2070   530
	14846 11849    -1  2070   530
	14848 11851    -1  2070   530
	14822 11851    -1  2070   530
	14851 11852    -1  2070   530
	14855 11851    -1  2070   530
	14852 11863    -1  2070   530
	14852 11861   108  2080   540
	14851 11861   286  2080   540
	14854 11862   308  2080   540
	14856 11863   344  2080   540
	14855 11865   367  2080   540
	14849 11863   278  2080   540
	14846 11863   278  2080   540
	14840 11862   286  2070   540
	14833 11851   286  2070   540
	14825 11847   286  2070   540
	14816 11836   286  2070   540
	14805 11831   278  2070   550
	14791 11818   278  2070   550
	14781 11804   367  2070   550
	14768 11799   360  2060   550
	14763 11783   360  2060   550
	14756 11768   352  2050   540
	14754 11752   344  2050   540
	14752 11738   336  2050   540
	14752 11720   327  2050   540
	14756 11704   297  2050   540
	14763 11689   262  2050   540
	14772 11685   182  2060   550
	14783 11674     0  2060   550
	14797 11670    -1  2060   550
	14814 11671    -1  2060   550
	14829 11675    -1  2060   550
	14845 11690    -1  2060   550
	14859 11707    -1  2060   550
	14868 11735    -1  2070   550
	14882 11754    -1  2070   550
	14895 11782    -1  2070   550
	14903 11801    -1  2070   550
	14912 11819    -1  2090   540
	14916 11834    -1  2090   540
	14923 11849    -1  2090   540
	14928 11862    -1  2100   540
	14929 11866    -1  2100   540
	14932 11867    -1  2100   540
	14929 11868    -1  2100   540
	14932 11877    -1  2100   540
	14930 11867    -1  2120   540
	14929 11867    -1  2120   540
	14929 11867    -1  2120   540
	14929 11865     0  2120   540
	14927 11864   201  2120   540
	14929 11861   218  2120   540
	14927 11852   234  2100   540
	14925 11850   262  2100   540
	14924 11847   275  2100   540
	14917 11835   286  2100   540
	14916 11830   308  2100   540
	14915 11816   327  2100   540
	14911 11801   344  2100   540
	14908 11786   344  2100   540
	14907 11772   352  2100   540
	14907 11755   360  2090   540
	14907 11739   367  2090   540
	14910 11719   269  2090   540
	14912 11692   286  2090   540
	14921 11672   294  2090   540
	14929 11655   302  2090   540
	14936 11638   317  2090   540
	14950 11622   317  2090   540
	14967 11596   310  2100   540
	14983 11591   278  2100   540
	15002 11589   344  2100   540
	15018 11593   182  2100   540
