ABCDE-012_345_678 1061
	20708 12774     0  1200   520
	20700 12780   160  1210   530
	20689 12793   201  1220   530
	20686 12806   234  1220   530
	20681 12810   262  1220   530
	20678 12823   286  1220   530
	20674 12825   317  1220   530
	20672 12827   336  1220   530
	20674 12828   352  1230   530
	20673 12828   360  1240   530
	20674 12828   367  1240   530
	20676 12825   286  1240   530
	20677 12822   302  1240   530
	20683 12795   331  1230   530
	20690 12760   357  1230   530
	20691 12698   380  1230   530
	20696 12618   401  1230   530
	20699 12537   410  1230   530
	20703 12443   437  1230   530
	20707 12346   487  1220   540
	20706 12235   516  1220   540
	20710 12120   528  1220   540
	20709 11991   531  1200   540
	20714 11882   533  1200   540
	20709 11784   544  1190   540
	20712 11690   544  1190   540
	20717 11580   533  1170   540
	20707 11465   539  1150   540
	20713 11404   533  1150   540
	20725 11371   533  1140   550
	20731 11352   533  1120   550
	20738 11335   533  1120   550
	20745 11333   522  1110   550
	20754 11324   500  1110   550
	20760 11333   446  1100   550
	20773 11340   437  1100   550
	20791 11384   454  1080   560
	20810 11450   410  1080   560
	20830 11545   405  1080   560
	20846 11643   401  1070   560
	20863 11749   390  1070   560
	20875 11836   380  1080   560
	20886 11944   363  1080   560
	20890 12059   350  1080   560
	20896 12184   324  1100   550
	20897 12315   294  1100   550
	20897 12444   367  1110   550
	20892 12585   367  1110   550
	20880 12726   360  1120   550
	20875 12844   360  1140   550
	20869 12954   360  1150   540
	20866 13034   360  1150   540
	20866 13082   367  1170   540
	20863 13099   286  1180   540
	20861 13109   294  1190   530
	20861 13097   317  1210   530
	20859 13079   331  1210   530
	20863 13045   344  1220   530
	20867 12997   363  1220   530
	20872 12919   385  1230   520
	20875 12837   401  1230   520
	20882 12744   405  1230   520
	20892 12619   420  1230   520
	20897 12502   469  1230   520
	20902 12378   513  1230   520
	20916 12246   522  1220   530
	20919 12107   522  1220   530
	20935 11963   519  1210   530
	20945 11851   525  1210   530
	20959 11766   525  1200   540
	20973 11701   525  1190   540
	20995 11642   528  1170   550
	21005 11605   531  1170   550
	21016 11580   533  1160   550
	21027 11564   533  1150   550
	21035 11559   533  1130   560
	21039 11558   528  1130   560
	21045 11557   522  1120   560
	21049 11561   519  1120   560
	21056 11576   519  1100   560
	21064 11610   513  1100   560
	21073 11671   507  1090   570
	21083 11735   415  1090   570
	21092 11800   410  1090   570
	21093 11866   395  1090   570
	21095 11946   368  1090   570
	21094 12040   357  1090   570
	21095 12138   338  1100   560
	21094 12245   324  1100   560
	21091 12345   286  1120   560
	21089 12444   269  1120   560
	21087 12555   360  1130   560
	21086 12665   352  1130   560
	21086 12760   352  1150   550
	21086 12822   352  1160   550
	21089 12841   367  1160   550
	21091 12841   367  1170   550
	21089 12837   269  1190   540
	21091 12821   294  1190   540
	21092 12790   324  1190   540
	21095 12729   357  1200   540
	21100 12665   368  1200   540
	21102 12583   390  1200   540
	21109 12502   401  1200   540
	21111 12409   405  1200   540
	21115 12314   410  1200   540
	21122 12218   415  1200   540
	21127 12118   420  1200   540
	21132 12006   446  1200   550
	21142 11913   446  1200   550
	21150 11817   446  1200   550
	21163 11722   410  1180   560
	21174 11626   415  1180   560
	21179 11547   415  1170   560
	21187 11484   415  1160   560
	21189 11420   415  1160   560
	21192 11381   415  1140   570
	21195 11340   405  1140   570
	21192 11304   401  1130   570
	21188 11286   390  1130   570
	21182 11273   385  1110   570
	21177 11271   357  1110   570
	21174 11272   324  1110   570
	21166 11287   367  1090   570
	21158 11322   317  1090   570
	21150 11385   218  1090   570
	21151 11465     0  1090   570
	21155 11557    -1  1090   570
	21159 11654    -1  1100   580
	21162 11754    -1  1100   580
	21163 11867    -1  1120   580
	21160 11995    -1  1120   580
	21160 12149    -1  1130   580
	21155 12293    -1  1130   580
	21155 12422    -1  1150   580
	21159 12538    -1  1150   580
	21169 12650    -1  1160   570
	21189 12728    -1  1180   570
	21215 12758    -1  1190   560
	21237 12760    -1  1190   560
	21257 12760    -1  1210   560
	21272 12747    -1  1220   560
	21288 12729     0  1220   560
	21283 12713   297  1240   550
	21284 12696   297  1240   550
	21284 12667   317  1250   560
	21289 12632   327  1250   560
	21294 12599   327  1250   560
	21299 12571   336  1260   560
	21305 12552   344  1260   560
	21312 12536   352  1260   560
	21319 12520   269  1260   560
	21322 12504   302  1250   560
	21324 12488   317  1250   560
	21329 12476   324  1250   560
	21329 12472   324  1250   560
	21335 12469   324  1250   560
	21337 12470   324  1250   560
	21338 12470   331  1250   560
	21339 12470   331  1250   560
	21337 12472   331  1230   560
	21336 12475   331  1230   560
	21333 12491   331  1230   560
	21326 12507   338  1230   560
	21318 12533   338  1230   560
	21307 12550   344  1230   560
	21299 12555   350  1230   560
	21289 12571   350  1230   560
	21278 12587   350  1230   560
	21265 12600   350  1230   560
	21254 12604   350  1250   560
	21244 12615   368  1250   560
	21236 12616   374  1250   560
	21229 12616   390  1250   560
	21224 12616   395  1250   560
	21225 12613   401  1250   560
	21222 12613   401  1250   560
	21222 12602   401  1250   560
	21222 12601   401  1250   560
	21226 12597   401  1250   560
	21229 12585   401  1250   560
	21234 12582   401  1250   560
	21236 12571   401  1250   560
	21244 12568   401  1250   560
	21249 12566   401  1250   560
	21255 12555   401  1250   560
	21258 12553   405  1250   560
	21259 12552   405  1250   560
	21264 12540   410  1250   560
	21267 12535   437  1250   560
	21273 12522   469  1250   560
	21282 12505   525  1260   570
	21287 12475   539  1260   570
	21297 12437   550  1260   570
	21303 12390   555  1260   570
	21314 12327   557  1260   570
	21319 12267   565  1240   570
	21339 12204   570  1240   570
	21356 12140   572  1240   570
	21374 12070   574  1240   570
	21390 11994   574  1240   570
	21407 11927   577  1240   570
	21430 11852   577  1240   570
	21442 11787   577  1240   570
	21447 11737   577  1230   580
	21454 11686   581  1230   580
	21448 11638   588  1230   580
	21440 11608   588  1200   570
	21424 11579   609  1200   570
	21409 11547   623  1200   570
	21393 11529   636  1200   580
	21370 11511   639  1200   580
	21346 11484   641  1180   590
	21322 11464   641  1180   590
	21292 11446   645  1180   590
	21261 11429   643  1180   590
	21233 11403   645  1160   580
	21209 11387   643  1160   580
	21187 11368   645  1150   600
	21171 11351   643  1150   600
	21161 11324   638  1150   600
	21157 11308   636  1150   600
	21161 11308   619  1150   600
	21163 11307   574  1130   600
	21167 11307   570  1130   600
	21180 11308   557  1130   600
	21205 11323   552  1130   600
	21235 11354   544  1130   600
	21273 11418   528  1130   600
	21317 11494   522  1130   600
	21362 11564   429  1130   600
	21401 11655   390  1130   600
	21444 11737   344  1130   600
	21475 11830   302  1130   600
	21505 11916   360  1150   600
	21529 12012   327  1150   600
	21549 12119   308  1170   590
	21565 12216   297  1170   590
	21580 12299   286  1160   580
	21588 12380   286  1170   580
	21597 12459   286  1170   580
	21607 12538   286  1190   580
	21612 12613   297  1190   580
	21616 12668   308  1200   570
	21619 12725   327  1200   570
	21621 12760   327  1220   570
	21624 12792   344  1230   560
	21624 12809   367  1230   560
	21620 12823   324  1230   560
	21619 12823   363  1250   560
	21610 12822   380  1250   560
	21605 12810   390  1250   560
	21592 12794   401  1250   560
	21579 12774   401  1260   560
	21565 12745   415  1260   560
	21549 12714   454  1270   560
	21533 12681   494  1270   560
	21521 12648   507  1270   560
	21509 12603   513  1270   560
	21500 12571   516  1270   560
	21494 12524   519  1270   560
	21491 12491   516  1260   560
	21489 12458   513  1260   560
	21494 12425   513  1250   560
	21498 12405   500  1250   560
	21507 12380   494  1250   560
	21519 12364   494  1250   560
	21532 12359   480  1250   560
	21544 12347   480  1250   560
	21558 12342   469  1230   560
	21570 12330   469  1230   560
	21580 12326   469  1230   560
	21592 12314   469  1230   560
	21600 12312   469  1230   560
	21608 12299   487  1230   560
	21619 12293   494  1230   560
	21629 12278   507  1220   570
	21636 12251   516  1220   570
	21647 12231   522  1220   570
	21651 12200   525  1220   570
	21658 12165   531  1220   570
	21667 12120   531  1220   570
	21673 12074   533  1220   570
	21685 12027   539  1230   580
	21700 11989   544  1230   580
	21721 11942   547  1230   580
	21734 11883   555  1230   580
	21755 11829   557  1230   580
	21777 11770   562  1230   580
	21797 11719   562  1230   580
	21818 11655   560  1210   580
	21838 11579   565  1210   580
	21857 11516   567  1210   580
	21870 11461   567  1200   580
	21885 11400   570  1210   590
	21895 11349   574  1210   590
	21899 11301   588  1190   600
	21895 11256   595  1190   600
	21882 11222   625  1180   600
	21871 11189   634  1180   600
	21859 11148   641  1160   600
	21843 11127   653  1160   600
	21831 11113   668  1160   600
	21819 11098   683  1140   610
	21807 11097   697  1140   610
	21797 11095   698  1130   610
	21785 11093   700  1130   610
	21783 11095   700  1130   610
	21779 11095   698  1130   610
	21781 11096   693  1130   610
	21782 11098   683  1110   610
	21781 11111   672  1110   610
	21775 11132   653  1110   610
	21778 11175   639  1110   610
	21784 11208   599  1110   610
	21789 11239   577  1110   610
	21792 11259   552  1110   610
	21797 11291   420  1110   610
	21806 11322   380  1110   610
	21812 11353   350  1130   610
	21821 11386   286  1130   610
	21831 11419   352  1130   610
	21843 11450   344  1130   610
	21852 11477   336  1130   610
	21862 11494   327  1140   610
	21871 11511   317  1140   610
	21882 11528   317  1140   610
	21891 11543   317  1140   610
	21905 11559   317  1160   600
	21915 11576   317  1160   600
	21932 11592   327  1160   600
	21944 11610   327  1160   600
	21955 11626   336  1160   600
	21970 11642   344  1160   600
	21984 11659   360  1180   600
	21996 11675   269  1180   600
	22006 11690   310  1180   600
	22016 11703   344  1190   610
	22020 11708   368  1190   610
	22027 11718   390  1190   610
	22028 11720   415  1190   610
	22030 11718   494  1190   610
	22029 11719   525  1190   610
	22029 11719   533  1190   610
	22030 11719   542  1190   610
	22030 11719   547  1200   600
	22030 11719   550  1200   600
	22031 11720   552  1200   600
	22032 11720   555  1200   600
	22033 11720   555  1200   600
	22041 11722   555  1200   600
	22051 11722   557  1200   600
	22063 11734   557  1200   600
	22076 11737   557  1200   600
	22088 11749   557  1200   600
	22104 11755   557  1200   600
	22119 11771   555  1200   600
	22135 11787   550  1200   600
	22149 11803   547  1200   600
	22160 11819   542  1200   600
	22166 11845   533  1200   600
	22170 11852   536  1200   600
	22167 11868   533  1200   600
	22161 11884   531  1220   600
	22150 11909   531  1220   600
	22135 11914   536  1220   600
	22120 11925   539  1220   600
	22100 11926   539  1220   600
	22083 11926   547  1240   600
	22063 11925   552  1240   600
	22047 11915   555  1240   600
	22031 11909   562  1240   600
	22016 11894   565  1240   600
	22008 11868   565  1250   590
	22001 11848   567  1250   590
	22001 11819   567  1250   590
	22000 11787   570  1250   590
	22008 11756   570  1250   590
	22017 11721   570  1250   590
	22027 11691   567  1240   600
	22046 11670   565  1240   600
	22064 11640   560  1240   600
	22085 11623   557  1240   600
	22111 11610   555  1240   600
	22135 11607   552  1220   600
	22161 11608   552  1220   600
	22186 11612   552  1220   600
	22209 11625   552  1200   600
	22232 11643   547  1200   600
	22255 11670   539  1200   600
	22280 11705   533  1200   600
	22295 11737   528  1220   610
	22306 11768   525  1220   610
	22316 11788   522  1220   610
	22319 11818   522  1220   610
	22320 11846   519  1220   610
	22319 11864   519  1220   610
	22317 11879   522  1220   610
	22313 11884   522  1220   610
	22311 11894   528  1230   610
	22311 11895   531  1230   610
	22309 11894   531  1230   610
	22311 11894   531  1230   610
	22311 11884   531  1260   610
	22312 11879   533  1260   610
	22317 11865   531  1260   610
	22320 11850   533  1260   610
	22325 11833   536  1260   610
	22327 11814   533  1260   610
	22333 11798   533  1260   610
	22339 11783   533  1260   610
	22347 11770   531  1260   610
	22356 11756   531  1260   610
	22372 11750   525  1260   610
	22387 11739   494  1260   610
	22406 11737   420  1260   610
	22429 11737   410  1260   610
	22451 11740   405  1240   620
	22471 11754   395  1240   620
	22492 11765   390  1230   610
	22513 11772   380  1230   610
	22529 11797   374  1230   610
	22547 11815   363  1220   600
	22555 11832   357  1220   600
	22556 11845   357  1220   600
	22556 11851   363  1210   590
	22553 11865   374  1210   590
	22546 11868   390  1210   590
	22541 11877   410  1210   590
	22533 11877   420  1210   580
	22522 11868   494  1210   580
	22515 11866   522  1210   580
	22509 11864   531  1200   570
	22504 11850   533  1200   570
	22504 11835   533  1200   570
	22500 11819   542  1200   570
	22503 11801   544  1200   570
	22513 11786   542  1200   570
	22522 11767   542  1200   570
	22537 11752   539  1200   570
	22554 11737   533  1200   570
	22576 11734   525  1200   570
	22600 11723   516  1200   570
	22624 11722   469  1200   570
	22655 11724   410  1200   570
	22683 11738   390  1190   580
	22718 11756   357  1190   580
	22747 11784   269  1190   580
	22775 11816   317  1190   580
	22799 11850   218  1190   580
	22819 11882     0  1190   580
	22833 11925    -1  1200   580
	22839 11959    -1  1200   580
	22845 11995    -1  1210   580
	22846 12041    -1  1210   580
	22844 12088    -1  1210   580
	22838 12138    -1  1210   580
	22835 12186    -1  1210   580
	22829 12232    -1  1210   580
	22822 12279    -1  1210   580
	22816 12326    -1  1210   580
	22810 12361    -1  1210   580
	22808 12392    -1  1210   580
	22806 12412    -1  1210   580
	22804 12424     0  1230   580
	22798 12425   352  1230   580
	22786 12426   294  1230   580
	22778 12424   324  1230   580
	22772 12411   338  1230   580
	22769 12395   357  1210   580
	22766 12363   368  1210   580
	22762 12331   380  1230   580
	22760 12284   390  1230   580
	22756 12247   410  1230   580
	22753 12197   462  1230   580
	22748 12140   528  1230   580
	22743 12074   542  1230   580
	22744 12021   552  1210   580
	22748 11962   557  1210   580
	22754 11915   560  1210   580
	22768 11868   557  1210   580
	22779 11831   552  1210   580
	22794 11800   544  1210   580
	22811 11783   539  1210   580
	22832 11767   536  1200   580
	22860 11756   533  1200   580
	22887 11756   528  1200   580
	22915 11769   528  1200   580
	22944 11786   525  1200   580
	22970 11813   522  1200   580
	22993 11835   519  1200   580
	23010 11866   513  1200   580
	23022 11900   507  1200   580
	23030 11932   487  1200   580
	23033 11963   494  1200   580
	23033 11993   513  1200   580
	23022 12009   522  1200   580
	23016 12024   525  1200   580
	23007 12028   536  1230   590
	23002 12039   544  1230   590
	22998 12037   547  1230   590
	22995 12028   547  1230   590
	22995 12023   547  1240   580
	22994 12009   544  1240   580
	22998 11993   544  1240   580
	23005 11974   544  1260   580
	23016 11948   544  1260   580
	23034 11929   536  1260   580
	23048 11912   533  1270   590
	23068 11897   531  1270   590
	23091 11882   525  1270   590
	23107 11879   519  1270   590
	23125 11865   487  1270   590
	23145 11865   415  1270   590
	23162 11866   405  1270   590
	23181 11877   390  1270   590
	23195 11881   380  1250   590
	23203 11893   380  1250   590
	23211 11899   374  1250   590
	23212 11913   385  1250   590
	23212 11928   395  1250   590
	23210 11945   401  1250   590
	23204 11963   437  1250   590
	23195 11989   519  1250   590
	23188 12011   522  1250   590
	23182 12057   544  1250   590
	23175 12089   572  1250   590
	23168 12135   574  1250   590
	23164 12183   584  1250   590
	23167 12218   609  1250   590
	23175 12265   613  1250   590
	23188 12312   615  1250   590
	23197 12346   615  1250   590
	23215 12377   603  1250   590
	23230 12409   581  1250   590
	23248 12441   567  1250   590
	23266 12460   550  1250   590
	23282 12487   469  1250   590
	23296 12503   374  1250   590
	23306 12507   360  1250   590
	23310 12517   218  1250   590
	23305 12517    -1  1240   600
	23288 12517    -1  1250   590
	23257 12506    -1  1250   590
	23213 12502    -1  1250   590
	23158 12488    -1  1250   590
	23103 12475    -1  1250   590
	23049 12460    -1  1250   590
	22997 12456    -1  1250   590
	22946 12440    -1  1240   580
	22900 12425    -1  1240   580
	22851 12406    -1  1240   580
	22804 12379    -1  1230   580
	22762 12359    -1  1240   570
	22728 12332    -1  1240   570
	22702 12299    -1  1230   560
	22684 12268    -1  1230   560
	22678 12249    -1  1230   560
	22676 12235   344  1230   560
	22676 12233   352  1220   560
	22680 12230   344  1220   560
	22691 12218   344  1220   560
	22713 12204   336  1220   560
	22746 12202   327  1220   560
	22780 12202   327  1220   560
	22826 12203   308  1220   570
	22873 12214   297  1220   570
	22926 12215   297  1220   570
	22980 12217   275  1220   570
	23036 12229   182  1230   580
	23091 12232     0  1230   580
	23143 12235    -1  1230   580
	23189 12247    -1  1240   580
	23226 12248    -1  1240   580
	23262 12246    -1  1240   580
	23292 12235    -1  1240   580
	23320 12230    -1  1240   600
	23343 12217    -1  1240   600
	23373 12202    -1  1240   600
	23399 12187    -1  1240   600
	23425 12171    -1  1250   600
	23445 12166    -1  1250   600
	23468 12151    -1  1230   610
	23489 12137    -1  1230   610
	23509 12124    -1  1230   610
	23525 12121    -1  1230   610
	23536 12119   275  1230   610
	23536 12118   327  1230   610
	23532 12119   344  1220   600
	23531 12119   286  1220   600
	23534 12120   344  1220   600
	23531 12120   380  1220   600
	23530 12121   405  1210   590
	23522 12121   500  1210   590
	23513 12121   544  1210   590
	23503 12122   570  1200   580
	23491 12121   619  1200   580
	23481 12117   632  1200   580
	23463 12106   632  1200   580
	23441 12090   639  1200   580
	23420 12075   639  1210   590
	23393 12054   639  1230   590
	23372 12027   641  1230   590
	23352 12007   645  1240   600
	23340 11979   645  1250   590
	23334 11961   643  1250   590
	23332 11945   643  1250   590
	23331 11931   638  1260   600
	23335 11925   621  1260   600
	23339 11913   595  1280   590
	23353 11910   588  1280   590
	23370 11900   574  1290   600
	23394 11910   567  1290   600
	23422 11913   547  1290   600
	23452 11930   533  1310   600
	23488 11957   462  1310   600
	23520 11979   390  1290   590
	23550 12010   350  1290   590
	23577 12041   310  1290   590
	23597 12073   367  1280   580
	23610 12104   360  1280   580
	23616 12124   360  1280   580
	23621 12151   360  1270   590
	23622 12166   360  1270   590
	23618 12170   367  1260   580
	23616 12181   294  1260   580
	23612 12183   324  1260   580
	23605 12181   344  1260   580
	23603 12171   357  1260   580
	23602 12166   363  1230   580
	23599 12149   368  1230   580
	23601 12123   374  1230   580
	23599 12102   385  1230   580
	23605 12072   395  1230   580
	23613 12054   395  1230   580
	23625 12028   401  1230   580
	23634 12011   401  1230   580
	23650 11995   405  1230   580
	23664 11989   405  1240   570
	23680 11977   401  1240   570
	23698 11977   401  1240   570
	23716 11976   395  1240   570
	23734 11977   390  1240   570
	23752 11990   385  1260   570
	23770 11995   380  1260   570
	23788 12011   368  1260   570
	23807 12027   363  1270   570
	23822 12053   350  1280   570
	23834 12070   350  1280   570
	23842 12088   350  1280   570
	23850 12103   350  1270   570
	23856 12118   357  1270   570
	23858 12123   363  1270   570
	23859 12134   374  1260   580
	23859 12134   385  1260   580
	23860 12134   390  1260   580
	23860 12123   401  1260   580
	23863 12122   401  1240   580
	23862 12120   410  1240   580
	23867 12105   429  1240   580
	23875 12091   480  1240   580
	23886 12074   500  1250   590
	23893 12058   513  1240   600
	23905 12041   516  1240   600
	23920 12026   519  1240   600
	23931 12023   522  1250   590
	23946 12021   522  1250   590
	23958 12012   519  1250   590
	23969 12011   513  1270   590
	23982 12012   494  1270   590
	23992 12022   454  1270   590
	24006 12024   420  1280   580
	24026 12040   410  1280   580
	24043 12057   405  1280   580
	24060 12073   395  1280   580
	24075 12089   390  1310   580
	24088 12106   380  1310   580
	24104 12120   380  1310   580
	24114 12134   374  1290   590
	24123 12139   368  1290   590
	24132 12151   363  1290   590
	24136 12152   363  1280   590
	24137 12151   368  1280   590
	24142 12140   374  1280   590
	24146 12137   390  1260   600
	24150 12122   401  1280   610
	24157 12118   410  1280   610
	24168 12104   415  1280   610
	24179 12088   420  1280   610
	24184 12085   420  1280   610
	24196 12073   454  1260   610
	24211 12060   500  1260   610
	24220 12057   513  1280   610
	24233 12057   513  1280   610
	24243 12057   519  1280   610
	24255 12057   519  1290   600
	24266 12058   519  1290   600
	24282 12072   516  1290   600
	24299 12086   513  1290   600
	24310 12101   513  1290   600
	24324 12106   513  1290   600
	24334 12119   507  1290   600
	24347 12136   494  1290   600
	24362 12140   507  1290   600
	24374 12154   507  1290   600
	24390 12167   507  1310   600
	24401 12170   513  1290   600
	24410 12183   513  1310   610
	24420 12183   522  1310   610
	24430 12183   525  1290   610
	24439 12183   531  1290   610
	24449 12171   539  1290   610
	24461 12171   550  1290   610
	24471 12165   557  1270   620
	24492 12155   562  1270   620
	24505 12149   565  1270   620
	24522 12139   567  1270   620
	24540 12136   572  1270   620
	24558 12135   574  1290   630
	24573 12134   579  1290   630
	24591 12134   581  1290   630
	24613 12135   588  1290   630
	24628 12140   588  1290   630
	24650 12151   588  1270   620
	24671 12166   595  1270   620
	24693 12172   603  1270   620
	24713 12197   601  1270   620
	24740 12217   603  1270   620
	24767 12232   605  1270   620
	24787 12248   609  1270   620
	24807 12252   625  1290   610
	24824 12266   634  1290   610
	24837 12278   638  1290   610
	24850 12280   641  1290   610
	24858 12280   651  1290   610
	24866 12280   663  1290   610
	24879 12278   678  1290   610
	24889 12277   683  1290   610
	24907 12267   684  1290   610
	24920 12264   687  1300   620
	24939 12262   690  1300   620
	24957 12250   693  1300   620
	24977 12248   696  1300   620
	25001 12246   698  1300   620
	25029 12246   697  1300   620
	25060 12246   697  1300   620
	25096 12248   697  1300   620
	25129 12261   691  1300   620
	25165 12267   683  1300   620
	25204 12283   674  1300   620
	25240 12298   664  1330   620
	25275 12311   653  1330   620
	25312 12328   629  1330   620
	25340 12342   584  1330   620
	25367 12346   550  1330   620
	25393 12348   516  1330   620
	25423 12359   395  1350   630
	25446 12359   324  1350   630
	25467 12358   360  1350   630
	25479 12348   327  1350   630
	25491 12346   262  1350   630
	25498 12342   136  1370   630
	25502 12330     0  1370   630
	25504 12315    -1  1370   630
	25499 12299    -1  1370   630
	25485 12284    -1  1370   630
	25468 12277    -1  1350   640
	25445 12262    -1  1350   640
	25413 12246    -1  1370   650
	25377 12230    -1  1370   650
	25336 12214    -1  1370   650
	25283 12199    -1  1370   650
	25220 12182    -1  1370   650
	25147 12166    -1  1370   650
	25064 12150    -1  1330   650
	24968 12124    -1  1330   650
	24866 12117    -1  1330   650
	24760 12101    -1  1330   650
	24646 12074    -1  1330   650
	24504 12059    -1  1320   640
	24360 12043    -1  1320   640
	24222 12027    -1  1320   630
	24074 12010    -1  1330   620
	23912 11992    -1  1340   610
	23751 11974    -1  1340   600
	23586 11957    -1  1350   590
	23409 11931    -1  1340   580
	23247 11915    -1  1350   580
	23090 11898    -1  1360   570
	22931 11881    -1  1360   560
	22783 11864    -1  1360   560
	22642 11848    -1  1360   550
	22504 11832    -1  1370   540
	22363 11817    -1  1370   540
	22230 11803    -1  1390   540
	22121 11798    -1  1390   540
	22011 11786    -1  1370   540
	21911 11785    -1  1370   540
	21818 11781    -1  1360   550
	21732 11772    -1  1360   550
	21657 11772    -1  1350   550
	21587 11782    -1  1350   550
	21518 11786    -1  1340   550
	21451 11788    -1  1340   550
	21391 11799    -1  1340   550
	21338 11802    -1  1350   550
	21296 11814    -1  1360   560
	21264 11817    -1  1380   570
	21240 11818    -1  1390   570
	21228 11830    -1  1390   570
	21221 11830    -1  1390   570
	21221 11831    -1  1390   570
	21228 11833    -1  1390   570
	21238 11815    -1  1390   570
	21252 11834    -1  1400   580
	21264 11835    35  1390   580
	21269 11847   302  1410   590
	21264 11847   310  1420   590
	21264 11847   331  1420   590
	21261 11847   338  1420   610
	21256 11847   338  1420   610
	21252 11836   344  1420   610
	21237 11833   344  1390   610
	21215 11818   368  1390   610
	21205 11804   401  1390   610
	21146 11782   533  1390   610
	21099 11754   599  1380   610
	21051 11735   655  1380   610
	21003 11704   672  1380   610
	20958 11673   704  1380   610
	20920 11641   723  1360   610
	20891 11609   733  1350   620
	20872 11577   736  1350   620
	20864 11545   734  1350   620
	20866 11516   717  1350   620
	20877 11484   708  1350   620
	20901 11462   705  1350   620
	20937 11445   700  1350   620
	20983 11417   702  1350   620
	21038 11401   704  1350   620
	21109 11386   704  1320   610
	21191 11382   706  1320   610
	21276 11381   706  1330   620
	21376 11372   704  1330   620
	21491 11368   702  1330   620
	21593 11369   702  1320   630
	21709 11368   705  1320   630
	21835 11371   702  1320   630
	21979 11385   700  1320   630
	22129 11399   700  1320   630
	22284 11413   698  1320   630
	22449 11429   698  1320   630
	22630 11436   700  1300   630
	22794 11467   700  1300   630
	22989 11496   702  1300   630
	23190 11530   705  1300   630
	23383 11563   705  1300   630
	23597 11595   708  1290   630
	23780 11626   715  1290   630
	23970 11657   718  1300   620
	24162 11686   722  1300   620
	24337 11707   723  1300   620
	24508 11724   723  1300   620
	24667 11740   724  1300   620
	24796 11751   724  1300   620
	24914 11753   725  1300   620
	25029 11755   723  1310   610
	25127 11756   723  1310   610
	25208 11765   718  1310   610
	25274 11765   715  1310   610
	25327 11756   708  1310   610
	25368 11756   704  1310   610
	25402 11756   697  1310   610
	25424 11756   689  1310   610
	25435 11755   666  1320   610
	25438 11765   650  1340   610
	25437 11756   639  1340   610
	25430 11765   584  1340   610
	25413 11768   454  1320   610
	25386 11782   344  1320   610
	25351 11788    64  1320   610
	25303 11803    -1  1320   610
	25244 11818    -1  1340   610
	25168 11834    -1  1340   610
	25081 11849    -1  1340   610
	24981 11865    -1  1340   610
	24874 11880    -1  1340   600
	24763 11897    -1  1340   600
	24638 11915    -1  1340   600
	24492 11931    -1  1320   590
	24336 11946    -1  1340   580
	24184 11973    -1  1350   580
	24026 11990    -1  1340   570
	23862 12006    -1  1360   560
	23701 12024    -1  1360   560
	23512 12041    -1  1390   550
	23316 12057    -1  1390   540
	23174 12073    -1  1390   520
	22966 12102    -1  1390   520
	22787 12107    -1  1420   500
	22623 12140    -1  1430   500
	22427 12152    -1  1420   500
	22256 12168    -1  1410   510
	22100 12188    -1  1400   520
	21941 12213    -1  1400   520
	21751 12219    -1  1360   520
	21561 12220    -1  1340   540
	21380 12230    -1  1330   540
	21224 12233    -1  1310   550
	21097 12235    -1  1300   550
	20979 12234    -1  1260   560
	20839 12231    -1  1250   560
	20707 12232    -1  1210   560
	20581 12232    -1  1170   560
	20464 12233    -1  1130   560
	20359 12233    -1  1130   570
	20270 12234    -1  1090   570
	20173 12252    -1  1090   570
	20104 12252    -1  1090   570
	20048 12264    -1  1110   570
	20040 12267    -1  1110   570
	19947 12279    -1  1110   570
	19964 12277    -1  1140   590
	19873 12294    -1  1130   580
	19851 12294    -1  1130   580
	19830 12279    -1  1150   580
	19870 12282    -1  1150   580
	19811 12267    -1  1160   570
	19860 12282    -1  1170   580
	19811 12281    -1  1200   580
	19815 12280    -1  1210   590
	19816 12279    -1  1210   590
	19825 12278    -1  1210   580
	19829 12278    -1  1210   580
	19831 12268    -1  1210   580
	19832 12268    -1  1210   580
	19833 12250    -1  1210   580
	19884 12263    -1  1210   580
	19831 12261    -1  1230   580
	19825 12250    -1  1230   580
	19822 12231    -1  1230   580
	19815 12232   275  1230   580
	19796 12230   269  1230   580
	19775 12215   302  1230   580
	19764 12200   350  1230   580
	19757 12186   401  1230   580
	19760 12150   437  1240   580
	19769 12107   513  1240   580
	19784 12059   525  1240   580
	19797 12025   533  1240   580
	19820 11979   547  1240   580
	19831 11945   560  1240   580
	19843 11911   570  1240   580
	19852 11882   609  1240   580
	19866 11846   636  1240   580
	19866 11817   641  1240   580
	19866 11786   643  1240   580
	19869 11755   646  1240   580
	19866 11724   646  1240   580
	19862 11707   646  1240   580
	19858 11692   646  1240   580
	19851 11685   645  1230   590
	19839 11669   641  1230   590
	19828 11656   638  1230   590
	19813 11654   632  1230   590
	19798 11653   629  1210   590
	19784 11656   605  1210   590
	19767 11669   579  1210   590
	19753 11685   579  1210   590
	19741 11705   562  1190   600
	19732 11736   547  1190   600
	19726 11770   544  1190   600
	19724 11813   539  1190   600
	19726 11862   480  1190   600
	19728 11915   401  1200   580
	19731 11977   390  1200   580
	19734 12055   374  1200   580
	19739 12137   368  1200   580
	19743 12217   350  1200   580
	19747 12298   331  1210   580
	19760 12362   331  1210   580
	19772 12410   363  1210   580
	19787 12428   374  1210   580
	19799 12441   380  1210   580
	19814 12454   390  1230   580
	19828 12454   410  1230   580
	19846 12444   429  1230   580
	19860 12437   519  1220   570
	19878 12406   539  1230   580
	19894 12361   552  1230   580
	19911 12312   562  1230   580
	19921 12249   570  1230   580
	19930 12186   577  1210   580
	19934 12119   579  1210   580
	19940 12054   592  1210   580
	19941 11994   605  1210   580
	19936 11929   609  1210   580
	19931 11867   611  1210   580
	19921 11813   619  1210   580
	19913 11752   615  1210   580
	19900 11702   613  1200   580
	19890 11657   615  1200   580
	19886 11622   619  1180   590
	19879 11595   613  1180   590
	19882 11578   609  1180   590
	19883 11574   592  1180   590
	19890 11563   572  1170   590
	19896 11561   560  1170   590
	19902 11563   550  1170   590
	19917 11576   550  1170   590
	19931 11592   547  1150   600
	19949 11611   547  1150   600
	19974 11642   547  1150   600
	19995 11672   544  1130   600
	20017 11701   544  1130   600
	20038 11720   544  1130   600
	20054 11736   544  1130   600
	20066 11749   547  1130   600
	20075 11750   552  1130   600
	20084 11750   555  1150   600
	20089 11750   560  1150   600
	20095 11738   565  1150   600
	20102 11735   567  1150   600
	20107 11720   574  1150   600
	20117 11702   581  1150   600
	20124 11685   584  1150   600
	20135 11671   584  1150   600
	20146 11656   584  1150   600
	20155 11642   590  1150   600
	20170 11628   590  1160   600
	20185 11628   590  1160   600
	20201 11627   601  1160   600
	20219 11638   609  1160   600
	20230 11642   619  1160   600
	20244 11659   629  1160   600
	20256 11686   634  1160   600
	20272 11721   638  1160   600
	20287 11756   641  1160   600
	20298 11799   648  1160   600
	20304 11832   651  1160   600
	20303 11865   663  1160   600
	20305 11899   666  1170   610
	20301 11943   664  1190   610
	20306 11994   672  1190   610
	20301 12039   677  1190   610
	20295 12089   675  1190   610
	20290 12139   681  1190   610
	20279 12187   681  1200   600
	20272 12246   677  1200   600
	20261 12313   675  1200   600
	20251 12374   672  1200   600
	20237 12438   660  1220   600
	20226 12501   653  1220   600
	20213 12536   653  1220   600
	20206 12566   651  1210   590
	20201 12583   645  1230   590
	20200 12588   630  1230   590
	20198 12598   572  1230   590
	20198 12597   519  1230   590
	20198 12586   350  1230   590
	20198 12581   317  1230   590
