ABCDE-012_345_678 421
	 8176 16263     0  1120   510
	 8141 16267    75  1120   510
	 8141 16277   160  1120   510
	 8139 16279   201  1130   520
	 8137 16278   218  1130   520
	 8138 16267   249  1130   520
	 8136 16263   262  1120   520
	 8140 16247   275  1120   530
	 8140 16219   286  1120   530
	 8140 16186   297  1120   530
	 8147 16140   308  1120   530
	 8148 16102   308  1110   530
	 8153 16042   327  1110   530
	 8156 15978   327  1110   530
	 8160 15930   336  1110   530
	 8163 15867   344  1110   530
	 8167 15799   344  1110   530
	 8167 15720   352  1110   530
	 8169 15643   360  1100   530
	 8171 15574   360  1100   530
	 8176 15510   367  1100   530
	 8182 15449   367  1080   540
	 8184 15399   269  1080   540
	 8194 15353   278  1080   540
	 8202 15307   278  1070   540
	 8207 15273   278  1070   540
	 8215 15241   278  1070   540
	 8221 15221   278  1060   540
	 8231 15195   286  1060   540
	 8238 15189   286  1040   540
	 8238 15178   286  1040   540
	 8240 15177   294  1040   540
	 8244 15179   294  1040   540
	 8243 15180   324  1030   540
	 8243 15192   344  1030   540
	 8240 15209   357  1030   540
	 8238 15238   368  1030   540
	 8236 15272   374  1030   540
	 8230 15308   380  1030   540
	 8223 15365   368  1030   540
	 8217 15416   368  1030   540
	 8211 15478   368  1030   540
	 8199 15541   350  1030   540
	 8185 15609   338  1030   540
	 8166 15685   324  1030   540
	 8153 15751   324  1030   540
	 8134 15817   310  1030   540
	 8108 15882   317  1040   540
	 8080 15944   310  1040   540
	 8050 16005   310  1040   540
	 8020 16053   310  1040   540
	 7986 16105   317  1060   540
	 7942 16151   317  1060   540
	 7904 16188   317  1060   540
	 7869 16231   324  1070   540
	 7831 16264   331  1070   540
	 7795 16283   331  1080   540
	 7756 16311   338  1080   540
	 7722 16326   344  1080   540
	 7685 16331   350  1100   530
	 7653 16332   357  1100   530
	 7622 16342   357  1100   530
	 7595 16346   363  1110   530
	 7578 16347   368  1110   530
	 7570 16348   374  1110   530
	 7566 16347   374  1100   520
	 7562 16348   380  1100   520
	 7562 16357   374  1120   520
	 7565 16348   374  1120   520
	 7569 16347   374  1120   520
	 7579 16346   374  1120   520
	 7596 16347   374  1120   520
	 7614 16345   374  1120   520
	 7643 16343   374  1110   510
	 7678 16342   374  1110   510
	 7714 16331   374  1120   520
	 7759 16329   374  1120   520
	 7805 16328   374  1120   520
	 7861 16328   374  1120   520
	 7931 16332   374  1120   520
	 7992 16331   374  1120   520
	 8054 16342   380  1120   520
	 8116 16343   380  1120   520
	 8178 16348   380  1120   520
	 8240 16360   380  1120   530
	 8300 16364   385  1120   530
	 8362 16375   385  1120   530
	 8421 16377   385  1120   530
	 8477 16389   385  1120   530
	 8525 16394   385  1130   540
	 8566 16407   385  1130   540
	 8607 16408   385  1130   540
	 8645 16412   385  1130   540
	 8673 16422   385  1140   530
	 8694 16425   385  1150   540
	 8709 16428   385  1150   540
	 8724 16437   385  1150   540
	 8728 16437   385  1150   540
	 8733 16437   380  1150   540
	 8732 16437   380  1160   550
	 8733 16428   380  1160   550
	 8728 16428   380  1160   550
	 8725 16428   380  1160   550
	 8719 16425   374  1170   550
	 8704 16422   368  1170   550
	 8686 16406   363  1170   550
	 8664 16391   357  1170   550
	 8638 16363   350  1170   550
	 8611 16343   350  1160   550
	 8578 16313   344  1160   550
	 8543 16283   331  1160   550
	 8510 16252   317  1160   550
	 8472 16219   310  1160   550
	 8431 16187   302  1160   550
	 8387 16151   294  1160   550
	 8338 16106   294  1160   550
	 8285 16054   294  1160   550
	 8231 15980   294  1150   550
	 8169 15912   310  1140   550
	 8108 15820   324  1140   550
	 8043 15724   331  1120   550
	 7976 15624   350  1120   550
	 7902 15515   363  1120   550
	 7834 15419   374  1100   540
	 7773 15333   385  1100   540
	 7723 15237   390  1100   540
	 7680 15145   401  1090   550
	 7644 15078   401  1090   550
	 7619 15019   395  1070   550
	 7603 14983   401  1070   550
	 7595 14954   401  1060   550
	 7593 14936   405  1060   540
	 7593 14921   410  1060   540
	 7595 14917   410  1040   540
	 7601 14908   410  1040   540
	 7608 14907   410  1040   540
	 7620 14906   410  1040   540
	 7636 14908   415  1030   540
	 7661 14917   469  1030   540
	 7687 14918   513  1030   550
	 7720 14922   519  1030   550
	 7761 14934   531  1030   550
	 7804 14938   533  1020   550
	 7861 14953   542  1020   550
	 7918 14968   544  1020   550
	 7984 14984   550  1020   550
	 8043 15002   555  1020   550
	 8099 15020   557  1020   550
	 8160 15036   560  1020   550
	 8217 15063   562  1030   550
	 8276 15078   565  1030   550
	 8334 15082   567  1030   550
	 8385 15095   567  1030   550
	 8426 15099   570  1040   560
	 8463 15100   570  1040   560
	 8507 15110   570  1040   560
	 8546 15113   570  1050   560
	 8580 15114   572  1050   560
	 8617 15116   567  1050   560
	 8644 15125   567  1060   570
	 8671 15116   567  1060   570
	 8697 15125   565  1070   570
	 8723 15125   562  1070   570
	 8738 15127   562  1080   580
	 8761 15129   565  1080   580
	 8772 15128   562  1080   580
	 8788 15130   555  1080   580
	 8796 15130   555  1090   590
	 8800 15130   552  1090   590
	 8801 15129   550  1090   590
	 8801 15130   550  1090   590
	 8797 15129   547  1090   590
	 8794 15129   550  1090   600
	 8790 15129   550  1090   600
	 8779 15129   547  1090   600
	 8767 15130   542  1090   600
	 8749 15130   542  1090   600
	 8730 15130   539  1090   600
	 8713 15130   539  1090   600
	 8695 15129   533  1090   600
	 8675 15131   531  1090   600
	 8650 15130   516  1090   600
	 8628 15130   500  1090   590
	 8603 15128   420  1090   590
	 8571 15126   390  1090   590
	 8533 15115   380  1090   590
	 8492 15112   350  1090   590
	 8442 15097   324  1080   580
	 8379 15083   324  1080   580
	 8316 15077   331  1060   580
	 8256 15063   331  1060   580
	 8191 15046   331  1060   570
	 8130 15020   338  1060   570
	 8074 15001   363  1060   570
	 8024 14981   380  1060   570
	 7975 14955   401  1060   570
	 7927 14938   401  1050   560
	 7881 14921   401  1040   560
	 7843 14905   405  1040   560
	 7800 14892   405  1040   560
	 7761 14888   410  1040   560
	 7728 14887   415  1020   550
	 7700 14886   420  1020   550
	 7670 14886   462  1020   550
	 7643 14888   519  1020   550
	 7613 14903   522  1020   550
	 7594 14919   552  1020   550
	 7578 14934   555  1000   560
	 7561 14953   560  1000   550
	 7546 14981   560  1000   550
	 7532 15004   567  1000   550
	 7536 15034   574  1000   550
	 7540 15078   590  1000   550
	 7546 15116   603  1000   550
	 7559 15175   619  1000   550
	 7582 15239   629  1000   550
	 7609 15303   632  1010   540
	 7639 15366   632  1010   540
	 7673 15432   636  1010   540
	 7713 15496   639  1010   540
	 7749 15562   638  1010   540
	 7786 15638   639  1030   540
	 7824 15708   639  1030   540
	 7855 15781   641  1030   540
	 7883 15848   639  1040   540
	 7912 15914   638  1050   550
	 7940 15991   638  1050   550
	 7958 16044   634  1060   550
	 7974 16107   634  1070   550
	 7978 16168   632  1070   550
	 7984 16217   630  1070   550
	 7981 16252   632  1090   550
	 7978 16282   634  1090   550
	 7978 16298   636  1100   540
	 7976 16299   638  1100   540
	 7975 16297   641  1100   540
	 7976 16297   641  1120   540
	 7978 16296   636  1120   540
	 7978 16294   634  1120   540
	 7974 16281   625  1120   530
	 7978 16265   623  1120   530
	 7980 16232   625  1120   530
	 7983 16186   621  1120   530
	 7980 16139   623  1120   530
	 7989 16088   625  1120   530
	 8000 16038   630  1120   530
	 8017 15977   629  1120   530
	 8032 15914   630  1120   530
	 8052 15846   630  1120   530
	 8074 15753   632  1120   530
	 8099 15673   630  1120   530
	 8115 15593   632  1130   540
	 8138 15527   632  1120   540
	 8159 15464   632  1120   540
	 8183 15403   632  1120   540
	 8200 15365   632  1120   540
	 8219 15324   632  1100   540
	 8241 15292   619  1100   540
	 8260 15260   615  1100   540
	 8275 15254   613  1090   550
	 8293 15241   605  1090   550
	 8305 15239   581  1070   550
	 8313 15239   577  1070   550
	 8319 15239   577  1070   550
	 8320 15240   581  1070   550
	 8320 15243   579  1070   560
	 8316 15255   588  1070   560
	 8311 15270   590  1070   560
	 8300 15292   590  1070   560
	 8284 15324   588  1070   560
	 8263 15356   574  1070   560
	 8239 15399   565  1070   560
	 8208 15434   555  1070   560
	 8174 15467   542  1070   560
	 8133 15510   547  1070   560
	 8090 15545   542  1060   550
	 8039 15580   528  1060   550
	 7980 15622   500  1060   550
	 7911 15644   462  1060   550
	 7837 15670   415  1060   550
	 7768 15675   480  1060   550
	 7717 15676   500  1060   550
	 7682 15670   513  1070   550
	 7660 15653   522  1070   550
	 7642 15628   522  1070   550
	 7634 15608   519  1070   540
	 7629 15577   519  1070   540
	 7628 15545   519  1070   540
	 7638 15511   519  1070   540
	 7651 15483   519  1070   540
	 7675 15461   519  1070   540
	 7707 15430   516  1080   540
	 7740 15414   519  1080   540
	 7774 15397   519  1080   540
	 7824 15385   522  1080   540
	 7873 15385   522  1080   540
	 7945 15388   522  1080   540
	 7999 15402   525  1070   540
	 8068 15429   525  1070   540
	 8128 15446   525  1070   540
	 8199 15481   528  1070   540
	 8264 15514   528  1070   540
	 8332 15558   531  1070   540
	 8397 15594   533  1070   550
	 8457 15642   533  1070   550
	 8514 15701   544  1070   550
	 8557 15753   552  1070   550
	 8597 15804   557  1070   550
	 8632 15865   557  1080   560
	 8661 15925   562  1080   560
	 8691 15977   562  1080   560
	 8712 16037   565  1080   560
	 8727 16089   562  1090   570
	 8741 16149   562  1100   560
	 8746 16201   562  1100   560
	 8741 16262   560  1100   560
	 8739 16300   557  1120   560
	 8722 16344   557  1130   570
	 8702 16373   560  1140   570
	 8676 16396   557  1140   570
	 8639 16425   560  1140   570
	 8603 16441   560  1160   560
	 8567 16453   560  1160   560
	 8525 16453   565  1170   560
	 8488 16441   570  1170   560
	 8451 16427   572  1170   560
	 8412 16412   570  1180   560
	 8372 16393   570  1170   550
	 8337 16374   570  1170   550
	 8311 16347   567  1170   550
	 8295 16329   567  1170   550
	 8283 16310   565  1170   550
	 8279 16282   565  1170   550
	 8274 16262   565  1170   540
	 8274 16234   562  1170   540
	 8277 16219   560  1180   540
	 8285 16204   557  1180   540
	 8304 16187   557  1180   540
	 8322 16182   555  1180   540
	 8343 16171   552  1180   540
	 8379 16168   555  1180   540
	 8420 16166   557  1180   540
	 8464 16171   557  1180   540
	 8517 16172   560  1180   540
	 8563 16184   560  1180   540
	 8617 16188   560  1180   540
	 8674 16201   560  1180   540
	 8729 16219   557  1180   540
	 8778 16233   555  1190   540
	 8825 16245   555  1190   540
	 8861 16252   555  1190   540
	 8888 16261   555  1190   540
	 8904 16261   555  1200   550
	 8917 16262   555  1200   550
	 8922 16262   555  1200   550
	 8922 16252   557  1200   550
	 8920 16252   557  1210   560
	 8917 16251   557  1210   560
	 8905 16249   552  1210   560
	 8881 16245   547  1210   560
	 8849 16220   542  1210   560
	 8808 16200   539  1220   570
	 8751 16167   539  1210   560
	 8689 16133   539  1210   560
	 8613 16087   542  1210   560
	 8529 16041   542  1210   560
	 8427 15994   542  1210   560
	 8314 15942   542  1210   560
	 8199 15882   547  1200   550
	 8085 15815   547  1200   550
	 7972 15738   552  1180   560
	 7845 15659   547  1180   560
	 7740 15590   572  1170   550
	 7661 15515   567  1170   550
	 7588 15461   572  1170   540
	 7533 15402   570  1150   540
	 7480 15339   572  1150   540
	 7439 15292   574  1140   530
	 7405 15254   574  1130   540
	 7379 15206   574  1130   540
	 7359 15161   574  1130   540
	 7351 15130   574  1120   530
	 7349 15112   574  1120   530
	 7353 15098   572  1120   530
	 7370 15095   572  1120   530
	 7400 15082   572  1120   530
	 7439 15079   574  1120   530
	 7493 15080   579  1120   530
	 7559 15093   599  1120   530
	 7647 15113   599  1120   530
	 7755 15145   601  1120   530
	 7880 15180   601  1120   530
	 8018 15226   601  1130   540
	 8137 15276   603  1130   540
	 8272 15336   609  1130   540
	 8401 15386   611  1130   540
	 8520 15430   615  1140   550
	 8624 15466   623  1140   550
	 8724 15497   630  1150   550
	 8806 15516   632  1150   550
	 8896 15543   636  1150   550
	 8977 15561   638  1160   560
	 9043 15578   641  1160   560
	 9102 15592   641  1160   560
	 9141 15605   643  1160   570
	 9185 15606   643  1150   580
	 9217 15609   643  1150   580
	 9246 15608   643  1150   580
	 9265 15609   643  1160   580
	 9283 15608   643  1160   580
	 9298 15606   641  1160   580
	 9305 15606   636  1160   580
	 9308 15596   630  1160   580
	 9307 15596   615  1170   590
	 9305 15595   595  1170   590
	 9304 15592   574  1170   590
	 9301 15593   560  1170   590
	 9294 15591   533  1170   590
	 9284 15591   405  1170   590
	 9267 15580   324  1170   590
	 9249 15577   297  1170   590
