ABCDE-012_345_678 646
	13566 16299    64  1490   590
	13574 16299   275  1490   590
	13566 16329   336  1510   600
	13559 16341   336  1510   600
	13559 16343   344  1520   600
	13564 16342   344  1520   600
	13567 16332   344  1520   600
	13567 16326   352  1530   610
	13567 16309   352  1530   610
	13571 16277   367  1530   610
	13562 16217   286  1520   620
	13560 16151   302  1530   630
	13554 16073   317  1530   630
	13545 15964   324  1510   640
	13536 15893   324  1510   640
	13523 15788   317  1500   650
	13504 15686   331  1500   650
	13489 15577   338  1500   650
	13470 15493   338  1490   660
	13457 15416   363  1490   660
	13441 15352   374  1460   660
	13426 15292   395  1460   660
	13409 15242   405  1460   660
	13394 15195   415  1460   660
	13382 15160   516  1420   680
	13366 15131   528  1420   680
	13355 15113   542  1420   680
	13344 15096   547  1410   680
	13333 15084   555  1410   680
	13332 15083   557  1370   690
	13332 15083   560  1370   690
	13332 15084   560  1370   690
	13334 15095   562  1370   690
	13334 15099   560  1370   690
	13334 15116   557  1370   690
	13338 15146   552  1370   690
	13345 15196   542  1350   680
	13351 15258   536  1350   680
	13356 15320   533  1350   680
	13374 15372   528  1350   680
	13388 15433   522  1350   680
	13403 15497   494  1350   680
	13420 15558   494  1350   680
	13435 15608   469  1350   680
	13449 15656   469  1350   680
	13469 15692   480  1370   670
	13486 15735   494  1370   670
	13502 15766   513  1370   670
	13517 15783   513  1370   670
	13532 15797   516  1370   670
	13546 15800   519  1390   670
	13561 15813   522  1390   670
	13576 15814   525  1390   670
	13587 15804   528  1400   660
	13598 15799   528  1400   660
	13607 15784   533  1420   660
	13621 15754   533  1420   660
	13630 15708   533  1440   660
	13645 15669   533  1440   660
	13650 15609   539  1440   660
	13654 15546   542  1420   660
	13654 15483   542  1420   660
	13646 15420   542  1420   660
	13643 15365   544  1440   670
	13636 15304   544  1420   680
	13634 15254   547  1420   680
	13630 15208   550  1420   680
	13623 15162   550  1410   680
	13618 15130   555  1410   680
	13612 15111   557  1410   680
	13609 15096   562  1390   690
	13604 15081   565  1390   690
	13602 15079   567  1390   690
	13600 15078   567  1390   690
	13602 15078   570  1370   700
	13606 15079   572  1370   700
	13606 15081   572  1370   700
	13607 15096   572  1350   690
	13614 15116   570  1350   690
	13617 15148   567  1350   690
	13628 15195   567  1350   690
	13636 15242   555  1370   690
	13648 15301   552  1370   690
	13660 15350   550  1350   690
	13671 15397   547  1350   690
	13686 15434   547  1350   690
	13705 15479   547  1350   690
	13718 15510   547  1350   690
	13732 15529   550  1370   690
	13746 15545   550  1370   690
	13752 15559   552  1370   690
	13762 15561   555  1370   690
	13768 15561   560  1370   690
	13776 15558   565  1370   690
	13783 15548   567  1370   690
	13788 15542   570  1370   690
	13798 15516   577  1370   690
	13808 15493   581  1390   690
	13815 15451   592  1390   690
	13823 15418   601  1390   690
	13825 15382   611  1390   690
	13825 15337   619  1390   690
	13818 15302   621  1390   690
	13812 15259   630  1390   690
	13807 15227   636  1390   690
	13802 15194   641  1390   690
	13796 15175   645  1370   700
	13795 15157   646  1370   700
	13793 15145   648  1370   700
	13792 15142   648  1390   690
	13793 15141   648  1390   690
	13792 15141   645  1390   690
	13793 15142   639  1390   690
	13795 15145   634  1390   690
	13800 15158   630  1390   690
	13808 15174   632  1390   690
	13819 15193   630  1390   690
	13833 15226   625  1390   690
	13849 15269   615  1390   690
	13867 15308   605  1390   690
	13886 15353   601  1390   690
	13906 15399   599  1390   690
	13924 15433   599  1390   690
	13944 15467   603  1390   690
	13968 15496   611  1390   690
	13982 15513   619  1390   690
	13998 15526   632  1390   690
	14016 15530   638  1390   690
	14026 15531   645  1390   690
	14032 15531   656  1390   690
	14037 15530   661  1370   700
	14040 15527   669  1370   700
	14043 15514   678  1390   690
	14050 15500   687  1390   690
	14052 15484   690  1410   700
	14055 15468   696  1410   700
	14060 15445   698  1410   700
	14055 15403   698  1410   700
	14048 15371   698  1410   700
	14047 15351   696  1410   700
	14043 15321   691  1410   700
	14040 15301   681  1390   710
	14039 15272   668  1370   700
	14044 15255   646  1370   700
	14046 15237   621  1370   700
	14055 15224   552  1370   700
	14066 15210   410  1350   710
	14078 15210   338  1350   710
	14097 15209   352  1350   710
	14121 15211   262  1350   710
	14149 15223    35  1350   710
	14175 15237    -1  1330   710
	14200 15254    -1  1330   710
	14225 15271    -1  1310   710
	14245 15288    -1  1310   710
	14266 15306    -1  1310   710
	14284 15334    -1  1310   710
	14308 15353    -1  1290   700
	14328 15372    -1  1290   700
	14347 15401    -1  1290   700
	14360 15419    -1  1290   700
	14366 15436    -1  1290   700
	14364 15450   218  1290   680
	14357 15465   308  1290   680
	14343 15479   360  1290   680
	14330 15483   350  1290   680
	14317 15493   415  1310   680
	14307 15484   533  1310   680
	14286 15494   557  1310   680
	14270 15484   590  1310   680
	14249 15482   615  1330   670
	14224 15477   634  1330   670
	14198 15462   639  1330   670
	14173 15450   646  1330   670
	14147 15431   651  1350   680
	14126 15415   656  1350   680
	14109 15387   660  1350   680
	14091 15368   663  1350   680
	14075 15350   664  1370   690
	14066 15324   666  1370   690
	14059 15306   668  1370   690
	14055 15291   666  1350   690
	14056 15276   666  1350   690
	14057 15269   664  1350   690
	14062 15255   663  1370   700
	14069 15242   660  1370   700
	14082 15238   658  1350   710
	14096 15226   655  1350   710
	14114 15225   653  1370   710
	14131 15224   648  1370   710
	14157 15226   643  1370   710
	14188 15237   636  1350   710
	14214 15243   629  1330   710
	14244 15259   615  1330   710
	14276 15274   592  1330   710
	14303 15291   577  1310   710
	14328 15317   570  1310   710
	14350 15334   565  1310   710
	14367 15356   560  1330   700
	14380 15382   560  1330   700
	14393 15402   562  1310   690
	14398 15419   565  1310   690
	14400 15433   572  1310   690
	14404 15445   599  1310   690
	14401 15446   636  1310   690
	14399 15446   650  1290   680
	14396 15446   658  1290   680
	14392 15445   664  1290   680
	14388 15435   669  1310   680
	14382 15431   669  1310   680
	14375 15416   669  1310   680
	14367 15402   671  1310   680
	14362 15386   672  1310   680
	14355 15369   674  1330   690
	14350 15352   675  1330   690
	14345 15333   675  1310   680
	14343 15319   675  1310   680
	14341 15301   675  1310   680
	14345 15276   674  1310   680
	14349 15269   672  1310   680
	14357 15256   668  1290   680
	14366 15242   664  1290   680
	14376 15241   663  1290   680
	14393 15239   658  1290   680
	14414 15238   653  1290   680
	14439 15240   648  1290   680
	14470 15243   641  1290   680
	14504 15257   634  1270   690
	14544 15271   613  1270   690
	14581 15288   581  1270   690
	14617 15305   572  1270   690
	14653 15323   562  1290   700
	14684 15350   555  1290   700
	14714 15371   547  1290   700
	14733 15402   547  1310   690
	14744 15433   547  1330   700
	14754 15463   547  1330   700
	14751 15481   557  1330   700
	14744 15497   590  1330   700
	14737 15509   641  1350   690
	14724 15511   663  1370   700
	14713 15511   684  1370   700
	14702 15509   701  1370   700
	14692 15499   714  1370   700
	14670 15494   717  1390   690
	14655 15480   729  1390   690
	14639 15465   736  1390   690
	14625 15447   744  1390   690
	14613 15429   750  1390   690
	14605 15404   766  1390   690
	14607 15400   766  1390   690
	14607 15385   767  1390   690
	14606 15369   767  1390   690
	14608 15353   767  1390   690
	14611 15338   766  1350   690
	14616 15335   766  1350   690
	14626 15320   760  1350   690
	14633 15308   736  1350   690
	14647 15305   733  1350   690
	14658 15305   724  1350   690
	14676 15305   721  1350   690
	14695 15317   714  1330   700
	14717 15320   706  1330   700
	14743 15335   702  1330   700
	14767 15349   698  1330   700
	14790 15366   690  1330   700
	14816 15388   689  1330   700
	14843 15414   684  1330   700
	14864 15433   681  1330   700
	14886 15450   681  1330   700
	14905 15467   681  1330   700
	14921 15481   681  1350   710
	14933 15494   683  1350   710
	14939 15493   686  1350   710
	14942 15483   687  1370   700
	14941 15479   690  1370   700
	14941 15462   694  1390   710
	14938 15419   697  1390   710
	14929 15366   700  1390   710
	14917 15301   702  1390   710
	14898 15211   706  1390   710
	14883 15114   713  1390   710
	14870 15029   727  1370   710
	14857 14934   760  1370   710
	14853 14853   772  1370   710
	14848 14780   777  1370   710
	14848 14730   780  1350   720
	14847 14683   784  1350   720
	14849 14634   786  1330   730
	14851 14587   789  1330   730
	14853 14553   799  1300   730
	14857 14534   812  1300   730
	14860 14517   812  1270   740
	14859 14502   812  1270   740
	14862 14501   799  1270   740
	14862 14492   788  1240   740
	14864 14502   784  1240   740
	14864 14492   780  1240   740
	14864 14502   776  1210   750
	14865 14506   769  1190   740
	14867 14518   729  1190   740
	14871 14535   697  1190   740
	14881 14566   663  1160   740
	14901 14604   570  1160   740
	14924 14661   344  1190   740
	14949 14725   234  1190   740
	14973 14789    -1  1190   740
	15000 14853    -1  1190   740
	15026 14906    -1  1220   740
	15058 14969    -1  1240   740
	15088 15032    -1  1270   740
	15129 15082    -1  1270   740
	15171 15132    -1  1300   730
	15213 15177    -1  1320   740
	15250 15210    -1  1350   730
	15287 15238    -1  1330   730
	15315 15257    -1  1330   730
	15335 15273    -1  1330   710
	15348 15276    -1  1330   710
	15355 15289    -1  1310   710
	15353 15291    -1  1310   710
	15343 15303    -1  1290   700
	15330 15305    -1  1290   700
	15309 15307    -1  1290   700
	15293 15318    -1  1270   690
	15277 15318    -1  1230   690
	15260 15322    -1  1230   690
	15238 15323    -1  1220   680
	15216 15323    -1  1190   680
	15200 15334    -1  1180   680
	15183 15336    -1  1190   680
	15168 15337    -1  1210   690
	15157 15339    -1  1230   690
	15149 15349    -1  1250   700
	15139 15351    -1  1270   700
	15135 15353    -1  1280   710
	15139 15354    -1  1300   720
	15144 15365    -1  1300   720
	15149 15366    -1  1350   720
	15159 15366    -1  1370   730
	15168 15366    -1  1370   730
	15175 15368    -1  1400   730
	15186 15370    -1  1430   740
	15195 15372    -1  1430   740
	15204 15382    -1  1460   740
	15210 15384    -1  1430   740
	15214 15397    -1  1400   730
	15222 15399    -1  1370   730
	15224 15403    -1  1370   730
	15225 15414    -1  1350   720
	15222 15417    -1  1330   710
	15219 15419    -1  1330   710
	15217 15429    -1  1310   710
	15216 15432    -1  1290   700
	15211 15434    -1  1310   690
	15210 15446    -1  1290   680
	15205 15446    -1  1290   680
	15197 15451    75  1290   680
	15186 15452   297  1290   680
	15172 15462   308  1290   680
	15161 15464   327  1310   680
	15153 15465   352  1330   690
	15140 15468   278  1350   690
	15132 15468   338  1350   690
	15123 15467   385  1370   700
	15115 15467   410  1370   700
	15102 15466   469  1390   710
	15094 15464   528  1390   710
	15087 15464   550  1420   710
	15076 15462   557  1420   710
	15064 15452   570  1440   720
	15050 15448   584  1440   720
	15038 15435   621  1440   720
	15030 15418   638  1440   720
	15025 15403   643  1440   720
	15031 15399   646  1440   720
	15021 15386   646  1420   710
	15021 15383   648  1420   710
	15020 15370   648  1420   710
	15025 15355   648  1420   710
	15030 15340   646  1420   710
	15040 15335   645  1420   710
	15047 15333   641  1420   710
	15056 15322   639  1420   710
	15072 15321   636  1420   710
	15088 15321   632  1420   710
	15112 15323   629  1420   710
	15142 15334   609  1420   710
	15165 15337   581  1400   720
	15189 15351   572  1400   720
	15214 15365   567  1400   720
	15236 15370   562  1370   710
	15259 15385   560  1370   710
	15272 15399   557  1370   710
	15284 15414   557  1370   710
	15294 15420   557  1350   710
	15297 15434   560  1350   710
	15297 15450   562  1350   710
	15299 15461   570  1350   710
	15296 15464   584  1330   700
	15288 15467   623  1350   690
	15282 15468   643  1350   690
	15275 15478   655  1350   690
	15271 15478   666  1330   690
	15263 15479   678  1330   690
	15256 15479   689  1330   690
	15246 15478   694  1330   690
	15238 15477   698  1330   690
	15233 15468   702  1330   690
	15231 15467   704  1330   690
	15227 15464   704  1330   690
	15225 15462   706  1330   690
	15222 15451   706  1330   690
	15222 15449   706  1330   690
	15221 15436   706  1330   690
	15222 15432   706  1330   690
	15227 15418   706  1330   690
	15235 15402   704  1330   690
	15240 15397   700  1330   690
	15249 15383   696  1330   690
	15260 15372   691  1310   680
	15271 15370   689  1310   680
	15286 15365   684  1310   680
	15307 15355   681  1330   690
	15328 15353   675  1330   690
	15349 15353   672  1330   690
	15370 15355   668  1310   690
	15390 15366   666  1310   690
	15411 15369   663  1310   690
	15432 15382   660  1310   690
	15453 15388   656  1310   690
	15468 15401   653  1310   690
	15481 15415   651  1310   690
	15489 15429   655  1310   690
	15494 15432   656  1310   690
	15496 15447   658  1330   700
	15497 15461   660  1330   700
	15497 15468   668  1330   700
	15491 15478   681  1350   690
	15489 15479   697  1350   690
	15483 15479   708  1350   690
	15478 15481   724  1350   690
	15471 15480   737  1370   700
	15465 15480   767  1370   700
	15464 15480   769  1370   700
	15460 15480   770  1370   700
	15454 15479   770  1370   700
	15453 15477   770  1370   700
	15451 15467   770  1370   700
	15446 15464   770  1370   700
	15449 15462   770  1370   700
	15446 15450   770  1370   700
	15447 15436   770  1370   700
	15449 15429   770  1370   700
	15453 15416   770  1370   700
	15461 15403   770  1370   700
	15466 15400   768  1370   700
	15470 15398   767  1370   700
	15479 15388   767  1370   700
	15489 15385   766  1350   690
	15504 15382   744  1350   690
	15521 15372   737  1350   690
	15536 15372   733  1350   690
	15559 15381   729  1370   700
	15583 15382   722  1370   700
	15615 15386   715  1370   700
	15643 15398   708  1370   700
	15676 15403   705  1370   700
	15708 15418   702  1370   700
	15737 15434   698  1370   700
	15766 15451   698  1370   700
	15790 15477   696  1370   700
	15817 15494   696  1370   700
	15835 15512   698  1370   700
	15848 15527   700  1390   710
	15857 15515   704  1390   710
	15863 15545   718  1390   710
	15862 15548   737  1390   710
	15864 15557   769  1390   710
	15864 15548   774  1390   710
	15863 15548   777  1390   710
	15857 15547   779  1390   710
	15854 15543   781  1420   710
	15850 15532   780  1420   710
	15843 15526   782  1420   710
	15834 15497   783  1430   700
	15817 15466   784  1420   710
	15802 15432   786  1420   710
	15785 15387   789  1420   710
	15773 15353   812  1420   710
	15761 15308   817  1420   710
	15747 15270   820  1420   710
	15736 15238   822  1420   710
	15731 15207   825  1420   710
	15722 15173   829  1400   720
	15718 15130   833  1400   720
	15720 15113   835  1400   720
	15716 15099   840  1400   720
	15718 15082   842  1370   710
	15720 15066   844  1370   710
	15721 15051   845  1370   710
	15725 15050   845  1370   710
	15725 15050   846  1370   710
	15727 15050   844  1350   720
	15727 15049   841  1350   720
	15727 15050   838  1350   720
	15725 15049   832  1350   720
	15728 15049   827  1350   720
	15727 15050   820  1350   720
	15723 15051   812  1330   710
	15725 15051   783  1350   720
	15723 15061   774  1350   720
	15721 15061   727  1350   720
	15718 15063   678  1350   720
	15715 15068   632  1350   720
	15708 15081   516  1350   720
	15696 15093   338  1350   720
	15676 15097   275  1350   720
	15641 15095    -1  1370   710
	15598 15084    -1  1370   710
	15545 15079    -1  1350   710
	15482 15065    -1  1370   700
	15404 15050    -1  1370   700
	15314 15033    -1  1370   700
	15206 15004    -1  1390   690
	15091 14983    -1  1370   690
	14978 14952    -1  1370   690
	14866 14922    -1  1370   690
	14763 14890    -1  1370   690
	14654 14857    -1  1390   680
	14558 14826    -1  1390   680
	14475 14805    -1  1390   680
	14404 14779   507  1370   690
	14347 14773   533  1370   690
	14298 14761   519  1370   690
	14261 14757   525  1370   690
	14239 14743   533  1370   690
	14230 14743   542  1370   700
	14227 14742   565  1370   700
	14235 14743   581  1370   700
	14253 14745   609  1370   710
	14286 14758   632  1370   710
	14338 14774   641  1350   710
	14411 14794   658  1350   720
	14502 14822   669  1350   720
	14625 14855   694  1350   720
	14768 14888   714  1350   720
	14925 14922   760  1350   720
	15099 14966   772  1350   720
	15296 15003   779  1370   730
	15473 15046   787  1370   730
	15655 15082   815  1400   720
	15826 15116   821  1420   720
	15982 15145   829  1420   720
	16119 15176   835  1420   720
	16241 15180   841  1440   720
	16343 15193   848  1450   730
	16417 15208   858  1450   730
	16470 15211   868  1450   730
	16514 15224   868  1450   730
	16539 15224   870  1480   740
	16552 15225   871  1480   740
	16561 15225   871  1480   740
	16559 15224   871  1450   730
	16559 15225   870  1450   730
	16557 15224   867  1460   740
	16556 15225   849  1460   740
	16554 15225   836  1460   740
	16550 15224   822  1460   740
	16541 15223   787  1430   750
	16527 15226   769  1400   750
	16508 15238   678  1400   750
	16484 15256   552  1400   750
	16457 15275   344  1400   750
	16425 15307    -1  1400   750
	16394 15338    -1  1400   750
	16356 15370    -1  1400   750
	16317 15404    -1  1400   750
	16276 15449    -1  1400   750
	16235 15483    -1  1430   740
	16189 15528    -1  1430   740
	16154 15546    -1  1460   740
	16112 15595    -1  1480   740
	16077 15624    -1  1480   740
	16043 15655    -1  1510   740
	16009 15672    -1  1520   730
	15972 15689    -1  1520   730
	15939 15705    -1  1540   720
	15903 15721    -1  1550   710
	15865 15737    -1  1550   710
	15825 15755    -1  1570   710
	15789 15769    -1  1570   710
	15747 15787    -1  1580   700
	15712 15802    -1  1590   690
	15675 15816    -1  1590   690
	15647 15833    -1  1560   680
	15618 15817    -1  1560   660
	15591 15852    -1  1560   660
	15582 15867    -1  1530   650
	15555 15877    -1  1530   630
	15540 15881    -1  1530   630
	15539 15883    -1  1510   630
	15540 15882    -1  1500   620
	15541 15879    -1  1500   620
	15549 15877    -1  1480   610
	15555 15866    -1  1480   610
	15562 15861    -1  1480   610
	15594 15849    -1  1480   610
	15585 15800    -1  1480   610
	15606 15787   584  1480   610
	15578 15830   651  1480   610
	15572 15833   643  1470   620
	15573 15834   643  1490   630
	15576 15831   641  1490   630
	15581 15831   634  1500   640
	15583 15832   579  1500   640
	15585 15830   539  1480   650
	15588 15830   415  1500   650
	15594 15820   350  1490   660
	15607 15818   352  1510   660
	15620 15815   234  1510   660
	15638 15815     0  1500   670
	15656 15817    -1  1500   670
	15672 15819    -1  1520   680
	15687 15830    -1  1520   680
	15709 15832    -1  1520   680
	15727 15834    -1  1520   680
	15748 15845    -1  1520   680
	15759 15835    -1  1520   680
	15776 15835   317  1520   680
	15775 15846   415  1540   680
	15773 15846   542  1540   680
	15777 15846   621  1540   680
	15777 15847   656  1540   680
	15777 15846   681  1540   680
	15777 15847   708  1540   680
	15779 15848   760  1540   680
	15777 15847   772  1540   680
	15777 15847   774  1540   680
	15780 15848   774  1540   680
	15780 15847   770  1540   680
	15783 15848   729  1540   680
	15784 15847   678  1540   680
	15783 15846   584  1540   680
	15785 15845   357  1540   680
	15791 15832   234  1530   690
