ABCDE-012_345_678 738
	 6698 20153   136  1660   520
	 6696 20182   297  1660   520
	 6695 20188   317  1660   510
	 6693 20213   336  1660   510
	 6696 20219   360  1670   500
	 6700 20232   338  1670   500
	 6703 20232   374  1670   500
	 6703 20232   390  1670   490
	 6701 20230   401  1670   490
	 6706 20230   401  1670   480
	 6706 20217   415  1670   480
	 6718 20198   513  1670   480
	 6724 20155   533  1670   480
	 6730 20103   557  1670   480
	 6732 20024   572  1670   490
	 6733 19931   577  1670   490
	 6725 19813   590  1670   490
	 6714 19675   592  1670   500
	 6703 19558   605  1650   510
	 6691 19448   619  1650   510
	 6684 19339   632  1640   530
	 6675 19258   639  1630   540
	 6670 19192   650  1630   550
	 6663 19130   656  1620   560
	 6654 19082   661  1610   570
	 6645 19036   669  1600   580
	 6636 18998   674  1590   590
	 6631 18954   686  1570   610
	 6628 18924   693  1550   620
	 6619 18903   696  1540   630
	 6610 18889   697  1530   630
	 6610 18875   700  1510   640
	 6608 18871   702  1500   650
	 6607 18869   704  1490   660
	 6604 18870   705  1480   670
	 6609 18871   705  1460   660
	 6605 18876   702  1440   670
	 6605 18892   702  1440   670
	 6603 18908   697  1440   670
	 6595 18935   686  1440   670
	 6597 18984   678  1420   680
	 6589 19045   668  1400   670
	 6589 19097   664  1400   670
	 6588 19160   668  1400   670
	 6592 19221   664  1420   660
	 6596 19273   664  1420   660
	 6598 19324   664  1420   660
	 6601 19381   669  1420   650
	 6605 19418   672  1430   640
	 6611 19448   677  1450   640
	 6620 19478   678  1450   640
	 6628 19498   681  1460   630
	 6641 19515   686  1470   620
	 6652 19530   687  1480   610
	 6668 19541   691  1500   600
	 6689 19545   693  1500   600
	 6707 19545   691  1510   600
	 6727 19541   690  1530   590
	 6750 19528   689  1530   590
	 6776 19512   686  1540   580
	 6800 19483   686  1540   580
	 6828 19446   686  1550   580
	 6849 19385   687  1550   580
	 6864 19317   686  1550   580
	 6876 19253   687  1550   580
	 6885 19180   689  1550   580
	 6890 19127   689  1540   580
	 6893 19068   689  1530   590
	 6888 19029   691  1530   590
	 6888 18987   690  1510   600
	 6885 18955   693  1500   600
	 6879 18923   693  1480   610
	 6876 18904   697  1480   610
	 6873 18885   697  1470   620
	 6868 18870   700  1460   630
	 6865 18859   700  1450   640
	 6865 18857   704  1430   640
	 6866 18857   705  1420   650
	 6866 18859   706  1420   650
	 6868 18869   710  1400   660
	 6870 18873   714  1390   670
	 6873 18889   708  1390   670
	 6878 18924   702  1370   670
	 6888 18982   690  1370   670
	 6899 19046   674  1370   670
	 6908 19112   671  1390   670
	 6924 19173   664  1390   670
	 6941 19225   660  1390   670
	 6960 19285   656  1380   650
	 6985 19336   658  1370   650
	 7009 19383   658  1380   640
	 7031 19415   660  1400   630
	 7055 19435   663  1400   620
	 7076 19449   669  1400   620
	 7092 19462   674  1390   610
	 7103 19464   677  1410   600
	 7112 19462   681  1420   590
	 7124 19449   686  1420   580
	 7136 19434   689  1420   580
	 7148 19404   693  1430   570
	 7156 19370   697  1430   570
	 7165 19337   700  1460   570
	 7176 19289   705  1460   570
	 7184 19240   706  1460   570
	 7188 19189   715  1440   580
	 7186 19131   717  1460   580
	 7191 19094   723  1460   580
	 7194 19052   723  1450   590
	 7192 19032   725  1440   600
	 7194 19015   725  1440   600
	 7199 18997   725  1420   610
	 7201 18983   725  1410   610
	 7206 18971   725  1410   610
	 7207 18969   724  1400   620
	 7207 18969   722  1380   630
	 7212 18971   721  1380   630
	 7211 18972   715  1370   630
	 7212 18983   715  1370   630
	 7220 18987   715  1350   640
	 7228 19013   713  1350   640
	 7243 19033   710  1350   640
	 7256 19077   706  1350   640
	 7273 19125   706  1350   640
	 7296 19173   704  1350   640
	 7316 19221   705  1350   640
	 7337 19255   705  1370   630
	 7357 19285   706  1370   630
	 7373 19303   714  1370   630
	 7387 19319   723  1380   630
	 7395 19321   736  1400   630
	 7398 19319   766  1410   630
	 7400 19319   768  1410   630
	 7404 19307   770  1410   630
	 7406 19305   772  1430   620
	 7407 19292   774  1430   620
	 7408 19288   775  1440   610
	 7409 19272   776  1440   610
	 7410 19244   776  1440   610
	 7409 19210   776  1440   610
	 7410 19174   775  1440   610
	 7404 19144   773  1440   610
	 7404 19115   769  1430   620
	 7404 19084   727  1430   620
	 7409 19061   693  1430   620
	 7416 19031   669  1410   630
	 7428 19004   639  1410   630
	 7445 18987   522  1400   630
	 7465 18982   331  1400   630
	 7488 18970   234  1380   640
	 7516 18970    -1  1380   640
	 7540 18982    -1  1380   640
	 7558 18987    -1  1370   650
	 7573 19003    -1  1370   650
	 7589 19029    -1  1370   650
	 7608 19049    -1  1370   650
	 7628 19079    -1  1380   650
	 7654 19110    -1  1400   650
	 7675 19142    -1  1400   650
	 7692 19175    -1  1410   640
	 7707 19194    -1  1450   640
	 7717 19222    -1  1450   640
	 7721 19228    -1  1460   630
	 7716 19243    -1  1470   620
	 7706 19254    -1  1470   620
	 7691 19253    -1  1500   620
	 7671 19243    -1  1510   610
	 7657 19241    -1  1510   610
	 7638 19241    -1  1520   600
	 7619 19228    -1  1520   600
	 7598 19226    -1  1520   600
	 7578 19224    -1  1530   590
	 7562 19212    -1  1530   590
	 7547 19209    -1  1520   590
	 7538 19205    -1  1520   590
	 7531 19191    -1  1520   590
	 7530 19189    -1  1510   600
	 7531 19178    -1  1510   600
	 7533 19164    -1  1510   600
	 7537 19163    -1  1510   600
	 7544 19158    -1  1510   600
	 7558 19148    -1  1500   600
	 7571 19147    -1  1500   600
	 7586 19144    -1  1500   600
	 7608 19142    -1  1500   600
	 7632 19142    -1  1500   600
	 7658 19144    -1  1500   600
	 7686 19145    -1  1480   610
	 7716 19148    -1  1480   610
	 7744 19158    -1  1480   610
	 7765 19163    -1  1480   610
	 7789 19176    -1  1490   630
	 7801 19189    -1  1490   630
	 7816 19195    -1  1490   630
	 7820 19212   136  1490   630
	 7823 19228   249  1480   630
	 7823 19243   275  1480   630
	 7821 19269   317  1500   640
	 7818 19286   360  1500   640
	 7813 19301   278  1500   640
	 7810 19320   357  1500   640
	 7802 19335   390  1500   640
	 7796 19349   446  1500   640
	 7790 19349   536  1510   630
	 7783 19350   544  1510   630
	 7770 19340   552  1510   630
	 7755 19338   560  1510   630
	 7732 19321   570  1510   630
	 7711 19304   599  1510   630
	 7694 19286   630  1510   630
	 7678 19260   636  1520   620
	 7657 19238   645  1500   620
	 7638 19207   656  1500   620
	 7622 19180   664  1490   630
	 7608 19159   671  1490   630
	 7602 19129   675  1490   630
	 7597 19112   681  1490   630
	 7595 19094   684  1480   630
	 7598 19078   686  1480   630
	 7602 19061   689  1450   640
	 7610 19048   689  1450   640
	 7617 19034   687  1450   640
	 7626 19031   686  1430   640
	 7636 19019   681  1430   640
	 7648 19018   678  1430   640
	 7660 19017   675  1430   640
	 7677 19018   672  1420   650
	 7697 19020   668  1420   650
	 7718 19031   661  1420   650
	 7742 19047   656  1420   650
	 7764 19063   651  1420   650
	 7790 19081   641  1400   660
	 7815 19109   634  1400   660
	 7841 19132   605  1420   650
	 7863 19164   577  1420   650
	 7887 19207   560  1440   660
	 7903 19242   550  1440   660
	 7916 19275   547  1420   650
	 7926 19307   547  1430   640
	 7931 19336   550  1410   640
	 7931 19354   567  1430   630
	 7924 19367   590  1430   630
	 7921 19369   634  1440   620
	 7916 19371   653  1440   620
	 7910 19371   668  1460   620
	 7907 19368   681  1470   610
	 7901 19368   691  1470   610
	 7899 19365   696  1470   610
	 7885 19352   700  1480   600
	 7874 19335   705  1480   600
	 7862 19307   713  1480   600
	 7851 19289   718  1480   600
	 7848 19270   724  1480   600
	 7840 19242   733  1500   600
	 7836 19224   733  1500   600
	 7832 19208   736  1510   610
	 7833 19190   750  1500   620
	 7834 19176   738  1520   620
	 7840 19158   737  1510   630
	 7844 19132   734  1510   630
	 7847 19125   729  1500   640
	 7853 19115   724  1500   640
	 7867 19110   718  1480   650
	 7883 19099   708  1480   650
	 7900 19096   700  1470   650
	 7919 19095   693  1450   650
	 7948 19095   689  1450   650
	 7974 19097   680  1430   640
	 8005 19111   668  1430   640
	 8037 19126   658  1430   640
	 8067 19143   646  1410   640
	 8095 19160   634  1410   640
	 8121 19179   603  1410   640
	 8148 19210   572  1400   630
	 8170 19244   557  1400   630
	 8189 19285   544  1400   630
	 8199 19320   536  1410   630
	 8206 19352   542  1400   620
	 8205 19381   552  1410   610
	 8202 19386   577  1410   610
	 8196 19398   636  1420   610
	 8192 19398   660  1420   610
	 8184 19397   681  1440   600
	 8178 19387   696  1450   590
	 8170 19385   705  1450   590
	 8161 19371   714  1460   580
	 8155 19366   717  1460   580
	 8144 19340   722  1460   580
	 8130 19306   727  1460   580
	 8116 19276   733  1460   580
	 8108 19255   737  1460   580
	 8100 19225   738  1460   580
	 8093 19193   738  1460   580
	 8094 19174   760  1450   590
	 8093 19147   760  1450   590
	 8100 19129   750  1440   600
	 8102 19112   738  1440   600
	 8113 19097   737  1420   610
	 8124 19083   736  1420   610
	 8139 19077   733  1410   610
	 8155 19066   725  1400   620
	 8169 19063   718  1400   620
	 8188 19064   709  1380   630
	 8204 19064   704  1380   630
	 8227 19067   696  1370   630
	 8252 19082   686  1370   630
	 8278 19098   675  1370   630
	 8297 19125   669  1370   630
	 8317 19145   664  1350   640
	 8338 19176   660  1350   640
	 8361 19211   653  1380   640
	 8381 19257   645  1380   640
	 8402 19304   643  1380   640
	 8414 19350   643  1380   640
	 8424 19385   648  1400   630
	 8431 19416   658  1410   630
	 8437 19430   674  1410   630
	 8437 19435   689  1440   620
	 8437 19435   705  1460   620
	 8435 19445   724  1460   620
	 8435 19435   738  1470   610
	 8434 19433   755  1470   610
	 8431 19418   767  1480   600
	 8428 19403   768  1480   600
	 8424 19385   770  1480   600
	 8415 19339   772  1490   590
	 8399 19287   774  1490   590
	 8385 19227   776  1490   590
	 8371 19173   780  1480   600
	 8357 19099   782  1480   600
	 8339 19030   785  1480   600
	 8325 18953   789  1470   610
	 8313 18875   807  1460   620
	 8302 18794   818  1440   620
	 8299 18728   823  1430   630
	 8291 18667   828  1410   640
	 8292 18615   831  1400   650
	 8290 18555   835  1380   650
	 8287 18517   836  1370   660
	 8283 18472   837  1350   670
	 8281 18442   839  1350   680
	 8280 18411   838  1330   690
	 8281 18377   838  1310   690
	 8277 18357   838  1310   690
	 8275 18344   838  1290   700
	 8275 18343   836  1270   700
	 8275 18344   835  1270   700
	 8274 18342   829  1240   710
	 8275 18344   820  1240   710
	 8276 18347   784  1220   710
	 8279 18358   768  1220   710
	 8281 18360   671  1220   710
	 8284 18377   577  1190   720
	 8290 18427   344  1190   720
	 8295 18491   182  1190   720
	 8300 18553    -1  1190   720
	 8305 18616    -1  1170   710
	 8315 18678    -1  1200   710
	 8332 18732    -1  1200   710
	 8353 18792    -1  1200   710
	 8379 18842    -1  1220   700
	 8419 18891    -1  1250   700
	 8456 18937    -1  1250   680
	 8490 18967    -1  1250   680
	 8515 19000    -1  1290   680
	 8539 19019    -1  1310   680
	 8562 19034    -1  1330   670
	 8569 19050    -1  1350   670
	 8574 19064    -1  1370   660
	 8578 19068    -1  1380   650
	 8575 19079    -1  1380   650
	 8569 19081    -1  1400   650
	 8555 19083    -1  1410   640
	 8543 19093    -1  1410   640
	 8526 19097    -1  1450   640
	 8507 19098    -1  1450   640
	 8491 19109    -1  1460   630
	 8472 19112    -1  1460   630
	 8459 19115    -1  1460   630
	 8448 19127    -1  1460   630
	 8438 19130    -1  1460   630
	 8431 19144    -1  1460   630
	 8429 19157    -1  1470   620
	 8429 19163    -1  1470   620
	 8431 19176    -1  1470   620
	 8440 19191    -1  1470   620
	 8448 19193    -1  1480   610
	 8459 19196    -1  1470   610
	 8468 19207    -1  1470   610
	 8476 19212    -1  1470   610
	 8486 19221    -1  1480   600
	 8494 19224    -1  1480   600
	 8503 19237    -1  1480   600
	 8516 19240    -1  1480   600
	 8524 19241    -1  1480   600
	 8527 19243    -1  1510   600
	 8536 19254    -1  1510   600
	 8542 19255    -1  1510   600
	 8548 19258    -1  1510   600
	 8554 19258    -1  1510   600
	 8560 19260    -1  1510   600
	 8564 19269    -1  1510   600
	 8565 19270    -1  1510   600
	 8566 19269    -1  1520   600
	 8566 19270    -1  1520   600
	 8572 19270    -1  1520   600
	 8575 19270    -1  1520   600
	 8576 19272    -1  1520   600
	 8574 19274    -1  1510   610
	 8582 19274     0  1510   610
	 8583 19286    35  1530   610
	 8592 19290    75  1530   610
	 8601 19301   136  1530   610
	 8612 19305   201  1520   620
	 8619 19317   234  1520   620
	 8628 19324   275  1520   620
	 8636 19336   308  1520   620
	 8643 19340   327  1520   620
	 8651 19352   344  1520   620
	 8657 19365   360  1520   620
	 8660 19367   302  1520   620
	 8660 19370   350  1520   620
	 8660 19372   395  1530   610
	 8659 19381   462  1530   610
	 8655 19382   533  1530   610
	 8652 19372   562  1510   610
	 8647 19372   590  1520   600
	 8638 19369   629  1520   600
	 8630 19366   641  1520   600
	 8621 19353   648  1520   600
	 8605 19337   656  1520   600
	 8594 19323   663  1520   600
	 8577 19306   669  1520   600
	 8568 19289   677  1520   600
	 8560 19272   686  1520   600
	 8553 19244   696  1510   610
	 8545 19225   697  1510   610
	 8540 19209   702  1500   620
	 8540 19194   706  1500   620
	 8536 19177   708  1500   620
	 8536 19162   709  1490   630
	 8539 19157   709  1490   630
	 8545 19144   709  1480   630
	 8551 19131   706  1480   630
	 8563 19126   706  1460   640
	 8574 19113   704  1460   640
	 8587 19110   701  1450   650
	 8601 19100   696  1450   650
	 8622 19099   693  1450   650
	 8641 19100   686  1440   660
	 8661 19111   677  1440   660
	 8685 19112   668  1440   660
	 8713 19128   660  1440   660
	 8735 19141   650  1440   660
	 8763 19157   641  1440   660
	 8785 19175   630  1440   660
	 8805 19193   609  1440   660
	 8819 19221   581  1460   660
	 8833 19241   574  1460   660
	 8843 19260   572  1460   660
	 8846 19288   572  1460   660
	 8848 19304   574  1470   650
	 8847 19318   590  1470   650
	 8840 19323   605  1470   650
	 8837 19337   634  1470   650
	 8828 19339   650  1480   650
	 8820 19349   661  1480   650
	 8814 19350   669  1500   650
	 8810 19351   672  1500   650
	 8802 19353   675  1500   650
	 8790 19353   681  1510   640
	 8785 19349   689  1510   640
	 8778 19339   690  1530   630
	 8771 19339   693  1530   630
	 8768 19334   700  1530   630
	 8761 19324   702  1530   630
	 8756 19307   705  1530   630
	 8752 19291   709  1530   630
	 8751 19275   715  1530   630
	 8748 19269   723  1530   630
	 8747 19253   724  1510   630
	 8745 19241   725  1510   630
	 8744 19239   725  1510   630
	 8745 19227   727  1500   640
	 8749 19222   725  1500   640
	 8752 19210   727  1500   640
	 8757 19205   725  1500   640
	 8760 19195   723  1480   650
	 8763 19192   717  1480   650
	 8771 19180   714  1480   650
	 8783 19176   708  1470   650
	 8791 19176   700  1470   650
	 8804 19175   690  1470   650
	 8814 19176   681  1470   650
	 8829 19177   671  1470   650
	 8846 19178   663  1470   650
	 8863 19192   653  1470   650
	 8885 19205   648  1470   650
	 8902 19221   641  1490   660
	 8924 19237   634  1490   660
	 8942 19253   629  1490   660
	 8957 19269   623  1490   660
	 8971 19288   613  1490   660
	 8985 19306   615  1470   650
	 8991 19323   621  1480   650
	 8996 19337   629  1460   640
	 8996 19340   636  1460   640
	 8996 19351   646  1460   630
	 8995 19354   660  1460   630
	 8991 19354   672  1460   630
	 8988 19352   686  1460   620
	 8990 19351   697  1460   620
	 8990 19350   705  1440   610
	 8985 19340   714  1450   600
	 8979 19339   722  1440   600
	 8977 19333   727  1440   600
	 8973 19324   731  1420   590
	 8968 19319   737  1430   590
	 8964 19307   738  1430   590
	 8958 19302   760  1440   600
	 8957 19289   767  1440   600
	 8958 19274   768  1450   600
	 8952 19271   769  1450   600
	 8952 19255   770  1460   620
	 8949 19239   770  1460   620
	 8953 19227   770  1470   620
	 8954 19225   771  1460   630
	 8958 19222   770  1460   630
	 8961 19211   770  1460   630
	 8968 19209   770  1480   650
	 8976 19196   769  1480   650
	 8988 19193   767  1480   650
	 8996 19189   767  1470   650
	 9012 19180   760  1470   650
	 9030 19178   744  1470   650
	 9047 19177   734  1450   650
	 9069 19178   727  1450   650
	 9089 19179   713  1430   640
	 9115 19192   702  1430   640
	 9138 19205   693  1430   640
	 9159 19211   683  1410   640
	 9177 19226   678  1410   640
	 9198 19243   671  1410   640
	 9215 19269   669  1400   630
	 9228 19289   669  1400   630
	 9239 19305   669  1410   630
	 9247 19322   669  1410   630
	 9257 19350   677  1410   630
	 9263 19365   684  1430   620
	 9265 19372   693  1430   620
	 9267 19384   706  1440   610
	 9267 19388   723  1440   610
	 9267 19399   738  1460   620
	 9268 19401   768  1470   610
	 9269 19402   772  1470   610
	 9267 19402   775  1470   610
	 9269 19400   778  1480   600
	 9267 19400   781  1480   600
	 9265 19400   783  1480   600
	 9266 19399   786  1480   600
	 9266 19397   786  1490   590
	 9262 19384   787  1490   590
	 9260 19370   789  1490   590
	 9258 19350   799  1490   590
	 9252 19319   814  1490   590
	 9244 19274   815  1480   600
	 9234 19238   818  1500   600
	 9224 19191   821  1480   610
	 9214 19146   824  1480   610
	 9207 19099   827  1470   620
	 9191 19049   831  1470   620
	 9183 19004   832  1460   630
	 9181 18982   836  1460   630
	 9177 18940   838  1450   640
	 9168 18908   841  1430   640
	 9168 18892   845  1420   650
	 9171 18869   848  1420   650
	 9168 18842   853  1400   660
	 9168 18824   862  1390   670
	 9168 18812   867  1370   670
	 9169 18812   867  1370   670
	 9169 18811   867  1350   680
	 9168 18811   868  1350   680
	 9168 18808   864  1330   690
	 9171 18811   853  1330   690
	 9170 18811   848  1330   690
	 9168 18810   843  1330   690
	 9171 18812   835  1310   690
	 9171 18822   827  1310   690
	 9168 18821   815  1310   690
	 9171 18823   783  1310   690
	 9170 18827   772  1310   690
	 9169 18843   705  1310   690
	 9164 18857   661  1310   690
	 9158 18873   555  1310   690
	 9137 18876   294  1310   690
	 9107 18885   136  1310   690
	 9064 18873    -1  1330   690
	 9011 18871    -1  1330   690
	 8937 18869    -1  1350   690
	 8848 18857    -1  1350   690
	 8752 18843    -1  1370   690
	 8658 18826    -1  1370   690
	 8553 18811    -1  1370   690
	 8452 18791    -1  1370   690
	 8342 18761    -1  1370   690
	 8237 18730    -1  1370   690
	 8135 18696    -1  1350   680
	 8031 18664    -1  1350   680
	 7922 18629    -1  1350   680
	 7822 18586    -1  1350   680
	 7734 18551    -1  1350   680
	 7665 18517   547  1350   680
	 7605 18502   572  1350   680
	 7561 18476   557  1350   680
	 7522 18469   555  1330   690
	 7492 18444   572  1330   690
	 7475 18440   609  1330   690
	 7469 18438   645  1330   690
	 7469 18441   658  1330   690
	 7482 18441   666  1350   690
	 7507 18443   677  1350   690
	 7551 18455   690  1350   710
	 7613 18475   706  1350   710
	 7694 18504   730  1370   710
	 7806 18536   773  1370   710
	 7932 18569   779  1370   710
	 8062 18604   784  1370   710
	 8204 18649   814  1370   710
	 8352 18695   825  1370   710
	 8520 18731   841  1420   710
	 8687 18773   847  1420   710
	 8839 18808   867  1420   710
	 8996 18842   875  1420   710
	 9123 18873   881  1420   710
	 9239 18903   894  1420   710
	 9334 18921   907  1430   700
	 9406 18936   921  1460   710
	 9476 18954   934  1460   710
	 9532 18968   944  1460   710
	 9571 18972   949  1460   710
	 9598 18983   952  1500   710
	 9619 18984   954  1500   710
	 9634 18987   955  1500   710
	 9640 18997   956  1500   710
	 9643 18988   957  1530   710
	 9643 18988   954  1530   710
	 9643 18988   951  1540   700
	 9642 18988   941  1540   700
	 9640 18988   925  1540   700
	 9640 18987   895  1540   700
	 9638 18988   873  1540   700
	 9638 18987   838  1570   710
	 9633 18997   807  1570   710
	 9636 19001   766  1570   710
	 9622 19013   636  1570   710
	 9602 19035   344  1570   710
	 9578 19068    -1  1580   700
	 9543 19099    -1  1580   700
	 9506 19129    -1  1550   690
	 9471 19161    -1  1560   680
	 9439 19195    -1  1580   670
	 9414 19227    -1  1550   670
	 9396 19258    -1  1560   660
	 9375 19289    -1  1570   650
	 9364 19317    -1  1560   640
	 9345 19337    -1  1550   630
	 9324 19355    -1  1550   630
	 9302 19382    -1  1560   610
	 9278 19400    -1  1540   600
	 9257 19417    -1  1550   600
	 9233 19433    -1  1530   590
	 9208 19450    -1  1530   580
	 9185 19465    -1  1510   580
	 9160 19481    -1  1520   570
	 9136 19498    -1  1510   560
	 9113 19514    -1  1490   560
	 9090 19530    -1  1490   560
	 9071 19546    -1  1480   560
	 9059 19562    -1  1460   550
	 9053 19576    -1  1460   550
	 9041 19590    -1  1450   550
	 9041 19606    -1  1440   560
	 9042 19612    -1  1430   550
	 9044 19637    -1  1430   550
	 9046 19642    -1  1420   540
	 9052 19660    -1  1420   540
	 9057 19685    -1  1420   540
	 9061 19692    -1  1420   540
	 9072 19718    -1  1420   530
	 9072 19733    -1  1420   530
	 9072 19740    -1  1430   520
	 9075 19765    -1  1430   520
	 9076 19768    -1  1420   520
	 9080 19772    -1  1420   520
	 9073 19772    -1  1430   510
	 9071 19770    -1  1430   510
	 9063 19769    -1  1430   510
	 9058 19765    -1  1430   510
	 9052 19740    -1  1450   510
	 9046 19733    -1  1450   510
	 9038 19717    -1  1450   510
	 9029 19691    -1  1450   510
	 9012 19644   646  1470   510
	 8987 19689   656  1470   510
	 8979 19688   664  1480   510
	 8981 19688   689  1480   510
	 8981 19689   714  1480   530
	 8982 19689   717  1480   530
	 8982 19688   713  1490   530
	 8986 19689   697  1490   530
	 8990 19688   681  1510   530
	 9004 19687   663  1510   530
	 9018 19687   639  1510   530
	 9039 19676   562  1520   540
	 9059 19676   410  1520   540
	 9087 19686   324  1520   540
	 9109 19689   352  1510   540
	 9132 19692   336  1510   540
	 9153 19703   336  1510   540
	 9167 19706   344  1510   540
	 9175 19708   367  1530   550
	 9179 19717   357  1530   550
	 9181 19719   533  1530   550
	 9180 19717   641  1530   550
	 9178 19718   689  1530   550
	 9176 19717   767  1530   550
	 9174 19708   780  1530   550
	 9175 19717   790  1540   550
	 9173 19717   820  1540   550
	 9172 19718   826  1540   550
	 9172 19717   829  1540   550
	 9171 19717   829  1540   550
	 9172 19717   824  1540   550
	 9173 19717   815  1540   550
	 9173 19718   782  1540   550
	 9176 19718   718  1540   550
	 9181 19718   579  1540   550
	 9189 19708   344  1540   550
