ABCDE-012_345_678 641
	 7055 12485     0  1380   630
	 7058 12491    75  1380   640
	 7058 12506   275  1380   640
	 7050 12519   344  1400   650
	 7042 12533   352  1380   650
	 7040 12539   360  1400   660
	 7040 12540   269  1420   650
	 7040 12549   317  1420   650
	 7036 12549   331  1440   660
	 7035 12539   338  1450   650
	 7037 12534   344  1450   650
	 7035 12505   363  1450   650
	 7022 12469   374  1470   650
	 7010 12396   385  1470   650
	 6994 12315   395  1470   650
	 6975 12218   395  1470   650
	 6949 12104   401  1470   650
	 6923 11979   405  1470   650
	 6894 11866   410  1460   660
	 6860 11755   415  1460   660
	 6836 11659   437  1460   660
	 6808 11576   494  1460   660
	 6789 11499   522  1440   670
	 6771 11436   533  1440   670
	 6757 11387   544  1420   680
	 6746 11349   552  1420   680
	 6732 11304   562  1410   680
	 6719 11275   570  1390   690
	 6714 11259   577  1390   690
	 6706 11242   584  1370   700
	 6703 11237   588  1370   700
	 6702 11226   592  1390   710
	 6701 11227   590  1390   710
	 6704 11227   592  1370   710
	 6706 11238   590  1370   710
	 6709 11253   581  1350   720
	 6715 11271   579  1330   710
	 6723 11303   577  1330   710
	 6734 11340   574  1330   710
	 6751 11399   567  1330   710
	 6767 11461   562  1330   710
	 6787 11526   552  1330   710
	 6808 11593   552  1330   710
	 6833 11659   547  1350   710
	 6859 11724   533  1350   710
	 6886 11787   531  1350   710
	 6910 11845   528  1370   700
	 6939 11894   533  1350   690
	 6966 11931   531  1370   690
	 6993 11974   533  1370   690
	 7018 11996   533  1370   690
	 7041 12024   539  1390   680
	 7065 12041   544  1390   680
	 7084 12053   547  1400   670
	 7098 12055   547  1390   670
	 7108 12054   550  1400   660
	 7114 12043   550  1400   660
	 7122 12026   552  1400   660
	 7132 11995   557  1420   650
	 7142 11959   560  1420   650
	 7167 11914   560  1400   650
	 7158 11864   562  1400   650
	 7161 11814   565  1400   650
	 7163 11754   565  1380   650
	 7160 11701   567  1380   650
	 7155 11641   567  1400   660
	 7152 11590   570  1400   660
	 7151 11543   572  1390   670
	 7144 11497   572  1390   670
	 7144 11463   574  1370   670
	 7141 11435   574  1370   670
	 7138 11415   577  1370   670
	 7133 11399   577  1350   680
	 7133 11387   577  1350   680
	 7134 11382   577  1330   690
	 7133 11381   574  1330   690
	 7133 11372   570  1310   680
	 7133 11382   570  1290   680
	 7135 11385   567  1290   680
	 7140 11400   565  1290   680
	 7144 11417   565  1270   690
	 7151 11450   562  1270   690
	 7163 11483   562  1270   690
	 7173 11525   560  1270   690
	 7187 11562   560  1270   690
	 7203 11610   557  1270   690
	 7224 11659   557  1290   680
	 7244 11707   555  1290   680
	 7269 11751   555  1280   680
	 7289 11784   557  1280   680
	 7308 11803   557  1280   680
	 7324 11818   557  1310   680
	 7338 11831   560  1310   680
	 7350 11834   562  1310   680
	 7360 11833   565  1330   670
	 7363 11833   567  1330   670
	 7367 11820   572  1330   670
	 7374 11816   579  1350   670
	 7386 11797   579  1350   670
	 7393 11772   584  1350   670
	 7400 11755   590  1350   670
	 7400 11720   605  1350   670
	 7402 11687   619  1350   670
	 7400 11644   629  1350   670
	 7397 11609   632  1350   670
	 7389 11563   634  1350   670
	 7380 11529   636  1350   670
	 7378 11500   641  1330   670
	 7373 11482   645  1330   670
	 7371 11464   646  1330   670
	 7369 11451   646  1330   670
	 7369 11447   646  1330   670
	 7369 11445   646  1310   680
	 7371 11445   641  1310   680
	 7371 11445   639  1310   680
	 7371 11446   632  1310   680
	 7379 11449   625  1290   680
	 7384 11466   619  1290   680
	 7404 11483   615  1290   680
	 7426 11525   609  1290   680
	 7450 11548   601  1290   680
	 7479 11593   599  1290   680
	 7506 11638   592  1310   690
	 7536 11672   592  1310   690
	 7566 11706   599  1310   690
	 7589 11735   599  1310   690
	 7613 11751   605  1330   690
	 7636 11767   615  1330   690
	 7652 11770   629  1330   690
	 7659 11772   634  1330   690
	 7663 11770   643  1330   690
	 7670 11768   656  1330   690
	 7669 11756   669  1350   680
	 7672 11751   683  1350   680
	 7672 11737   693  1350   680
	 7670 11719   701  1350   680
	 7668 11702   706  1350   680
	 7661 11670   713  1350   680
	 7656 11640   710  1350   680
	 7648 11612   706  1350   680
	 7648 11595   702  1350   680
	 7646 11591   696  1350   680
	 7645 11564   677  1350   680
	 7644 11542   656  1350   680
	 7641 11516   625  1330   690
	 7643 11498   552  1330   690
	 7651 11483   405  1330   690
	 7655 11480   286  1330   690
	 7666 11467   286  1330   690
	 7682 11467     0  1330   700
	 7698 11477    -1  1330   700
	 7713 11479    -1  1330   700
	 7724 11495    -1  1330   700
	 7733 11510    -1  1330   700
	 7744 11516    -1  1330   700
	 7762 11532    -1  1330   700
	 7779 11548    -1  1350   710
	 7799 11564    -1  1350   710
	 7825 11580    -1  1350   710
	 7851 11606    -1  1370   710
	 7873 11623    -1  1390   710
	 7900 11637    -1  1390   710
	 7929 11654    -1  1390   710
	 7948 11669    -1  1370   700
	 7970 11675    -1  1390   690
	 7983 11689    -1  1390   690
	 7991 11702    -1  1370   690
	 7989 11717     0  1390   680
	 7983 11723   327  1390   680
	 7974 11738   352  1370   670
	 7962 11751   360  1370   670
	 7951 11765   286  1370   670
	 7941 11771   324  1350   670
	 7931 11783   374  1350   670
	 7917 11785   415  1350   670
	 7903 11788   525  1330   660
	 7887 11787   539  1330   660
	 7866 11785   565  1330   660
	 7850 11781   577  1350   670
	 7831 11769   611  1350   670
	 7813 11751   619  1370   670
	 7788 11733   623  1370   670
	 7765 11705   638  1370   670
	 7748 11686   645  1390   680
	 7728 11644   651  1390   680
	 7714 11622   656  1390   680
	 7701 11595   660  1390   680
	 7698 11579   660  1390   680
	 7692 11573   660  1390   690
	 7689 11546   661  1390   690
	 7689 11531   660  1390   690
	 7693 11525   660  1390   690
	 7698 11515   658  1370   690
	 7701 11512   653  1370   690
	 7711 11499   648  1350   690
	 7727 11500   643  1350   690
	 7749 11500   638  1350   690
	 7774 11500   630  1350   690
	 7801 11512   615  1350   690
	 7834 11525   601  1330   700
	 7865 11541   579  1330   700
	 7897 11547   572  1330   700
	 7931 11564   565  1330   700
	 7960 11591   562  1330   700
	 7985 11608   557  1310   690
	 8009 11627   552  1310   690
	 8028 11654   552  1330   690
	 8042 11672   552  1330   690
	 8048 11689   552  1330   690
	 8052 11705   557  1330   690
	 8049 11707   572  1310   680
	 8045 11718   609  1310   680
	 8043 11717   641  1330   670
	 8038 11717   656  1330   670
	 8032 11718   669  1330   670
	 8022 11717   681  1310   670
	 8015 11708   693  1310   670
	 8006 11706   700  1310   670
	 7999 11703   704  1310   670
	 7989 11692   706  1310   670
	 7983 11689   713  1330   660
	 7978 11675   715  1330   660
	 7973 11673   715  1330   660
	 7969 11660   718  1330   660
	 7966 11654   724  1330   660
	 7966 11641   723  1310   670
	 7969 11628   721  1310   670
	 7973 11623   715  1310   670
	 7980 11611   709  1300   660
	 7987 11605   702  1300   660
	 7991 11595   696  1300   660
	 8004 11594   689  1300   660
	 8025 11592   681  1300   660
	 8049 11592   671  1300   660
	 8076 11592   664  1300   660
	 8109 11596   660  1280   660
	 8146 11608   656  1280   660
	 8178 11611   651  1280   660
	 8216 11625   646  1280   660
	 8251 11641   641  1280   660
	 8286 11657   639  1280   660
	 8317 11671   634  1280   660
	 8343 11685   636  1280   660
	 8361 11692   634  1300   670
	 8375 11705   636  1310   670
	 8381 11706   638  1310   670
	 8383 11708   643  1310   670
	 8378 11707   653  1310   670
	 8378 11707   666  1310   670
	 8372 11707   680  1310   670
	 8369 11706   693  1310   670
	 8364 11704   702  1310   670
	 8360 11702   708  1330   670
	 8359 11702   715  1330   670
	 8357 11692   718  1350   670
	 8356 11691   718  1350   670
	 8359 11692   722  1350   670
	 8359 11692   722  1350   670
	 8362 11692   718  1350   670
	 8363 11692   715  1330   670
	 8368 11702   708  1330   670
	 8373 11701   705  1330   670
	 8380 11703   704  1310   670
	 8398 11705   702  1310   670
	 8418 11708   702  1310   670
	 8444 11720   702  1310   670
	 8476 11733   702  1310   670
	 8505 11749   702  1310   670
	 8532 11765   702  1310   670
	 8554 11769   702  1330   670
	 8570 11782   702  1330   670
	 8582 11785   704  1330   670
	 8580 11783   706  1330   670
	 8580 11783   718  1330   670
	 8579 11781   737  1330   670
	 8572 11767   766  1330   670
	 8563 11750   769  1330   670
	 8553 11720   774  1330   670
	 8530 11659   776  1350   680
	 8500 11576   780  1350   680
	 8477 11494   784  1350   680
	 8444 11413   788  1330   690
	 8415 11318   813  1330   690
	 8388 11227   821  1330   690
	 8361 11144   829  1310   690
	 8342 11068   835  1290   680
	 8327 11002   841  1290   680
	 8312 10940   848  1270   690
	 8304 10902   862  1270   690
	 8302 10856   870  1270   690
	 8300 10812   871  1250   700
	 8298 10789   872  1250   700
	 8301 10764   874  1210   690
	 8302 10748   874  1210   690
	 8297 10732   871  1180   700
	 8302 10730   867  1180   700
	 8303 10729   846  1180   700
	 8304 10730   836  1160   700
	 8303 10729   825  1160   700
	 8304 10730   814  1160   700
	 8304 10741   780  1160   700
	 8305 10742   768  1150   690
	 8307 10757   706  1150   690
	 8309 10777   663  1150   690
	 8321 10812   577  1120   700
	 8342 10869   324  1120   700
	 8367 10921     0  1150   690
	 8392 10988    -1  1160   700
	 8418 11063    -1  1160   700
	 8450 11131    -1  1160   700
	 8486 11195    -1  1160   700
	 8526 11259    -1  1160   700
	 8572 11320    -1  1160   700
	 8620 11372    -1  1160   700
	 8666 11429    -1  1200   710
	 8706 11465    -1  1200   710
	 8745 11497    -1  1220   700
	 8776 11527    -1  1240   710
	 8795 11548    -1  1270   700
	 8806 11574    -1  1270   700
	 8802 11592    -1  1280   710
	 8793 11605    -1  1310   710
	 8775 11611    -1  1310   710
	 8758 11624    -1  1310   710
	 8739 11627    -1  1330   700
	 8718 11640    -1  1350   710
	 8694 11643    -1  1370   700
	 8674 11654    -1  1370   700
	 8644 11657    -1  1390   690
	 8620 11659    -1  1390   690
	 8598 11670    -1  1390   690
	 8573 11669    -1  1390   690
	 8558 11671    -1  1410   680
	 8547 11672    -1  1410   680
	 8546 11672    -1  1390   680
	 8547 11672    -1  1390   680
	 8548 11674    -1  1390   680
	 8554 11674    -1  1400   670
	 8565 11675    -1  1400   670
	 8575 11686    -1  1400   670
	 8586 11687    -1  1400   670
	 8601 11691    -1  1400   670
	 8622 11692    -1  1400   670
	 8645 11702    -1  1400   670
	 8674 11707    -1  1420   680
	 8702 11708    -1  1440   670
	 8734 11720    -1  1440   670
	 8763 11723    -1  1440   670
	 8790 11733    -1  1440   670
	 8814 11736    -1  1440   670
	 8840 11739    -1  1440   670
	 8862 11749    -1  1460   670
	 8885 11751    -1  1460   670
	 8900 11754    -1  1460   670
	 8911 11767    -1  1460   670
	 8923 11769    -1  1460   670
	 8925 11771    -1  1480   680
	 8923 11783    -1  1480   680
	 8916 11787     0  1480   680
	 8912 11798   262  1480   680
	 8904 11801   327  1480   680
	 8891 11804   336  1480   680
	 8880 11814   360  1470   690
	 8871 11816   278  1470   690
	 8861 11816   317  1470   690
	 8846 11817   344  1470   690
	 8834 11816   380  1470   690
	 8821 11815   410  1470   690
	 8803 11814   415  1450   680
	 8785 11802   494  1450   680
	 8768 11786   525  1450   680
	 8757 11772   544  1450   680
	 8742 11768   557  1450   680
	 8734 11754   570  1450   680
	 8731 11749   584  1450   680
	 8723 11736   603  1420   680
	 8721 11721   625  1420   680
	 8719 11706   634  1420   680
	 8721 11701   638  1420   680
	 8724 11688   641  1410   680
	 8730 11685   641  1410   680
	 8733 11671   641  1410   680
	 8739 11660   643  1410   680
	 8744 11657   639  1410   680
	 8750 11654   639  1390   680
	 8759 11644   639  1390   680
	 8771 11641   638  1390   680
	 8785 11644   634  1390   680
	 8806 11643   630  1390   680
	 8826 11655   621  1390   680
	 8848 11659   609  1390   680
	 8870 11671   595  1390   680
	 8896 11675   584  1390   690
	 8917 11690   574  1390   690
	 8941 11706   570  1390   690
	 8962 11722   565  1410   680
	 8975 11737   562  1410   680
	 8983 11754   560  1390   680
	 8991 11770   562  1390   680
	 8996 11785   562  1390   680
	 8998 11797   565  1390   680
	 8996 11803   572  1390   680
	 8991 11814   579  1370   670
	 8986 11817   603  1370   670
	 8979 11818   630  1370   670
	 8974 11818   645  1370   670
	 8963 11818   655  1370   670
	 8960 11820   663  1350   670
	 8955 11819   669  1370   660
	 8948 11819   674  1370   660
	 8948 11818   683  1370   660
	 8945 11816   681  1370   660
	 8940 11814   684  1390   670
	 8933 11803   686  1390   670
	 8928 11788   689  1390   670
	 8920 11781   691  1400   670
	 8918 11769   693  1400   670
	 8917 11765   696  1420   680
	 8919 11750   698  1420   680
	 8921 11735   698  1420   680
	 8926 11723   697  1450   680
	 8931 11718   697  1450   680
	 8941 11707   696  1450   680
	 8952 11702   691  1450   680
	 8963 11692   689  1450   680
	 8975 11688   681  1450   680
	 8993 11687   675  1420   680
	 9014 11687   672  1410   680
	 9038 11687   671  1410   680
	 9065 11689   666  1390   680
	 9087 11691   661  1390   680
	 9110 11704   656  1390   680
	 9134 11719   655  1370   670
	 9157 11723   650  1370   670
	 9171 11737   648  1370   670
	 9185 11754   646  1370   670
	 9196 11769   646  1350   670
	 9203 11783   646  1350   670
	 9206 11799   648  1350   670
	 9207 11814   651  1350   670
	 9208 11819   653  1330   660
	 9206 11831   661  1330   660
	 9198 11833   674  1370   660
	 9199 11834   689  1370   660
	 9195 11834   705  1370   660
	 9194 11834   717  1370   660
	 9190 11834   729  1370   660
	 9190 11833   737  1370   660
	 9186 11833   750  1370   660
	 9187 11832   766  1370   660
	 9186 11830   767  1370   660
	 9183 11820   767  1370   660
	 9180 11816   768  1370   660
	 9174 11803   769  1370   660
	 9171 11788   769  1370   660
	 9169 11785   770  1370   660
	 9170 11772   770  1370   660
	 9172 11768   772  1370   660
	 9175 11756   772  1370   660
	 9177 11750   772  1370   660
	 9183 11737   772  1370   660
	 9190 11724   770  1370   660
	 9194 11723   770  1370   660
	 9201 11721   768  1370   660
	 9212 11721   768  1370   660
	 9229 11708   768  1370   660
	 9246 11706   767  1370   660
	 9270 11705   766  1370   660
	 9292 11704   744  1350   670
	 9316 11706   737  1350   670
	 9344 11708   737  1350   670
	 9377 11719   734  1350   670
	 9401 11733   730  1350   670
	 9428 11739   727  1350   670
	 9451 11754   724  1350   670
	 9473 11771   725  1350   670
	 9493 11787   727  1350   670
	 9511 11802   727  1350   670
	 9521 11817   731  1350   670
	 9525 11819   738  1350   670
	 9524 11820   768  1370   670
	 9524 11820   771  1370   670
	 9522 11820   776  1370   670
	 9520 11819   783  1370   670
	 9517 11818   786  1370   670
	 9511 11815   788  1370   670
	 9507 11804   789  1370   670
	 9495 11786   790  1370   670
	 9484 11767   799  1370   670
	 9469 11737   812  1370   670
	 9451 11703   817  1370   670
	 9440 11672   821  1370   670
	 9427 11637   824  1370   670
	 9418 11594   828  1370   670
	 9412 11561   831  1370   670
	 9407 11528   835  1370   670
	 9402 11497   835  1370   670
	 9399 11479   839  1350   680
	 9397 11462   841  1350   680
	 9402 11432   841  1350   680
	 9402 11416   841  1330   690
	 9402 11403   841  1330   690
	 9405 11388   840  1310   680
	 9406 11385   837  1290   680
	 9405 11372   834  1290   680
	 9408 11371   827  1290   680
	 9406 11371   821  1270   690
	 9409 11371   812  1270   690
	 9406 11369   785  1270   690
	 9408 11369   776  1270   690
	 9404 11369   733  1270   690
	 9403 11371   683  1250   700
	 9396 11372   634  1250   700
	 9386 11381   536  1250   700
	 9371 11385   324  1250   700
	 9334 11388   136  1250   700
	 9294 11401    -1  1250   700
	 9242 11404    -1  1250   700
	 9175 11416    -1  1250   700
	 9096 11417    -1  1250   700
	 8996 11415    -1  1250   700
	 8882 11404    -1  1250   700
	 8757 11388    -1  1250   700
	 8634 11368    -1  1250   700
	 8499 11338    -1  1250   700
	 8361 11304    -1  1250   700
	 8220 11259    -1  1230   690
	 8086 11222    -1  1230   690
	 7958 11175    -1  1230   690
	 7828 11130   286  1230   690
	 7720 11098   528  1230   690
	 7634 11080   557  1210   690
	 7549 11062   547  1210   690
	 7481 11036   544  1220   700
	 7433 11029   555  1220   700
	 7402 11018   574  1240   710
	 7389 11014   632  1240   710
	 7391 11014   648  1240   710
	 7399 11014   656  1270   700
	 7418 11018   663  1280   710
	 7462 11032   669  1280   710
	 7533 11052   681  1280   710
	 7622 11084   691  1300   720
	 7744 11116   705  1330   730
	 7886 11159   714  1330   730
	 8056 11206   737  1330   730
	 8219 11253   770  1330   730
	 8406 11275   776  1330   730
	 8606 11320   783  1330   730
	 8787 11356   785  1350   720
	 8978 11398   788  1350   720
	 9141 11432   812  1350   720
	 9278 11451   817  1350   720
	 9413 11479   824  1330   730
	 9506 11497   826  1330   730
	 9598 11512   831  1330   730
	 9656 11525   835  1350   720
	 9702 11528   835  1350   720
	 9732 11532   837  1350   720
	 9744 11542   838  1350   720
	 9750 11542   839  1350   720
	 9751 11542   840  1370   730
	 9750 11541   839  1400   720
	 9749 11542   836  1400   720
	 9748 11543   830  1400   720
	 9742 11543   821  1400   720
	 9733 11543   803  1400   720
	 9724 11543   782  1420   720
	 9709 11547   768  1420   720
	 9692 11560   678  1420   720
	 9676 11578   630  1420   720
	 9659 11606   401  1440   720
	 9645 11627   352  1470   720
	 9635 11658    35  1470   720
	 9626 11690    -1  1470   720
	 9617 11723    -1  1480   710
	 9603 11765    -1  1480   710
	 9587 11798    -1  1480   710
	 9570 11831    -1  1500   710
	 9553 11864    -1  1500   710
	 9541 11894    -1  1500   710
	 9532 11913    -1  1530   690
	 9541 11948    -1  1520   680
	 9518 11974    -1  1530   670
	 9506 11995    -1  1540   660
	 9495 12024    -1  1530   650
	 9477 12042    -1  1540   640
	 9458 12069    -1  1540   640
	 9434 12086    -1  1550   620
	 9410 12105    -1  1550   620
	 9380 12133    -1  1530   610
	 9355 12139    -1  1520   620
	 9323 12156    -1  1520   620
	 9313 12171    -1  1490   630
	 9272 12185    -1  1460   630
	 9243 12188    -1  1460   630
	 9223 12199    -1  1430   630
	 9209 12199    -1  1410   640
	 9192 12188    -1  1380   640
	 9186 12186    -1  1370   650
	 9182 12181    -1  1350   650
	 9181 12169    -1  1330   660
	 9182 12166    -1  1310   670
	 9199 12150    -1  1280   660
	 9184 12138   136  1280   680
	 9175 12139   544  1280   680
	 9168 12151   533  1300   670
	 9162 12154   528  1300   670
	 9172 12153   507  1310   680
	 9176 12152   429  1330   670
	 9181 12152   405  1350   680
	 9186 12152   374  1350   680
	 9196 12153   331  1350   680
	 9206 12152   352  1370   690
	 9224 12153   249  1390   680
	 9245 12154     0  1410   680
	 9275 12156    -1  1410   680
	 9301 12168    -1  1410   680
	 9337 12170    -1  1410   680
	 9377 12171    -1  1410   680
	 9419 12183    -1  1410   680
	 9463 12184    -1  1410   680
	 9506 12184    -1  1410   680
	 9565 12182    -1  1430   690
	 9562 12166     0  1430   690
	 9576 12169   380  1430   690
	 9574 12170   405  1430   690
	 9577 12172   525  1430   690
	 9577 12172   567  1430   690
	 9575 12171   638  1450   700
	 9576 12171   666  1450   700
	 9576 12171   691  1450   700
	 9575 12171   715  1450   700
	 9576 12172   733  1450   700
	 9572 12172   733  1450   700
	 9573 12181   718  1450   700
	 9575 12172   691  1480   700
	 9576 12172   651  1480   700
	 9578 12172   539  1450   700
	 9582 12170   367  1450   700
	 9582 12167    75  1450   700
