ABCDE-012_345_678 765
	13038  7991     0  1350   580
	13039  7979    75  1360   580
	13049  7994   182  1360   580
	13066  8007   218  1380   590
	13097  8022   249  1380   590
	13142  8038   275  1390   600
	13188  8055   297  1390   600
	13243  8071   327  1390   600
	13317  8071   336  1410   600
	13374  8104   367  1410   600
	13449  8106   294  1410   600
	13533  8120   338  1420   610
	13628  8133   357  1450   600
	13736  8139   368  1450   600
	13843  8153   390  1450   600
	13956  8165   401  1470   610
	14066  8171   401  1470   610
	14191  8188   420  1470   610
	14301  8203   480  1470   610
	14414  8232   494  1470   610
	14522  8261   513  1470   610
	14629  8283   516  1480   610
	14737  8315   519  1480   610
	14836  8346   525  1500   620
	14915  8378   528  1510   610
	14993  8408   531  1530   610
	15056  8442   533  1530   610
	15112  8473   542  1550   620
	15163  8501   542  1550   620
	15197  8522   544  1550   620
	15217  8537   550  1560   620
	15226  8551   562  1560   620
	15223  8553   579  1570   610
	15209  8568   595  1570   610
	15186  8585   581  1590   610
	15145  8615   565  1590   610
	15100  8635   567  1590   610
	15047  8652   572  1600   600
	14987  8678   567  1600   600
	14919  8697   565  1600   600
	14843  8713   552  1600   600
	14756  8730   544  1610   600
	14653  8745   542  1610   600
	14557  8763   525  1590   590
	14462  8780   531  1590   590
	14366  8793   507  1570   590
	14269  8805   480  1580   580
	14166  8807   410  1580   580
	14052  8796   401  1580   580
	13960  8789   410  1570   580
	13879  8773   429  1570   580
	13814  8757   469  1570   580
	13762  8731   507  1550   580
	13718  8712   500  1550   580
	13679  8684   494  1540   570
	13650  8666   507  1540   570
	13632  8648   513  1540   570
	13621  8635   513  1540   570
	13618  8619   513  1520   570
	13627  8602   516  1520   570
	13632  8586   513  1520   570
	13651  8568   516  1520   570
	13680  8549   519  1520   570
	13723  8520   525  1520   570
	13772  8491   531  1520   570
	13838  8471   539  1520   570
	13918  8441   547  1510   580
	14008  8411   555  1510   580
	14114  8377   560  1510   580
	14226  8346   567  1510   580
	14335  8310   577  1510   580
	14442  8267   588  1520   590
	14549  8231   599  1520   590
	14658  8184   605  1520   590
	14765  8140   611  1520   600
	14850  8102   609  1520   600
	14915  8055   605  1520   600
	14955  8006   601  1540   600
	14977  7948   601  1540   600
	14991  7899   609  1550   620
	14992  7848   619  1550   620
	14986  7801   621  1560   620
	14974  7756   623  1560   620
	14955  7708   625  1560   620
	14937  7675   629  1580   620
	14910  7643   630  1570   630
	14884  7621   632  1570   630
	14852  7591   630  1590   640
	14821  7574   632  1590   640
	14788  7557   629  1590   640
	14747  7546   619  1570   630
	14702  7546   621  1570   630
	14661  7557   613  1570   630
	14616  7564   599  1570   630
	14582  7594   581  1550   630
	14546  7626   574  1550   630
	14511  7674   565  1540   640
	14486  7735   562  1530   630
	14463  7800   555  1530   630
	14445  7880   552  1510   630
	14427  7963   552  1520   620
	14417  8041   557  1500   620
	14415  8088   565  1500   620
	14416  8118   567  1500   620
	14410  8135   570  1480   610
	14413  8140   570  1480   610
	14415  8153   570  1480   610
	14423  8155   570  1480   600
	14429  8165   570  1480   600
	14437  8166   570  1480   600
	14452  8156   567  1480   600
	14475  8149   567  1480   600
	14506  8124   567  1480   600
	14549  8101   570  1480   600
	14595  8056   570  1480   600
	14656  7995   572  1480   600
	14714  7930   570  1500   600
	14786  7852   570  1500   600
	14852  7772   570  1500   600
	14926  7692   570  1510   610
	14996  7638   572  1510   610
	15063  7590   574  1530   610
	15127  7544   584  1550   620
	15189  7512   599  1540   630
	15254  7484   611  1550   630
	15305  7466   623  1550   630
	15356  7461   629  1550   630
	15405  7447   638  1560   640
	15445  7448   641  1560   640
	15486  7451   645  1560   640
	15523  7467   646  1580   640
	15558  7496   646  1580   640
	15590  7532   643  1570   650
	15620  7590   641  1570   650
	15643  7644   632  1570   650
	15651  7724   625  1570   650
	15654  7819   579  1570   650
	15647  7931   581  1570   650
	15633  8053   555  1580   640
	15618  8181   562  1580   640
	15600  8295   565  1580   640
	15590  8411   572  1610   640
	15577  8534   577  1610   640
	15578  8635   590  1620   630
	15572  8727   621  1620   630
	15572  8795   615  1630   620
	15575  8840   630  1630   610
	15577  8858   638  1630   610
	15572  8860   643  1640   600
	15570  8859   641  1640   600
	15569  8857   636  1650   590
	15570  8841   632  1650   590
	15575  8811   625  1650   590
	15575  8774   625  1650   580
	15576  8713   625  1650   580
	15583  8649   625  1670   580
	15595  8571   625  1670   580
	15616  8488   629  1670   580
	15636  8405   629  1670   580
	15662  8298   629  1670   580
	15698  8200   630  1670   580
	15733  8088   630  1680   590
	15780  7992   632  1680   590
	15822  7897   632  1680   590
	15870  7818   639  1680   600
	15917  7755   641  1690   610
	15950  7701   646  1690   620
	15994  7642   648  1690   620
	16031  7596   650  1700   630
	16071  7561   651  1700   630
	16104  7528   653  1720   640
	16130  7496   658  1720   640
	16156  7467   660  1720   640
	16172  7452   661  1740   650
	16180  7448   663  1740   650
	16182  7445   664  1760   650
	16183  7435   668  1760   660
	16181  7436   669  1760   660
	16175  7434   669  1780   660
	16161  7445   669  1780   660
	16143  7446   669  1780   670
	16103  7449   668  1780   670
	16050  7450   664  1780   670
	15979  7451   660  1780   670
	15898  7462   653  1780   670
	15799  7466   648  1780   670
	15685  7481   641  1750   670
	15560  7499   634  1750   670
	15435  7525   615  1730   670
	15295  7531   577  1730   670
	15146  7558   570  1710   660
	14988  7577   570  1710   660
	14834  7595   560  1690   660
	14662  7622   555  1670   650
	14479  7640   560  1650   640
	14308  7669   560  1650   640
	14117  7685   560  1630   640
	13933  7701   567  1630   640
	13758  7704   565  1620   630
	13568  7704   570  1600   630
	13376  7690   565  1600   630
	13205  7674   565  1610   620
	13036  7657   565  1570   610
	12896  7637   570  1570   610
	12782  7609   572  1570   610
	12684  7593   574  1570   600
	12607  7577   574  1570   600
	12541  7562   574  1550   600
	12494  7548   572  1530   590
	12455  7544   572  1530   590
	12432  7542   572  1530   590
	12418  7541   570  1530   590
	12417  7532   572  1520   590
	12419  7541   570  1520   590
	12425  7543   567  1500   580
	12441  7544   567  1500   580
	12470  7545   567  1500   580
	12525  7559   570  1500   580
	12604  7573   574  1500   580
	12699  7591   574  1500   580
	12815  7609   577  1520   590
	12953  7626   577  1520   590
	13118  7637   579  1520   590
	13300  7642   581  1530   590
	13470  7640   588  1520   600
	13677  7637   590  1540   600
	13893  7622   595  1540   600
	14104  7607   599  1540   600
	14330  7590   605  1570   610
	14518  7574   615  1570   610
	14733  7559   630  1590   610
	14935  7543   639  1600   630
	15119  7531   645  1600   630
	15313  7527   651  1620   630
	15466  7526   660  1640   630
	15629  7513   668  1630   640
	15793  7510   674  1650   640
	15937  7498   675  1670   640
	16074  7498   674  1670   640
	16212  7495   674  1670   650
	16347  7498   671  1710   660
	16450  7498   669  1710   660
	16544  7510   671  1710   660
	16635  7510   671  1710   670
	16701  7511   671  1730   670
	16770  7511   669  1730   670
	16826  7513   669  1730   670
	16871  7514   669  1750   670
	16908  7513   663  1750   670
	16935  7514   658  1750   670
	16950  7513   646  1750   670
	16960  7514   619  1750   670
	16952  7514   552  1780   670
	16937  7515   410  1780   670
	16905  7526   278  1780   670
	16850  7532   201  1750   670
	16780  7548    -1  1750   670
	16693  7574    -1  1750   670
	16607  7595    -1  1750   670
	16519  7627    -1  1730   660
	16429  7672    -1  1730   660
	16336  7706    -1  1730   660
	16228  7738    -1  1710   650
	16120  7788    -1  1720   640
	16014  7833    -1  1720   640
	15913  7881    -1  1720   640
	15801  7916    -1  1710   610
	15694  7963    -1  1690   610
	15580  8009    -1  1680   600
	15474  8043    -1  1640   600
	15369  8074    -1  1630   610
	15259  8104    -1  1630   610
	15149  8105    -1  1580   600
	15048  8133    -1  1580   600
	14951  8184    -1  1570   610
	14876  8204    -1  1570   610
	14805  8233    -1  1560   610
	14752  8261    -1  1560   610
	14700  8284    -1  1530   610
	14658  8314    -1  1500   620
	14618  8344    -1  1480   610
	14586  8376    -1  1440   610
	14554  8405    -1  1430   620
	14523  8425    -1  1440   610
	14493  8453    -1  1440   610
	14462  8475    -1  1450   600
	14433  8502    -1  1460   600
	14402  8522    -1  1460   600
	14370  8551    -1  1440   580
	14339  8571    -1  1430   570
	14305  8599    -1  1430   560
	14282  8616    -1  1410   560
	14265  8633    -1  1430   550
	14251  8646    -1  1410   550
	14242  8662    -1  1400   540
	14235  8667    -1  1400   540
	14229  8650    -1  1400   530
	14221  8693    -1  1400   530
	14220  8696    -1  1400   530
	14219  8699    -1  1390   520
	14214  8710    -1  1400   520
	14209  8712    -1  1400   520
	14196  8711    -1  1400   520
	14182  8712    -1  1400   520
	14162  8713    -1  1400   520
	14144  8714    -1  1410   520
	14124  8715    -1  1410   520
	14108  8714    -1  1420   530
	14099  8712    -1  1430   530
	14092  8710    -1  1450   540
	14088  8709    -1  1460   540
	14083  8709    -1  1460   540
	14089  8709    -1  1490   550
	14081  8700    -1  1500   550
	14084  8700    -1  1520   560
	14085  8709    -1  1510   560
	14088  8710    -1  1520   570
	14088  8709    -1  1540   570
	14091  8678    -1  1540   570
	14094  8699    -1  1570   580
	14088  8698    -1  1580   580
	14086  8695    -1  1580   580
	14081  8663    -1  1560   590
	14077  8683    -1  1560   590
	14073  8682    -1  1560   590
	14070  8679    -1  1560   590
	14070  8679    -1  1560   590
	14069  8679     0  1560   590
	14071  8681   182  1530   590
	14068  8680   234  1530   590
	14066  8681   286  1530   590
	14070  8681   327  1530   590
	14070  8681   352  1530   590
	14071  8682   269  1530   590
	14074  8680   324  1530   590
	14077  8680   363  1530   590
	14078  8679   390  1520   600
	14080  8677   415  1520   600
	14080  8668   519  1520   600
	14079  8668   539  1520   600
	14081  8665   550  1520   600
	14082  8663   557  1520   600
	14082  8652   562  1520   600
	14086  8645   567  1520   600
	14087  8620   572  1520   600
	14085  8601   574  1520   600
	14085  8583   577  1520   600
	14088  8556   577  1520   600
	14093  8535   579  1520   600
	14096  8519   579  1520   600
	14099  8502   579  1520   600
	14101  8485   574  1520   600
	14104  8473   570  1510   610
	14107  8460   562  1530   610
	14105  8454   555  1530   610
	14106  8444   533  1530   610
	14108  8443   415  1530   610
	14107  8442   368  1530   610
	14107  8443   286  1530   610
	14106  8443   317  1520   620
	14105  8456   108  1520   620
	14104  8460    -1  1520   620
	14105  8485    -1  1520   620
	14107  8501    -1  1520   620
	14107  8518    -1  1520   620
	14113  8534    -1  1520   620
	14115  8551    -1  1530   610
	14121  8567    -1  1530   610
	14127  8586    -1  1530   610
	14131  8604    -1  1530   610
	14132  8631    -1  1530   610
	14132  8649    -1  1540   600
	14133  8666    -1  1540   600
	14132  8682    -1  1540   600
	14132  8696    -1  1560   610
	14130  8697    -1  1560   610
	14130  8697    -1  1560   610
	14127  8697    -1  1570   600
	14126  8696    -1  1570   600
	14123  8697   218  1550   600
	14115  8697   262  1550   600
	14114  8697   297  1550   600
	14117  8697   327  1550   600
	14119  8697   344  1550   600
	14125  8697   360  1550   600
	14131  8698   286  1550   600
	14145  8699   310  1550   600
	14160  8700   338  1550   600
	14182  8710   350  1550   600
	14206  8711   357  1530   590
	14229  8711   363  1530   590
	14253  8713   363  1530   590
	14270  8713   363  1530   590
	14284  8711   363  1520   590
	14298  8710   350  1520   590
	14306  8699   324  1520   590
	14312  8696   269  1520   590
	14314  8684   336  1520   590
	14315  8679   262  1520   590
	14315  8667     0  1500   580
	14309  8662    -1  1500   580
	14303  8661    -1  1500   580
	14292  8652    -1  1500   580
	14282  8652    -1  1490   580
	14269  8651    -1  1490   580
	14254  8649    -1  1490   580
	14236  8646    -1  1470   580
	14216  8645    -1  1470   580
	14196  8634    -1  1470   580
	14178  8630    -1  1470   560
	14162  8617    -1  1470   560
	14150  8615    -1  1470   560
	14139  8601    -1  1470   560
	14126  8598    -1  1470   560
	14119  8586    -1  1480   570
	14109  8582    -1  1480   570
	14104  8570    -1  1480   570
	14102  8565    -1  1470   580
	14096  8554   249  1490   580
	14089  8554   336  1490   580
	14084  8553   352  1490   580
	14083  8551   286  1500   580
	14086  8551   344  1500   580
	14090  8552   374  1520   590
	14092  8551   401  1520   600
	14096  8551   420  1520   600
	14103  8549   494  1540   600
	14108  8549   519  1540   600
	14123  8550   531  1540   600
	14141  8550   531  1540   600
	14157  8550   522  1540   600
	14171  8551   454  1540   600
	14188  8550   395  1520   600
	14209  8552   331  1520   600
	14232  8554   327  1520   600
	14255  8566    35  1520   600
	14277  8568    -1  1520   600
	14298  8582    -1  1510   600
	14320  8586    -1  1510   600
	14341  8597    -1  1510   600
	14367  8600    -1  1490   590
	14393  8603    -1  1490   590
	14419  8614    -1  1490   590
	14448  8618    -1  1490   580
	14474  8618    -1  1490   580
	14502  8631    -1  1490   580
	14526  8634    -1  1470   580
	14550  8645    -1  1470   580
	14568  8648    -1  1480   570
	14585  8649    -1  1480   570
	14600  8661    -1  1480   570
	14607  8662    -1  1480   570
	14611  8663    -1  1480   570
	14613  8665    -1  1480   570
	14641  8663    -1  1500   570
	14607  8663    -1  1500   570
	14599  8662    -1  1500   570
	14591  8661   218  1500   570
	14585  8662   317  1510   580
	14576  8664   327  1510   580
	14573  8664   360  1510   580
	14570  8663   310  1530   580
	14570  8663   344  1530   580
	14570  8662   374  1530   580
	14570  8661   401  1520   590
	14570  8652   437  1520   590
	14571  8649   522  1520   590
	14572  8645   539  1520   590
	14574  8636   547  1530   590
	14574  8631   557  1530   590
	14576  8615   574  1530   590
	14576  8598   581  1530   590
	14575  8583   584  1530   590
	14578  8565   595  1520   600
	14576  8539   599  1520   600
	14576  8521   592  1520   600
	14577  8504   588  1520   600
	14575  8485   572  1520   600
	14575  8460   555  1520   600
	14579  8456   528  1520   600
	14578  8443   410  1520   600
	14582  8440   350  1520   600
	14586  8437   352  1510   610
	14586  8437   201  1510   610
	14586  8438    -1  1510   610
	14590  8453    -1  1510   610
	14596  8460    -1  1510   610
	14602  8485    -1  1510   610
	14610  8502    -1  1510   610
	14622  8520    -1  1510   610
	14633  8537    -1  1500   600
	14642  8555    -1  1500   600
	14653  8572    -1  1500   600
	14664  8597    -1  1510   600
	14674  8614    -1  1510   600
	14678  8632    -1  1510   600
	14690  8648    -1  1510   600
	14697  8662    -1  1510   600
	14703  8667    -1  1520   590
	14710  8668    -1  1520   590
	14715  8677    -1  1520   590
	14716  8677   286  1520   590
	14716  8668   327  1520   590
	14717  8666   344  1520   590
	14715  8661   367  1520   590
	14717  8646   310  1530   590
	14715  8632   324  1530   590
	14714  8615   357  1530   590
	14714  8587   380  1530   590
	14713  8567   401  1530   590
	14717  8549   405  1550   600
	14720  8523   410  1550   600
	14727  8506   410  1550   600
	14731  8490   415  1550   600
	14735  8470   410  1540   600
	14738  8454   401  1540   600
	14738  8441   374  1540   600
	14740  8437   310  1540   600
	14738  8427   327  1540   600
	14733  8425   160  1540   600
	14720  8425    -1  1540   600
	14708  8427    -1  1530   610
	14692  8441    -1  1530   610
	14679  8444    -1  1530   610
	14670  8458    -1  1530   610
	14659  8472    -1  1530   610
	14651  8486    -1  1530   610
	14645  8502    -1  1530   610
	14638  8517    -1  1520   600
	14632  8536    -1  1520   600
	14623  8554    -1  1520   600
	14617  8581    -1  1520   600
	14614  8597    -1  1510   600
	14614  8601    -1  1520   590
	14609  8602    -1  1520   590
	14608  8602    -1  1520   590
	14603  8600    -1  1500   580
	14601  8597    -1  1500   580
	14598  8584   234  1500   580
	14588  8584   352  1500   580
	14580  8582   360  1500   580
	14580  8569   310  1500   580
	14584  8565   363  1500   580
	14589  8555   390  1520   590
	14595  8551   420  1520   590
	14609  8550   519  1520   590
	14626  8539   536  1520   590
	14652  8538   547  1520   590
	14681  8537   550  1530   590
	14709  8539   542  1530   590
	14732  8540   519  1530   590
	14751  8550   401  1520   600
	14756  8553   338  1540   600
	14763  8554   327  1540   600
	14760  8556    64  1540   600
	14753  8568    -1  1540   600
	14728  8581    -1  1550   600
	14710  8585    -1  1550   600
	14694  8597    -1  1550   600
	14680  8600    -1  1550   600
	14661  8614    -1  1550   600
	14646  8619    -1  1550   600
	14632  8633    -1  1550   600
	14617  8648    -1  1540   580
	14601  8662    -1  1540   580
	14580  8677    -1  1540   580
	14564  8683    -1  1540   570
	14546  8693    -1  1520   570
	14523  8698    -1  1520   570
	14493  8698    -1  1520   560
	14451  8698    -1  1500   550
	14412  8695    -1  1500   550
	14378  8684    -1  1500   540
	14353  8681    -1  1480   540
	14324  8677    -1  1480   540
	14310  8668    -1  1470   530
	14296  8665    -1  1470   530
	14289  8664    -1  1460   530
	14287  8662    -1  1460   530
	14284  8663    -1  1460   530
	14283  8664    -1  1460   530
	14287  8668    -1  1460   530
	14292  8678    -1  1460   530
	14294  8680    -1  1450   540
	14302  8683    -1  1450   540
	14305  8684    -1  1450   540
	14308  8695   234  1450   550
	14307  8697   286  1450   550
	14308  8698   336  1460   550
	14307  8698   269  1460   550
	14307  8698   331  1470   560
	14307  8697   368  1470   560
	14307  8694   395  1470   560
	14307  8693   410  1480   570
	14310  8682   480  1480   570
	14313  8678   522  1480   570
	14315  8663   533  1500   570
	14315  8646   539  1500   570
	14318  8630   544  1490   580
	14315  8602   547  1490   580
	14311  8583   547  1490   580
	14309  8556   547  1490   580
	14307  8538   547  1490   580
	14305  8518   544  1490   580
	14300  8492   531  1490   580
	14301  8485   507  1490   580
	14299  8469   405  1490   580
	14299  8455   368  1470   590
	14301  8443   269  1470   590
	14300  8441   297  1470   590
	14302  8441    35  1470   590
	14306  8444    -1  1470   590
	14309  8459    -1  1470   590
	14310  8476    -1  1470   590
	14314  8502    -1  1460   580
	14315  8519    -1  1460   580
	14320  8538    -1  1460   580
	14322  8556    -1  1460   580
	14327  8583    -1  1440   580
	14329  8600    -1  1440   580
	14332  8615    -1  1440   580
	14335  8631    -1  1460   570
	14338  8645    -1  1440   570
	14335  8652    -1  1440   570
	14332  8664    -1  1440   570
	14328  8668    -1  1450   560
	14326  8678    -1  1450   560
	14325  8682    -1  1440   560
	14324  8682    -1  1440   560
	14323  8681    -1  1440   560
	14325  8680    -1  1450   560
	14325  8679   234  1450   560
	14324  8681   297  1450   560
	14320  8680   308  1450   560
	14325  8679   344  1450   560
	14327  8678   360  1470   560
	14333  8679   269  1470   560
	14345  8680   310  1470   560
	14356  8680   344  1480   570
	14369  8679   368  1480   570
	14384  8680   385  1480   570
	14401  8678   395  1500   570
	14419  8677   405  1500   570
	14433  8668   410  1490   580
	14442  8666   410  1490   580
	14443  8664   410  1500   580
	14446  8662   410  1500   580
	14447  8661   401  1500   580
	14445  8650   395  1500   580
	14448  8650   390  1500   580
	14442  8646   390  1500   580
	14441  8633   385  1500   580
	14432  8630   374  1510   580
	14423  8617   363  1510   580
	14415  8614   350  1500   580
	14405  8601   331  1500   580
	14395  8597   317  1500   580
	14389  8586   302  1500   580
	14382  8585   278  1500   580
	14377  8583   367  1500   580
	14372  8583   367  1500   580
	14369  8583   367  1500   580
	14367  8581   367  1500   580
	14367  8581   367  1500   580
	14367  8571   367  1500   580
	14367  8572   367  1500   580
	14368  8581   367  1500   580
	14374  8581   269  1490   580
	14378  8581   278  1490   580
	14387  8581   286  1490   580
	14393  8572   286  1490   580
	14402  8570   294  1490   580
	14412  8569   310  1490   580
	14426  8567   324  1500   580
	14442  8556   338  1500   580
	14459  8554   350  1500   580
	14472  8550   368  1500   580
	14482  8549   374  1500   580
	14489  8539   395  1500   580
	14495  8538   410  1500   580
	14500  8536   494  1500   580
	14500  8534   531  1500   580
	14502  8523   547  1520   590
	14501  8522   562  1520   590
	14502  8518   574  1520   590
	14500  8518   588  1520   590
	14496  8508   605  1520   590
	14496  8506   621  1520   590
	14490  8504   625  1520   590
	14485  8501   630  1520   590
	14485  8490   630  1510   600
	14481  8490   632  1510   600
	14475  8488   632  1510   600
	14469  8488   632  1510   600
	14460  8488   625  1510   600
	14446  8488   613  1510   600
	14425  8487   581  1510   600
	14398  8485   567  1510   600
	14372  8485   522  1510   600
	14347  8474   344  1510   600
	14321  8474   327  1490   590
	14294  8473    64  1490   590
	14272  8474    -1  1490   590
	14255  8485    -1  1470   590
	14243  8487    -1  1470   590
	14236  8491    -1  1470   590
	14230  8502    -1  1460   580
	14229  8505    -1  1440   580
	14230  8518    -1  1440   580
	14233  8522    -1  1430   570
	14237  8535    -1  1420   570
	14239  8538    -1  1420   570
	14243  8549    -1  1410   560
	14239  8553    -1  1400   550
	14235  8555    -1  1400   550
	14231  8555    -1  1390   550
	14225  8553    -1  1390   550
	14216  8550    -1  1390   540
	14209  8537    -1  1390   540
	14202  8534    -1  1390   540
	14191  8520    -1  1370   530
	14181  8506    -1  1370   530
	14174  8501    -1  1390   540
	14164  8476    -1  1390   540
	14161  8470    -1  1400   540
	14147  8470   278  1390   550
	14135  8470   324  1400   550
	14133  8458   363  1410   560
	14132  8459   401  1430   560
	14136  8460   410  1430   570
	14141  8458   415  1430   570
	14148  8459   410  1430   570
	14162  8469   401  1460   580
	14179  8469   368  1460   580
	14205  8470   278  1470   590
	14231  8472   249  1460   600
	14257  8474    -1  1460   600
	14274  8486    -1  1460   600
	14292  8490    -1  1460   600
	14309  8501    -1  1460   600
	14327  8505    -1  1460   600
	14354  8507    -1  1460   580
	14375  8507    -1  1460   580
	14398  8518    -1  1440   580
	14416  8517    -1  1430   570
	14434  8518    -1  1430   570
	14452  8508    -1  1420   570
	14468  8502    -1  1420   570
	14480  8489    -1  1430   560
	14488  8474    -1  1410   560
	14498  8469    -1  1410   560
	14502  8454    -1  1410   560
	14533  8441    -1  1410   560
	14501  8428   494  1430   560
	14493  8439   648  1430   560
	14485  8438   691  1430   560
	14479  8428   774  1430   570
	14472  8437   789  1430   570
	14475  8428   815  1440   580
	14474  8428   816  1460   580
	14477  8437   814  1460   580
	14478  8437   789  1470   590
	14479  8437   776  1470   590
	14484  8437   684  1460   600
	14490  8437   410  1480   600
