ABCDE-012_345_678 310
	 6175 15109     0  1100   560
	 6177 15097     0  1100   560
	 6182 15093   108  1110   570
	 6180 15097   344  1130   570
	 6181 15098   367  1130   570
	 6182 15100   278  1130   580
	 6183 15114   294  1130   580
	 6191 15130   331  1150   580
	 6199 15160   357  1160   580
	 6210 15193   374  1160   580
	 6230 15240   390  1160   580
	 6249 15289   401  1170   580
	 6273 15338   420  1180   590
	 6297 15388   454  1180   590
	 6328 15432   487  1170   590
	 6353 15511   500  1170   590
	 6385 15575   513  1170   590
	 6415 15640   513  1180   600
	 6444 15717   513  1180   600
	 6475 15788   516  1180   600
	 6502 15852   522  1180   600
	 6523 15916   522  1180   600
	 6546 15980   525  1180   600
	 6567 16044   525  1190   610
	 6589 16105   525  1190   610
	 6606 16156   525  1200   600
	 6620 16202   525  1200   600
	 6631 16248   528  1200   600
	 6638 16281   531  1200   600
	 6648 16309   531  1220   610
	 6652 16316   533  1230   610
	 6654 16326   533  1230   610
	 6655 16326   539  1230   610
	 6654 16316   542  1230   610
	 6652 16314   544  1230   610
	 6648 16309   542  1230   610
	 6648 16296   542  1230   610
	 6645 16278   539  1230   610
	 6642 16249   539  1230   610
	 6641 16203   539  1230   610
	 6640 16165   542  1230   610
	 6640 16118   542  1230   610
	 6642 16058   542  1230   610
	 6643 15996   539  1230   610
	 6641 15942   542  1230   610
	 6644 15868   542  1230   610
	 6648 15804   539  1230   610
	 6651 15737   539  1230   610
	 6654 15674   536  1230   610
	 6662 15611   533  1230   610
	 6671 15560   533  1230   610
	 6682 15515   531  1230   610
	 6692 15479   528  1230   610
	 6707 15451   528  1230   610
	 6720 15436   525  1220   610
	 6733 15433   516  1220   610
	 6745 15430   507  1220   610
	 6756 15430   513  1200   620
	 6769 15435   507  1200   620
	 6780 15451   513  1200   620
	 6792 15480   513  1210   630
	 6806 15515   507  1210   630
	 6820 15564   500  1210   630
	 6841 15627   507  1210   630
	 6859 15692   500  1210   630
	 6879 15767   454  1200   620
	 6902 15849   420  1200   620
	 6924 15930   420  1200   620
	 6941 16011   420  1200   620
	 6964 16088   446  1220   610
	 6983 16167   420  1220   610
	 6999 16248   420  1200   600
	 7021 16328   446  1200   600
	 7036 16391   437  1220   600
	 7049 16442   437  1220   600
	 7059 16487   446  1220   600
	 7066 16521   469  1220   600
	 7069 16550   494  1220   600
	 7069 16569   494  1230   590
	 7069 16586   500  1230   590
	 7071 16597   516  1240   600
	 7071 16598   522  1240   600
	 7068 16588   522  1240   600
	 7067 16587   522  1240   600
	 7065 16583   522  1240   600
	 7067 16565   525  1240   600
	 7068 16533   525  1240   600
	 7063 16487   525  1240   600
	 7055 16439   528  1240   600
	 7055 16391   531  1240   600
	 7049 16342   536  1240   600
	 7046 16266   542  1240   600
	 7045 16199   544  1240   600
	 7046 16135   547  1240   600
	 7047 16069   550  1240   600
	 7044 15992   550  1240   600
	 7039 15925   550  1240   600
	 7036 15861   552  1240   600
	 7037 15797   552  1240   600
	 7037 15734   552  1220   600
	 7042 15673   544  1220   600
	 7047 15621   542  1220   600
	 7056 15564   533  1220   600
	 7064 15532   522  1200   600
	 7069 15500   469  1200   600
	 7072 15479   405  1190   600
	 7078 15463   368  1190   600
	 7082 15452   302  1180   600
	 7082 15452   336  1180   600
	 7084 15463   262  1180   600
	 7081 15480     0  1180   600
	 7076 15513    -1  1160   600
	 7061 15559    -1  1160   600
	 7052 15605    -1  1160   600
	 7035 15657    -1  1160   600
	 7018 15705    -1  1160   600
	 7001 15756    -1  1160   600
	 6982 15814    -1  1180   600
	 6957 15862    -1  1170   590
	 6931 15898    -1  1170   590
	 6891 15942    -1  1170   580
	 6850 15977    -1  1180   590
	 6805 16009    -1  1200   580
	 6760 16040    -1  1200   580
	 6708 16060    -1  1230   590
	 6652 16086    -1  1230   590
	 6597 16102    -1  1240   580
	 6537 16108    -1  1240   580
	 6476 16120    -1  1260   580
	 6414 16124    -1  1270   570
	 6348 16134    -1  1270   570
	 6280 16136    -1  1270   570
	 6216 16136    -1  1280   570
	 6154 16135    -1  1280   570
	 6096 16123    -1  1280   570
	 6036 16120    -1  1300   580
	 5982 16108    -1  1300   580
	 5931 16106     0  1300   580
	 5876 16102   160  1280   570
	 5830 16103   286  1270   570
	 5790 16105   286  1270   570
	 5765 16107   297  1260   580
	 5748 16117   297  1260   580
	 5741 16122   308  1260   580
	 5744 16136   317  1240   580
	 5757 16151   327  1250   590
	 5781 16168   336  1250   590
	 5814 16188   344  1250   590
	 5868 16218   352  1260   600
	 5919 16252   360  1250   600
	 5979 16293   278  1250   600
	 6054 16326   310  1250   600
	 6130 16360   324  1250   600
	 6221 16392   350  1250   600
	 6326 16426   357  1260   610
	 6434 16457   363  1260   610
	 6545 16488   374  1260   610
	 6652 16517   374  1260   610
	 6764 16537   374  1260   610
	 6877 16555   374  1260   610
	 6985 16569   374  1260   610
	 7080 16581   368  1260   610
	 7170 16585   368  1260   610
	 7254 16586   357  1260   610
	 7326 16585   357  1260   610
	 7400 16581   363  1260   610
	 7461 16566   357  1280   610
	 7507 16549   357  1290   610
	 7543 16535   357  1290   610
	 7572 16506   350  1290   610
	 7588 16486   350  1290   610
	 7592 16456   350  1290   610
	 7588 16422   357  1290   610
	 7566 16378   357  1290   610
	 7536 16332   357  1270   620
	 7495 16293   368  1270   620
	 7441 16234   368  1290   630
	 7381 16184   374  1290   630
	 7310 16136   380  1290   630
	 7235 16086   380  1290   630
	 7158 16028   385  1290   630
	 7075 15976   374  1270   620
	 6989 15927   395  1270   620
	 6899 15878   390  1270   620
	 6802 15830   390  1270   620
	 6713 15784   390  1270   620
	 6628 15736   395  1270   620
	 6549 15692   390  1260   610
	 6475 15658   390  1240   620
	 6396 15638   390  1240   620
	 6329 15608   390  1240   620
	 6267 15593   395  1240   620
	 6217 15577   390  1240   620
	 6179 15573   390  1230   610
	 6151 15564   390  1220   610
	 6134 15563   390  1220   610
	 6128 15561   390  1220   610
	 6132 15562   380  1220   610
	 6141 15563   374  1220   610
	 6162 15563   368  1220   610
	 6193 15575   368  1220   610
	 6235 15579   374  1220   610
	 6293 15594   374  1220   610
	 6363 15608   380  1220   610
	 6439 15625   380  1220   610
	 6526 15643   385  1220   610
	 6620 15669   390  1220   610
	 6721 15688   395  1220   610
	 6837 15706   401  1220   610
	 6963 15733   401  1220   610
	 7081 15751   405  1220   610
	 7207 15767   410  1230   620
	 7339 15784   410  1240   620
	 7485 15800   410  1240   620
	 7624 15820   415  1240   620
	 7768 15845   415  1240   620
	 7918 15852   415  1260   620
	 8058 15877   415  1260   620
	 8196 15884   420  1270   620
	 8331 15910   420  1270   620
	 8474 15925   420  1270   620
	 8606 15932   420  1270   620
	 8722 15946   420  1290   630
	 8834 15959   415  1290   630
	 8939 15964   405  1290   630
	 9032 15977   401  1290   630
	 9106 15979   390  1320   630
	 9172 15991   374  1320   630
	 9223 15995   350  1320   630
	 9267 16006   317  1320   630
	 9295 16009   367  1320   630
	 9312 16012   327  1320   630
	 9316 16021   262  1320   630
	 9309 16025   108  1320   630
	 9286 16028    64  1320   630
	 9254 16040    -1  1330   630
	 9214 16044    -1  1320   630
	 9162 16057    -1  1320   630
	 9101 16070    -1  1330   620
	 9032 16074    -1  1320   610
	 8942 16090    -1  1320   610
	 8845 16103    -1  1330   620
	 8750 16120    -1  1330   620
	 8651 16134    -1  1340   610
	 8551 16151    -1  1340   610
	 8438 16169    -1  1340   610
	 8317 16185    -1  1350   600
	 8207 16215    -1  1350   600
	 8092 16236    -1  1340   600
	 7980 16264    -1  1350   590
	 7854 16293    -1  1350   590
	 7736 16312    -1  1350   590
	 7631 16331    -1  1350   590
	 7531 16357    -1  1350   590
	 7433 16374    -1  1340   600
	 7336 16390    -1  1340   600
	 7250 16394    -1  1320   590
	 7176 16409    -1  1320   590
	 7112 16421    -1  1320   590
	 7060 16425     0  1310   580
	 7018 16439   297  1310   580
	 6983 16454   317  1290   590
	 6965 16470   317  1290   590
	 6958 16474   308  1290   590
	 6956 16486   308  1280   590
	 6969 16492   308  1280   590
	 6995 16507   308  1280   590
	 7029 16523   308  1290   590
	 7074 16538   327  1290   590
	 7132 16555   327  1290   590
	 7205 16572   336  1290   590
	 7293 16587   352  1290   590
	 7390 16604   360  1290   590
	 7500 16620   269  1290   590
	 7616 16634   294  1310   600
	 7732 16646   294  1310   600
	 7862 16651   302  1310   600
	 7992 16662   302  1320   600
	 8104 16664   302  1320   600
	 8218 16664   302  1320   600
	 8329 16664   302  1320   600
	 8437 16652   310  1340   610
	 8547 16645   302  1340   610
	 8645 16631   302  1340   610
	 8728 16614   302  1350   620
	 8807 16588   302  1350   620
	 8884 16566   294  1350   620
	 8945 16537   302  1350   620
	 9002 16506   302  1370   620
	 9036 16475   310  1370   620
	 9066 16442   317  1370   620
	 9084 16396   324  1370   620
	 9095 16360   338  1370   620
	 9102 16312   350  1370   620
	 9097 16264   374  1370   620
	 9091 16215   390  1370   620
	 9082 16156   410  1370   620
	 9067 16108   415  1370   620
	 9046 16057   429  1370   620
	 9026 16005   480  1350   620
	 9005 15948   469  1330   620
	 8983 15911   469  1330   620
	 8965 15863   462  1320   610
	 8949 15819   437  1320   610
	 8937 15785   410  1320   610
	 8930 15753   385  1330   620
	 8929 15722   324  1320   630
	 8930 15690   352  1320   630
	 8939 15660   249  1320   630
	 8952 15642    64  1320   630
