ABCDE-012_345_678 366
	19674 12188    75  1420   530
	19660 12172   262  1420   530
	19643 12156   317  1430   530
	19628 12149   278  1430   530
	19610 12134   385  1430   530
	19603 12121   560  1430   530
	19597 12120   650  1450   540
	19597 12120   700  1450   540
	19600 12121   770  1450   540
	19600 12122   783  1450   540
	19609 12124   818  1450   540
	19616 12138   834  1450   540
	19637 12166   845  1450   540
	19665 12201   869  1450   540
	19702 12251   876  1450   540
	19746 12312   894  1450   540
	19804 12377   907  1450   540
	19867 12408   925  1450   540
	19944 12538   937  1460   530
	20032 12645   937  1460   530
	20105 12747   939  1470   530
	20180 12828   940  1470   530
	20245 12889   937  1470   530
	20309 12952   939  1480   530
	20365 12997   939  1480   530
	20393 13015   933  1480   530
	20400 13017   928  1480   530
	20400 13017   908  1490   520
	20399 13004   891  1490   520
	20403 12984   881  1490   520
	20406 12922   885  1500   520
	20405 12826   886  1510   510
	20394 12700   885  1510   510
	20380 12565   886  1510   510
	20366 12421   887  1510   510
	20367 12263   887  1510   510
	20368 12105   886  1500   520
	20382 11957   887  1500   520
	20404 11831   890  1500   520
	20422 11717   891  1500   520
	20452 11594   894  1500   520
	20483 11496   895  1490   530
	20505 11420   897  1490   530
	20525 11367   902  1490   530
	20531 11321   902  1480   540
	20534 11290   904  1480   540
	20534 11269   910  1480   540
	20527 11243   918  1470   550
	20517 11238   922  1470   550
	20502 11225   925  1460   550
	20480 11222   919  1460   550
	20449 11212   918  1460   550
	20407 11210   902  1460   550
	20346 11222   887  1440   560
	20281 11227   873  1440   560
	20209 11241   828  1440   560
	20140 11269   817  1440   560
	20074 11304   787  1440   560
	20009 11337   777  1430   560
	19957 11385   777  1430   560
	19913 11435   778  1430   560
	19878 11498   780  1410   560
	19852 11573   783  1410   560
	19835 11642   803  1410   560
	19830 11718   820  1410   560
	19834 11785   825  1410   560
	19857 11861   832  1430   550
	19893 11912   844  1430   550
	19932 11946   862  1430   550
	19971 11980   872  1430   550
	20023 12009   873  1430   550
	20066 12026   872  1430   550
	20110 12025   871  1430   550
	20146 12012   870  1440   540
	20184 11990   868  1440   540
	20221 11947   868  1440   540
	20266 11900   868  1440   540
	20299 11862   867  1450   550
	20327 11818   868  1450   550
	20363 11768   868  1450   550
	20401 11736   869  1450   550
	20436 11719   868  1450   550
	20468 11706   870  1450   550
	20493 11692   873  1450   550
	20520 11692   880  1450   550
	20551 11702   894  1450   550
	20592 11718   928  1440   560
	20624 11736   957  1450   560
	20660 11766   974  1450   560
	20700 11785   988  1450   560
	20731 11804   996  1450   560
	20757 11819  1024  1450   560
	20764 11831  1024  1450   560
	20769 11830  1024  1450   560
	20764 11831  1024  1450   560
	20764 11819   999  1450   560
	20765 11817   986  1450   560
	20769 11813   976  1450   560
	20778 11787   965  1470   560
	20788 11765   949  1470   560
	20812 11737   928  1470   560
	20837 11708   895  1470   560
	20881 11691   884  1470   560
	20931 11674   856  1470   560
	20987 11671   834  1470   560
	21049 11674   799  1470   560
	21112 11687   770  1480   570
	21182 11706   629  1480   570
	21250 11749   367  1480   570
	21313 11800    -1  1480   570
	21362 11865    -1  1500   570
	21413 11947    -1  1500   570
	21464 12044    -1  1500   570
	21516 12156    -1  1510   560
	21547 12267    -1  1510   560
	21566 12358    -1  1490   560
	21575 12437    -1  1490   560
	21578 12492    -1  1490   560
	21581 12551    -1  1480   560
	21564 12588    -1  1490   550
	21558 12619    -1  1470   550
	21544 12661    -1  1480   540
	21527 12684    -1  1480   540
	21514 12716    -1  1480   530
	21505 12743    -1  1480   530
	21507 12759    -1  1480   510
	21507 12776    -1  1470   510
	21512 12796    -1  1470   510
	21522 12812    -1  1450   510
	21534 12840    -1  1460   500
	21549 12857    -1  1480   500
	21567 12872    -1  1480   500
	21605 12876    -1  1480   500
	21616 12876    -1  1500   500
	21627 12843   302  1500   500
	21631 12890   547  1510   500
	21618 12890   572  1520   510
	21625 12870   634  1520   510
	21628 12841   658  1530   510
	21617 12796   687  1530   520
	21606 12730   767  1540   520
	21610 12646   780  1550   520
	21607 12555   812  1550   520
	21612 12458   820  1560   530
	21613 12358   827  1560   530
	21630 12235   829  1560   530
	21635 12118   829  1570   540
	21645 11989   829  1560   550
	21656 11884   831  1560   550
	21676 11797   829  1560   550
	21694 11708   823  1560   550
	21704 11640   814  1560   550
	21710 11577   783  1570   560
	21716 11527   770  1570   560
	21726 11497   686  1570   560
	21733 11481   588  1560   570
	21735 11482   338  1560   570
	21722 11500   136  1560   570
	21695 11557    -1  1560   570
	21651 11612    -1  1540   570
	21594 11690    -1  1540   570
	21522 11772    -1  1540   570
	21427 11866    -1  1520   570
	21327 11964    -1  1540   560
	21228 12090    -1  1540   560
	21133 12216    -1  1540   560
	21051 12332    -1  1530   560
	20971 12453    -1  1540   550
	20898 12553    -1  1540   550
	20850 12647    -1  1530   550
	20826 12726    -1  1530   550
	20827 12743    -1  1530   540
	20871 12843   645  1540   530
	20866 12933   697  1540   530
	20900 12968   767  1540   530
	20979 13015   780  1550   520
	21061 13051   799  1550   520
	21145 13095   822  1550   520
	21224 13130   832  1560   510
	21324 13162   835  1550   520
	21436 13180   835  1550   520
	21555 13190   835  1550   520
	21648 13178   830  1550   520
	21753 13162   820  1560   530
	21855 13131   788  1560   530
	21970 13084   777  1560   530
	22078 13030   706  1580   530
	22173 12968   630  1580   530
	22257 12902   380  1580   530
	22328 12823   160  1590   530
	22386 12760    -1  1590   530
	22431 12697    -1  1580   540
	22476 12648    -1  1580   540
	22512 12602    -1  1580   540
	22540 12568    -1  1580   540
	22550 12539    -1  1570   540
	22551 12460    -1  1560   550
	22547 12503    -1  1550   540
	22533 12490    -1  1550   540
	22513 12438    -1  1550   540
	22483 12473    -1  1550   540
	22441 12470    -1  1520   540
	22400 12469    -1  1530   540
	22363 12471    -1  1530   540
	22324 12428    -1  1550   540
	22284 12501    -1  1550   540
	22242 12508    -1  1550   540
	22214 12523    -1  1550   540
	22187 12540    -1  1550   540
	22171 12556    -1  1560   550
	22163 12569    -1  1570   540
	22162 12585    -1  1580   540
	22169 12601    -1  1600   540
	22181 12616    -1  1600   540
	22213 12619    -1  1610   550
	22210 12556    -1  1630   550
	22223 12554    -1  1630   540
	22237 12603    -1  1640   530
	22230 12583    -1  1640   530
	22199 12537    -1  1640   530
	22168 12437    -1  1620   530
	22125 12443   317  1620   530
	22066 12406   352  1620   540
	22032 12344   310  1600   530
	21936 12267   350  1600   530
	21859 12198   380  1600   530
	21795 12123   405  1600   530
	21741 12054   533  1600   540
	21699 11980   565  1580   540
	21668 11928   639  1580   540
	21644 11877   684  1580   540
	21647 11830   693  1580   540
	21663 11797   721  1580   540
	21685 11753   725  1560   550
	21715 11724   737  1560   550
	21756 11704   771  1560   550
	21815 11689   778  1560   550
	21885 11686   786  1560   550
	21961 11689   812  1560   550
	22037 11707   818  1560   550
	22099 11737   824  1560   550
	22159 11771   829  1560   550
	22212 11817   830  1550   550
	22260 11866   831  1570   560
	22287 11926   828  1570   560
	22297 11976   828  1570   560
	22300 12028   823  1570   560
	22294 12103   823  1570   560
	22277 12166   822  1570   560
	22242 12219   826  1570   560
	22207 12278   834  1570   560
	22169 12313   849  1570   560
	22141 12345   867  1570   560
	22121 12362   868  1570   560
	22111 12376   868  1580   550
	22105 12377   864  1580   550
	22109 12379   847  1580   550
	22112 12378   835  1580   550
	22115 12376   826  1580   550
	22135 12374   823  1580   550
	22167 12375   820  1580   550
	22224 12380   818  1580   550
	22289 12395   817  1580   550
	22361 12421   815  1580   550
	22444 12444   814  1580   550
	22532 12488   812  1580   550
	22616 12534   789  1580   550
	22696 12588   780  1580   550
	22771 12662   775  1580   550
	22840 12730   769  1580   550
	22900 12791   767  1580   540
	22951 12838   767  1580   540
	22986 12870   767  1580   540
	23001 12885   769  1580   540
	23003 12886   770  1580   540
	23003 12873   771  1580   540
	22996 12844   776  1580   540
	23004 12805   780  1580   540
	23010 12729   786  1580   540
	23006 12648   803  1580   540
	23014 12550   814  1580   540
	23030 12443   821  1580   540
	23062 12343   824  1580   540
	23087 12246   827  1600   540
	23129 12149   830  1600   540
	23175 12044   832  1600   540
	23223 11976   835  1600   540
	23272 11913   838  1600   540
	23322 11861   841  1590   550
	23380 11813   840  1590   550
	23436 11782   838  1590   550
	23481 11752   836  1590   550
	23534 11737   835  1590   550
	23578 11736   832  1580   560
	23627 11738   829  1580   560
	23669 11754   827  1580   560
	23697 11769   824  1580   560
	23719 11785   817  1600   560
	23742 11814   783  1600   560
	23747 11834   776  1600   560
	23750 11852   706  1600   560
	23744 11893   664  1600   560
	23729 11926   615  1600   560
	23708 11974   368  1600   560
	23668 12023   234  1600   560
	23612 12090    -1  1580   560
	23547 12169    -1  1580   560
	23468 12252    -1  1580   560
	23378 12345    -1  1600   560
	23285 12441    -1  1600   560
	23184 12540    -1  1600   560
	23073 12645    -1  1600   550
	22968 12743    -1  1590   550
	22887 12807    -1  1590   550
	22820 12837    -1  1600   540
	22771 12825   513  1600   540
	22742 12841   760  1600   540
	22719 12844   772  1600   540
	22718 12838   775  1600   540
	22722 12809   776  1600   540
	22729 12761   776  1600   540
	22738 12709   783  1600   540
	22766 12635   788  1600   540
	22799 12572   803  1590   530
	22837 12517   812  1590   530
	22879 12444   812  1590   530
	22933 12375   812  1580   540
	22986 12297   788  1600   540
	23044 12215   778  1600   540
	23107 12119   717  1600   540
	23159 12012   638  1590   550
	23205 11929   357  1600   550
	23243 11848    -1  1600   550
	23280 11804    -1  1600   550
	23310 11788    -1  1600   550
	23348 11797    -1  1620   560
	23354 11797    -1  1620   560
	23380 11863    -1  1620   560
	23390 11883    -1  1620   560
	23423 11946    -1  1640   550
	23453 11962    -1  1660   540
	23488 11975    -1  1660   530
	23518 11992    -1  1670   520
	23546 12008    -1  1690   510
	23591 12009    -1  1680   500
	23623 11995    -1  1680   500
	23646 11974    -1  1680   490
	23678 11931    -1  1680   490
	23700 11867    -1  1690   480
	23719 11883   824  1660   480
	23709 11914   907  1660   480
	23708 11910   991  1660   480
	23704 11909  1024  1660   480
	23705 11909  1024  1660   480
	23705 11910  1024  1660   490
	23705 11909  1024  1640   500
	23709 11900  1024  1620   510
	23708 11900  1024  1600   510
	23705 11900  1024  1580   520
	23706 11899  1024  1590   530
	23705 11898  1024  1600   530
	23710 11897   963  1600   540
	23712 11897   878  1610   550
	23723 11894   820  1600   550
	23756 11881   693  1620   560
	23793 11878   286  1620   560
