ABCDE-012_345_678 336
	19921  8216     0  1480   530
	19938  8219   182  1480   530
	19960  8236   344  1460   530
	19991  8277   317  1460   530
	20027  8316   516  1460   530
	20065  8375   570  1450   540
	20122  8453   650  1450   540
	20184  8537   671  1450   540
	20259  8633   691  1450   540
	20351  8731   713  1450   540
	20451  8828   736  1450   540
	20544  8938   766  1450   540
	20639  9052   772  1450   540
	20726  9147   773  1450   540
	20803  9226   776  1450   540
	20860  9275   778  1450   540
	20888  9292   780  1460   540
	20899  9302   780  1460   540
	20903  9288   777  1470   530
	20899  9269   777  1470   530
	20888  9211   780  1470   530
	20861  9129   784  1470   530
	20827  9015   812  1480   540
	20778  8876   818  1480   540
	20745  8748   824  1480   540
	20708  8618   827  1480   540
	20679  8457   829  1480   540
	20657  8311   831  1480   540
	20647  8171   832  1480   540
	20627  8039   829  1480   540
	20615  7912   825  1480   540
	20604  7801   823  1480   540
	20593  7717   820  1470   550
	20592  7643   818  1470   550
	20591  7577   815  1470   550
	20592  7515   812  1470   550
	20588  7468   790  1460   550
	20582  7431   789  1460   550
	20568  7398   785  1460   550
	20551  7365   784  1450   560
	20523  7333   783  1450   560
	20489  7292   782  1450   560
	20447  7270   782  1430   560
	20403  7238   779  1430   560
	20350  7207   778  1430   560
	20301  7179   777  1420   570
	20247  7163   772  1420   570
	20191  7158   769  1420   570
	20140  7158   738  1420   570
	20089  7163   708  1400   580
	20046  7179   717  1400   580
	20010  7209   737  1400   580
	19985  7242   775  1400   580
	19960  7285   780  1400   580
	19954  7335   815  1400   580
	19952  7400   822  1400   580
	19973  7479   837  1400   580
	20009  7557   846  1400   580
	20052  7638   853  1400   580
	20106  7708   862  1400   580
	20151  7782   862  1400   580
	20194  7830   864  1400   580
	20233  7866   850  1400   580
	20266  7898   848  1400   580
	20306  7925   842  1420   570
	20336  7929   835  1420   570
	20379  7916   830  1420   570
	20413  7912   825  1420   570
	20454  7893   820  1420   570
	20488  7868   815  1420   570
	20526  7845   812  1430   560
	20559  7817   807  1430   560
	20595  7799   794  1440   570
	20635  7784   790  1440   570
	20679  7772   790  1440   570
	20723  7770   799  1440   570
	20769  7771   812  1440   570
	20824  7782   818  1440   570
	20881  7787   821  1440   570
	20933  7800   824  1440   570
	20983  7816   826  1440   570
	21020  7819   827  1440   570
	21050  7820   829  1430   570
	21074  7829   830  1430   570
	21090  7819   833  1430   570
	21100  7815   835  1430   570
	21107  7802   835  1430   570
	21114  7787   835  1430   570
	21118  7770   834  1440   580
	21122  7754   831  1440   580
	21126  7738   829  1440   580
	21132  7718   825  1440   580
	21132  7692   816  1440   580
	21137  7673   790  1440   580
	21147  7658   777  1440   580
	21160  7654   729  1440   580
	21178  7644   672  1440   580
	21208  7654   584  1460   580
	21242  7672   367  1460   580
	21282  7707    -1  1460   580
	21320  7769    -1  1460   580
	21369  7845    -1  1470   590
	21426  7948    -1  1470   590
	21497  8073    -1  1470   590
	21564  8197    -1  1460   580
	21641  8309    -1  1460   580
	21718  8412    -1  1460   580
	21788  8533    -1  1460   580
	21844  8631    -1  1460   580
	21891  8715    -1  1470   580
	21918  8789    -1  1480   570
	21933  8839    -1  1480   570
	21936  8874    -1  1480   560
	21929  8904    -1  1490   550
	21917  8923    -1  1500   540
	21900  8935    -1  1500   540
	21885  8936    -1  1510   530
	21864  8923    -1  1510   530
	21846  8919    -1  1500   520
	21832  8906    -1  1530   520
	21826  8887    -1  1530   520
	21829  8860    -1  1530   520
	21828  8843    64  1550   510
	21833  8824   401  1540   520
	21838  8824   552  1540   520
	21843  8810   636  1550   520
	21845  8805   684  1550   520
	21845  8774   760  1540   530
	21843  8745   778  1540   530
	21842  8699   822  1530   540
	21832  8634   836  1550   540
	21829  8556   850  1540   550
	21822  8503   868  1540   550
	21821  8424   884  1530   560
	21803  8326   887  1530   560
	21802  8247   888  1540   570
	21808  8182   890  1540   570
	21813  8085   888  1540   570
	21803  7991   880  1540   570
	21816  7912   871  1540   570
	21813  7834   843  1530   580
	21813  7782   822  1530   580
	21813  7737   780  1530   580
	21811  7707   713  1530   580
	21803  7688   619  1530   580
	21795  7687   344  1530   580
	21781  7707   136  1530   580
	21759  7765    -1  1530   580
	21731  7830    -1  1530   580
	21692  7927    -1  1530   580
	21640  8028    -1  1510   580
	21573  8154    -1  1500   580
	21491  8284    -1  1500   580
	21394  8426    -1  1510   580
	21311  8571    -1  1510   580
	21243  8709    -1  1520   570
	21181  8842    -1  1520   570
	21133  8983    -1  1520   570
	21109  9100    -1  1520   560
	21095  9191    -1  1520   560
	21101  9242    -1  1520   560
	21134  9242    -1  1520   560
	21205  9317   570  1530   550
	21230  9354   664  1510   540
	21282  9385   733  1510   540
	21365  9404   783  1510   540
	21469  9420   820  1510   540
	21543  9447   838  1530   550
	21632  9450   868  1530   540
	21727  9452   877  1530   540
	21834  9388   882  1530   550
	21957  9448   880  1530   550
	22084  9436   880  1520   560
	22208  9417   877  1520   560
	22326  9399   870  1520   560
	22445  9366   844  1520   560
	22560  9319   829  1520   560
	22652  9260   794  1530   560
	22738  9194   770  1530   560
	22802  9125   648  1530   560
	22849  9020   302  1530   560
	22866  8924    -1  1540   560
	22858  8859    -1  1540   560
	22844  8811    -1  1540   560
	22815  8775    -1  1540   560
	22775  8716    -1  1550   550
	22743  8710    -1  1540   550
	22687  8668    -1  1540   550
	22642  8631    -1  1530   550
	22575  8539    -1  1520   540
	22515  8555    -1  1520   540
	22452  8551    -1  1520   540
	22379  8551    -1  1530   540
	22320  8554    -1  1540   530
	22271  8570    -1  1560   530
	22234  8586    -1  1560   530
	22204  8601    -1  1560   530
	22189  8617    -1  1570   520
	22187  8635    -1  1580   520
	22193  8652    -1  1580   520
	22208  8679    -1  1580   520
	22232  8696    -1  1580   520
	22280  8709    -1  1600   520
	22299  8667    -1  1600   520
	22335  8683    -1  1620   540
	22343  8661     0  1630   540
	22341  8632   302  1640   540
	22334  8598   385  1630   540
	22321  8539   542  1630   550
	22296  8460   570  1610   550
	22256  8373   605  1600   550
	22229  8267   630  1600   550
	22170  8183   651  1600   560
	22128  8103   700  1600   560
	22088  8009   733  1580   560
	22065  7914   744  1570   570
	22048  7830   760  1570   570
	22040  7756   750  1570   570
	22054  7717   766  1570   570
	22084  7671   768  1570   580
	22139  7641   769  1570   580
	22194  7624   773  1570   580
	22258  7623   778  1570   580
	22318  7627   786  1570   580
	22381  7654   814  1570   580
	22436  7685   827  1570   580
	22485  7708   835  1570   580
	22529  7752   858  1570   580
	22548  7786   870  1570   580
	22556  7834   869  1570   580
	22560  7900   868  1550   580
	22551  7963   868  1550   580
	22522  8027   864  1550   580
	22482  8101   864  1550   580
	22448  8152   868  1550   580
	22409  8202   872  1550   580
	22386  8248   872  1570   580
	22361  8296   876  1570   580
	22347  8345   875  1570   580
	22342  8406   871  1570   580
	22347  8475   869  1570   580
	22369  8554   841  1570   580
	22399  8645   831  1570   580
	22447  8730   799  1570   580
	22506  8827   768  1570   580
	22578  8936   706  1570   580
	22662  9034   675  1570   580
	22757  9111   658  1570   580
	22857  9164   653  1570   580
	22949  9196   646  1570   580
	23014  9207   641  1560   570
	23050  9180   641  1560   570
	23069  9131   648  1560   570
	23076  9062   661  1560   570
	23072  8955   675  1560   570
	23070  8856   702  1560   570
	23061  8743   738  1560   570
	23062  8629   772  1560   570
	23068  8506   775  1560   570
	23077  8389   777  1560   570
	23097  8295   783  1560   570
	23120  8188   783  1570   570
	23155  8108   784  1570   570
	23185  8025   784  1570   570
	23236  7946   782  1570   570
	23283  7884   779  1570   580
	23343  7836   774  1580   580
	23395  7803   767  1580   580
	23448  7784   702  1580   580
	23496  7781   663  1580   580
	23529  7786   623  1580   580
	23556  7815   469  1570   590
	23573  7862   344  1570   590
	23574  7928   160  1560   590
	23564  7993    -1  1560   590
	23532  8074    -1  1560   590
	23480  8153    -1  1560   590
	23417  8231    -1  1560   590
	23338  8297    -1  1570   590
	23255  8364    -1  1570   590
	23163  8426    -1  1570   590
	23070  8472    -1  1560   590
	22977  8490    -1  1560   590
	22886  8486    -1  1560   590
	22806  8442    -1  1560   590
	22739  8392    -1  1540   580
	22681  8314    -1  1540   580
	22651  8229   327  1540   580
	22635  8185   621  1540   580
	22638  8166   691  1560   590
	22653  8140   770  1560   590
	22683  8121   812  1560   590
	22719  8101   835  1540   580
	22771  8086   864  1540   580
	22827  8074   876  1540   580
	22892  8058   882  1540   580
	22990  8054   882  1540   580
	23104  8053   874  1540   580
	23201  8041   849  1550   600
	23295  8039   820  1550   600
	23387  8027   777  1550   600
	23489  8012   650  1550   600
	23589  8007   336  1570   600
	23663  8007    -1  1560   610
	23721  8026    -1  1560   610
	23760  8057    -1  1560   610
	23802  8120    -1  1540   600
	23810  8186    -1  1540   600
	23846  8214    -1  1530   610
	23845  8299    -1  1510   610
	23856  8344    -1  1520   600
	23880  8363    -1  1510   600
	23860  8373    -1  1510   600
	23867  8358    -1  1490   590
	23880  8326    -1  1490   590
	23888  8268    -1  1470   590
	23896  8216    -1  1470   590
	23933  8149    -1  1490   580
	23948  8075    -1  1490   580
	23943  8007   831  1490   580
	23914  8025   934  1490   580
	23910  8025  1024  1490   580
	23915  8025  1024  1500   570
	23919  8023  1024  1510   580
	23917  8026  1024  1510   580
	23918  8025  1024  1530   580
	23920  8026  1024  1520   590
	23924  8026  1024  1530   590
	23925  8026  1024  1530   590
	23926  8026  1024  1550   600
	23929  8026  1024  1550   600
	23933  8027  1024  1550   600
	23935  8025   989  1570   600
	23938  8024   902  1570   600
	23955  8023   814  1560   610
	23982  8009   547  1560   610
