ABCDE-012_345_678 345
	 5904 12502     0  1430   490
	 5909 12539   234  1430   490
	 5907 12534   317  1440   490
	 5910 12523   344  1430   500
	 5906 12508   278  1440   500
	 5904 12503   350  1440   500
	 5903 12489   401  1430   510
	 5898 12475   522  1440   510
	 5893 12460   560  1440   510
	 5882 12442   588  1440   510
	 5877 12427   613  1440   510
	 5868 12422   641  1460   520
	 5861 12396   651  1450   530
	 5850 12390   661  1450   530
	 5847 12379   672  1450   530
	 5844 12375   681  1450   530
	 5841 12375   691  1450   530
	 5843 12375   708  1450   530
	 5850 12376   737  1450   530
	 5862 12380   774  1450   530
	 5878 12407   785  1450   530
	 5910 12441   818  1460   520
	 5950 12503   825  1460   520
	 6013 12586   831  1460   520
	 6057 12681   838  1460   520
	 6127 12778   840  1460   520
	 6207 12885   840  1460   520
	 6316 12984   836  1460   520
	 6426 13082   836  1460   520
	 6524 13178   835  1460   520
	 6610 13257   832  1460   520
	 6664 13306   831  1460   520
	 6702 13324   831  1460   520
	 6732 13339   828  1470   510
	 6747 13339   821  1480   510
	 6758 13335   815  1480   510
	 6770 13318   790  1480   510
	 6778 13275   788  1480   510
	 6787 13209   790  1480   510
	 6780 13112   790  1490   510
	 6763 12998   812  1490   510
	 6750 12859   817  1490   510
	 6734 12700   821  1500   510
	 6717 12520   824  1500   510
	 6695 12345   829  1500   510
	 6674 12156   830  1500   510
	 6650 11976   834  1490   520
	 6636 11846   836  1490   520
	 6622 11703   839  1480   530
	 6601 11561   839  1480   530
	 6582 11434   840  1480   530
	 6568 11336   840  1470   530
	 6548 11244   840  1470   530
	 6526 11160   839  1460   540
	 6493 11094   839  1460   540
	 6455 11032   838  1460   540
	 6409 10972   835  1440   540
	 6356 10938   834  1440   540
	 6300 10918   831  1430   550
	 6246 10903   824  1430   550
	 6196 10902   821  1430   550
	 6141 10920   815  1430   550
	 6099 10940   817  1410   560
	 6059 10987   815  1410   560
	 6024 11068   814  1410   560
	 5994 11162   812  1410   560
	 5973 11260   799  1410   560
	 5960 11382   783  1410   560
	 5969 11509   737  1410   560
	 5992 11642   704  1400   550
	 6036 11754   700  1400   550
	 6089 11850   713  1400   550
	 6155 11932   760  1400   550
	 6224 11996   775  1400   550
	 6291 12043   782  1400   550
	 6337 12058   785  1400   550
	 6360 12056   786  1410   550
	 6386 12039   789  1410   550
	 6420 12008   812  1410   550
	 6448 11962   816  1410   550
	 6464 11899   821  1430   550
	 6476 11831   824  1430   550
	 6483 11765   824  1430   550
	 6481 11701   824  1430   550
	 6484 11644   824  1430   550
	 6489 11608   822  1430   550
	 6506 11580   821  1440   560
	 6522 11574   818  1440   560
	 6550 11562   817  1440   560
	 6591 11573   821  1430   560
	 6643 11607   820  1430   560
	 6705 11642   821  1430   560
	 6773 11690   821  1430   560
	 6851 11752   820  1430   560
	 6946 11813   820  1430   560
	 7017 11865   821  1420   570
	 7094 11913   825  1420   570
	 7155 11958   828  1420   570
	 7196 11973   829  1420   570
	 7229 11973   832  1420   570
	 7249 11962   835  1430   560
	 7265 11944   836  1430   560
	 7271 11916   846  1430   560
	 7279 11878   867  1440   570
	 7284 11818   871  1440   570
	 7288 11756   875  1440   570
	 7287 11703   876  1440   570
	 7295 11655   877  1440   570
	 7302 11609   875  1450   560
	 7319 11577   875  1450   560
	 7333 11557   871  1450   560
	 7358 11541   864  1470   560
	 7381 11528   848  1470   560
	 7412 11525   846  1460   570
	 7449 11525   840  1460   570
	 7487 11530   831  1460   570
	 7526 11557   820  1460   570
	 7568 11594   778  1470   580
	 7610 11655   668  1470   580
	 7657 11724   338  1470   580
	 7698 11813   136  1470   580
	 7732 11899    -1  1470   580
	 7764 12008    -1  1490   580
	 7792 12124    -1  1490   580
	 7819 12265    -1  1490   580
	 7844 12377    -1  1490   580
	 7865 12491    -1  1510   580
	 7871 12601    -1  1530   580
	 7883 12709    -1  1530   580
	 7894 12805    -1  1550   580
	 7912 12886    -1  1560   570
	 7927 12956    -1  1570   560
	 7944 13029    -1  1570   560
	 7962 13077    -1  1580   550
	 7983 13095    -1  1580   540
	 7995 13083    -1  1580   540
	 8009 13051   136  1580   540
	 8020 13015   275  1580   540
	 8020 12984   294  1590   530
	 8020 12955   401  1580   530
	 8024 12903   542  1580   530
	 8027 12838   634  1580   530
	 8028 12748   664  1580   530
	 8029 12615   702  1560   530
	 8036 12581   772  1560   530
	 8039 12471   779  1560   530
	 8046 12373   786  1550   520
	 8060 12283   815  1560   530
	 8068 12198   817  1560   530
	 8073 12117   817  1550   540
	 8076 12038   820  1560   550
	 8084 11964   820  1560   550
	 8097 11912   820  1560   550
	 8103 11851   817  1550   550
	 8111 11814   790  1550   550
	 8109 11784   781  1550   550
	 8107 11754   770  1550   550
	 8091 11735   690  1550   550
	 8076 11733   605  1530   560
	 8046 11738   294  1530   560
	 8000 11767     0  1530   560
	 7937 11816    -1  1530   560
	 7859 11877    -1  1530   560
	 7773 11945    -1  1530   560
	 7683 12028    -1  1540   560
	 7591 12150    -1  1530   560
	 7484 12266    -1  1530   560
	 7372 12380    -1  1530   560
	 7266 12506    -1  1530   560
	 7185 12630    -1  1520   560
	 7127 12741    -1  1530   550
	 7093 12824    -1  1510   540
	 7080 12888    -1  1520   540
	 7091 12937    -1  1520   540
	 7122 12972   308  1520   540
	 7178 13030   601  1520   540
	 7205 13080   645  1530   530
	 7282 13126   674  1530   530
	 7390 13163   713  1530   530
	 7496 13205   770  1530   530
	 7598 13225   785  1520   530
	 7702 13241   812  1520   530
	 7834 13254   817  1520   530
	 7976 13257   818  1530   530
	 8097 13257   820  1530   530
	 8216 13228   818  1540   530
	 8348 13207   814  1540   530
	 8482 13164   803  1560   530
	 8601 13126   784  1560   530
	 8714 13063   774  1570   540
	 8808 13001   706  1570   540
	 8883 12934   646  1570   540
	 8941 12855   536  1570   540
	 8982 12775   327  1580   540
	 8990 12698    -1  1580   540
	 8973 12652    -1  1580   540
	 8947 12620    -1  1600   540
	 8901 12603    -1  1600   540
	 8857 12587    -1  1610   550
	 8790 12572    -1  1610   550
	 8726 12568    -1  1610   550
	 8666 12568    -1  1610   550
	 8609 12570    -1  1610   550
	 8553 12571    -1  1610   550
	 8499 12569    -1  1610   550
	 8454 12555    -1  1610   550
	 8416 12537    -1  1600   550
	 8382 12505    -1  1600   550
	 8346 12457    -1  1600   550
	 8303 12394    -1  1600   550
	 8264 12326    -1  1600   550
	 8220 12235    35  1600   550
	 8193 12168   344  1590   550
	 8147 12104   324  1590   550
	 8117 12007   405  1590   550
	 8092 11913   599  1580   550
	 8077 11849   650  1570   560
	 8074 11797   674  1570   560
	 8066 11724   702  1570   560
	 8068 11671   724  1570   560
	 8076 11628   744  1550   550
	 8091 11606   770  1550   550
	 8117 11580   778  1550   550
	 8146 11574   786  1550   550
	 8180 11573   814  1540   560
	 8225 11577   827  1540   560
	 8265 11592   838  1540   560
	 8319 11624   846  1560   570
	 8371 11669   864  1560   570
	 8428 11720   849  1560   570
	 8473 11784   840  1560   570
	 8508 11849   829  1560   570
	 8532 11915   818  1560   570
	 8543 11992   780  1560   570
	 8547 12073   777  1560   570
	 8533 12165   776  1550   580
	 8517 12248   779  1570   570
	 8498 12326   785  1570   570
	 8469 12407   812  1570   570
	 8448 12486   827  1570   570
	 8426 12566   839  1570   570
	 8420 12646   864  1570   570
	 8422 12715   853  1570   570
	 8438 12792   848  1580   560
	 8463 12871   842  1580   560
	 8510 12937   829  1600   560
	 8574 13004   818  1580   560
	 8652 13079   788  1580   560
	 8742 13142   783  1580   560
	 8845 13193   776  1590   550
	 8955 13237   773  1590   550
	 9059 13259   767  1590   550
	 9128 13242   767  1590   550
	 9194 13191   770  1590   550
	 9248 13100   772  1610   550
	 9283 13002   778  1610   550
	 9308 12875   786  1610   550
	 9314 12727   812  1610   550
	 9312 12554   822  1610   550
	 9297 12390   831  1610   550
	 9282 12218   835  1610   550
	 9267 12056   838  1610   550
	 9267 11943   843  1600   550
	 9282 11832   845  1620   560
	 9305 11750   846  1620   560
	 9343 11676   858  1620   560
	 9384 11624   868  1610   570
	 9436 11575   868  1610   570
	 9496 11545   871  1610   570
	 9554 11526   877  1610   570
	 9612 11512   884  1610   570
	 9672 11514   893  1610   570
	 9724 11525   901  1600   580
	 9785 11544   904  1600   580
	 9841 11561   906  1600   580
	 9883 11577   902  1610   590
	 9934 11606   897  1610   590
	 9972 11626   879  1610   600
	10012 11653   845  1610   600
	10047 11685   815  1610   600
	10075 11707   784  1620   600
	10100 11738   744  1620   600
	10109 11765   723  1620   600
	10125 11771   704  1620   600
	10128 11784   689  1630   590
	10138 11802   636  1630   590
	10140 11816   380  1630   590
	10141 11831   160  1630   590
	10127 11861    -1  1630   590
	10105 11884    -1  1640   580
	10064 11926    -1  1640   580
	10009 11964    -1  1640   580
	 9939 12024    -1  1640   570
	 9851 12105    -1  1640   570
	 9743 12172    -1  1650   560
	 9615 12283    -1  1650   560
	 9467 12380    -1  1640   570
	 9312 12490    -1  1640   570
	 9123 12597    -1  1640   570
	 8916 12649    -1  1650   560
	 8755 12773    -1  1660   560
	 8627 12853    -1  1660   540
	 8513 12890    -1  1660   530
	 8395 12908    -1  1660   520
	 8273 12936    -1  1660   520
	 8197 12919    -1  1660   520
	 8157 12844    -1  1660   520
	 8125 12789    -1  1660   520
	 8105 12729   715  1620   510
	 8086 12812   770  1620   510
	 8080 12808   708  1610   500
	 8096 12794   669  1620   500
	 8130 12775   650  1620   500
	 8171 12742   562  1620   500
	 8211 12694   278  1620   500
	 8250 12646    -1  1610   490
	 8273 12615    -1  1600   500
	 8300 12602    -1  1600   500
	 8322 12597    -1  1590   510
	 8353 12582    -1  1600   520
	 8386 12556    -1  1590   530
	 8440 12521    -1  1590   530
	 8508 12423    -1  1580   540
	 8609 12407    -1  1610   550
	 8691 12310    -1  1600   550
	 8808 12185    -1  1600   550
	 8919 12039    -1  1600   550
	 9019 11896    -1  1600   550
	 9098 11735    -1  1630   570
	 9137 11740   731  1630   570
	 9154 11738   779  1630   570
	 9183 11718   841  1630   570
	 9200 11704   939  1630   570
	 9210 11703   990  1630   570
	 9211 11702  1024  1640   570
	 9208 11702  1024  1640   570
	 9209 11702  1024  1640   570
	 9208 11701  1024  1640   570
	 9208 11701  1024  1660   570
	 9209 11692   971  1660   570
	 9209 11690   913  1640   570
	 9210 11690   841  1640   570
	 9207 11686   778  1640   570
	 9209 11675   678  1640   570
	 9220 11674   405  1640   570
