ABCDE-012_345_678 415
	12707 20167   218  1620   370
	12704 20166   308  1620   370
	12698 20165   344  1610   370
	12691 20165   367  1610   370
	12682 20152   294  1600   380
	12670 20149   324  1600   380
	12655 20137   357  1600   380
	12645 20124   390  1600   390
	12634 20123   420  1600   390
	12622 20117   533  1600   390
	12617 20107   572  1590   400
	12614 20106   639  1590   400
	12614 20106   664  1590   400
	12617 20107   698  1590   400
	12618 20108   766  1590   400
	12623 20120   774  1590   400
	12639 20139   784  1590   400
	12648 20156   812  1580   410
	12678 20201   820  1580   410
	12707 20248   835  1580   410
	12745 20298   842  1580   410
	12796 20391   862  1580   410
	12858 20491   870  1580   410
	12924 20587   874  1590   410
	12995 20682   877  1590   410
	13079 20775   882  1590   410
	13158 20855   884  1610   400
	13197 20908   886  1610   400
	13233 20950   887  1610   400
	13250 20969   888  1620   400
	13257 20970   887  1620   400
	13255 20969   883  1620   400
	13250 20871   879  1630   390
	13246 20956   871  1630   390
	13241 20939   862  1630   390
	13232 20903   849  1630   390
	13222 20841   848  1640   380
	13208 20764   845  1640   380
	13197 20698   844  1640   380
	13194 20631   836  1640   380
	13197 20581   829  1620   390
	13204 20523   824  1620   390
	13218 20473   820  1620   390
	13241 20424   812  1620   390
	13270 20395   786  1620   390
	13296 20373   784  1620   390
	13333 20343   784  1620   390
	13366 20315   784  1620   390
	13406 20297   784  1620   390
	13432 20267   784  1620   390
	13457 20245   786  1620   400
	13481 20186   788  1620   400
	13502 20122   807  1620   400
	13516 20043   821  1620   400
	13519 19944   829  1610   400
	13521 19819   835  1610   400
	13505 19687   839  1610   400
	13488 19548   848  1610   400
	13468 19400   868  1610   400
	13441 19269   871  1600   410
	13423 19179   879  1600   420
	13399 19084   886  1580   440
	13377 19018   894  1580   450
	13354 18955   902  1570   460
	13341 18906   910  1560   460
	13325 18885   923  1550   470
	13309 18853   937  1550   480
	13295 18840   952  1540   490
	13286 18837   965  1530   500
	13273 18828   970  1520   510
	13244 18828   968  1510   510
	13196 18840   962  1510   510
	13141 18854   959  1500   520
	13077 18870   940  1490   530
	13008 18892   901  1490   530
	12936 18934   872  1480   540
	12858 18969   820  1480   540
	12771 19016   734  1480   540
	12696 19068   650  1480   540
	12617 19131   513  1480   540
	12552 19211   350  1470   530
	12507 19290   338  1480   530
	12481 19381   363  1480   530
	12477 19450   519  1480   530
	12482 19516   625  1490   520
	12504 19576   684  1500   510
	12541 19638   731  1500   510
	12590 19688   777  1510   500
	12649 19735   782  1520   490
	12707 19770   788  1530   490
	12752 19798   789  1530   490
	12793 19804   788  1530   480
	12835 19802   788  1540   470
	12885 19788   788  1540   470
	12936 19766   789  1550   460
	12986 19722   789  1560   450
	13025 19672   799  1570   460
	13064 19621   799  1570   460
	13095 19559   807  1580   450
	13129 19493   799  1580   450
	13148 19445   790  1580   450
	13180 19400   786  1580   450
	13206 19370   786  1570   460
	13229 19350   783  1570   460
	13255 19337   783  1560   460
	13296 19338   782  1560   460
	13330 19366   782  1560   460
	13371 19400   780  1550   470
	13414 19452   781  1550   470
	13463 19500   783  1550   480
	13515 19561   783  1550   480
	13563 19610   784  1550   480
	13596 19644   787  1550   480
	13615 19659   789  1550   480
	13617 19660   813  1550   480
	13615 19658   820  1550   480
	13611 19653   828  1550   470
	13602 19637   834  1550   470
	13586 19608   835  1570   480
	13577 19578   844  1570   470
	13568 19544   849  1570   470
	13558 19511   850  1570   470
	13561 19498   850  1580   460
	13561 19494   853  1580   460
	13561 19494   862  1580   460
	13561 19496   872  1580   460
	13565 19496   893  1580   460
	13565 19498   923  1580   460
	13564 19500   937  1580   460
	13561 19525   928  1570   470
	13557 19532   913  1570   470
	13551 19559   849  1570   470
	13546 19594   790  1570   470
	13546 19612   677  1570   470
	13549 19638   352  1570   470
	13554 19660    -1  1570   470
	13558 19692    -1  1570   470
	13566 19723    -1  1570   470
	13585 19755    -1  1570   470
	13606 19783    -1  1570   470
	13631 19735    -1  1580   460
	13658 19815    -1  1580   460
	13684 19829    -1  1580   460
	13719 19832    -1  1590   450
	13758 19847    -1  1590   450
	13800 19864    -1  1590   440
	13846 19884    -1  1590   440
	13916 19914    -1  1610   430
	13947 19957    -1  1630   430
	14007 19994    -1  1630   430
	14069 20043    -1  1630   420
	14131 20102    -1  1640   410
	14182 20155    -1  1660   400
	14229 20216    -1  1660   390
	14274 20277    -1  1660   380
	14303 20341    -1  1660   370
	14324 20407    -1  1660   370
	14335 20453    -1  1660   370
	14342 20520    -1  1670   350
	14340 20569    -1  1650   360
	14330 20618    -1  1650   360
	14319 20651    -1  1650   360
	14305 20684    -1  1630   370
	14284 20714    -1  1630   370
	14269 20741    -1  1620   370
	14248 20746    -1  1610   370
	14238 20745    -1  1600   370
	14228 20741    -1  1590   370
	14223 20727    -1  1590   370
	14219 20648    -1  1590   390
	14222 20666    -1  1580   400
	14227 20630   160  1570   410
	14223 20614   317  1580   420
	14220 20588   385  1570   430
	14224 20554   525  1580   430
	14225 20508   636  1580   430
	14228 20457   658  1590   420
	14229 20396   718  1600   410
	14237 20329   770  1600   410
	14241 20267   780  1610   410
	14256 20204   788  1620   410
	14263 20137   812  1630   410
	14268 20073   815  1630   410
	14279 19994   816  1640   410
	14288 19916   818  1640   410
	14300 19834   820  1640   410
	14308 19753   818  1640   410
	14318 19689   818  1650   410
	14320 19627   786  1640   420
	14326 19589   777  1640   420
	14317 19545   736  1640   420
	14310 19525   661  1640   420
	14295 19514   528  1640   430
	14270 19525   286  1630   440
	14236 19557    -1  1630   440
	14190 19606    -1  1620   450
	14127 19672    -1  1620   450
	14053 19753    -1  1620   450
	13979 19845    -1  1630   450
	13897 19942    -1  1630   450
	13824 20042    -1  1640   440
	13750 20154    -1  1650   430
	13689 20277    -1  1640   420
	13636 20394    -1  1640   420
	13602 20476    -1  1650   410
	13589 20581    -1  1650   410
	13581 20635    -1  1650   400
	13582 20679    -1  1640   400
	13593 20709    -1  1640   400
	13618 20664    -1  1650   390
	13652 20729    -1  1660   390
	13690 20748   385  1660   380
	13726 20792   536  1650   380
	13769 20807   639  1650   380
	13806 20811   675  1650   380
	13855 20823   713  1650   380
	13898 20824   775  1650   380
	13948 20825   786  1650   390
	14010 20811   812  1650   400
	14072 20807   814  1650   400
	14156 20793   818  1650   400
	14243 20789   819  1660   390
	14334 20775   822  1660   390
	14421 20761   823  1670   390
	14514 20746   823  1670   390
	14615 20732   822  1670   390
	14726 20725   817  1670   390
	14840 20712   787  1680   390
	14946 20694   772  1680   390
	15059 20665   696  1690   390
	15160 20646   648  1690   390
	15262 20613   480  1690   400
	15334 20584   327  1680   410
	15386 20565    -1  1680   410
	15415 20553    -1  1680   410
	15426 20554    -1  1670   420
	15423 20552    -1  1670   420
	15412 20549    -1  1660   430
	15388 20535    -1  1660   440
	15348 20521    -1  1660   440
	15306 20492    -1  1660   440
	15256 20469    -1  1650   460
	15200 20438    -1  1660   450
	15154 20408    -1  1660   450
	15115 20379    -1  1660   440
	15085 20348    -1  1660   430
	15066 20328    -1  1660   430
	15051 20312   234  1670   420
	15040 20311   278  1680   420
	15024 20309   363  1680   410
	15012 20298   507  1680   410
	14997 20293   560  1690   410
	14973 20277   599  1700   410
	14936 20248   643  1700   410
	14891 20217   663  1710   400
	14840 20171   678  1710   400
	14789 20133   683  1710   390
	14734 20074   693  1720   380
	14683 20022   697  1710   390
	14628 19946   702  1710   400
	14585 19867   702  1700   400
	14554 19801   706  1700   410
	14531 19736   714  1700   410
	14522 19675   718  1690   410
	14523 19637   725  1680   410
	14536 19595   766  1680   410
	14558 19573   769  1680   420
	14584 19547   774  1680   420
	14629 19531   781  1660   430
	14673 19528   789  1660   430
	14731 19532   818  1660   440
	14789 19557   822  1660   440
	14857 19578   827  1670   440
	14914 19611   830  1670   450
	14977 19654   831  1670   450
	15034 19703   832  1670   450
	15080 19755   827  1670   450
	15117 19817   829  1680   450
	15128 19878   823  1680   450
	15132 19943   815  1680   450
	15125 20024   789  1680   450
	15097 20104   776  1690   440
	15062 20184   773  1690   440
	15016 20263   769  1690   440
	14966 20344   777  1690   440
	14913 20425   783  1690   440
	14857 20490   788  1700   430
	14809 20540   790  1700   430
	14759 20571   788  1700   430
	14728 20588   785  1700   430
	14700 20599   782  1700   430
	14689 20597   778  1700   430
	14678 20588   774  1700   430
	14674 20582   768  1690   420
	14678 20565   744  1690   420
	14694 20535   766  1690   420
	14727 20505   767  1690   420
	14776 20476   768  1690   420
	14834 20458   769  1670   430
	14907 20442   772  1670   430
	14981 20438   772  1670   430
	15069 20440   771  1680   430
	15168 20459   767  1690   420
	15277 20488   744  1690   420
	15385 20522   708  1690   420
	15500 20567   690  1690   420
	15605 20613   668  1690   420
	15700 20649   664  1690   420
	15779 20678   668  1690   420
	15841 20695   669  1700   430
	15879 20695   671  1700   420
	15899 20682   671  1700   420
	15909 20663   675  1700   420
	15909 20619   702  1700   410
	15905 20556   727  1710   410
	15888 20485   769  1710   410
	15868 20389   773  1710   420
	15845 20297   781  1700   420
	15825 20202   783  1700   430
	15809 20105   787  1700   420
	15814 20010   790  1700   420
	15827 19931   812  1710   420
	15847 19865   815  1710   420
	15874 19797   824  1710   420
	15907 19733   825  1710   430
	15950 19674   827  1710   430
	15993 19638   828  1710   430
	16033 19594   829  1700   440
	16075 19562   829  1710   440
	16112 19546   832  1710   450
	16153 19531   841  1710   450
	16186 19525   868  1710   450
	16217 19514   878  1710   460
	16245 19513   891  1700   470
	16267 19511   907  1700   470
	16287 19500   919  1700   480
	16301 19499   925  1700   480
	16312 19497   926  1700   480
	16318 19495   926  1700   490
	16330 19484   928  1700   490
	16340 19482   926  1700   490
	16357 19478   926  1680   490
	16380 19466   922  1680   490
	16404 19465   912  1680   490
	16431 19464   894  1680   490
	16466 19466   875  1680   490
	16497 19481   829  1680   490
	16528 19510   772  1680   490
	16548 19547   516  1680   490
	16556 19624    -1  1670   490
	16540 19721    -1  1670   490
	16504 19846    -1  1670   480
	16452 19995    -1  1670   480
	16384 20120    -1  1680   470
	16275 20312    -1  1680   470
	16138 20470    -1  1680   470
	15985 20602    -1  1670   470
	15826 20711    -1  1680   440
	15649 20806    -1  1680   440
	15442 20892    -1  1680   440
	15211 20983    -1  1680   440
	14998 21051    -1  1690   410
	14835 21084    -1  1690   410
	14717 21098    -1  1680   390
	14610 21099    -1  1670   380
	14516 21082    -1  1660   380
	14436 21045    -1  1660   370
	14386 20986    -1  1650   370
	14359 20903    -1  1650   370
	14350 20822    -1  1650   370
	14365 20727    -1  1650   370
	14396 20619    -1  1650   370
	14435 20504    -1  1650   370
	14485 20423   839  1650   370
	14478 20444   849  1650   370
	14490 20439   831  1640   380
	14557 20438   830  1640   380
	14651 20394   807  1640   390
	14747 20359   755  1540   370
	14776 20328   660  1550   370
	14810 20300   547  1560   370
	14856 20278   278  1580   380
	14897 20248    -1  1590   380
	14936 20248    -1  1600   380
	14972 20263    -1  1620   380
	15005 20277    -1  1640   380
	15043 20296    -1  1640   370
	15109 20300    -1  1670   370
	15166 20283    -1  1670   360
	15260 20282    -1  1690   350
	15362 20264    -1  1700   360
	15483 20213    -1  1710   340
	15609 20198    -1  1720   330
	15723 20121    -1  1730   330
	15826 20038    -1  1730   330
	15906 19946    -1  1730   330
	15984 19749    -1  1730   330
	16034 19657   410  1730   330
	16044 19717   830  1730   340
	16036 19724   868  1730   340
	16048 19708   959  1730   350
	16050 19706  1024  1730   360
	16051 19706  1024  1720   370
	16050 19703  1024  1720   380
	16048 19702  1024  1720   390
	16046 19702  1024  1720   400
	16046 19701  1024  1730   410
	16046 19692  1024  1730   430
	16047 19692  1024  1730   440
	16045 19692  1024  1730   450
	16047 19690  1024  1730   450
	16044 19689  1024  1740   460
	16041 19689   933  1740   460
	16040 19689   782  1740   460
	16019 19674   218  1740   460
