ABCDE-012_345_678 490
	20655  8726    35  1250   510
	20657  8726   360  1260   510
	20650  8728   324  1260   510
	20647  8729   363  1250   530
	20645  8729   390  1250   530
	20647  8728   410  1250   530
	20648  8728   462  1250   540
	20648  8727   519  1250   540
	20650  8716   533  1250   540
	20651  8712   547  1250   540
	20652  8697   555  1250   550
	20657  8679   570  1250   550
	20664  8647   577  1250   550
	20670  8604   592  1250   550
	20681  8567   611  1250   560
	20690  8522   632  1250   560
	20704  8460   641  1250   560
	20717  8395   651  1250   560
	20726  8327   660  1250   560
	20739  8251   664  1230   560
	20750  8186   669  1230   560
	20759  8121   671  1230   560
	20770  8058   674  1220   570
	20777  7996   678  1220   570
	20785  7945   678  1220   570
	20790  7896   680  1200   570
	20799  7850   681  1200   570
	20808  7816   680  1200   570
	20817  7782   680  1200   570
	20822  7755   677  1190   580
	20826  7750   672  1190   580
	20830  7737   666  1190   580
	20833  7735   653  1190   580
	20835  7735   638  1170   580
	20835  7737   590  1170   580
	20833  7749   547  1170   580
	20826  7766   390  1170   580
	20816  7787   278  1170   580
	20801  7819   275  1170   580
	20785  7863    -1  1190   580
	20767  7900    -1  1190   580
	20737  7947    -1  1190   580
	20705  8009    -1  1170   580
	20675  8069    -1  1170   580
	20649  8122    -1  1160   570
	20630  8182    -1  1160   570
	20609  8234    -1  1160   570
	20601  8295    -1  1160   560
	20590  8346    -1  1170   560
	20582  8406    -1  1160   550
	20579  8458    -1  1160   550
	20579  8508    -1  1170   540
	20576  8554    -1  1170   540
	20576  8602    -1  1170   540
	20578  8636    -1  1160   530
	20581  8667    -1  1170   530
	20587  8696    -1  1170   530
	20594  8714    -1  1180   530
	20599  8742    -1  1180   530
	20602  8760   336  1180   530
	20600  8778   317  1200   520
	20597  8793   374  1200   520
	20598  8796   410  1200   520
	20600  8810   528  1210   530
	20609  8823   562  1220   530
	20621  8838   595  1220   530
	20639  8854   632  1220   530
	20659  8869   645  1230   530
	20686  8875   660  1230   530
	20722  8892   669  1230   530
	20761  8906   678  1230   530
	20809  8920   686  1240   540
	20868  8934   696  1240   540
	20928  8939   700  1240   540
	20991  8950   706  1240   540
	21061  8955   713  1240   540
	21123  8956   715  1250   550
	21192  8956   721  1250   550
	21255  8950   724  1260   540
	21319  8933   727  1260   540
	21383  8905   734  1260   540
	21449  8876   736  1270   550
	21503  8855   738  1270   550
	21551  8822   744  1270   550
	21594  8776   767  1290   560
	21635  8730   767  1290   560
	21670  8681   769  1290   560
	21703  8618   772  1290   560
	21734  8553   775  1300   560
	21760  8488   776  1280   570
	21783  8408   777  1280   570
	21800  8316   778  1280   570
	21815  8248   779  1280   580
	21821  8185   780  1280   580
	21829  8121   782  1270   590
	21834  8060   783  1270   590
	21834  8005   783  1270   590
	21838  7946   784  1280   590
	21836  7883   784  1260   600
	21836  7849   784  1260   600
	21833  7816   784  1250   600
	21833  7788   783  1250   600
	21831  7772   781  1250   600
	21830  7770   777  1250   600
	21833  7767   773  1230   610
	21833  7767   767  1230   610
	21834  7769   721  1230   610
	21832  7781   681  1230   610
	21828  7797   645  1230   610
	21825  7819   542  1250   600
	21815  7862   367  1250   600
	21797  7912     0  1250   600
	21780  7964    -1  1250   600
	21751  8027    -1  1250   600
	21721  8092    -1  1240   600
	21690  8166    -1  1220   600
	21664  8234    -1  1220   600
	21643  8298    -1  1210   590
	21629  8373    -1  1230   590
	21619  8428    -1  1210   580
	21613  8502    -1  1200   570
	21607  8554    -1  1220   570
	21600  8614    -1  1210   560
	21598  8662    -1  1220   560
	21592  8700    -1  1210   550
	21589  8746    -1  1220   540
	21580  8779    -1  1220   540
	21574  8811    -1  1220   530
	21569  8841    -1  1230   520
	21563  8859    -1  1230   510
	21555  8885    -1  1250   510
	21549  8890    -1  1250   510
	21547  8903    -1  1260   500
	21540  8904    -1  1260   500
	21527  8933   317  1270   510
	21519  8937   405  1270   510
	21508  8950   525  1280   500
	21509  8951   555  1290   510
	21522  8955   584  1280   520
	21530  8967   632  1290   520
	21542  8969   646  1290   520
	21562  8982   664  1290   530
	21588  8986   686  1290   530
	21622  8999   698  1300   540
	21664  9004   714  1290   550
	21714  9015   731  1300   550
	21773  9016   767  1290   560
	21843  9017   770  1290   560
	21917  9016   772  1290   560
	22000  9015   774  1300   560
	22081  9016   776  1300   560
	22163  9003   776  1300   560
	22240  9001   776  1310   570
	22317  8984   776  1310   570
	22397  8969   776  1310   570
	22467  8954   776  1310   570
	22529  8936   776  1310   570
	22572  8920   774  1320   580
	22610  8905   772  1320   580
	22636  8892   769  1320   580
	22654  8887   737  1320   580
	22664  8875   714  1340   570
	22667  8870   693  1340   570
	22664  8860   674  1340   570
	22653  8854   660  1340   570
	22629  8839   634  1340   570
	22595  8822   560  1340   570
	22545  8795   410  1340   570
	22472  8775   317  1340   570
	22392  8745   352  1320   570
	22302  8714   308  1320   570
	22218  8682   297  1320   570
	22131  8650   308  1320   570
	22054  8620   327  1310   570
	21975  8598   344  1310   570
	21896  8556   367  1310   570
	21828  8534   324  1310   570
	21779  8503   357  1300   580
	21741  8472   531  1300   580
	21726  8453   544  1300   580
	21720  8428   544  1280   580
	21723  8411   547  1280   580
	21724  8392   550  1280   580
	21737  8375   557  1280   580
	21750  8359   562  1270   590
	21771  8341   572  1270   590
	21808  8315   609  1270   590
	21840  8297   623  1270   590
	21891  8279   641  1260   580
	21948  8264   653  1260   580
	22012  8251   666  1250   590
	22083  8245   683  1250   590
	22161  8232   696  1250   590
	22234  8220   704  1250   590
	22318  8217   714  1250   590
	22404  8214   718  1250   590
	22495  8213   724  1260   600
	22576  8204   727  1260   600
	22641  8202   727  1260   600
	22699  8200   725  1260   600
	22740  8198   723  1260   600
	22766  8188   714  1260   600
	22783  8187   705  1280   610
	22786  8185   696  1280   610
	22782  8182   691  1280   610
	22769  8171   689  1280   610
	22745  8156   684  1280   610
	22697  8135   668  1280   610
	22639  8103   664  1280   610
	22568  8072   658  1260   600
	22487  8037   653  1260   600
	22401  7993   656  1260   600
	22320  7944   664  1260   600
	22254  7899   689  1260   600
	22217  7878   700  1260   600
	22204  7863   698  1260   600
	22200  7846   691  1260   600
	22209  7829   689  1260   600
	22226  7813   686  1260   600
	22254  7799   687  1260   600
	22299  7797   691  1280   610
	22364  7799   693  1280   610
	22454  7815   697  1280   610
	22555  7836   706  1280   610
	22650  7867   729  1280   610
	22751  7913   766  1280   610
	22853  7961   773  1280   610
	22958  7996   776  1280   610
	23057  8042   779  1280   610
	23140  8085   783  1280   610
	23210  8119   785  1260   610
	23271  8165   787  1260   610
	23318  8202   789  1260   610
	23356  8250   812  1260   610
	23385  8311   814  1260   610
	23402  8373   814  1270   620
	23404  8442   814  1270   620
	23402  8534   812  1290   610
	23393  8620   790  1290   610
	23367  8714   790  1290   610
	23331  8807   786  1290   610
	23283  8892   785  1300   620
	23226  8988   783  1320   610
	23162  9078   783  1340   610
	23083  9147   783  1340   610
	22986  9209   781  1350   600
	22873  9258   781  1350   600
	22756  9305   779  1340   600
	22635  9338   777  1350   590
	22503  9369   772  1350   590
	22364  9388   768  1360   580
	22224  9400   768  1360   580
	22089  9403   767  1380   580
	21952  9401   766  1360   570
	21805  9399   766  1360   570
	21675  9386   766  1360   570
	21556  9371   760  1360   570
	21440  9365   766  1360   570
	21332  9340   766  1350   570
	21230  9323   766  1350   570
	21140  9301   766  1340   560
	21051  9260   767  1340   560
	20951  9225   766  1340   560
	20852  9176   766  1320   550
	20748  9113   766  1320   550
	20655  9035   766  1310   550
	20565  8949   766  1300   550
	20482  8855   760  1300   550
	20394  8763   766  1300   550
	20325  8668   760  1290   550
	20263  8568   755  1260   540
	20217  8453   744  1260   540
	20182  8316   744  1240   540
	20158  8197   755  1240   540
	20146  8070   766  1230   550
	20147  7932   766  1220   540
	20156  7817   760  1200   540
	20187  7722   766  1190   540
	20229  7640   760  1170   550
	20286  7562   744  1160   550
	20350  7497   737  1160   550
	20421  7445   734  1150   550
	20487  7399   730  1130   560
	20562  7369   724  1120   560
	20643  7351   721  1100   560
	20722  7340   717  1100   560
	20804  7353   713  1090   570
	20889  7382   709  1070   570
	20962  7404   706  1070   570
	21023  7451   702  1080   580
	21076  7509   698  1060   580
	21122  7561   686  1060   580
	21156  7622   677  1060   580
	21183  7673   669  1070   590
	21193  7735   661  1070   590
	21196  7801   651  1090   590
	21185  7880   641  1090   590
	21170  7960   630  1090   590
	21146  8054   619  1090   600
	21121  8139   601  1110   590
	21095  8233   581  1110   590
	21064  8326   584  1130   590
	21035  8412   588  1130   590
	21001  8492   592  1140   590
	20975  8571   605  1160   580
	20950  8632   632  1160   580
	20928  8677   634  1170   580
	20902  8711   645  1170   580
	20892  8726   658  1180   570
	20872  8731   671  1180   570
	20858  8731   681  1180   570
	20847  8731   686  1190   560
	20838  8727   686  1190   560
	20823  8710   686  1190   560
	20807  8677   689  1210   560
	20784  8604   691  1210   560
	20759  8535   693  1210   560
	20735  8441   700  1210   560
	20719  8341   717  1210   560
	20702  8231   730  1210   560
	20688  8138   734  1200   550
	20682  8040   744  1180   560
	20678  7941   766  1180   560
	20680  7846   766  1180   560
	20691  7769   766  1170   560
	20709  7703   737  1170   560
	20737  7653   724  1160   560
	20771  7610   708  1160   560
	20817  7589   700  1140   570
	20869  7573   697  1140   570
	20923  7576   691  1130   570
	20977  7591   690  1130   570
	21028  7623   691  1110   570
	21076  7670   690  1110   570
	21127  7721   693  1110   570
	21167  7784   693  1120   580
	21209  7850   697  1120   580
	21237  7929   697  1120   580
	21263  8012   702  1120   580
	21289  8103   706  1120   580
	21306  8187   714  1130   590
	21314  8277   717  1130   590
	21323  8362   718  1140   590
	21323  8440   718  1140   590
	21319  8505   718  1150   600
	21318  8549   722  1170   590
	21317  8568   724  1170   590
	21314  8572   730  1180   590
	21314  8572   733  1180   590
	21307  8572   733  1180   590
	21300  8565   727  1200   580
	21290  8539   725  1200   580
	21276  8501   727  1200   580
	21261  8439   727  1200   580
	21250  8362   730  1200   580
	21245  8295   733  1200   580
	21239  8233   737  1200   580
	21247  8171   744  1200   580
	21256  8120   766  1200   580
	21272  8070   767  1200   580
	21290  8024   766  1200   580
	21310  7993   766  1200   580
	21339  7962   760  1180   590
	21372  7943   750  1180   590
	21405  7926   738  1180   590
	21447  7915   736  1170   590
	21489  7926   736  1170   590
	21522  7932   737  1170   590
	21561  7959   738  1150   600
	21602  7992   766  1150   600
	21641  8025   767  1150   600
	21677  8072   768  1150   600
	21712  8120   769  1150   600
	21738  8170   770  1150   600
	21759  8232   770  1150   600
	21775  8299   771  1150   600
	21783  8376   770  1150   600
	21783  8440   769  1150   600
	21774  8506   767  1170   590
	21762  8554   767  1170   590
	21749  8570   767  1170   590
	21739  8582   768  1180   590
	21729  8572   769  1180   590
	21721  8571   768  1210   590
	21712  8567   767  1210   590
	21694  8540   767  1210   590
	21673  8502   767  1210   590
	21652  8442   767  1230   590
	21636  8392   767  1230   590
	21625  8347   768  1230   590
	21621  8298   769  1230   590
	21619  8263   770  1230   590
	21621  8232   771  1230   590
	21629  8202   772  1230   590
	21644  8182   772  1230   590
	21665  8151   771  1200   580
	21691  8135   771  1200   580
	21721  8108   770  1200   580
	21754  8102   769  1200   580
	21790  8101   769  1200   580
	21837  8101   770  1190   600
	21878  8105   769  1190   600
	21931  8121   770  1190   600
	21977  8138   770  1190   600
	22019  8167   770  1190   600
	22054  8186   770  1190   600
	22086  8214   770  1190   600
	22110  8245   770  1190   600
	22131  8267   770  1190   600
	22142  8293   769  1200   600
	22145  8298   770  1200   600
	22146  8312   770  1200   600
	22143  8312   770  1200   600
	22143  8311   770  1200   600
	22135  8300   770  1200   600
	22126  8296   770  1200   600
	22110  8277   769  1200   600
	22093  8245   769  1220   610
	22073  8214   769  1220   610
	22057  8183   768  1220   610
	22040  8166   767  1220   610
	22032  8149   768  1220   610
	22031  8133   768  1220   610
	22031  8118   768  1230   610
	22033  8107   766  1220   610
	22039  8105   744  1220   610
	22044  8105   736  1220   610
	22052  8105   734  1220   610
	22062  8108   736  1220   610
	22072  8117   738  1200   600
	22086  8124   738  1200   600
	22104  8138   760  1200   600
	22118  8155   766  1200   600
	22134  8182   768  1200   600
	22151  8204   768  1200   600
	22166  8235   770  1200   600
	22185  8268   772  1200   600
	22197  8294   772  1200   600
	22210  8341   773  1200   600
	22241  8394   773  1200   600
	22263  8428   773  1200   600
	22283  8456   772  1200   600
	22298  8470   772  1220   610
	22321  8476   772  1220   610
	22333  8486   772  1220   610
	22348  8488   771  1220   610
	22354  8485   770  1230   610
	22357  8473   770  1230   610
	22362  8459   770  1230   610
	22363  8441   772  1230   610
	22373  8408   773  1230   610
	22376  8379   775  1230   610
	22383  8344   776  1240   620
	22388  8299   778  1240   620
	22396  8278   780  1240   620
	22411  8236   782  1240   620
	22421  8214   782  1240   620
	22437  8199   782  1240   620
	22458  8185   782  1240   620
	22472  8171   780  1240   620
	22487  8167   778  1240   620
	22502  8165   778  1230   610
	22515  8166   777  1230   610
	22525  8167   778  1230   610
	22529  8168   779  1220   610
	22540  8171   780  1220   610
	22553  8188   781  1200   600
	22569  8216   784  1200   600
	22583  8245   787  1200   600
	22590  8263   789  1200   600
	22602  8299   790  1190   600
	22615  8348   803  1190   600
	22623  8396   812  1190   600
	22637  8458   812  1210   590
	22661  8523   814  1210   590
	22681  8569   814  1210   590
	22699  8600   814  1210   590
	22723  8619   812  1210   590
	22751  8648   814  1230   590
	22788  8677   814  1230   590
	22815  8696   814  1230   590
	22842  8712   815  1240   580
	22861  8727   815  1250   590
	22884  8732   814  1250   590
	22905  8746   807  1250   590
	22921  8761   787  1270   590
	22934  8773   780  1270   590
	22943  8778   767  1270   590
	22945  8790   674  1280   580
	22946  8793   555  1290   590
