ABCDE-012_345_678 543
	13112  8875    64  1150   520
	13119  8888     0  1150   520
	13126  8902    35  1150   520
	13132  8908   108  1150   520
	13139  8924   136  1150   520
	13146  8949   201  1160   520
	13154  8953   249  1160   520
	13155  8965   286  1160   520
	13162  8969   327  1150   520
	13162  8969   352  1150   520
	13164  8969   278  1150   520
	13160  8969   338  1150   520
	13160  8968   374  1150   520
	13160  8968   401  1150   520
	13160  8965   415  1150   520
	13158  8953   469  1150   520
	13157  8938   516  1150   520
	13157  8921   533  1150   520
	13158  8888   544  1150   520
	13157  8854   560  1150   520
	13157  8795   572  1150   520
	13155  8732   581  1150   520
	13154  8697   601  1150   520
	13162  8645   630  1150   520
	13169  8569   636  1140   530
	13170  8502   641  1140   530
	13181  8411   646  1140   530
	13187  8342   650  1140   530
	13197  8278   653  1120   530
	13205  8215   653  1120   530
	13213  8155   655  1120   530
	13222  8103   656  1110   530
	13229  8043   656  1110   530
	13239  8010   658  1100   530
	13248  7980   656  1100   530
	13257  7961   655  1080   540
	13267  7942   653  1080   540
	13271  7931   651  1070   540
	13275  7929   651  1070   540
	13275  7930   653  1070   540
	13276  7931   656  1070   540
	13274  7941   661  1060   540
	13273  7944   669  1060   540
	13268  7958   671  1060   540
	13260  7980   675  1060   540
	13253  8022   677  1060   540
	13241  8069   674  1060   540
	13231  8108   681  1060   540
	13216  8156   678  1060   540
	13204  8231   678  1060   540
	13199  8311   681  1070   540
	13189  8379   684  1070   540
	13183  8457   684  1070   540
	13173  8522   680  1070   540
	13165  8603   681  1080   540
	13168  8683   681  1080   540
	13172  8758   681  1080   540
	13175  8809   683  1100   530
	13182  8843   684  1100   530
	13191  8872   683  1100   530
	13207  8919   686  1100   530
	13235  8969   687  1110   530
	13263  9017   689  1110   530
	13295  9052   691  1120   530
	13328  9081   696  1120   530
	13362  9110   698  1140   530
	13399  9130   700  1140   530
	13478  9146   700  1140   530
	13472  9160   705  1160   530
	13511  9163   706  1160   530
	13553  9174   706  1160   530
	13594  9174   709  1170   530
	13636  9162   710  1170   530
	13676  9148   710  1170   530
	13718  9129   713  1170   530
	13759  9111   715  1170   530
	13800  9077   718  1180   530
	13841  9036   723  1180   530
	13880  8988   724  1190   530
	13922  8933   734  1190   530
	13958  8860   750  1190   530
	13990  8795   766  1190   530
	14019  8727   767  1190   530
	14045  8661   768  1180   540
	14066  8587   769  1190   540
	14086  8520   769  1190   540
	14105  8444   769  1190   540
	14129  8363   769  1190   540
	14139  8295   769  1170   550
	14150  8248   769  1170   550
	14158  8201   769  1160   550
	14165  8155   770  1160   550
	14176  8121   770  1160   550
	14181  8090   769  1160   550
	14186  8072   768  1150   550
	14186  8070   767  1150   550
	14192  8060   744  1140   550
	14186  8059   729  1120   550
	14188  8058   715  1120   550
	14188  8069   700  1120   550
	14189  8073   674  1120   550
	14181  8089   645  1120   550
	14173  8121   584  1100   540
	14159  8156   390  1100   540
	14135  8201   308  1100   540
	14103  8262    -1  1110   550
	14072  8325    -1  1110   550
	14030  8392    -1  1110   550
	13989  8469    -1  1120   550
	13955  8549    -1  1120   550
	13923  8618    -1  1120   550
	13895  8693    -1  1140   550
	13879  8759    -1  1140   550
	13864  8812    -1  1150   540
	13858  8874    -1  1170   540
	13852  8934    -1  1170   540
	13846  8985    -1  1180   540
	13842  9033    -1  1180   540
	13838  9068    -1  1180   540
	13837  9098    -1  1180   540
	13831  9116    -1  1190   530
	13827  9130    -1  1190   530
	13827  9132    -1  1180   530
	13812  9145   218  1200   520
	13804  9146   344  1200   520
	13786  9148   405  1200   520
	13780  9148   533  1200   520
	13783  9148   570  1200   520
	13786  9158   611  1180   530
	13791  9158   638  1180   530
	13804  9160   655  1180   530
	13818  9161   669  1180   530
	13841  9163   686  1180   530
	13870  9175   693  1180   530
	13904  9178   706  1180   530
	13949  9189   721  1190   530
	13997  9193   727  1190   530
	14053  9195   736  1190   530
	14109  9206   738  1190   530
	14167  9207   750  1190   530
	14222  9205   766  1190   530
	14277  9205   767  1190   530
	14331  9195   767  1190   530
	14382  9180   768  1220   540
	14438  9175   768  1220   540
	14489  9162   767  1220   540
	14541  9148   766  1220   540
	14586  9141   760  1220   540
	14628  9129   730  1220   540
	14658  9115   721  1220   540
	14681  9100   713  1220   540
	14695  9095   698  1230   530
	14701  9083   683  1240   540
	14701  9079   674  1240   540
	14693  9067   669  1230   530
	14679  9050   664  1240   540
	14645  9032   646  1240   540
	14602  9004   636  1240   540
	14555  8985   577  1240   540
	14496  8965   562  1240   540
	14431  8933   547  1240   540
	14366  8901   550  1240   540
	14303  8869   557  1240   540
	14240  8837   570  1220   540
	14181  8805   603  1220   540
	14124  8774   619  1220   540
	14077  8743   632  1220   540
	14043  8712   639  1220   540
	14021  8694   656  1200   540
	14019  8679   658  1200   540
	14023  8667   655  1200   540
	14032  8661   656  1200   540
	14050  8646   653  1180   540
	14066  8633   646  1180   540
	14084  8620   645  1180   540
	14116  8619   646  1180   540
	14161  8617   651  1190   540
	14221  8619   660  1170   540
	14279  8619   664  1170   540
	14338  8620   669  1170   540
	14393  8620   674  1170   540
	14443  8602   680  1170   550
	14499  8630   686  1170   540
	14551  8619   687  1170   550
	14595  8618   687  1170   550
	14642  8615   687  1170   550
	14677  8604   684  1170   550
	14706  8601   678  1190   540
	14724  8598   668  1190   540
	14728  8597   658  1190   540
	14724  8586   655  1190   540
	14716  8581   653  1190   540
	14697  8556   650  1190   540
	14662  8535   648  1190   540
	14614  8506   636  1200   550
	14556  8470   615  1200   550
	14484  8424   601  1200   550
	14413  8364   588  1200   550
	14340  8309   605  1190   540
	14269  8250   634  1170   550
	14215  8200   650  1170   550
	14169  8149   660  1170   550
	14147  8101   668  1170   550
	14142  8069   664  1160   550
	14151  8038   663  1150   540
	14175  7995   661  1150   540
	14210  7958   661  1140   550
	14252  7927   660  1140   550
	14304  7899   663  1140   550
	14366  7882   664  1130   540
	14439  7878   671  1130   540
	14511  7879   681  1120   540
	14594  7895   697  1120   540
	14674  7900   709  1120   540
	14752  7927   734  1120   540
	14828  7959   766  1120   550
	14902  7996   770  1120   550
	14972  8040   772  1120   550
	15042  8071   775  1120   550
	15102  8119   776  1120   550
	15163  8156   777  1120   550
	15212  8213   778  1130   560
	15254  8263   780  1150   550
	15278  8314   780  1150   550
	15293  8389   782  1160   560
	15297  8472   780  1160   560
	15296  8568   780  1160   560
	15282  8662   777  1160   560
	15268  8761   776  1170   560
	15236  8857   773  1170   560
	15198  8967   771  1170   560
	15153  9066   768  1180   560
	15099  9147   769  1200   550
	15042  9224   769  1200   550
	14983  9286   770  1210   550
	14913  9336   770  1210   550
	14831  9383   770  1230   550
	14741  9418   770  1230   550
	14635  9448   771  1230   550
	14526  9466   772  1240   540
	14416  9482   770  1240   540
	14308  9484   771  1250   540
	14192  9482   770  1250   540
	14067  9467   771  1250   540
	13945  9447   770  1270   530
	13833  9417   772  1270   530
	13721  9381   772  1270   530
	13600  9323   772  1250   530
	13477  9260   772  1250   530
	13367  9194   772  1250   530
	13268  9112   770  1240   530
	13178  9017   770  1230   520
	13085  8921   768  1230   520
	13008  8839   768  1220   530
	12944  8744   768  1220   530
	12895  8651   768  1200   520
	12855  8553   768  1200   520
	12826  8441   768  1170   520
	12808  8315   768  1160   520
	12799  8186   768  1140   510
	12801  8069   768  1140   510
	12814  7928   767  1140   510
	12842  7797   766  1120   520
	12875  7676   767  1100   520
	12905  7580   766  1080   520
	12957  7497   750  1070   520
	13012  7417   730  1060   520
	13076  7351   722  1040   520
	13147  7291   709  1040   520
	13219  7259   702  1030   520
	13293  7241   697  1020   520
	13369  7243   690  1020   520
	13443  7259   684  1010   530
	13520  7305   678   990   530
	13596  7371   674   990   530
	13664  7449   671  1000   540
	13717  7530   672  1000   540
	13761  7606   671   980   540
	13790  7674   668   980   540
	13809  7768   660  1000   540
	13812  7862   660  1000   540
	13807  7960   653  1000   540
	13787  8070   651  1010   530
	13763  8165   646  1010   540
	13727  8264   650  1030   540
	13692  8364   646  1030   540
	13652  8473   648  1040   540
	13617  8569   651  1040   540
	13581  8647   653  1060   540
	13553  8694   658  1070   540
	13529  8725   664  1070   540
	13508  8742   674  1080   540
	13485  8745   684  1100   530
	13467  8743   693  1100   530
	13452  8731   696  1110   530
	13437  8715   696  1110   530
	13420  8682   697  1110   530
	13406  8631   697  1120   530
	13393  8565   698  1120   530
	13380  8475   700  1120   520
	13368  8377   704  1120   520
	13360  8278   714  1120   520
	13357  8184   717  1120   520
	13359  8092   718  1100   520
	13364  8008   725  1100   520
	13382  7925   724  1100   520
	13397  7849   724  1090   520
	13418  7798   725  1090   520
	13444  7750   722  1080   530
	13473  7718   714  1080   530
	13506  7689   706  1060   530
	13546  7675   704  1050   530
	13584  7672   698  1050   530
	13621  7675   696  1040   530
	13652  7692   698  1040   530
	13686  7721   700  1040   530
	13719  7767   705  1020   530
	13753  7830   713  1020   530
	13782  7896   724  1020   530
	13802  7975   729  1020   530
	13818  8057   738  1020   530
	13828  8137   767  1020   530
	13828  8215   767  1040   530
	13833  8311   768  1040   540
	13835  8409   770  1040   540
	13835  8491   769  1060   540
	13835  8567   769  1060   540
	13831  8617   770  1060   540
	13833  8645   770  1070   540
	13832  8649   772  1070   540
	13832  8649   774  1080   540
	13831  8648   775  1080   540
	13831  8647   773  1100   530
	13829  8636   773  1100   530
	13825  8620   772  1100   540
	13822  8587   772  1120   540
	13816  8539   772  1120   540
	13810  8474   772  1120   540
	13808  8395   774  1120   540
	13812  8325   776  1120   540
	13813  8261   776  1120   540
	13821  8188   777  1120   540
	13827  8135   777  1120   540
	13835  8059   776  1100   540
	13832  8006   776  1100   540
	13845  7973   776  1080   540
	13871  7946   775  1080   540
	13890  7925   773  1080   540
	13913  7896   769  1080   540
	13934  7883   766  1070   540
	13955  7882   738  1070   540
	13974  7893   750  1070   540
	14000  7900   766  1060   540
	14025  7942   767  1060   540
	14046  7976   769  1060   550
	14073  8012   772  1060   550
	14091  8060   776  1060   550
	14111  8117   777  1060   550
	14118  8167   777  1060   550
	14128  8233   777  1060   550
	14135  8312   777  1060   550
	14134  8396   776  1060   550
	14126  8476   775  1070   550
	14121  8553   774  1070   550
	14112  8603   774  1090   550
	14109  8635   774  1090   550
	14107  8648   775  1090   550
	14104  8647   776  1090   550
	14106  8647   776  1100   540
	14104  8648   775  1110   550
	14102  8636   774  1110   550
	14097  8630   772  1120   550
	14095  8616   772  1120   550
	14087  8582   772  1120   550
	14086  8524   774  1120   550
	14079  8472   775  1120   550
	14077  8425   776  1120   550
	14071  8377   777  1120   550
	14068  8316   777  1120   550
	14069  8278   778  1120   550
	14074  8247   778  1120   550
	14083  8216   778  1120   550
	14096  8197   777  1120   550
	14110  8181   776  1110   550
	14130  8165   774  1110   550
	14149  8149   772  1110   550
	14168  8137   770  1110   550
	14187  8137   750  1110   550
	14205  8138   744  1100   550
	14220  8151   744  1100   550
	14235  8165   760  1090   550
	14253  8188   767  1090   550
	14272  8220   769  1090   550
	14284  8266   770  1090   550
	14296  8314   772  1090   550
	14301  8361   774  1090   550
	14305  8412   773  1090   550
	14301  8476   773  1090   550
	14295  8536   773  1090   550
	14294  8570   772  1090   550
	14290  8603   772  1090   550
	14280  8620   773  1090   550
	14280  8630   775  1100   540
	14277  8629   775  1100   540
	14274  8619   774  1100   540
	14268  8616   774  1100   540
	14261  8613   773  1120   540
	14257  8599   772  1120   540
	14254  8583   771  1120   540
	14250  8550   771  1120   540
	14246  8505   771  1120   540
	14241  8469   771  1120   540
	14240  8411   772  1120   540
	14234  8374   772  1120   540
	14229  8328   772  1120   540
	14228  8283   773  1120   540
	14231  8252   774  1120   540
	14240  8215   774  1120   540
	14244  8172   774  1120   540
	14253  8154   773  1100   540
	14267  8135   771  1100   540
	14283  8108   769  1100   540
	14303  8092   767  1100   540
	14322  8087   738  1100   540
	14347  8087   737  1090   550
	14373  8088   737  1090   550
	14398  8101   744  1090   550
	14421  8117   767  1090   550
	14444  8136   768  1090   550
	14468  8165   770  1090   550
	14487  8184   772  1090   550
	14504  8216   773  1090   550
	14518  8262   773  1090   550
	14529  8299   774  1090   550
	14536  8345   773  1090   550
	14541  8392   773  1090   550
	14540  8440   772  1100   550
	14544  8475   773  1100   550
	14546  8490   772  1110   550
	14545  8503   772  1110   550
	14545  8504   773  1110   550
	14545  8502   772  1110   550
	14543  8502   770  1110   550
	14543  8490   769  1110   550
	14544  8473   769  1120   550
	14544  8443   769  1120   550
	14544  8409   770  1120   550
	14542  8362   770  1120   550
	14540  8331   772  1120   550
	14535  8297   773  1120   550
	14534  8277   774  1120   550
	14535  8249   773  1120   550
	14541  8233   773  1120   550
	14544  8230   774  1120   550
	14551  8218   773  1120   550
	14558  8217   772  1120   550
	14559  8217   770  1120   550
	14565  8217   769  1110   550
	14571  8220   769  1110   550
	14581  8220   769  1110   550
	14593  8233   770  1110   550
	14603  8245   771  1110   550
	14617  8264   773  1110   550
	14625  8283   774  1110   550
	14634  8312   775  1110   550
	14647  8358   776  1110   550
	14657  8405   777  1110   550
	14665  8453   777  1110   550
	14676  8519   778  1110   550
	14693  8586   778  1110   550
	14707  8649   778  1110   550
	14721  8713   777  1110   550
	14732  8778   777  1110   550
	14747  8843   776  1130   560
	14759  8903   777  1130   560
	14777  8935   776  1130   560
	14781  8954   777  1150   550
	14785  8970   778  1150   550
	14786  8970   780  1160   550
	14785  8970   782  1160   550
	14783  8970   783  1160   550
	14785  8968   784  1170   550
	14781  8967   784  1170   550
	14780  8965   785  1170   550
	14780  8952   785  1170   550
	14776  8934   785  1190   540
	14771  8907   785  1190   540
	14767  8874   785  1190   540
	14764  8839   786  1190   540
	14760  8794   786  1190   540
	14763  8744   786  1190   540
	14763  8694   786  1190   540
	14760  8619   787  1190   540
	14758  8555   787  1190   540
	14758  8503   787  1170   550
	14763  8458   787  1170   550
	14771  8421   787  1170   550
	14780  8375   786  1160   550
	14786  8342   786  1160   550
	14797  8311   784  1160   550
	14805  8283   781  1150   550
	14816  8267   778  1150   550
	14831  8262   777  1150   550
	14840  8250   775  1130   560
	14845  8250   772  1130   560
	14851  8248   772  1130   560
	14861  8249   772  1130   560
	14873  8261   772  1120   560
	14895  8277   773  1120   560
	14910  8293   773  1120   560
	14927  8313   774  1120   560
	14943  8344   773  1120   560
	14957  8379   772  1130   570
	14970  8427   772  1130   570
	14977  8475   772  1130   570
	14986  8534   772  1140   570
	14998  8571   771  1140   570
	15005  8601   772  1140   570
	15013  8615   772  1140   570
	15020  8619   771  1160   560
	15022  8631   771  1160   560
	15027  8633   772  1160   560
	15027  8632   772  1160   560
	15027  8633   773  1160   560
	15027  8630   774  1170   560
	15028  8620   774  1170   560
	15028  8616   775  1170   560
	15033  8614   776  1170   560
	15035  8603   776  1170   560
	15039  8600   776  1170   560
	15046  8598   776  1180   560
	15054  8597   776  1180   560
	15061  8588   776  1180   560
	15078  8588   776  1180   560
	15097  8587   776  1190   560
	15124  8588   776  1190   560
	15160  8602   776  1190   560
	15199  8617   775  1190   560
	15233  8633   772  1180   560
	15266  8652   768  1180   560
	15298  8683   696  1180   560
	15327  8716   599  1180   560
	15344  8757   352  1180   560
