ABCDE-012_345_678 673
	14324 16748    64  1650   510
	14316 16757   136  1650   510
	14304 16764   234  1650   510
	14303 16776   286  1650   510
	14299 16780   308  1650   510
	14297 16790   327  1650   510
	14298 16791   344  1650   510
	14299 16791   344  1650   510
	14304 16790   344  1650   510
	14312 16789   344  1650   510
	14328 16780   344  1650   510
	14355 16779   344  1650   510
	14372 16778   344  1650   510
	14407 16777   352  1660   510
	14440 16777   360  1660   510
	14482 16764   367  1660   510
	14522 16764   286  1660   510
	14567 16761   302  1660   510
	14623 16759   302  1660   510
	14671 16757   310  1660   510
	14729 16747   317  1660   510
	14782 16745   324  1660   510
	14831 16743   324  1660   510
	14880 16741   324  1660   510
	14924 16731   324  1670   510
	14964 16730   324  1670   510
	14997 16729   324  1670   510
	15035 16728   324  1670   510
	15059 16727   331  1670   510
	15087 16726   331  1670   510
	15109 16726   331  1670   510
	15129 16725   338  1670   510
	15144 16726   338  1670   510
	15159 16725   344  1670   510
	15167 16725   350  1670   510
	15177 16726   350  1670   510
	15185 16726   350  1670   510
	15189 16726   350  1670   510
	15191 16727   350  1670   510
	15192 16726   350  1670   510
	15191 16726   357  1670   510
	15191 16726   357  1670   510
	15190 16726   357  1670   510
	15191 16726   363  1670   510
	15188 16726   368  1670   510
	15188 16726   374  1670   510
	15186 16726   374  1690   510
	15184 16726   374  1690   510
	15183 16726   374  1690   510
	15182 16726   374  1690   510
	15180 16726   374  1690   510
	15178 16725   368  1690   510
	15175 16716   368  1690   510
	15174 16715   363  1690   510
	15171 16714   357  1690   510
	15164 16711   350  1690   510
	15160 16699   350  1690   510
	15158 16695   350  1690   510
	15155 16681   350  1690   510
	15149 16665   350  1690   510
	15148 16649   350  1690   510
	15152 16633   350  1690   510
	15156 16616   350  1690   510
	15162 16597   350  1690   510
	15175 16571   357  1690   510
	15192 16553   357  1700   520
	15216 16524   357  1700   520
	15250 16501   363  1700   520
	15276 16469   357  1690   510
	15312 16438   357  1690   510
	15354 16406   357  1680   520
	15395 16364   357  1680   520
	15439 16327   357  1680   520
	15481 16282   357  1680   520
	15524 16245   357  1680   520
	15570 16203   357  1680   520
	15615 16169   357  1680   520
	15658 16133   357  1680   520
	15699 16092   357  1680   520
	15746 16059   357  1680   520
	15787 16028   363  1680   520
	15824 15994   363  1680   520
	15865 15961   363  1680   520
	15900 15929   363  1690   530
	15929 15897   363  1690   530
	15959 15877   363  1690   530
	15981 15849   363  1690   530
	15998 15832   363  1690   530
	16011 15817   363  1690   530
	16016 15800   363  1690   530
	16018 15786   363  1690   530
	16015 15782   363  1690   530
	16009 15771   368  1690   530
	15998 15767   374  1690   530
	15978 15765   385  1690   530
	15955 15756   390  1690   530
	15918 15755   395  1690   530
	15862 15751   401  1690   530
	15791 15751   401  1690   530
	15701 15740   410  1690   530
	15607 15736   420  1690   530
	15495 15733   454  1690   530
	15379 15723   462  1690   530
	15251 15718   454  1690   530
	15103 15706   500  1690   530
	14964 15703   525  1690   530
	14831 15688   536  1690   530
	14696 15685   533  1680   520
	14564 15675   557  1680   520
	14450 15673   555  1680   520
	14348 15660   560  1680   520
	14239 15653   560  1680   520
	14133 15641   557  1680   520
	14041 15627   555  1680   520
	13958 15621   552  1680   520
	13885 15607   555  1680   520
	13824 15593   552  1680   520
	13772 15580   547  1680   520
	13729 15575   542  1680   520
	13698 15562   513  1680   520
	13669 15557   410  1680   520
	13657 15543   390  1670   520
	13644 15529   331  1670   520
	13645 15525   352  1670   520
	13655 15515   297  1670   520
	13674 15512   234  1670   520
	13706 15512    35  1660   530
	13752 15527    -1  1660   530
	13800 15543    -1  1660   530
	13852 15573    -1  1660   530
	13906 15605    -1  1660   530
	13960 15626    -1  1660   530
	14016 15658    -1  1660   530
	14076 15689    -1  1660   530
	14135 15722    -1  1660   530
	14198 15752    -1  1670   520
	14254 15781    -1  1670   520
	14310 15802    -1  1660   520
	14369 15832    -1  1660   520
	14428 15797    -1  1660   520
	14466 15877    -1  1650   510
	14514 15895    -1  1650   510
	14556 15912    -1  1650   500
	14597 15930    -1  1650   500
	14634 15947    -1  1660   490
	14670 15963    -1  1660   490
	14699 15944    -1  1660   480
	14720 15994    -1  1670   470
	14738 16009    -1  1660   470
	14757 16021    -1  1660   460
	14766 16028    -1  1660   460
	14774 16041    -1  1670   450
	14774 16055    -1  1680   440
	14777 16069    -1  1680   440
	14780 16074    -1  1690   440
	14778 16087    -1  1690   440
	14777 16101    -1  1700   430
	14777 16107    -1  1710   430
	14780 16122    -1  1710   430
	14786 16137    -1  1710   420
	14789 16151    -1  1710   420
	14794 16167    -1  1710   420
	14795 16182    -1  1720   420
	14796 16188    -1  1720   420
	14805 16215    -1  1720   410
	14808 16234    -1  1720   410
	14812 16262    -1  1720   410
	14823 16281    -1  1720   410
	14825 16299    -1  1720   400
	14828 16326    -1  1720   410
	14831 16346    -1  1720   420
	14830 16362    -1  1720   430
	14831 16376    -1  1710   440
	14828 16393    -1  1710   450
	14828 16408    -1  1710   450
	14825 16422    -1  1710   460
	14821 16438    -1  1700   470
	14815 16443    -1  1700   480
	14812 16456    -1  1710   490
	14804 16469    -1  1690   500
	14801 16473    -1  1690   500
	14799 16486    -1  1690   500
	14793 16488    -1  1690   510
	14800 16491    -1  1680   520
	14799 16491    -1  1680   530
	14805 16501    -1  1680   530
	14810 16459    -1  1680   530
	14815 16502    -1  1680   530
	14820 16501    -1  1680   530
	14829 16492    -1  1680   530
	14849 16489    -1  1680   530
	14837 16488    35  1680   530
	14838 16503   262  1680   530
	14839 16506   308  1680   520
	14834 16508   327  1680   520
	14833 16508   336  1680   520
	14837 16507   327  1680   520
	14835 16503   327  1680   520
	14837 16491   327  1680   520
	14838 16476   327  1680   520
	14838 16460   327  1680   520
	14840 16440   327  1680   520
	14841 16421   327  1680   520
	14844 16392   327  1680   520
	14846 16364   327  1680   520
	14845 16343   327  1680   520
	14843 16316   327  1680   520
	14842 16298   327  1680   520
	14838 16283   327  1680   520
	14837 16268   327  1680   520
	14832 16264   327  1680   520
	14829 16252   327  1680   520
	14824 16251   327  1680   520
	14819 16248   308  1680   520
	14816 16245   286  1690   510
	14811 16235   249  1690   510
	14808 16232   201  1690   510
	14805 16219    75  1690   510
	14809 16215    -1  1690   510
	14810 16214    -1  1690   510
	14815 16215    -1  1690   510
	14827 16219    -1  1690   510
	14839 16234    -1  1690   500
	14856 16248    -1  1690   500
	14870 16266    -1  1690   500
	14894 16294    -1  1690   500
	14915 16313    -1  1700   510
	14939 16342    -1  1700   510
	14960 16363    -1  1700   510
	14987 16392    -1  1700   510
	15001 16412    -1  1700   510
	15024 16408    -1  1700   510
	15045 16459    -1  1700   520
	15066 16486    -1  1710   520
	15081 16501    -1  1720   520
	15096 16517    -1  1720   520
	15103 16533    -1  1740   520
	15112 16539    -1  1740   520
	15118 16552    -1  1740   520
	15118 16555    -1  1750   530
	15120 16566    -1  1750   530
	15122 16567    -1  1750   530
	15122 16567    -1  1750   530
	15119 16568    -1  1760   530
	15117 16568    -1  1760   530
	15112 16570    -1  1760   530
	15105 16569    -1  1760   530
	15098 16569    -1  1760   530
	15089 16569    -1  1760   530
	15083 16569    -1  1750   530
	15077 16568    -1  1750   530
	15070 16568    -1  1750   520
	15061 16569    -1  1750   520
	15051 16522    -1  1750   520
	15042 16569    -1  1740   520
	15027 16568    -1  1740   520
	15012 16567    -1  1720   520
	14998 16556    -1  1720   520
	14986 16554    -1  1720   520
	14973 16551    -1  1720   520
	14963 16539    -1  1720   520
	14957 16536    64  1710   520
	14943 16539   249  1710   520
	14939 16552   297  1700   520
	14933 16555   308  1700   520
	14932 16565   317  1700   520
	14933 16556   317  1700   520
	14942 16555   317  1700   520
	14955 16552   308  1690   510
	14972 16551   308  1690   510
	15002 16540   297  1690   510
	15028 16537   297  1690   510
	15068 16536   286  1690   510
	15105 16534   275  1690   510
	15142 16524   262  1680   520
	15183 16521   262  1680   520
	15221 16523   262  1680   520
	15253 16520   262  1680   520
	15285 16521   262  1680   520
	15309 16520   262  1680   520
	15332 16520   262  1680   520
	15352 16520   262  1680   520
	15371 16519   249  1680   520
	15382 16519   249  1680   520
	15388 16517   249  1680   520
	15391 16507   249  1680   520
	15386 16505   234  1680   520
	15382 16503   234  1680   520
	15371 16492   234  1680   520
	15355 16488   249  1680   520
	15336 16485   249  1680   520
	15319 16472   249  1680   520
	15286 16459   262  1680   520
	15264 16457   262  1680   520
	15235 16453   262  1680   520
	15208 16440   275  1680   520
	15179 16438   275  1680   520
	15160 16427   275  1680   520
	15134 16424   275  1690   530
	15119 16422   275  1690   530
	15108 16422   275  1690   530
	15103 16412   275  1690   530
	15097 16412   275  1690   530
	15100 16412   275  1690   530
	15111 16412   275  1690   530
	15124 16411   275  1690   530
	15146 16411   286  1690   530
	15170 16410   286  1690   530
	15203 16408   297  1690   530
	15240 16408   297  1690   530
	15279 16407   297  1690   530
	15323 16405   297  1690   530
	15372 16394   297  1690   530
	15412 16394   297  1690   530
	15460 16392   286  1690   530
	15507 16390   286  1690   530
	15549 16379   286  1690   530
	15590 16378   286  1690   530
	15633 16374   286  1690   530
	15665 16362   286  1690   530
	15697 16359   286  1690   530
	15719 16348   275  1690   530
	15737 16344   275  1690   530
	15748 16332   275  1690   530
	15751 16329   286  1690   530
	15748 16326   286  1690   530
	15736 16313   297  1690   530
	15716 16311   308  1690   530
	15683 16300   317  1690   530
	15641 16284   336  1690   530
	15583 16279   344  1690   530
	15521 16263   352  1690   530
	15454 16246   360  1690   530
	15382 16233   286  1690   530
	15310 16216   310  1690   530
	15244 16203   331  1690   530
	15177 16188   331  1690   530
	15120 16184   338  1690   530
	15064 16168   331  1690   530
	15014 16153   317  1690   530
	14972 16139   286  1690   530
	14938 16134   367  1700   520
	14915 16121   344  1700   520
	14904 16119   308  1700   520
	14904 16108   234  1700   520
	14912 16106   108  1700   520
	14929 16103    64  1700   510
	14962 16105    -1  1700   510
	15005 16108    -1  1700   510
	15052 16120    -1  1700   510
	15108 16136    -1  1700   510
	15169 16140    -1  1700   510
	15240 16155    -1  1700   510
	15302 16170    -1  1700   510
	15367 16183    -1  1700   500
	15432 16201    -1  1690   500
	15493 16217    -1  1690   500
	15553 16231    -1  1700   490
	15611 16247    -1  1700   480
	15670 16261    -1  1700   480
	15721 16267    -1  1700   470
	15785 16281    -1  1710   460
	15812 16294    -1  1710   460
	15844 16279    -1  1710   440
	15872 16296    -1  1720   430
	15894 16299    -1  1720   430
	15910 16297    -1  1720   420
	15917 16296    -1  1720   410
	15920 16294    -1  1730   410
	15914 16293    -1  1730   400
	15906 16282    -1  1730   400
	15894 16277    -1  1740   400
	15878 16267    -1  1740   400
	15860 16264    -1  1740   400
	15841 16261    -1  1740   410
	15818 16252    -1  1740   410
	15791 16249    -1  1740   420
	15763 16248    -1  1740   420
	15744 16246    -1  1730   430
	15719 16246    -1  1730   440
	15696 16248    -1  1730   440
	15676 16249    -1  1730   450
	15656 16249    -1  1730   460
	15638 16250    -1  1720   460
	15619 16261    -1  1710   470
	15602 16261    -1  1710   470
	15591 16262    -1  1710   480
	15581 16263    -1  1710   480
	15574 16263    -1  1710   490
	15573 16262    -1  1710   490
	15573 16248    -1  1710   490
	15574 16251    -1  1710   490
	15589 16249    -1  1700   490
	15584 16250    -1  1690   500
	15585 16251     0  1700   500
	15588 16263   160  1700   500
	15588 16267   201  1700   500
	15590 16279   234  1700   500
	15592 16280   262  1700   510
	15593 16281   262  1700   510
	15592 16281   262  1700   510
	15595 16281   262  1700   510
	15596 16281   262  1700   510
	15603 16281   262  1700   510
	15607 16282   249  1700   510
	15616 16282   249  1700   510
	15624 16283   249  1700   510
	15635 16282   249  1700   510
	15646 16284   249  1700   510
	15662 16294   249  1700   510
	15676 16294   262  1700   510
	15699 16294   262  1700   510
	15722 16297   275  1700   510
	15748 16297   275  1700   510
	15784 16300   286  1700   510
	15819 16311   286  1700   510
	15857 16315   286  1710   520
	15903 16327   286  1710   520
	15947 16341   297  1710   520
	16002 16346   308  1710   520
	16053 16362   308  1710   520
	16118 16376   327  1710   530
	16183 16392   327  1710   530
	16259 16406   336  1710   530
	16335 16422   336  1710   530
	16413 16428   327  1710   530
	16487 16443   327  1700   540
	16561 16457   317  1700   540
	16630 16471   317  1700   540
	16694 16476   297  1700   540
	16752 16490   297  1700   540
	16810 16502   286  1720   540
	16856 16507   286  1720   540
	16893 16519   286  1720   540
	16920 16522   286  1720   540
	16938 16524   286  1720   540
	16947 16535   286  1720   540
	16951 16535   286  1720   540
	16951 16536   297  1720   540
	16950 16537   308  1720   540
	16944 16536   308  1720   540
	16937 16537   317  1720   540
	16925 16537   327  1720   540
	16910 16537   327  1720   540
	16893 16538   327  1720   540
	16876 16539   327  1720   530
	16859 16540   327  1720   530
	16847 16550   336  1720   530
	16842 16506   344  1720   530
	16842 16553   360  1720   530
	16845 16553   269  1720   530
	16854 16555   278  1720   530
	16869 16565   278  1720   530
	16905 16569   278  1720   530
	16947 16582   278  1720   530
	17002 16587   278  1720   530
	17069 16599   278  1720   530
	17138 16603   278  1720   530
	17210 16616   367  1720   530
	17298 16631   360  1720   530
	17377 16635   360  1720   530
	17449 16648   352  1720   530
	17521 16663   352  1720   530
	17595 16668   352  1720   530
	17661 16683   352  1720   530
	17724 16698   352  1720   530
	17791 16713   352  1720   530
	17852 16727   352  1730   530
	17904 16743   352  1730   530
	17952 16757   352  1730   530
	17992 16764   352  1730   530
	18025 16774   352  1730   530
	18051 16779   352  1730   530
	18066 16780   352  1730   530
	18074 16790   352  1730   530
	18075 16791   352  1730   530
	18072 16791   352  1730   530
	18063 16791   344  1730   530
	18045 16793   344  1730   530
	18016 16791   344  1750   530
	17981 16792   336  1750   530
	17934 16791   344  1750   530
	17880 16791   336  1750   530
	17818 16790   344  1750   530
	17750 16789   344  1750   530
	17678 16780   344  1750   530
	17597 16776   352  1750   530
	17504 16762   352  1750   530
	17399 16747   344  1750   530
	17277 16729   344  1750   530
	17139 16711   344  1750   530
	16999 16683   344  1750   530
	16834 16652   344  1750   530
	16643 16619   344  1730   530
	16452 16584   336  1730   530
	16243 16539   336  1730   530
	16014 16492   336  1730   530
	15776 16444   327  1730   530
	15516 16394   327  1720   530
	15267 16342   327  1720   530
	15001 16280   336  1720   530
	14725 16218   336  1710   530
	14440 16156   344  1710   530
	14172 16103   352  1700   520
	13901 16040   360  1700   520
	13636 15991   367  1700   520
	13390 15941   269  1690   510
	13176 15884   294  1690   510
	12970 15833   286  1690   510
	12769 15768   294  1670   510
	12574 15704   286  1670   510
	12404 15642   278  1670   510
	12259 15591   278  1660   510
	12136 15545   269  1660   510
	12020 15511   367  1660   510
	11931 15479   367  1660   510
	11857 15448   367  1650   510
	11798 15419   367  1650   510
	11752 15401   269  1650   510
	11718 15387   269  1650   510
	11689 15372   269  1650   510
	11681 15369   367  1650   510
	11679 15368   367  1650   510
	11684 15368   360  1640   510
	11697 15368   360  1630   520
	11718 15365   367  1630   520
	11750 15367   367  1630   520
	11797 15367   278  1630   520
	11852 15370   294  1630   520
	11920 15384   310  1630   520
	12005 15397   331  1630   520
	12110 15404   350  1630   520
	12220 15431   368  1630   520
	12354 15449   374  1630   520
	12509 15479   401  1630   520
	12691 15500   415  1630   520
	12883 15541   437  1630   520
	13094 15564   480  1630   520
	13329 15606   519  1630   520
	13559 15638   522  1640   510
	13831 15672   525  1650   510
	14107 15720   522  1650   510
	14383 15766   531  1650   510
	14638 15801   531  1650   510
	14924 15847   533  1660   510
	15210 15896   539  1660   510
	15483 15941   547  1670   510
	15738 15978   552  1670   510
	15999 16022   565  1690   510
	16260 16057   572  1690   510
	16508 16091   584  1700   520
	16711 16133   599  1700   520
	16925 16153   599  1710   520
	17109 16184   595  1710   520
	17279 16204   584  1710   520
	17429 16234   590  1720   520
	17554 16252   584  1720   520
	17665 16268   581  1720   520
	17775 16281   570  1720   520
	17866 16297   565  1740   520
	17941 16312   552  1740   520
	18002 16315   539  1740   520
	18041 16325   519  1740   520
	18076 16327   415  1740   520
	18091 16326   380  1740   520
	18094 16316   317  1740   520
	18089 16314   352  1750   520
	18076 16313   317  1750   520
	18046 16309   286  1750   520
	18000 16297   218  1750   520
	17940 16281   136  1750   520
	17870 16265     0  1750   520
	17793 16250    -1  1750   520
	17718 16234    -1  1750   520
	17643 16218    -1  1750   520
	17576 16201    -1  1750   520
	17509 16186    -1  1750   520
	17449 16181    -1  1750   520
	17387 16168    -1  1750   510
	17326 16155    -1  1750   510
	17268 16152    -1  1750   510
	17209 16140    -1  1750   500
	17157 16138    -1  1750   500
	17112 16135    -1  1750   500
	17071 16120    -1  1750   490
	17034 16123    -1  1760   480
	16990 16119    -1  1760   480
	16954 16117    -1  1760   470
	16919 16106    -1  1760   460
	16890 16101    -1  1760   450
	16861 16092    -1  1760   450
	16830 16070    -1  1760   440
	16807 16086    -1  1760   440
	16789 16074    -1  1760   430
	16777 16060    -1  1760   430
	16757 16055    -1  1760   420
	16744 16043    -1  1760   420
	16735 16038    -1  1750   420
	16728 16024    -1  1760   410
	16711 16010    -1  1750   410
	16697 16006    -1  1750   410
	16680 15991    -1  1740   420
	16663 15976    -1  1740   420
	16642 15960    -1  1730   420
	16621 15945    -1  1730   430
	16594 15930    -1  1730   430
	16568 15913    -1  1710   440
	16538 15898    -1  1710   440
	16508 15881    -1  1710   450
	16475 15868    -1  1710   450
	16439 15786    -1  1700   460
	16401 15846    -1  1690   460
	16360 15829    -1  1690   470
	16325 15815    -1  1690   470
	16289 15798    -1  1690   480
	16252 15786    -1  1690   480
	16218 15769    -1  1680   490
	16187 15754    -1  1680   490
	16161 15739    -1  1680   490
	16145 15723    -1  1690   500
	16126 15708    -1  1690   500
	16113 15692    -1  1690   500
	16104 15623   218  1690   510
	16098 15706   317  1700   520
	16092 15708   336  1700   520
	16091 15720   352  1700   520
	16091 15720   367  1700   520
	16096 15720   367  1710   520
	16105 15720   367  1710   520
	16123 15721   367  1710   520
	16154 15723   367  1720   530
	16188 15733   367  1720   530
	16229 15735   360  1720   530
	16285 15739   352  1710   530
	16340 15740   344  1710   530
	16398 15752   336  1710   530
	16457 15765   336  1710   530
	16510 15769   317  1710   530
	16551 15770   308  1710   530
	16591 15781   297  1710   530
	16628 15782   297  1710   530
	16655 15783   297  1710   530
	16677 15782   286  1710   530
	16685 15781   286  1710   530
	16694 15771   275  1710   530
	16699 15767   262  1710   530
	16694 15766   262  1710   530
	16690 15756   262  1710   530
	16680 15753   275  1710   530
	16672 15750   286  1710   530
	16666 15749   297  1710   530
	16661 15740   308  1710   530
	16662 15739   327  1710   530
	16664 15739   336  1710   530
	16667 15740   344  1710   530
	16675 15739   360  1710   530
	16687 15739   294  1710   530
	16714 15749   338  1710   530
	16743 15751   363  1710   530
	16793 15765   390  1710   530
	16844 15781   405  1710   530
	16910 15786   462  1710   530
	16974 15802   525  1710   530
	17037 15815   533  1710   530
	17106 15820   539  1710   530
	17178 15834   531  1710   530
	17257 15846   525  1710   530
	17333 15849   487  1690   530
	17402 15851   395  1690   530
	17468 15852   350  1690   530
	17532 15861   310  1690   530
	17589 15852   336  1690   530
	17637 15862   218  1690   530
