ABCDE-012_345_678 578
	 7610 17318     0  3020   610
	 7609 17399   108  3020   610
	 7603 17467   317  3020   610
	 7600 17511   352  3020   610
	 7599 17547   367  3020   610
	 7600 17591   294  3030   610
	 7597 17622   331  3020   610
	 7595 17640   350  3020   610
	 7593 17658   363  3020   610
	 7593 17660   374  3020   610
	 7593 17672   390  3020   610
	 7593 17670   410  3020   610
	 7593 17658   513  3030   610
	 7594 17653   522  3040   620
	 7595 17625   525  3040   620
	 7593 17591   544  3040   620
	 7591 17545   555  3040   620
	 7593 17494   605  3030   620
	 7596 17419   599  3040   620
	 7594 17338   634  3040   620
	 7598 17239   639  3040   620
	 7595 17111   643  3040   620
	 7599 16984   651  3040   620
	 7600 16840   661  3040   620
	 7605 16681   663  3040   620
	 7607 16504   675  3040   620
	 7613 16326   686  3040   620
	 7614 16119   684  3060   620
	 7623 15916   698  3070   620
	 7627 15718   705  3070   620
	 7629 15494   706  3070   620
	 7641 15285   706  3070   620
	 7655 15064   734  3090   610
	 7669 14857   738  3090   610
	 7683 14650   744  3110   610
	 7701 14441   766  3110   610
	 7712 14246   768  3110   610
	 7729 14041   767  3120   600
	 7750 13868   769  3120   600
	 7769 13721   738  3140   600
	 7788 13576   760  3150   600
	 7813 13446   750  3160   600
	 7839 13339   733  3160   600
	 7862 13258   736  3160   600
	 7889 13206   734  3180   590
	 7913 13164   725  3160   580
	 7929 13147   724  3160   580
	 7939 13148   715  3180   580
	 7947 13174   696  3180   580
	 7956 13206   691  3180   580
	 7969 13259   689  3180   580
	 7967 13336   687  3180   580
	 7962 13429   689  3180   580
	 7951 13546   690  3180   580
	 7933 13687   693  3180   580
	 7908 13833   690  3180   580
	 7877 13995   691  3180   580
	 7832 14186   693  3180   580
	 7794 14376   691  3160   580
	 7745 14569   693  3160   580
	 7679 14764   696  3160   580
	 7609 14965   691  3160   580
	 7535 15164   686  3150   590
	 7445 15353   681  3150   590
	 7351 15516   681  3140   600
	 7257 15687   674  3140   600
	 7163 15833   672  3140   610
	 7062 15960   668  3140   610
	 6954 16076   664  3140   610
	 6843 16184   661  3120   610
	 6746 16268   658  3130   620
	 6654 16329   655  3130   620
	 6559 16378   653  3130   620
	 6461 16409   648  3120   630
	 6371 16422   650  3120   630
	 6295 16423   648  3130   630
	 6220 16406   646  3130   630
	 6153 16378   651  3130   630
	 6098 16346   651  3130   630
	 6043 16298   653  3130   630
	 5994 16247   658  3150   640
	 5954 16183   656  3150   640
	 5920 16106   668  3150   640
	 5901 16039   664  3150   640
	 5889 15961   663  3150   640
	 5889 15882   663  3150   640
	 5901 15804   661  3170   630
	 5919 15733   663  3170   630
	 5950 15641   663  3170   630
	 5989 15560   663  3170   630
	 6038 15478   663  3180   640
	 6096 15403   668  3180   640
	 6160 15338   669  3200   630
	 6232 15274   671  3200   630
	 6306 15221   675  3200   630
	 6393 15173   690  3180   630
	 6486 15114   689  3180   630
	 6581 15082   702  3180   630
	 6686 15052   697  3200   620
	 6790 15047   700  3200   620
	 6900 15045   705  3200   620
	 7029 15048   704  3200   620
	 7145 15067   718  3200   620
	 7262 15084   725  3200   620
	 7394 15126   723  3200   620
	 7541 15173   738  3180   610
	 7676 15212   769  3180   610
	 7805 15254   772  3180   610
	 7940 15289   771  3180   610
	 8094 15335   774  3160   610
	 8229 15383   778  3160   610
	 8359 15417   779  3160   610
	 8498 15461   787  3160   610
	 8635 15493   813  3150   600
	 8751 15514   821  3150   600
	 8865 15532   823  3150   600
	 8980 15559   826  3150   600
	 9096 15579   835  3140   600
	 9201 15593   840  3140   600
	 9313 15621   841  3140   600
	 9402 15625   846  3140   600
	 9497 15640   849  3140   600
	 9591 15644   849  3140   600
	 9681 15658   849  3140   600
	 9755 15669   853  3140   600
	 9820 15670   849  3140   600
	 9877 15671   850  3120   590
	 9931 15670   846  3120   590
	 9978 15659   841  3120   590
	10012 15655   844  3120   590
	10042 15642   840  3120   590
	10072 15638   832  3120   590
	10091 15625   827  3120   590
	10094 15621   824  3120   590
	10097 15621   812  3120   590
	10095 15611   777  3120   590
	10091 15610   710  3120   590
	10078 15610   666  3120   590
	10048 15609   641  3120   590
	10010 15607   544  3120   590
	 9962 15609   357  3120   590
	 9911 15624   286  3120   590
	 9854 15644    -1  3110   600
	 9799 15675    -1  3110   600
	 9741 15719    -1  3110   600
	 9677 15755    -1  3110   600
	 9609 15803    -1  3110   600
	 9536 15861    -1  3110   600
	 9463 15932    -1  3110   600
	 9352 15977    -1  3110   600
	 9308 16059    -1  3110   600
	 9200 16140    -1  3090   600
	 9115 16236    -1  3090   600
	 9015 16342    -1  3090   590
	 8888 16442    -1  3080   580
	 8770 16537    -1  3080   580
	 8648 16633    -1  3080   580
	 8528 16726    -1  3050   560
	 8420 16796    -1  3090   550
	 8317 16858    -1  3090   550
	 8210 16924    -1  3090   550
	 8093 16988    -1  3090   550
	 7957 17049    -1  3040   520
	 7817 17095    -1  3030   510
	 7688 17142    -1  3020   500
	 7575 17173    -1  3010   490
	 7461 17191    -1  3010   490
	 7376 17206    -1  2990   470
	 7290 17207    -1  2980   460
	 7206 17191    -1  2980   460
	 7131 17146    -1  2820   490
	 7043 17100    -1  2780   500
	 6957 17045    -1  2760   490
	 6863 16971    -1  2750   490
	 6793 16901    -1  2730   490
	 6733 16808    -1  2720   490
	 6681 16713    -1  2720   490
	 6633 16585    -1  2720   500
	 6592 16454    -1  2720   500
	 6562 16300    -1  2720   510
	 6535 16135    -1  2730   520
	 6523 15992    -1  2730   520
	 6508 15867    -1  2870   520
	 6545 15798    -1  2890   520
	 6531 15721    -1  2920   530
	 6542 15640    -1  2950   520
	 6557 15548    -1  3000   520
	 6579 15477    -1  3030   520
	 6596 15430    -1  3070   520
	 6616 15386    -1  3090   510
	 6636 15355    -1  3120   500
	 6660 15350    -1  3130   500
	 6687 15367    -1  3140   490
	 6711 15385    -1  3130   480
	 6740 15385    -1  3130   480
	 6766 15387    -1  3120   480
	 6792 15417    -1  3120   480
	 6811 15493    -1  3110   470
	    0     0    -4     0     0
	    0     0    -4     0     0
	 7372 16837    -1  3100   470
	 7418 16920    -1  3090   460
	 7470 16969    -1  3100   460
	    0     0    -4     0     0
	    0     0    -4     0     0
	 6707 15499    -1  3150   800
	 6707 15531    -1  3150   770
	 6705 15561    -1  3120   750
	 6711 15578    -1  3100   730
	 6715 15590    -1  3080   710
	 6722 15608    -1  3070   690
	 6724 15611    -1  3060   670
	 6723 15627    -1  3050   650
	 6730 15641    -1  3040   630
	 6727 15655    -1  3020   610
	 6736 15669    -1  3010   590
	 6739 15673    -1  3000   570
	 6748 15676    -1  2980   560
	 6748 15701    -1  2980   540
	 6760 15703    -1  2970   520
	 6765 15705    -1  2960   500
	 6769 15708    -1  2950   480
	 6773 15719    -1  2940   480
	 6774 15721    -1  2940   480
	 6774 15723    -1  2930   490
	 6775 15733    -1  2930   490
	 6764 15723    -1  2930   490
	 6752 15721    -1  2920   490
	 6740 15720    -1  2920   490
	 6723 15706    -1  2920   490
	 6708 15702    -1  2920   490
	 6691 15689    -1  2920   490
	 6677 15675    -1  2920   490
	 6660 15669    -1  2930   500
	 6649 15655    -1  2930   510
	 6630 15638    -1  2930   510
	 6621 15622    -1  2940   510
	 6610 15609    -1  2950   520
	 6602 15605    -1  2960   520
	 6596 15590    -1  2970   530
	 6588 15578    -1  2990   530
	 6582 15564    -1  2990   530
	 6572 15530    -1  3020   540
	 6612 15526    -1  3030   550
	 6601 15513    -1  3030   550
	 6551 15542    -1  3050   550
	 6586 15500    -1  3050   550
	 6581 15496    -1  3060   540
	 6526 15493    -1  3070   550
	 6563 15483    -1  3090   560
	 6557 15480    -1  3090   560
	 6550 15510    -1  3110   560
	 6545 15477    -1  3110   560
	 6538 15468    -1  3110   560
	 6493 15509    -1  3120   570
	 6533 15477    -1  3120   570
	 6533 15479    -1  3120   570
	 6533 15482    -1  3120   570
	 6533 15495    -1  3120   570
	 6492 15510    -1  3140   570
	 6535 15562    -1  3120   580
	 6538 15545    -1  3120   580
	 6536 15576    -1  3120   580
	 6539 15608    -1  3120   580
	 6538 15640    -1  3120   590
	 6537 15688    -1  3120   590
	 6532 15771    -1  3110   600
	 6532 15788    -1  3110   600
	 6492 15850    -1  3090   600
	 6526 15912    -1  3080   610
	 6526 15978    -1  3080   610
	 6481 16056    -1  3060   610
	 6518 16136    -1  3060   610
	 6516 16218    -1  3040   620
	 6511 16298    -1  3060   620
	 6503 16378    -1  3060   620
	 6455 16473    64  3040   630
	 6487 16534     0  3040   630
	 6476 16646   108  3040   630
	 6470 16697   278  3020   630
	 6469 16763   368  3020   630
	 6472 16839   380  3020   630
	 6474 16904   395  3020   630
	 6472 16968   462  3040   640
	 6469 17032   507  3040   640
	 6461 17097   528  3040   640
	 6456 17161   528  3040   640
	 6453 17227   528  3040   640
	 6446 17286   531  3050   640
	 6442 17322   531  3040   640
	 6441 17351   531  3040   640
	 6433 17368   533  3040   640
	 6433 17369   542  3040   640
	 6436 17367   574  3040   640
	 6436 17353   645  3040   640
	 6439 17334   656  3040   640
	 6442 17291   656  3040   640
	 6442 17237   661  3040   640
	 6451 17158   669  3040   640
	 6457 17064   672  3040   640
	 6469 16954   683  3040   640
	 6476 16826   698  3040   640
	 6489 16684   729  3040   640
	 6501 16535   737  3040   640
	 6512 16364   769  3040   640
	 6530 16185   772  3040   640
	 6553 15990   772  3050   640
	 6568 15802   773  3050   640
	 6585 15593   776  3050   640
	 6608 15399   776  3050   640
	 6627 15209   777  3050   640
	 6647 15004   776  3070   630
	 6662 14843   777  3070   630
	 6681 14698   780  3090   630
	 6698 14566   781  3100   630
	 6718 14457   780  3120   630
	 6733 14378   780  3120   630
	 6744 14329   781  3130   620
	 6751 14313   780  3130   620
	 6757 14316   776  3130   620
	 6755 14343   772  3130   620
	 6755 14392   771  3150   620
	 6757 14460   770  3150   620
	 6762 14569   770  3150   620
	 6763 14709   771  3150   620
	 6766 14857   772  3170   620
	 6762 15029   772  3170   620
	 6765 15222   772  3150   630
	 6763 15402   775  3150   630
	 6763 15590   774  3150   630
	 6764 15784   775  3150   630
	 6759 15962   776  3120   630
	 6761 16140   776  3120   630
	 6762 16311   776  3100   630
	 6761 16453   776  3100   630
	 6762 16570   777  3100   630
	 6766 16680   778  3090   640
	 6773 16774   778  3090   640
	 6781 16838   780  3070   640
	 6792 16874   781  3070   640
	 6808 16902   784  3050   640
	 6823 16906   790  3040   640
	 6844 16905   814  3040   640
	 6870 16901   818  3040   640
	 6900 16874   819  3040   640
	 6939 16839   818  3040   640
	 6985 16779   818  3040   640
	 7030 16697   817  3040   640
	 7075 16588   816  3040   640
	 7117 16470   818  3040   640
	 7161 16330   819  3050   650
	 7202 16170   820  3050   650
	 7240 15994   822  3050   650
	 7286 15846   826  3050   650
	 7328 15673   828  3070   640
	 7363 15495   828  3070   640
	 7400 15321   834  3070   640
	 7444 15159   831  3070   640
	 7477 15002   834  3090   640
	 7509 14885   835  3100   650
	 7533 14778   830  3100   650
	 7555 14699   829  3120   640
	 7569 14646   829  3120   640
	 7581 14613   829  3120   640
	 7588 14604   824  3130   630
	 7592 14618   815  3130   630
	 7592 14635   790  3130   630
	 7601 14679   788  3130   630
	 7609 14741   786  3130   630
	 7615 14812   786  3130   630
	 7621 14919   786  3130   630
	 7620 15036   786  3130   630
	 7620 15192   786  3130   630
	 7624 15352   787  3130   630
	 7632 15513   789  3120   630
	 7636 15676   812  3120   630
	 7628 15846   812  3120   630
	 7632 16007   814  3120   630
	 7631 16181   814  3100   630
	 7632 16345   815  3100   630
	 7635 16488   815  3100   630
	 7637 16615   817  3090   640
	 7641 16728   815  3090   640
	 7649 16812   814  3090   640
	 7659 16872   814  3070   640
	 7667 16906   815  3070   640
	 7677 16908   818  3050   640
	 7688 16905   824  3050   640
	 7712 16891   827  3040   640
	 7736 16871   830  3040   640
	 7766 16824   829  3040   640
	 7797 16761   831  3040   640
	 7831 16677   832  3040   640
	 7866 16568   831  3040   640
	 7899 16454   832  3040   640
	 7940 16328   835  3040   640
	 7976 16186   835  3040   640
	 8017 16028   835  3040   640
	 8048 15897   840  3040   640
	 8084 15752   841  3050   640
	 8118 15606   845  3070   640
	 8153 15468   842  3070   640
	 8181 15351   844  3070   640
	 8205 15239   841  3090   640
	 8231 15147   841  3090   640
	 8251 15077   835  3090   640
	 8268 15029   836  3090   640
	 8277 15001   836  3120   640
	 8286 14997   829  3120   640
	 8290 15000   821  3120   640
	 8292 15017   816  3120   640
	 8297 15049   812  3120   640
	 8306 15099   807  3130   650
	 8312 15179   790  3130   650
	 8314 15274   790  3130   650
	 8320 15386   789  3130   650
	 8325 15500   790  3130   650
	 8328 15642   790  3130   650
	 8328 15786   812  3130   650
	 8322 15929   812  3120   650
	 8325 16074   812  3120   650
	 8328 16231   812  3120   650
	 8332 16364   814  3120   650
	 8333 16487   814  3100   650
	 8335 16586   815  3100   650
	 8339 16678   815  3080   650
	 8346 16744   814  3080   650
	 8352 16789   814  3080   650
	 8358 16796   815  3080   650
	 8368 16796   820  3080   650
	 8380 16793   824  3060   660
	 8401 16773   824  3060   660
	 8426 16730   822  3060   660
	 8458 16677   824  3060   660
	 8495 16587   822  3050   650
	 8526 16488   821  3050   650
	 8560 16374   822  3050   650
	 8595 16246   825  3050   650
	 8635 16091   823  3050   650
	 8669 15947   826  3050   650
	 8703 15804   829  3050   650
	 8737 15656   829  3050   650
	 8768 15511   830  3070   640
	 8797 15381   830  3070   640
	 8826 15258   830  3070   640
	 8852 15157   829  3070   640
	 8872 15064   829  3090   640
	 8889 15013   829  3070   630
	 8908 14981   826  3070   630
	 8920 14965   827  3070   630
	 8924 14967   821  3090   640
	 8928 14984   815  3090   640
	 8931 15004   812  3090   640
	 8942 15051   799  3090   640
	 8947 15126   803  3100   630
	 8949 15222   812  3100   630
	 8954 15320   812  3100   630
	 8957 15431   813  3100   630
	 8959 15557   815  3100   630
	 8960 15686   816  3090   640
	 8960 15817   815  3090   640
	 8966 15947   815  3090   640
	 8968 16073   815  3090   640
	 8971 16202   814  3090   640
	 8976 16325   814  3090   640
	 8974 16412   815  3090   640
	 8980 16504   814  3050   640
	 8982 16567   815  3050   640
	 8984 16617   814  3050   640
	 8993 16648   815  3050   640
	 9005 16663   816  3050   640
	 9017 16662   819  3050   640
	 9031 16649   821  3040   640
	 9055 16631   823  3040   640
	 9080 16597   821  3040   640
	 9110 16539   822  3040   640
	 9138 16470   820  3040   640
	 9169 16377   820  3040   640
	 9200 16268   818  3040   640
	 9228 16151   820  3050   650
	 9263 16028   821  3050   650
	 9290 15911   822  3050   650
	 9319 15787   823  3050   650
	 9354 15659   822  3050   650
	 9383 15542   823  3050   650
	 9411 15418   823  3050   650
	 9436 15317   822  3080   650
	 9458 15210   820  3080   650
	 9480 15127   821  3080   650
	 9507 15065   818  3100   650
	 9526 15020   818  3100   650
	 9540 15001   815  3100   650
	 9558 15000   789  3100   650
	 9568 15002   785  3100   650
	 9577 15030   782  3100   650
	 9594 15068   779  3100   650
	 9608 15143   777  3100   650
	 9615 15228   777  3100   650
	 9630 15336   777  3090   640
	 9637 15446   778  3090   640
	 9649 15564   779  3090   640
	 9653 15704   780  3090   640
	 9660 15835   782  3090   640
	 9664 15976   782  3090   640
	 9669 16118   782  3090   640
	 9671 16250   782  3070   640
	 9675 16378   782  3050   640
	 9677 16487   783  3050   640
	 9678 16586   782  3050   640
	 9680 16677   782  3050   640
	 9683 16744   782  3050   640
	 9690 16791   782  3050   640
	 9693 16825   782  3040   630
	 9700 16837   783  3020   630
	 9710 16837   784  3020   630
	 9720 16825   786  3020   630
	 9741 16807   786  3020   630
	 9761 16775   787  3020   630
	 9784 16726   788  3020   630
	 9809 16651   786  3020   630
	 9833 16565   786  3020   630
	 9862 16457   786  3020   630
	 9885 16345   786  3020   630
	 9919 16229   787  3020   630
	 9945 16085   787  3020   630
	 9975 15948   789  3020   630
	10009 15820   815  3020   630
	10042 15692   799  3010   630
	10078 15564   813  3030   620
	10113 15448   812  3040   630
	10143 15349   812  3040   630
	10178 15256   812  3040   630
	10209 15180   812  3060   620
	10237 15128   803  3060   620
	10260 15084   814  3070   630
	10282 15080   814  3090   630
	10301 15082   790  3090   630
	10316 15100   788  3090   630
	10340 15143   786  3090   630
	10365 15211   784  3100   630
	10384 15307   783  3100   630
	10398 15429   783  3100   630
	10412 15574   781  3100   630
	10421 15740   779  3100   630
	10424 15926   772  3120   640
	10423 16117   724  3120   640
	10420 16312   669  3090   640
	10408 16490   533  3090   640
	10403 16667   352  3070   640
	10393 16838    35  3070   640
	10391 16983    -1  3070   640
	10386 17112    -1  3070   640
	10392 17224    -1  3050   650
	10399 17321    -1  3050   650
	10408 17401    -1  3070   640
	10417 17451    -1  3070   640
	10405 17496    -1  3070   640
	10449 17548    -1  3070   640
	10435 17579    -1  3070   640
	10485 17607    -1  3070   640
	10468 17621    -1  3070   640
	10481 17623    -1  3070   640
	10496 17611    -1  3070   640
	10512 17595    -1  3070   640
	10529 17578    -1  3070   640
	10542 17557    -1  3070   640
	10552 17515    -1  3070   640
	10566 17480    -1  3070   640
	10582 17436    -1  3070   640
	10589 17398    -1  3070   640
	10593 17349    -1  3160   610
	    0     0    -4     0     0
	    0     0    -4     0     0
	 8279 16985   890  1800   830
	 8268 17002   846  1800   830
	 8256 17016   782  1800   830
	 8242 17045   634  1800   830
	 8223 17097   182  1800   830
