ABCDE-012_345_678 300
	12904  7980    64  1520   650
	12905  7977   275  1520   650
	12913  7978   317  1500   650
	12905  7979   317  1500   650
	12908  7979   317  1500   650
	12918  7980   317  1480   650
	12939  7992   327  1480   650
	12961  8006   336  1480   650
	12995  8009   344  1480   650
	13027  8039   352  1480   650
	13070  8070   352  1480   650
	13124  8092   352  1500   640
	13183  8135   352  1500   640
	13238  8152   352  1500   640
	13300  8220   352  1500   640
	13364  8268   352  1510   640
	13429  8325   360  1510   640
	13495  8376   352  1530   630
	13562  8437   352  1530   630
	13631  8502   352  1530   630
	13696  8565   344  1540   640
	13758  8630   344  1540   640
	13814  8694   344  1550   630
	13860  8745   344  1570   630
	13901  8792   344  1580   620
	13925  8826   344  1580   620
	13939  8854   344  1580   620
	13945  8873   352  1590   610
	13938  8888   352  1590   610
	13925  8892   360  1620   610
	13908  8901   367  1620   610
	13879  8892   278  1620   610
	13838  8886   302  1630   610
	13789  8860   344  1640   600
	13743  8838   374  1640   600
	13688  8795   390  1640   600
	13635  8759   401  1640   600
	13578  8699   415  1640   600
	13527  8645   480  1640   600
	13483  8572   519  1620   600
	13451  8506   528  1620   600
	13420  8427   536  1620   610
	13399  8359   539  1620   610
	13381  8282   542  1620   610
	13368  8214   542  1610   620
	13364  8139   544  1610   620
	13365  8076   544  1610   620
	13360  8022   547  1580   620
	13368  7959   547  1580   620
	13374  7898   550  1580   620
	13385  7850   552  1580   620
	13387  7804   552  1570   630
	13392  7770   552  1570   630
	13398  7737   552  1550   630
	13403  7708   550  1550   630
	13402  7701   547  1550   630
	13403  7687   547  1550   630
	13404  7687   544  1550   630
	13406  7687   544  1550   630
	13407  7692   542  1550   630
	13405  7717   533  1550   630
	13406  7740   533  1550   630
	13411  7786   522  1550   630
	13418  7846   516  1560   620
	13431  7913   507  1560   620
	13451  7996   469  1560   620
	13477  8087   454  1550   630
	13510  8170   462  1550   630
	13551  8249   507  1550   630
	13603  8325   507  1550   630
	13656  8380   519  1550   630
	13707  8438   525  1570   630
	13757  8476   531  1570   630
	13805  8506   533  1570   630
	13846  8522   533  1570   630
	13878  8524   542  1590   640
	13902  8521   542  1590   640
	13927  8504   547  1590   640
	13949  8475   550  1610   640
	13971  8439   550  1600   650
	13985  8390   555  1600   650
	14001  8329   562  1620   650
	14007  8266   567  1620   650
	14011  8198   574  1620   650
	14010  8133   590  1620   650
	14006  8055   609  1650   650
	13996  7977   630  1650   650
	13991  7898   634  1650   650
	13986  7829   641  1650   650
	13981  7754   645  1650   650
	13970  7692   650  1650   650
	13962  7639   651  1650   650
	13950  7580   655  1650   650
	13937  7532   658  1650   650
	13922  7497   663  1650   650
	13912  7466   664  1650   650
	13899  7447   666  1650   650
	13884  7430   666  1650   650
	13877  7429   669  1650   650
	13874  7431   674  1650   650
	13869  7436   677  1650   650
	13853  7465   671  1650   650
	13839  7511   663  1650   650
	13823  7563   661  1650   650
	13812  7626   660  1620   650
	13805  7707   650  1620   650
	13801  7803   645  1620   650
	13798  7913   641  1620   650
	13807  8023   641  1620   650
	13819  8123   636  1620   650
	13841  8219   634  1620   650
	13864  8309   634  1620   650
	13895  8390   636  1630   640
	13929  8456   634  1630   640
	13971  8517   636  1630   640
	14010  8556   636  1650   640
	14053  8586   634  1650   640
	14095  8602   634  1650   640
	14128  8602   636  1650   640
	14169  8588   636  1650   640
	14209  8570   634  1670   640
	14242  8540   634  1670   640
	14280  8502   632  1670   640
	14315  8456   634  1650   640
	14342  8407   634  1670   640
	14364  8347   634  1670   640
	14383  8283   638  1670   640
	14391  8218   639  1650   640
	14391  8152   641  1650   640
	14382  8075   645  1650   640
	14367  8006   646  1650   640
	14345  7927   651  1650   640
	14310  7851   656  1650   640
	14267  7787   658  1630   640
	14209  7734   666  1630   640
	14132  7685   671  1630   640
	14055  7637   674  1630   640
	13970  7595   683  1630   640
	13881  7563   684  1630   640
	13785  7545   689  1630   640
	13693  7543   690  1630   640
	13601  7546   690  1630   640
	13522  7562   691  1630   640
	13449  7591   691  1640   630
	13391  7627   689  1640   630
	13338  7685   689  1620   630
	13299  7738   687  1620   630
	13267  7802   686  1620   630
	13258  7879   683  1620   630
	13265  7958   686  1620   630
	13289  8041   689  1620   630
	13331  8117   690  1620   630
	13400  8187   696  1620   630
	13487  8252   702  1620   630
	13596  8315   700  1620   630
	13725  8377   702  1620   630
	13860  8427   702  1620   630
	14011  8476   696  1620   630
	14181  8507   696  1620   630
	14356  8536   693  1630   640
	14513  8549   691  1630   640
	14688  8550   689  1630   640
	14850  8537   687  1650   640
	14993  8518   684  1650   640
	15115  8487   680  1670   640
	15229  8444   678  1670   640
	15317  8407   677  1690   650
	15382  8358   681  1690   650
	15433  8300   681  1690   650
	15457  8251   681  1710   650
	15475  8200   680  1710   650
	15473  8139   681  1710   650
	15455  8086   686  1710   650
	15413  8022   690  1710   650
	15359  7957   693  1690   650
	15278  7884   697  1690   650
	15174  7819   700  1710   650
	15050  7769   702  1710   650
	14923  7719   702  1710   650
	14771  7673   706  1690   650
	14609  7627   714  1690   650
	14456  7596   721  1670   640
	14311  7575   725  1680   630
	14172  7561   727  1680   630
	14045  7562   733  1680   630
	13946  7564   729  1680   630
	13865  7579   760  1680   630
	13815  7606   744  1680   630
	13781  7637   760  1680   630
	13778  7671   738  1680   630
	13801  7721   718  1680   630
	13847  7772   717  1680   630
	13921  7835   715  1680   630
	14032  7910   717  1680   630
	14181  7978   713  1680   630
	14349  8044   714  1680   630
	14524  8105   718  1680   630
	14725  8153   715  1680   630
	14940  8197   713  1700   640
	15156  8219   713  1690   650
	15388  8247   704  1690   650
	15593  8252   700  1690   650
	15807  8250   700  1710   650
	15993  8235   698  1710   650
	16156  8217   698  1710   650
	16305  8184   700  1710   650
	16408  8151   701  1740   650
	16488  8105   701  1740   650
	16538  8059   702  1740   650
	16560  8010   702  1730   660
	16565  7962   705  1730   660
	16548  7911   713  1760   650
	16509  7851   722  1760   650
	16443  7804   730  1760   650
	16349  7753   736  1760   650
	16224  7706   744  1760   640
	16080  7670   755  1760   640
	15930  7637   766  1760   640
	15770  7606   768  1760   640
	15608  7577   771  1740   640
	15471  7564   773  1740   640
	15360  7561   774  1740   640
	15262  7575   773  1740   630
	15188  7590   774  1740   630
	15137  7610   774  1740   630
	15113  7638   775  1740   630
	15107  7669   773  1740   630
	15124  7703   770  1740   630
	15165  7749   770  1740   630
	15234  7788   770  1740   630
	15326  7836   769  1740   630
	15436  7893   769  1720   630
	15563  7945   768  1720   630
	15705  7994   769  1720   630
	15864  8027   769  1720   630
	16012  8069   768  1720   630
	16167  8089   767  1720   640
	16336  8105   766  1740   640
	16479  8107   767  1740   640
	16621  8105   767  1740   640
	16753  8092   768  1740   640
	16868  8074   768  1740   640
	16964  8054   768  1760   650
	17043  8025   769  1760   650
	17103  7993   770  1760   650
	17145  7960   770  1760   650
	17176  7916   770  1780   650
	17195  7881   771  1800   650
	17196  7846   772  1800   650
	17186  7802   773  1800   650
	17166  7766   774  1820   650
	17134  7722   775  1820   640
	17083  7687   775  1820   640
	17029  7654   775  1820   640
	16951  7623   774  1820   640
	16864  7596   774  1820   640
	16771  7578   774  1820   630
	16682  7564   773  1820   630
	16607  7561   774  1820   630
	16542  7561   774  1820   630
	16495  7573   774  1820   620
	16464  7578   773  1820   620
	16446  7596   774  1820   620
	16444  7612   775  1800   630
	16451  7637   775  1800   630
	16467  7659   773  1780   630
	16511  7691   774  1780   630
	16571  7722   774  1780   630
	16655  7756   775  1780   630
	16760  7788   776  1780   630
	16887  7815   776  1780   630
	17011  7833   777  1780   630
	17146  7850   775  1780   630
	17292  7862   775  1780   630
	17451  7864   776  1780   630
	17589  7861   776  1800   630
	17725  7836   776  1800   630
	17862  7830   777  1800   630
	17984  7802   778  1800   630
	18086  7781   780  1820   630
	18170  7751   780  1820   630
	18238  7719   781  1840   630
	18285  7686   782  1840   630
	18314  7654   782  1860   630
	18334  7625   783  1860   630
	18343  7594   782  1860   630
	18344  7576   782  1880   630
	18339  7557   783  1880   630
	18324  7528   783  1880   640
	18313  7515   783  1880   640
	18305  7500   782  1880   640
	18296  7496   781  1900   640
	18293  7494   779  1900   640
	18296  7495   777  1900   640
	18299  7496   769  1920   630
	18309  7499   718  1920   630
	18336  7514   684  1920   630
	18394  7528   641  1920   630
	18470  7545   350  1900   640
	18567  7575   108  1900   640
