ABCDE-012_345_678 299
	20047  8182    64  1640   600
	20046  8138    -1  1630   610
	20060  8155   108  1620   610
	20050  8154   262  1620   610
	20053  8156   262  1610   620
	20066  8154   262  1610   620
	20082  8155   262  1610   620
	20111  8167   286  1590   610
	20142  8170   297  1580   620
	20182  8186   308  1580   620
	20227  8203   317  1580   620
	20281  8230   317  1600   630
	20340  8252   327  1600   630
	20408  8283   327  1600   630
	20478  8325   336  1600   630
	20543  8360   336  1600   630
	20608  8396   336  1600   630
	20670  8442   336  1620   630
	20728  8490   336  1630   620
	20786  8537   336  1630   620
	20833  8587   327  1630   620
	20875  8636   317  1650   620
	20910  8693   317  1650   610
	20940  8742   308  1650   610
	20958  8780   317  1650   610
	20967  8811   317  1670   610
	20967  8839   317  1680   600
	20958  8858   327  1680   600
	20941  8872   344  1680   600
	20912  8875   352  1680   590
	20876  8876   352  1700   600
	20838  8874   269  1700   600
	20795  8872   317  1700   590
	20751  8858   357  1700   590
	20705  8842   374  1700   590
	20657  8823   395  1700   590
	20610  8793   410  1700   590
	20567  8758   420  1700   590
	20523  8712   507  1700   590
	20483  8667   519  1680   580
	20446  8618   525  1680   580
	20413  8566   533  1680   580
	20383  8501   536  1680   580
	20362  8427   542  1680   590
	20351  8362   542  1680   590
	20342  8296   544  1680   590
	20335  8230   544  1680   600
	20328  8168   544  1680   600
	20330  8108   542  1680   600
	20330  8059   547  1670   610
	20341  8009   547  1670   610
	20342  7973   552  1670   610
	20345  7925   552  1680   630
	20345  7881   552  1680   630
	20348  7850   555  1680   630
	20353  7829   555  1680   630
	20356  7815   555  1680   630
	20358  7803   550  1680   630
	20361  7802   547  1680   630
	20362  7804   547  1680   630
	20364  7817   550  1680   630
	20364  7834   547  1680   630
	20365  7868   539  1690   620
	20375  7926   533  1690   620
	20386  7989   525  1690   620
	20403  8069   516  1690   620
	20419  8138   500  1690   620
	20440  8219   494  1690   620
	20461  8298   513  1690   620
	20485  8374   522  1690   620
	20510  8440   522  1690   620
	20531  8492   533  1680   630
	20556  8537   544  1660   620
	20574  8567   550  1660   620
	20590  8584   555  1660   620
	20600  8586   555  1660   620
	20604  8585   552  1660   620
	20608  8572   550  1660   620
	20616  8555   552  1660   620
	20624  8533   555  1650   620
	20636  8488   557  1650   620
	20650  8428   562  1660   620
	20662  8374   562  1660   620
	20676  8309   565  1660   620
	20685  8236   567  1660   620
	20693  8171   567  1660   620
	20697  8105   572  1680   630
	20696  8037   574  1680   630
	20695  7961   579  1680   630
	20694  7896   588  1680   630
	20691  7832   603  1680   630
	20687  7772   619  1680   630
	20680  7734   625  1680   630
	20672  7691   630  1700   640
	20666  7658   632  1700   640
	20663  7641   634  1700   640
	20663  7623   634  1700   640
	20662  7621   636  1700   640
	20663  7611   639  1700   640
	20662  7621   641  1700   640
	20665  7626   641  1680   630
	20669  7640   636  1680   630
	20674  7672   623  1680   630
	20691  7708   601  1680   630
	20709  7767   588  1680   630
	20736  7832   572  1680   630
	20766  7914   562  1680   630
	20798  8007   552  1700   640
	20837  8105   533  1700   640
	20875  8199   525  1700   640
	20914  8298   516  1700   640
	20955  8405   420  1700   640
	20992  8491   415  1720   640
	21030  8571   420  1720   640
	21068  8631   454  1720   640
	21099  8665   516  1720   640
	21117  8693   525  1720   640
	21131  8698   528  1740   640
	21136  8698   531  1740   630
	21140  8696   533  1740   630
	21144  8679   544  1740   630
	21149  8647   552  1740   630
	21151  8601   557  1760   640
	21155  8552   562  1760   630
	21159  8492   565  1760   630
	21163  8426   567  1760   630
	21162  8347   570  1760   630
	21158  8268   570  1760   630
	21149  8199   570  1760   640
	21139  8134   574  1760   640
	21118  8043   577  1760   640
	21094  7963   588  1760   640
	21064  7883   603  1760   640
	21027  7818   623  1760   640
	20980  7755   638  1760   640
	20935  7708   648  1760   640
	20882  7671   655  1760   640
	20828  7641   668  1760   640
	20781  7621   678  1760   640
	20724  7607   689  1740   640
	20667  7606   696  1740   640
	20610  7621   702  1740   640
	20559  7637   706  1720   640
	20509  7659   704  1720   640
	20457  7705   708  1720   630
	20411  7752   705  1700   630
	20368  7819   693  1700   630
	20349  7912   690  1700   630
	20336  8008   693  1700   630
	20349  8117   689  1700   630
	20374  8213   693  1700   630
	20419  8298   693  1700   630
	20491  8379   694  1700   630
	20555  8459   698  1700   630
	20641  8533   700  1700   630
	20731  8585   702  1700   630
	20830  8629   705  1710   620
	20943  8652   706  1730   620
	21070  8678   708  1730   620
	21196  8681   706  1740   620
	21330  8682   704  1740   620
	21473  8677   706  1740   620
	21619  8650   702  1760   620
	21742  8617   702  1760   630
	21865  8584   700  1760   620
	21982  8539   698  1780   620
	22082  8491   698  1780   620
	22159  8441   700  1780   620
	22215  8379   697  1780   620
	22256  8325   694  1800   630
	22284  8263   693  1800   630
	22296  8200   691  1800   630
	22292  8137   693  1820   630
	22273  8074   693  1820   630
	22238  8021   693  1820   630
	22183  7957   693  1820   630
	22100  7882   697  1820   630
	22000  7835   700  1820   630
	21881  7797   700  1820   630
	21750  7752   702  1820   630
	21610  7718   706  1820   630
	21463  7689   709  1800   630
	21310  7673   718  1800   630
	21172  7660   718  1800   620
	21045  7669   725  1800   620
	20922  7676   725  1800   620
	20819  7690   744  1780   620
	20751  7719   736  1780   620
	20700  7751   733  1780   610
	20669  7784   733  1760   610
	20669  7817   729  1760   610
	20690  7865   721  1750   600
	20733  7916   718  1750   600
	20802  7976   717  1750   610
	20906  8037   718  1750   610
	21040  8087   722  1750   610
	21195  8124   722  1750   610
	21368  8167   729  1750   610
	21572  8187   729  1740   620
	21764  8204   730  1740   620
	21982  8213   729  1740   620
	22195  8214   729  1760   620
	22404  8198   725  1760   630
	22609  8169   723  1760   630
	22771  8140   723  1780   630
	22917  8108   718  1780   630
	23044  8072   715  1780   640
	23148  8026   717  1800   640
	23220  7978   715  1800   640
	23267  7930   717  1800   650
	23295  7881   715  1800   640
	23297  7845   717  1820   640
	23281  7802   727  1820   640
	23260  7767   731  1820   640
	23212  7734   738  1820   640
	23145  7702   766  1820   640
	23052  7672   768  1820   630
	22954  7653   770  1820   630
	22849  7628   772  1820   630
	22747  7624   770  1820   630
	22652  7621   771  1820   630
	22565  7621   773  1820   620
	22485  7624   773  1820   620
	22442  7642   776  1820   620
	22423  7657   777  1820   610
	22420  7672   777  1820   610
	22439  7704   774  1840   610
	22471  7738   773  1840   610
	22536  7782   772  1820   610
	22622  7817   772  1820   610
	22726  7863   772  1820   610
	22854  7909   772  1820   610
	23002  7945   771  1820   610
	23158  7977   770  1820   610
	23313  7995   770  1820   620
	23473  8008   769  1820   620
	23649  8012   769  1820   620
	23795  8011   769  1820   630
	23948  8010   770  1820   630
	24099  7995   770  1800   630
	24230  7978   770  1800   640
	24329  7957   772  1800   640
	24413  7929   771  1800   640
	24482  7896   772  1800   640
	24532  7865   772  1800   640
	24562  7835   772  1820   640
	24577  7815   771  1820   640
	24577  7786   772  1840   640
	24566  7756   773  1840   640
	24533  7724   774  1840   640
	24492  7706   776  1840   640
	24433  7687   776  1840   630
	24348  7659   776  1840   630
	24260  7655   775  1860   630
	24160  7643   775  1860   630
	24052  7640   774  1860   620
	23948  7641   775  1860   620
	23864  7644   775  1860   620
	23804  7660   774  1840   620
	23762  7686   776  1840   620
	23743  7703   776  1840   620
	23744  7721   774  1820   620
	23757  7752   772  1820   620
	23787  7788   772  1820   620
	23839  7829   771  1800   620
	23918  7862   771  1800   620
	24022  7897   771  1800   620
	24148  7928   772  1800   620
	24281  7947   773  1800   620
	24418  7957   774  1800   620
	24564  7958   773  1800   630
	24724  7947   772  1800   630
	24863  7931   773  1820   630
	25010  7915   772  1820   630
	25169  7884   774  1820   640
	25309  7852   775  1820   640
	25428  7820   776  1840   640
	25539  7785   778  1840   640
	25638  7750   780  1840   640
	25726  7708   782  1860   640
	25794  7674   785  1860   640
	25847  7643   786  1860   650
	25885  7610   787  1890   650
	25911  7579   787  1890   650
	25924  7557   788  1890   650
	25932  7530   787  1890   650
	25935  7513   787  1890   650
	25930  7498   786  1880   640
	25927  7482   785  1880   640
	25924  7467   784  1900   640
	25921  7464   781  1910   650
	25922  7462   778  1910   650
	25918  7450   773  1910   650
	25923  7450   737  1910   650
	25928  7450   696  1910   650
	25937  7451   658  1910   650
	25963  7452   567  1910   650
	26002  7452   367  1910   650
	26056  7462     0  1910   650
