ABCDE-012_345_678 353
	13257 19189    64  1160   600
	13233 19211   136  1160   600
	13211 19241   218  1160   600
	13195 19275   234  1160   600
	13186 19322   249  1160   600
	13181 19382   262  1180   600
	13184 19436   275  1190   600
	13188 19497   286  1180   590
	13201 19560   297  1200   580
	13219 19623   317  1210   580
	13242 19690   327  1230   580
	13273 19754   336  1240   570
	13308 19817   352  1240   570
	13349 19868   360  1260   570
	13391 19925   360  1270   560
	13473 19964   269  1290   560
	13489 19996   286  1310   560
	13542 20024   310  1320   550
	13602 20041   331  1340   550
	13655 20053   350  1350   540
	13710 20044   368  1370   540
	13759 20028   385  1370   540
	13801 20007   395  1370   540
	13840 19964   410  1400   540
	13868 19912   446  1400   540
	13891 19846   522  1410   550
	13906 19756   539  1410   550
	13913 19660   562  1410   550
	13911 19563   577  1400   550
	13900 19462   615  1410   560
	13880 19353   643  1410   560
	13854 19256   656  1390   570
	13828 19177   661  1380   580
	13792 19110   674  1380   590
	13756 19050   680  1360   600
	13723 19001   686  1350   600
	13695 18966   691  1310   610
	13661 18937   693  1290   610
	13639 18920   694  1270   620
	13625 18906   696  1260   620
	13614 18905   698  1220   630
	13614 18906   693  1200   640
	13614 18919   686  1190   640
	13615 18939   674  1160   640
	13622 18971   668  1140   640
	13635 19034   664  1140   640
	13661 19113   656  1120   640
	13689 19195   651  1120   640
	13729 19307   641  1120   640
	13776 19436   634  1140   640
	13824 19562   632  1160   640
	13879 19669   634  1170   630
	13933 19749   636  1190   630
	13983 19802   634  1210   630
	14038 19836   634  1240   620
	14093 19868   634  1260   610
	14154 19893   632  1280   610
	14207 19883   634  1290   600
	14251 19868   636  1310   600
	14288 19848   639  1310   580
	14322 19804   643  1320   580
	14347 19766   646  1340   570
	14369 19705   653  1350   570
	14381 19640   660  1360   560
	14383 19574   663  1350   550
	14377 19498   666  1350   550
	14362 19432   678  1350   550
	14341 19371   694  1350   550
	14316 19319   697  1310   560
	14293 19275   702  1310   560
	14264 19243   704  1300   560
	14244 19224   705  1270   560
	14226 19211   706  1260   570
	14218 19211   706  1240   570
	14212 19212   700  1230   580
	14207 19225   687  1210   580
	14196 19242   674  1200   580
	14195 19274   661  1190   580
	14204 19339   646  1170   580
	14221 19413   638  1170   580
	14247 19484   590  1170   580
	14282 19574   577  1170   580
	14319 19659   565  1170   580
	14362 19767   525  1190   580
	14406 19868   519  1200   570
	14448 19957   522  1220   570
	14487 19994   522  1230   560
	14519 20023   522  1250   560
	14551 20027   525  1260   560
	14581 20027   528  1270   550
	14612 20012   533  1290   550
	14642 19993   539  1300   550
	14674 19958   547  1310   550
	14708 19909   555  1330   540
	14735 19845   562  1340   550
	14753 19765   572  1350   540
	14768 19672   609  1350   540
	14782 19574   645  1350   550
	14778 19464   658  1350   550
	14765 19349   669  1350   550
	14740 19228   681  1340   560
	14701 19132   708  1320   580
	14648 19045   718  1310   580
	14587 18949   736  1290   590
	14510 18853   766  1260   600
	14431 18747   768  1250   600
	14336 18651   770  1220   610
	14235 18570   768  1200   620
	14110 18490   770  1160   630
	13981 18424   750  1150   630
	13855 18361   760  1110   640
	13729 18315   734  1090   640
	13594 18282   730  1070   640
	13462 18267   730  1070   640
	13351 18279   725  1010   650
	13249 18299   718   980   640
	13160 18341   715   960   640
	13082 18393   702   960   640
	13020 18476   702   960   640
	12976 18586   696   960   640
	12950 18727   684   960   640
	12957 18903   656   960   640
	12990 19097   656   960   640
	13034 19301   656   960   640
	13119 19513   653  1000   640
	13238 19719   656  1020   630
	13364 19894   660  1050   620
	13501 20042   663  1090   620
	13664 20172   668  1130   610
	13835 20299   668  1170   610
	14019 20424   668  1170   610
	14218 20517   664  1240   600
	14396 20586   664  1270   590
	14583 20645   666  1300   580
	14763 20667   664  1340   570
	14915 20682   666  1350   570
	15051 20668   664  1380   550
	15165 20645   669  1400   540
	15259 20582   669  1420   540
	15311 20504   674  1410   530
	15341 20395   684  1450   530
	15353 20265   702  1450   530
	15335 20120   725  1450   530
	15292 19958   738  1450   530
	15221 19770   769  1450   530
	15121 19578   771  1420   530
	14999 19371   772  1420   530
	14867 19193   776  1410   550
	14717 19046   776  1390   560
	14546 18889   776  1360   560
	14380 18713   778  1340   570
	14221 18568   777  1320   580
	14050 18441   775  1280   580
	13898 18330   775  1280   580
	13768 18247   776  1240   600
	13653 18185   774  1200   600
	13562 18152   772  1170   610
	13490 18136   760  1150   620
	13446 18151   706  1120   620
	13424 18187   672  1100   630
	13424 18251   638  1100   630
	13441 18359   595  1060   630
	13476 18490   555  1040   630
	13539 18636   410  1040   630
	13626 18822   380  1040   630
	13721 19016   357  1060   630
	13830 19194   368  1080   630
	13941 19324   380  1080   630
	14060 19415   390  1100   630
	14187 19477   395  1140   620
	14293 19509   405  1150   620
	14397 19512   410  1170   610
	14490 19500   454  1200   600
	14566 19477   522  1220   600
	14636 19418   550  1220   600
	14694 19339   574  1250   590
	14741 19257   638  1270   590
	14770 19164   658  1270   590
	14796 19082   684  1270   590
	14814 19004   706  1270   590
	14829 18924   727  1270   590
	14843 18854   744  1270   590
	14863 18780   766  1250   590
	14882 18729   766  1250   590
	14899 18683   766  1240   600
	14925 18649   766  1220   600
	14951 18631   737  1220   610
	14978 18615   710  1200   620
	15007 18614   691  1180   620
	15040 18617   674  1160   630
	15083 18648   663  1160   640
	15131 18684   651  1160   640
	15188 18742   636  1140   640
	15244 18809   579  1130   630
	15301 18891   555  1130   630
	15358 18988   525  1130   630
	15419 19100   385  1130   630
	15484 19242   363  1130   630
	15561 19415   344  1160   630
	15642 19580   331  1170   610
	15719 19738   331  1200   600
	15779 19862   344  1220   600
	15825 19961   350  1260   600
	15865 20040   363  1280   590
	15896 20102   401  1310   580
	15918 20137   525  1320   580
	15924 20154   560  1350   570
	15921 20167   630  1380   550
	15921 20167   663  1390   550
	15915 20165   684  1400   540
	15910 20155   693  1430   530
	15897 20124   700  1450   530
	15872 20074   713  1460   520
	15838 20010   744  1470   510
	15809 19927   770  1480   510
	15769 19815   774  1480   510
	15733 19705   778  1470   520
	15704 19596   781  1470   520
	15686 19497   780  1450   530
	15669 19400   780  1450   530
	15664 19305   778  1420   540
	15678 19253   776  1410   550
	15694 19194   774  1400   550
	15717 19160   769  1360   560
	15746 19128   730  1350   570
	15774 19099   697  1320   580
	15808 19096   671  1310   580
	15842 19097   653  1290   590
	15887 19114   634  1280   590
	15934 19144   603  1260   600
	15980 19180   567  1250   600
	16020 19237   547  1230   610
	16062 19301   533  1230   610
	16101 19382   519  1220   610
	16143 19484   454  1240   620
	16185 19593   437  1240   620
	16220 19701   454  1260   610
	16240 19770   525  1260   610
	16235 19800   562  1280   610
	16223 19813   641  1290   600
	16207 19816   671  1310   600
	16185 19814   697  1340   580
	16159 19797   715  1350   580
	16130 19770   767  1360   570
	16098 19737   771  1380   570
	16061 19690   775  1380   570
	16028 19639   780  1390   560
	16004 19580   781  1400   550
	15990 19528   782  1410   550
	15981 19468   781  1400   550
	15980 19429   780  1400   550
	15990 19387   779  1390   550
	16005 19365   778  1390   550
	16032 19319   775  1380   550
	16070 19289   770  1380   570
	16112 19274   744  1360   570
	16157 19271   725  1350   580
	16214 19271   713  1340   580
	16276 19274   698  1310   580
	16339 19291   686  1290   590
	16400 19321   668  1290   590
	16464 19355   648  1290   590
	16523 19400   634  1280   590
	16578 19448   572  1270   590
	16628 19500   557  1280   580
	16676 19562   525  1280   580
	16723 19639   522  1290   590
	16766 19722   507  1310   580
	16804 19814   516  1310   580
	16827 19884   531  1320   580
	16837 19942   565  1340   570
	16832 19964   639  1350   550
	16823 19979   672  1360   550
	16803 19991   706  1370   540
	16783 19991   733  1390   540
	16756 19980   766  1410   530
	16718 19960   772  1420   530
	16667 19927   777  1420   530
	16610 19878   778  1420   530
	16549 19817   782  1430   520
	16495 19756   786  1430   520
	16454 19701   786  1420   520
	16414 19628   787  1420   520
	16379 19544   787  1410   520
	16354 19451   786  1410   520
	16332 19355   786  1400   520
	16321 19276   786  1390   520
	16326 19209   786  1370   530
	16340 19142   785  1340   540
	16357 19068   783  1330   540
	16396 19004   779  1310   550
	16446 18953   776  1300   550
	16505 18904   770  1270   550
	16577 18859   737  1260   560
	16660 18827   723  1230   560
	16758 18809   698  1230   580
	16867 18796   678  1210   580
	16979 18808   651  1200   580
	17089 18825   638  1190   600
	17193 18855   615  1190   600
	17298 18891   590  1180   600
	17387 18949   577  1160   600
	17462 19002   577  1170   610
	17531 19077   577  1170   610
	17596 19162   581  1190   610
	17647 19270   609  1190   610
	17684 19398   629  1220   610
	17702 19529   646  1230   610
	17697 19637   664  1250   600
	17667 19724   686  1280   590
	17607 19803   705  1290   590
	17521 19880   730  1310   580
	17414 19946   744  1340   570
	17273 19995   768  1350   570
	17109 20039   777  1360   560
	16924 20056   781  1370   540
	16724 20059   783  1390   540
	16522 20058   785  1400   530
	16324 20042   785  1410   520
	16110 20027   788  1420   520
	15926 20007   799  1430   510
	15771 19978   799  1440   500
	15627 19948   803  1440   500
	15517 19927   807  1430   500
	15432 19898   807  1430   500
	15370 19868   807  1430   500
	15335 19851   803  1430   500
	15327 19847   787  1420   490
	15334 19835   780  1420   490
	15354 19818   777  1410   500
	15390 19804   775  1410   500
	15448 19786   774  1410   500
	15552 19786   774  1410   500
	15695 19801   776  1400   510
	15863 19818   777  1400   510
	16046 19836   780  1400   510
	16278 19866   782  1400   510
	16484 19900   786  1410   510
	16709 19932   812  1410   510
	16939 19976   814  1420   520
	17135 20008   818  1420   520
	17347 20028   820  1420   520
	17508 20055   824  1430   520
	17663 20076   825  1430   520
	17819 20105   825  1460   520
	17949 20133   824  1460   520
	18060 20155   820  1470   520
	18154 20185   803  1490   520
	18233 20214   780  1500   520
	18298 20231   724  1510   510
	18345 20250   621  1510   510
	18371 20266   352  1520   510
	18372 20284    64  1520   510
