ABCDE-012_345_678 381
	13705 15847    64   840   500
	13709 15861     0   840   500
	13707 15864    75   840   500
	13707 15866   136   840   500
	13704 15878   160   840   500
	13707 15883   201   840   500
	13703 15895   234   840   500
	13702 15897   249   840   500
	13704 15899   275   840   500
	13708 15899   286   840   500
	13705 15900   297   840   500
	13707 15900   308   840   500
	13707 15898   327   840   500
	13709 15897   336   840   500
	13703 15896   352   840   500
	13707 15884   360   840   500
	13707 15879   360   840   500
	13705 15852   360   840   500
	13704 15829   367   840   500
	13701 15786   367   840   500
	13694 15740   269   840   500
	13688 15701   278   840   500
	13680 15654   286   840   500
	13673 15595   286   840   500
	13663 15544   294   840   510
	13657 15493   302   840   510
	13647 15447   310   840   510
	13642 15402   324   830   510
	13636 15369   331   830   510
	13632 15335   324   830   510
	13629 15305   331   830   510
	13625 15289   338   830   510
	13625 15275   338   830   510
	13625 15271   338   810   510
	13624 15269   338   810   510
	13624 15260   331   810   510
	13624 15270   317   810   510
	13625 15270   302   810   510
	13625 15273   294   800   510
	13625 15285   286   800   510
	13625 15292   286   800   510
	13629 15308   286   800   510
	13629 15334   286   800   510
	13629 15351   286   800   510
	13629 15372   278   800   510
	13629 15403   286   800   510
	13634 15431   286   800   510
	13634 15450   286   800   510
	13638 15468   286   810   510
	13640 15484   286   810   510
	13648 15509   286   810   510
	13655 15514   286   810   510
	13665 15525   286   810   510
	13674 15527   278   810   510
	13686 15529   278   830   510
	13699 15531   286   830   510
	13719 15542   286   830   510
	13740 15543   286   830   510
	13760 15546   286   830   510
	13783 15548   278   830   510
	13805 15560   286   830   510
	13831 15575   286   830   510
	13857 15591   286   830   510
	13881 15612   286   830   510
	13904 15639   278   830   510
	13931 15670   286   830   510
	13957 15704   286   830   510
	13984 15750   286   830   510
	14008 15785   294   830   510
	14031 15830   294   830   510
	14054 15867   294   830   510
	14071 15909   294   820   520
	14085 15928   294   820   520
	14093 15947   294   820   520
	14096 15961   302   820   520
	14095 15962   317   820   520
	14095 15961   363   820   520
	14107 15961   405   820   520
	14093 15958   522   820   520
	14089 15946   544   840   520
	14081 15941   550   830   530
	14072 15913   552   830   530
	14059 15868   552   830   530
	14043 15820   555   830   530
	14029 15768   555   830   530
	14012 15707   555   830   530
	14001 15655   555   830   530
	13989 15595   552   830   530
	13978 15542   547   830   530
	13969 15484   539   830   530
	13965 15446   525   830   530
	13959 15413   410   820   530
	13959 15386   380   820   530
	13965 15368   324   820   530
	13973 15354   352   820   530
	13982 15351   286   820   530
	13990 15351   136   820   530
	13999 15356    -1   810   530
	14007 15367    -1   810   530
	14018 15381    -1   810   530
	14021 15385    -1   810   530
	14025 15397    -1   790   530
	14030 15403    -1   790   530
	14036 15416    -1   790   530
	14042 15431    -1   790   530
	14050 15445    -1   780   520
	14065 15462    -1   780   530
	14078 15478    -1   780   530
	14096 15494    -1   780   520
	14116 15514    -1   780   520
	14139 15531    -1   790   510
	14164 15558    -1   790   510
	14189 15576    -1   790   500
	14212 15605    -1   790   500
	14235 15625    -1   790   500
	14262 15654    -1   790   500
	14280 15675    -1   810   490
	14303 15704    -1   810   490
	14323 15735    -1   810   480
	14346 15753    -1   810   480
	14365 15782    -1   810   480
	14385 15802    -1   820   470
	14404 15820    -1   820   470
	14419 15845    -1   820   470
	14464 15846    -1   820   470
	14428 15851   160   820   480
	14423 15852   286   820   480
	14418 15845   308   820   490
	14406 15830   327   820   490
	14395 15800   360   820   490
	14380 15770   302   820   500
	14363 15734   338   820   500
	14345 15686   357   820   500
	14327 15626   405   810   510
	14311 15577   420   810   510
	14297 15528   469   810   510
	14284 15481   519   810   510
	14280 15446   531   810   510
	14273 15415   536   800   510
	14273 15386   539   800   520
	14274 15371   536   800   520
	14280 15356   533   800   520
	14295 15339   533   800   520
	14314 15321   531   800   520
	14328 15317   522   790   510
	14353 15305   487   790   510
	14374 15304   410   790   510
	14402 15305   401   790   510
	14427 15318   390   770   510
	14453 15324   385   770   510
	14476 15349   380   770   510
	14494 15365   374   770   510
	14509 15384   363   770   510
	14519 15401   357   780   500
	14521 15418   357   770   500
	14519 15435   357   770   500
	14513 15452   357   770   500
	14501 15477   357   770   500
	14486 15484   357   770   500
	14474 15495   357   780   500
	14457 15509   344   780   500
	14440 15511   310   780   500
	14426 15515   367   780   500
	14416 15516   327   780   500
	14403 15526   249   780   500
	14397 15527   108   780   500
	14391 15528    -1   780   500
	14393 15529    -1   780   500
	14390 15529    -1   780   500
	14393 15529    -1   780   500
	14402 15530    -1   780   500
	14410 15530    -1   780   500
	14425 15532    -1   780   500
	14438 15542    -1   780   500
	14450 15545    -1   780   500
	14468 15546    -1   780   490
	14484 15557    -1   780   490
	14499 15562    -1   780   490
	14512 15564    -1   780   490
	14589 15578    -1   790   480
	14544 15591    -1   790   480
	14553 15596    -1   790   480
	14566 15608    -1   790   480
	14577 15623    -1   790   470
	14590 15637    -1   790   470
	14598 15644    -1   790   470
	14605 15659    -1   790   470
	14613 15673    -1   790   470
	14619 15692    -1   790   470
	14627 15717    -1   790   470
	14638 15735    -1   790   480
	14643 15754    -1   790   480
	14656 15784    -1   800   490
	14665 15804    -1   800   490
	14749 15831    -1   800   490
	14677 15848    -1   790   500
	14680 15861   201   790   500
	14679 15852   249   790   500
	14677 15851   275   790   500
	14675 15849   317   790   500
	14672 15836   336   790   500
	14669 15819   360   790   500
	14664 15801   367   790   500
	14655 15768   286   790   500
	14648 15723   310   790   500
	14642 15672   344   790   500
	14634 15623   368   790   500
	14623 15562   385   790   500
	14618 15513   410   790   510
	14610 15465   500   790   510
	14605 15419   525   790   510
	14607 15385   547   790   510
	14609 15367   565   790   510
	14610 15349   565   770   510
	14618 15323   562   770   510
	14625 15317   565   770   510
	14636 15305   562   770   510
	14646 15304   557   770   510
	14656 15304   552   770   510
	14669 15306   552   760   510
	14686 15319   552   760   510
	14705 15333   552   760   510
	14721 15351   555   760   510
	14737 15370   557   760   510
	14753 15402   562   760   510
	14772 15433   565   760   510
	14787 15463   565   750   510
	14800 15482   567   750   510
	14816 15510   570   750   510
	14828 15530   567   750   510
	14840 15547   570   750   510
	14854 15576   570   750   510
	14865 15593   567   750   510
	14875 15608   567   750   510
	14884 15623   570   740   520
	14896 15637   567   760   520
	14901 15639   562   760   520
	14907 15642   562   760   520
	14908 15640   560   760   520
	14910 15639   557   760   520
	14913 15628   555   760   520
	14912 15624   557   760   520
	14914 15611   557   760   520
	14918 15592   557   760   520
	14922 15561   557   760   520
	14929 15526   552   760   520
	14932 15493   547   760   520
	14937 15450   542   760   520
	14942 15419   533   770   520
	14948 15397   525   760   520
	14954 15365   494   760   520
	14962 15335   462   760   520
	14965 15317   415   760   520
	14971 15290   410   760   520
	14973 15275   405   760   520
	14977 15270   401   760   520
	14974 15258   401   760   520
	14970 15258   401   740   520
	14965 15259   401   740   520
	14956 15269   401   740   520
	14933 15274   401   740   520
	14914 15285   415   740   520
	14886 15288   462   740   520
	14852 15302   494   740   520
	14811 15306   519   730   520
	14768 15317   525   740   520
	14715 15320   525   740   520
	14654 15323   533   740   520
	14582 15333   533   740   520
	14507 15335   533   740   520
	14429 15338   533   740   520
	14350 15338   531   740   520
	14274 15335   533   740   520
	14206 15321   536   740   520
	14140 15303   555   760   520
	14104 15273   555   760   520
	14052 15240   557   760   520
	14036 15206   567   760   520
	14028 15177   565   760   520
	14029 15148   560   760   520
	14044 15129   555   770   520
	14073 15111   550   770   520
	14110 15097   536   770   520
	14156 15084   513   770   520
	14212 15093   415   770   520
	14264 15100   385   770   520
	14314 15141   350   770   520
	14356 15177   286   770   520
	14387 15225   344   770   520
	14401 15270   308   770   520
	14402 15306   234   770   520
	14381 15338   234   770   520
	14340 15354   262   770   510
	14281 15365   327   770   510
	14205 15365   269   770   510
	14098 15354   368   770   510
	13983 15340   513   790   510
	13870 15333   562   790   510
	13811 15322   623   790   510
	13637 15318   660   790   510
	13523 15308   678   790   510
	13429 15320   733   800   520
	13373 15322   777   800   520
	13354 15335   780   800   520
	13348 15333   780   800   520
	13353 15335   776   800   520
	13359 15338   769   810   520
	13382 15356   736   810   520
	13429 15387   718   810   510
	13501 15419   700   830   510
	13602 15449   690   830   510
	13701 15493   680   830   510
	13801 15529   672   830   510
	13904 15564   663   830   510
	14008 15608   660   830   510
	14126 15656   648   840   510
	14229 15703   638   840   510
	14319 15751   592   840   510
	14395 15787   555   840   510
	14453 15816   500   840   500
	14489 15833   401   840   500
	14508 15833   390   840   500
	14512 15832   401   840   500
	14509 15819   494   840   500
	14501 15803   542   840   500
	14487 15786   577   840   500
	14473 15765   621   840   500
	14462 15733   643   840   500
	14451 15705   653   840   500
	14447 15687   656   840   500
	14449 15660   655   840   500
	14459 15637   653   840   510
	14476 15593   646   840   510
	14498 15563   636   840   510
	14534 15542   584   840   510
	14577 15513   544   840   510
	14626 15484   415   840   510
	14675 15467   350   840   510
	14718 15461   336   830   510
	14763 15447    64   830   510
	14803 15435    -1   820   520
	14836 15430    -1   820   520
	14859 15418    -1   810   520
	14881 15404    -1   810   520
	14890 15398    -1   800   520
	14946 15385    -1   800   520
	14913 15372    -1   780   520
	14920 15369    -1   780   520
	14925 15369    -1   770   520
	14929 15368    -1   770   520
	14930 15368    -1   760   520
	14926 15370    -1   760   520
	14922 15370    -1   740   520
	14917 15383    -1   740   520
	14915 15385    -1   740   520
	14909 15388    -1   730   520
	14902 15397    -1   730   520
	14893 15399    -1   730   520
	14884 15402    -1   730   520
	14875 15404    -1   730   520
	14862 15415    -1   730   520
	14851 15418    -1   730   520
	14842 15420    -1   730   520
	14835 15431    -1   730   520
	14832 15433    -1   740   520
	14833 15433    -1   740   520
	14837 15432    -1   760   520
	14844 15419    -1   760   520
	14848 15404    -1   760   520
	14845 15399   294   770   520
	14843 15384   368   770   520
	14843 15371   368   770   520
	14852 15350   390   770   520
	14857 15323   415   780   520
	14861 15305   437   780   520
	14877 15287   454   780   520
	14898 15260   446   780   520
	14914 15242   410   780   520
	14931 15228   368   780   530
	14955 15221   352   780   530
	14979 15209    35   780   530
