ABCDE-012_345_678 570
	19609 18535   275  1260   540
	19605 18552   360  1250   550
	19601 18553   368  1250   550
	19600 18553   415  1250   560
	19599 18565   542  1250   560
	19600 18571   577  1250   560
	19611 18599   629  1260   570
	19621 18631   636  1260   570
	19643 18682   641  1260   570
	19671 18746   645  1240   570
	19710 18837   645  1270   570
	19765 18933   646  1270   570
	19838 19033   646  1270   570
	19900 19131   648  1280   580
	19960 19240   646  1300   580
	20017 19350   648  1300   580
	20074 19450   651  1320   570
	20119 19541   653  1350   570
	20154 19607   656  1360   560
	20183 19655   661  1380   550
	20202 19690   664  1400   550
	20217 19720   669  1410   550
	20226 19736   689  1440   540
	20230 19738   693  1460   530
	20228 19739   696  1470   520
	20227 19739   693  1490   520
	20224 19738   691  1500   510
	20225 19735   687  1510   500
	20222 19722   681  1530   500
	20219 19703   678  1530   500
	20218 19657   681  1540   490
	20216 19593   681  1550   480
	20208 19516   684  1550   490
	20205 19418   686  1550   490
	20192 19304   686  1550   490
	20184 19211   686  1540   500
	20177 19129   686  1530   510
	20171 19061   683  1510   510
	20165 19000   678  1500   520
	20162 18954   664  1490   530
	20155 18918   646  1480   540
	20148 18887   581  1470   550
	20138 18859   531  1460   550
	20130 18853   350  1450   560
	20118 18844   275  1440   570
	20102 18855    -1  1430   570
	20085 18873    -1  1420   580
	20063 18892    -1  1390   580
	20037 18921    -1  1380   590
	20011 18950    -1  1380   590
	19983 18971    -1  1360   600
	19963 19000    -1  1380   590
	19951 19016    -1  1360   580
	19943 19029    -1  1360   580
	19937 19029    -1  1360   580
	19928 19017    -1  1360   580
	19919 19013    -1  1360   570
	19908 18998    -1  1360   570
	19895 18984    -1  1360   570
	19932 18983   352  1360   570
	19872 18981   357  1360   570
	19866 18972   390  1360   560
	19872 18981   513  1360   560
	19873 18983   557  1360   560
	19879 18983   574  1360   560
	19897 18986   605  1360   560
	19920 19000   625  1350   570
	19956 19016   634  1350   570
	19993 19033   639  1350   570
	20033 19051   639  1360   570
	20073 19080   639  1360   570
	20112 19100   634  1360   570
	20150 19126   601  1360   570
	20189 19145   550  1360   570
	20226 19163   410  1380   580
	20264 19179   367  1380   580
	20302 19192    75  1380   580
	20336 19205    -1  1390   580
	20364 19196    -1  1390   580
	20392 19194    -1  1390   580
	20414 19191    -1  1400   580
	20443 19177    -1  1390   570
	20473 19162    -1  1400   560
	20503 19148    -1  1390   560
	20537 19145    -1  1400   550
	20566 19131    -1  1400   550
	20598 19127    -1  1390   550
	20620 19113    -1  1400   540
	20639 19110    -1  1400   540
	20648 19099    -1  1400   540
	20652 19094    -1  1390   540
	20647 19078    -1  1390   540
	20639 19063    -1  1390   540
	20628 19048    -1  1390   540
	20614 19034   344  1370   530
	20601 19030   401  1370   540
	20592 19018   410  1370   540
	20593 19017   519  1360   550
	20596 19017   542  1380   550
	20599 19017   552  1360   560
	20608 19017   565  1380   570
	20623 19020   574  1380   570
	20646 19032   579  1380   580
	20672 19048   581  1380   580
	20709 19063   579  1380   580
	20746 19080   579  1380   590
	20783 19095   579  1380   590
	20823 19110   577  1380   590
	20869 19126   577  1380   590
	20912 19141   577  1390   600
	20949 19145   577  1390   600
	20980 19160   577  1390   600
	21007 19173   579  1410   590
	21030 19177   581  1420   590
	21040 19179   581  1420   590
	21042 19179   588  1420   590
	21042 19178   595  1420   590
	21042 19178   605  1420   590
	21045 19177   611  1440   600
	21043 19175   619  1440   600
	21046 19173   621  1440   600
	21048 19162   630  1440   600
	21052 19147   632  1450   590
	21057 19132   632  1460   600
	21064 19127   634  1460   600
	21076 19113   632  1460   600
	21089 19099   632  1450   600
	21108 19093   619  1450   600
	21133 19078   577  1450   600
	21164 19062   533  1450   600
	21201 19049   380  1450   600
	21244 19045   327  1450   600
	21293 19032    35  1450   600
	21343 19032    -1  1470   610
	21393 19033    -1  1470   610
	21444 19036    -1  1470   610
	21502 19048    -1  1450   600
	21556 19061    -1  1450   600
	21608 19065    -1  1450   600
	21653 19077    -1  1460   600
	21689 19080    -1  1460   600
	21713 19082    -1  1450   590
	21724 19094    -1  1450   590
	21723 19095    -1  1450   590
	21717 19097   249  1450   590
	21706 19099   380  1450   590
	21691 19100   410  1450   590
	21676 19110   560  1450   590
	21666 19110   648  1450   590
	21654 19110   671  1450   590
	21650 19111   690  1430   590
	21647 19111   702  1450   590
	21644 19110   708  1450   590
	21643 19109   708  1450   590
	21642 19100   708  1450   590
	21643 19099   705  1460   600
	21644 19096   697  1460   600
	21646 19094   689  1460   600
	21647 19083   678  1460   600
	21649 19078   668  1460   600
	21657 19063   658  1450   600
	21664 19050   646  1450   600
	21675 19045   639  1450   600
	21685 19031   613  1440   600
	21703 19019   592  1440   600
	21727 19017   577  1440   600
	21752 19015   570  1440   600
	21776 19015   565  1450   600
	21808 19016   562  1450   600
	21830 19019   562  1450   600
	21851 19030   562  1450   600
	21866 19032   565  1450   600
	21872 19033   570  1450   600
	21875 19033   584  1450   600
	21877 19032   615  1450   600
	21879 19030   638  1470   610
	21879 19030   648  1470   610
	21882 19020   656  1470   610
	21884 19019   660  1470   610
	21889 19018   661  1470   610
	21896 19017   663  1460   620
	21905 19019   663  1460   620
	21924 19029   666  1460   620
	21952 19035   664  1460   620
	21989 19061   664  1470   610
	22029 19080   661  1480   610
	22073 19110   660  1480   610
	22119 19131   656  1480   610
	22163 19158   651  1480   610
	22208 19191   646  1480   610
	22247 19222   643  1480   610
	22281 19254   641  1480   610
	22306 19287   641  1510   610
	22324 19317   641  1510   610
	22334 19338   645  1510   610
	22341 19365   651  1510   610
	22336 19381   664  1520   600
	22332 19383   686  1530   590
	22324 19384   702  1560   590
	22317 19384   713  1560   590
	22311 19382   718  1560   590
	22301 19372   718  1560   590
	22294 19367   717  1570   570
	22282 19350   717  1570   570
	22270 19321   721  1570   570
	22258 19302   721  1570   570
	22250 19273   724  1570   570
	22242 19242   730  1570   570
	22235 19212   734  1570   570
	22230 19190   737  1570   570
	22225 19162   736  1570   570
	22232 19141   736  1570   580
	22238 19116   733  1570   580
	22252 19098   725  1560   590
	22268 19079   714  1560   590
	22288 19062   698  1550   600
	22310 19049   684  1550   600
	22335 19045   669  1540   600
	22362 19045   663  1540   600
	22390 19045   658  1540   600
	22415 19049   653  1530   610
	22425 19061   653  1530   610
	22434 19067   651  1530   610
	22443 19081   656  1530   610
	22441 19095   663  1530   610
	22439 19100   671  1540   630
	22433 19113   686  1540   630
	22433 19116   696  1540   630
	22426 19128   705  1540   630
	22419 19130   718  1540   630
	22420 19131   727  1540   630
	22420 19132   727  1540   630
	22420 19131   725  1540   630
	22422 19131   724  1540   630
	22420 19131   721  1540   630
	22426 19130   714  1540   630
	22428 19130   705  1550   620
	22435 19130   702  1550   620
	22444 19131   697  1550   620
	22456 19131   690  1550   620
	22469 19141   687  1550   620
	22493 19143   686  1550   620
	22513 19143   684  1550   620
	22533 19146   684  1530   610
	22558 19148   684  1530   610
	22579 19158   683  1510   610
	22595 19160   683  1510   610
	22604 19161   684  1510   610
	22617 19163   683  1500   600
	22623 19174   686  1500   600
	22628 19177   687  1480   600
	22628 19178   690  1480   600
	22630 19178   696  1480   600
	22630 19180   700  1460   600
	22629 19189   704  1470   590
	22628 19190   713  1470   590
	22626 19190   723  1460   580
	22623 19190   738  1460   580
	22620 19190   760  1460   580
	22620 19189   767  1460   580
	22618 19180   768  1460   580
	22616 19179   769  1460   580
	22616 19178   768  1460   580
	22614 19177   768  1460   580
	22618 19176   768  1460   580
	22621 19175   766  1460   580
	22625 19174   738  1460   580
	22635 19173   729  1460   580
	22649 19164   727  1460   580
	22674 19163   723  1470   590
	22709 19164   722  1470   590
	22746 19176   718  1470   590
	22782 19179   714  1470   590
	22819 19193   709  1470   590
	22852 19208   706  1470   590
	22880 19222   702  1470   590
	22908 19238   702  1470   590
	22931 19255   702  1490   590
	22946 19269   705  1490   590
	22954 19276   706  1490   590
	22958 19292   714  1490   590
	22956 19308   727  1490   590
	22949 19324   737  1510   600
	22937 19340   738  1520   590
	22926 19355   760  1520   590
	22909 19368   767  1520   590
	22895 19371   767  1520   590
	22880 19371   768  1530   580
	22873 19370   769  1530   580
	22863 19367   770  1530   580
	22857 19365   771  1530   580
	22849 19351   771  1530   580
	22840 19333   773  1530   580
	22824 19302   776  1530   580
	22809 19272   780  1530   580
	22799 19238   785  1530   580
	22790 19205   787  1530   580
	22788 19178   786  1530   580
	22792 19159   785  1530   580
	22802 19130   784  1530   580
	22818 19110   779  1520   590
	22840 19084   772  1500   580
	22873 19067   733  1500   580
	22913 19061   690  1490   590
	22971 19064   638  1490   590
	23035 19067   494  1490   590
	23112 19093   336  1490   590
	23191 19114     0  1490   590
	23272 19145    -1  1490   590
	23347 19178    -1  1510   600
	23426 19224    -1  1510   600
	23507 19269    -1  1510   600
	23585 19321    -1  1520   590
	23644 19383    -1  1520   590
	23699 19436    -1  1510   580
	23740 19481    -1  1510   580
	23762 19515    -1  1520   570
	23767 19542    -1  1520   560
	23759 19557    -1  1520   560
	23735 19560    -1  1530   550
	23712 19562    -1  1530   540
	23683 19573     0  1520   540
	23656 19576   367  1530   530
	23627 19580   380  1530   530
	23604 19592   507  1530   520
	23586 19595   588  1530   520
	23582 19607   655  1510   510
	23584 19608   680  1510   500
	23587 19611   696  1520   510
	23593 19623   705  1520   510
	23602 19625   713  1520   510
	23615 19627   714  1520   510
	23636 19640   715  1520   510
	23659 19642   725  1530   510
	23684 19644   733  1530   510
	23709 19653   736  1530   510
	23727 19653   736  1530   510
	23743 19644   736  1530   510
	23756 19642   738  1530   510
	23773 19638   738  1540   500
	23785 19627   738  1550   500
	23790 19624   744  1550   510
	23799 19621   738  1550   510
	23799 19610   738  1550   510
	23799 19610   750  1550   510
	23798 19607   737  1550   510
	23797 19605   738  1560   510
	23791 19593   744  1560   510
	23786 19579   744  1560   510
	23773 19573   760  1560   510
	23758 19558   766  1560   510
	23746 19546   766  1560   510
	23729 19531   767  1560   510
	23713 19526   769  1550   520
	23695 19514   769  1550   520
	23675 19500   771  1550   520
	23663 19498   772  1550   520
	23652 19495   771  1540   520
	23642 19484   771  1540   520
	23634 19482   770  1540   520
	23636 19481   767  1540   520
	23638 19480   737  1540   520
	23642 19468   729  1530   530
	23649 19461   723  1530   530
	23662 19446   713  1520   530
	23675 19430   705  1520   530
	23692 19413   702  1520   530
	23712 19387   698  1520   530
	23733 19369   696  1510   530
	23752 19350   697  1510   530
	23772 19323   696  1510   530
	23782 19306   696  1500   540
	23791 19291   696  1500   540
	23796 19273   697  1510   540
	23797 19254   700  1500   550
	23798 19228   706  1500   550
	23788 19210   717  1490   560
	23776 19189   729  1490   560
	23756 19161   744  1490   560
	23732 19142   768  1480   570
	23704 19115   772  1480   570
	23682 19096   776  1470   580
	23656 19080   778  1470   580
	23637 19066   782  1460   580
	23629 19065   782  1460   580
	23624 19064   783  1460   580
	23624 19064   783  1460   580
	23628 19064   779  1450   590
	23629 19066   773  1430   590
	23636 19068   738  1430   590
	23644 19078   700  1430   590
	23662 19094   658  1430   590
	23692 19111   565  1430   590
	23724 19131   363  1430   590
	23763 19148   308  1430   590
	23808 19175   108  1430   590
	23858 19193    -1  1430   590
	23911 19211    -1  1430   590
	23970 19237    -1  1430   590
	24021 19254    -1  1440   580
	24070 19270    -1  1460   580
	24106 19274    -1  1460   580
	24132 19286    -1  1470   580
	24147 19287    -1  1470   580
	24143 19285    -1  1490   580
	24126 19286   275  1490   580
	24114 19285   331  1500   570
	24089 19276   374  1510   580
	24064 19273   522  1510   580
	24038 19270   588  1510   580
	24008 19259   641  1510   580
	23980 19255   669  1510   580
	23961 19253   689  1510   580
	23952 19242   696  1510   580
	23945 19240   700  1510   580
	23942 19237   700  1510   580
	23944 19228   700  1510   580
	23946 19225   697  1500   580
	23952 19223   693  1500   580
	23958 19221   686  1500   580
	23970 19209   681  1500   580
	23979 19207   678  1500   580
	23998 19206   671  1500   580
	24023 19196   668  1500   580
	24054 19196   661  1500   580
	24085 19208   653  1500   580
	24121 19212   645  1500   580
	24153 19224   634  1500   580
	24185 19240   619  1500   580
	24207 19255   615  1500   580
	24232 19269   615  1500   580
	24245 19276   623  1520   590
	24254 19289   632  1520   590
	24265 19302   645  1520   590
	24270 19305   656  1520   590
	24275 19308   668  1520   590
	24279 19318   674  1520   590
	24285 19323   678  1520   590
	24293 19335   680  1530   590
	24309 19350   678  1530   590
	24329 19368   678  1530   590
	24349 19384   677  1540   580
	24367 19401   674  1540   580
	24388 19429   671  1550   580
	24412 19447   671  1550   580
	24432 19468   666  1570   570
	24451 19495   668  1570   570
	24470 19514   666  1570   570
	24485 19530   668  1580   560
	24492 19545   668  1600   560
	24499 19558   671  1600   550
	24501 19559   680  1600   550
	24503 19559   693  1600   550
	24500 19560   706  1630   550
	24492 19560   724  1630   550
	24485 19558   737  1630   550
	24474 19559   766  1630   540
	24462 19547   768  1630   540
	24445 19542   768  1630   540
	24432 19529   769  1630   540
	24414 19513   771  1630   540
	24402 19495   772  1630   540
	24384 19467   772  1630   540
	24365 19434   772  1630   540
	24353 19404   773  1630   540
	24335 19371   773  1630   550
	24324 19349   773  1630   550
	24323 19317   772  1610   550
	24323 19288   767  1600   550
	24326 19272   717  1600   550
	24335 19254   687  1600   560
	24348 19228   653  1600   560
	24367 19221   560  1590   570
	24395 19209   331  1590   570
	24423 19207   218  1590   570
	24460 19209    -1  1580   580
	24503 19222    -1  1580   580
	24540 19238    -1  1580   580
	24578 19255    -1  1580   580
	24616 19272    -1  1560   590
	24646 19287    -1  1560   590
	24666 19302    -1  1550   580
	24674 19307    -1  1550   580
	24676 19322    -1  1540   570
	24667 19324    -1  1540   570
	24649 19324    -1  1540   570
	24634 19333     0  1540   560
	24615 19336   294  1530   560
	24594 19338   374  1530   560
	24580 19339   500  1530   560
	24567 19339   570  1530   560
	24560 19340   639  1520   560
	24557 19338   661  1520   560
	24555 19338   671  1520   560
	24555 19335   675  1530   560
	24555 19324   677  1540   560
	24557 19320   677  1540   570
	24558 19307   680  1550   580
	24560 19290   684  1550   580
	24566 19271   687  1550   580
	24573 19256   686  1560   590
	24580 19253   681  1560   590
	24591 19241   672  1560   590
	24600 19228   660  1560   590
	24613 19227   643  1560   590
	24630 19227   601  1560   590
	24645 19237   542  1560   590
	24670 19241   368  1560   590
	24695 19260   297  1540   580
	24721 19288     0  1540   580
	24747 19321    -1  1530   580
	24770 19368    -1  1530   580
	24791 19414    -1  1530   580
	24814 19464    -1  1520   570
	24835 19510    -1  1520   570
	24851 19559    -1  1520   570
	24861 19605    -1  1530   560
	24872 19639    -1  1530   560
	24872 19660    -1  1540   550
	24870 19676    -1  1540   550
	24858 19689    -1  1550   540
	24845 19702   278  1560   550
	24839 19706   410  1570   540
	24829 19707   525  1580   530
	24823 19707   588  1580   530
	24819 19708   645  1580   530
	24816 19706   660  1580   520
	24812 19702   671  1600   520
	24809 19691   684  1600   520
	24807 19673   693  1600   510
	24804 19656   701  1600   510
	24803 19637   709  1600   510
	24799 19621   710  1600   510
	24799 19592   718  1600   510
	24798 19561   723  1610   520
	24800 19531   727  1610   520
	24805 19509   724  1610   520
	24811 19481   724  1610   520
	24815 19464   718  1610   520
	24824 19447   715  1600   530
	24836 19432   708  1600   530
	24846 19430   700  1600   530
	24863 19430   701  1600   530
	24878 19432   701  1600   540
	24902 19447   700  1600   540
	24923 19465   700  1610   550
	24945 19481   702  1610   550
	24961 19497   705  1610   550
	24967 19510   714  1610   550
	24978 19515   731  1610   550
	24984 19516   768  1610   550
	24984 19516   773  1630   550
	24988 19516   776  1630   550
	24986 19513   777  1630   550
	24991 19512   778  1630   550
	24994 19498   779  1630   550
	24997 19480   781  1630   550
	25005 19449   784  1640   550
	25014 19416   785  1640   550
	25026 19385   787  1640   550
	25040 19353   788  1640   550
	25060 19335   788  1640   550
	25081 19307   790  1640   550
	25110 19291   790  1630   560
	25145 19286   794  1650   560
	25191 19276   789  1650   560
	25249 19274   782  1640   570
	25326 19286   766  1640   570
	25413 19304   648  1650   580
	25521 19324   360  1650   580
