ABCDE-012_345_678 500
	20715 15657     0  1310   600
	20717 15655    35  1310   600
	20716 15642   160  1320   590
	20716 15628   234  1340   600
	20718 15610   275  1340   600
	20721 15580   297  1340   600
	20727 15557   317  1350   600
	20729 15515   336  1350   600
	20735 15482   352  1350   600
	20736 15450   352  1350   600
	20742 15429   360  1360   610
	20748 15401   367  1360   610
	20756 15383   286  1360   610
	20766 15367   302  1360   610
	20772 15355   324  1350   620
	20782 15351   350  1350   620
	20791 15350   374  1350   620
	20802 15350   390  1350   620
	20812 15352   401  1370   620
	20825 15356   429  1370   620
	20845 15372   522  1370   620
	20863 15397   536  1370   620
	20891 15418   544  1370   620
	20922 15450   550  1370   620
	20952 15493   557  1370   620
	20976 15529   562  1370   620
	21002 15573   572  1370   620
	21029 15612   579  1380   630
	21051 15671   584  1380   630
	21085 15735   584  1380   630
	21106 15801   584  1400   620
	21132 15877   581  1400   620
	21154 15944   579  1400   620
	21173 16008   579  1410   630
	21188 16069   588  1430   620
	21205 16107   599  1430   620
	21213 16150   599  1440   610
	21217 16170   603  1440   610
	21224 16172   619  1440   610
	21224 16182   623  1450   600
	21221 16181   634  1450   600
	21220 16171   634  1450   600
	21220 16167   638  1480   600
	21216 16150   641  1480   600
	21217 16107   645  1480   600
	21214 16058   650  1480   600
	21211 15994   656  1490   590
	21203 15926   658  1490   590
	21198 15845   660  1490   590
	21188 15755   658  1480   600
	21179 15685   658  1480   600
	21177 15621   658  1480   600
	21176 15560   653  1480   600
	21181 15510   648  1470   610
	21183 15461   643  1470   610
	21192 15417   632  1470   610
	21199 15387   590  1460   620
	21201 15366   560  1460   620
	21206 15338   525  1440   620
	21209 15333   401  1440   620
	21208 15324   344  1440   620
	21209 15333   367  1430   630
	21208 15337   297  1430   630
	21211 15353   218  1410   630
	21212 15372    75  1400   630
	21216 15402    -1  1400   630
	21220 15432    -1  1400   630
	21229 15468    -1  1400   630
	21238 15512    -1  1410   640
	21247 15557    -1  1410   640
	21262 15605    -1  1410   640
	21277 15644    -1  1410   640
	21298 15691    -1  1410   640
	21315 15736    -1  1430   630
	21333 15784    -1  1430   630
	21354 15829    -1  1430   630
	21374 15864    -1  1460   630
	21391 15899    -1  1460   630
	21408 15941    -1  1470   620
	21426 15974    -1  1470   620
	21445 16005    -1  1470   620
	21464 16025    -1  1480   610
	21476 16044     0  1480   610
	21489 16060   234  1480   610
	21489 16075   308  1480   600
	21496 16088   344  1480   600
	21495 16092   278  1480   600
	21492 16092   344  1480   600
	21487 16102   380  1490   590
	21478 16102   401  1470   590
	21460 16102   410  1470   590
	21439 16101   462  1470   590
	21405 16088   500  1470   590
	21365 16072   500  1470   590
	21318 16056   480  1460   580
	21267 16037   494  1450   590
	21214 16011   500  1450   590
	21165 15994   494  1460   600
	21121 15976   487  1460   600
	21083 15960   469  1460   600
	21049 15943   469  1460   600
	21026 15928   469  1460   600
	21008 15916   446  1460   600
	20996 15910   437  1460   600
	20993 15909   415  1460   600
	20994 15899   410  1480   600
	20996 15898   401  1480   600
	21006 15898   395  1470   610
	21019 15897   395  1450   600
	21039 15895   401  1450   600
	21060 15894   401  1450   600
	21085 15884   410  1470   610
	21117 15883   415  1470   610
	21145 15883   446  1470   610
	21176 15881   513  1470   610
	21203 15877   525  1470   610
	21231 15864   533  1470   610
	21263 15851   542  1470   610
	21295 15845   547  1470   610
	21328 15820   552  1460   620
	21358 15800   557  1460   620
	21384 15767   565  1460   620
	21410 15734   572  1470   620
	21427 15692   574  1470   620
	21437 15657   581  1470   620
	21440 15624   595  1470   620
	21432 15591   619  1470   620
	21422 15559   634  1480   630
	21401 15525   641  1480   630
	21375 15484   651  1480   630
	21345 15461   660  1480   630
	21314 15433   668  1480   630
	21278 15415   671  1480   630
	21236 15386   681  1460   640
	21184 15356   686  1460   640
	21127 15337   691  1460   640
	21072 15320   697  1460   640
	21019 15304   700  1460   640
	20974 15290   704  1450   640
	20935 15290   706  1450   640
	20892 15291   700  1430   640
	20852 15301   700  1430   640
	20817 15307   697  1410   640
	20787 15333   678  1410   640
	20756 15340   677  1410   640
	20733 15366   666  1400   630
	20712 15388   655  1400   630
	20686 15417   619  1400   630
	20668 15447   562  1380   630
	20655 15466   513  1380   630
	20650 15493   350  1380   630
	20657 15510   336  1380   630
	20664 15516   218  1380   630
	20681 15530    -1  1380   630
	20698 15542    -1  1370   620
	20717 15546    -1  1370   620
	20740 15557    -1  1370   620
	20765 15558    -1  1380   610
	20798 15559    -1  1380   610
	20835 15559    -1  1380   610
	20877 15561    -1  1380   610
	20931 15560    -1  1380   610
	20992 15561    -1  1380   610
	21058 15560    -1  1380   610
	21121 15562    -1  1380   610
	21184 15563    -1  1400   620
	21246 15564    -1  1400   620
	21323 15575    -1  1400   620
	21379 15578    -1  1400   620
	21440 15590    -1  1400   620
	21495 15594    -1  1410   610
	21546 15607    -1  1410   610
	21591 15621    -1  1410   610
	21621 15628    -1  1390   610
	21646 15642    -1  1390   610
	21662 15658    -1  1390   610
	21674 15674    -1  1390   610
	21684 15688    -1  1390   610
	21704 15702    -1  1390   610
	21689 15707     0  1390   610
	21684 15720   297  1390   610
	21675 15733   360  1380   600
	21666 15734   294  1380   600
	21652 15735   344  1380   600
	21642 15733   368  1360   600
	21619 15719   374  1380   600
	21595 15703   380  1390   610
	21570 15676   385  1390   610
	21555 15658   390  1390   610
	21535 15626   395  1410   610
	21516 15592   401  1410   610
	21506 15559   395  1410   610
	21498 15527   395  1400   620
	21493 15494   395  1400   620
	21499 15464   390  1400   620
	21499 15436   390  1400   620
	21510 15417   390  1400   620
	21515 15402   385  1400   620
	21529 15388   380  1400   620
	21544 15382   374  1400   620
	21558 15371   374  1400   620
	21572 15370   374  1380   630
	21590 15381   368  1380   630
	21608 15384   363  1380   630
	21631 15399   357  1380   630
	21652 15414   357  1380   630
	21670 15430   350  1380   630
	21691 15447   350  1380   630
	21707 15466   350  1380   630
	21725 15494   344  1380   630
	21743 15515   344  1380   630
	21760 15547   331  1380   630
	21778 15590   324  1380   630
	21797 15627   317  1400   630
	21817 15685   269  1410   630
	21835 15738   367  1410   630
	21855 15800   367  1410   630
	21870 15861   367  1410   630
	21883 15900   269  1430   620
	21891 15943   286  1430   620
	21895 15973   302  1440   620
	21895 15990   338  1440   620
	21896 15993   357  1460   620
	21896 15993   374  1460   620
	21893 15993   385  1460   620
	21891 15989   395  1460   620
	21884 15974   401  1470   610
	21881 15947   401  1470   610
	21868 15916   405  1470   610
	21855 15868   410  1470   610
	21838 15829   410  1470   610
	21825 15769   415  1470   610
	21814 15721   415  1470   610
	21806 15671   415  1470   610
	21798 15637   415  1470   610
	21795 15596   410  1470   610
	21794 15563   410  1460   620
	21795 15545   410  1460   620
	21802 15527   405  1460   620
	21810 15510   405  1460   620
	21816 15497   401  1460   620
	21824 15494   395  1440   620
	21831 15494   395  1430   620
	21841 15493   395  1430   620
	21853 15496   401  1430   620
	21870 15509   401  1430   620
	21890 15515   405  1430   620
	21911 15529   401  1430   630
	21935 15547   405  1430   630
	21955 15563   405  1430   630
	21971 15589   405  1430   630
	21991 15610   401  1430   630
	22010 15640   401  1430   630
	22027 15671   401  1430   630
	22046 15704   401  1430   630
	22058 15724   401  1430   630
	22071 15749   401  1450   640
	22072 15765   405  1450   640
	22084 15767   405  1460   630
	22086 15770   410  1460   630
	22087 15770   420  1460   630
	22086 15767   469  1460   630
	22087 15765   507  1460   630
	22087 15752   519  1460   630
	22084 15736   528  1480   630
	22084 15717   533  1480   630
	22085 15676   536  1480   630
	22079 15660   542  1480   630
	22083 15638   542  1480   630
	22086 15622   539  1480   630
	22091 15607   542  1480   630
	22098 15590   539  1480   630
	22106 15573   542  1480   630
	22116 15560   539  1480   630
	22125 15557   536  1480   630
	22134 15547   533  1480   630
	22145 15545   531  1480   630
	22159 15546   531  1480   630
	22174 15545   528  1480   630
	22188 15557   525  1460   640
	22199 15561   525  1460   640
	22214 15573   522  1460   640
	22229 15580   522  1460   640
	22243 15594   516  1460   640
	22256 15609   500  1460   640
	22268 15625   494  1460   640
	22276 15640   480  1460   640
	22281 15659   462  1460   640
	22288 15676   480  1460   640
	22291 15701   494  1460   640
	22291 15717   513  1480   630
	22295 15719   528  1500   640
	22294 15724   542  1500   640
	22297 15724   557  1500   640
	22296 15724   572  1500   640
	22294 15724   584  1500   640
	22294 15720   599  1500   640
	22294 15707   609  1500   640
	22291 15701   619  1500   640
	22288 15676   619  1500   640
	22281 15658   613  1500   640
	22279 15643   605  1500   640
	22279 15622   577  1500   640
	22276 15610   550  1500   640
	22279 15596   513  1500   640
	22279 15580   368  1500   640
	22280 15573   336  1500   640
	22280 15561   160  1500   640
	22278 15558    -1  1500   640
	22273 15558    -1  1500   640
	22269 15559    -1  1500   640
	22269 15561    -1  1500   640
	22269 15564    -1  1500   640
	22271 15577    -1  1500   640
	22277 15590    -1  1500   640
	22283 15605    -1  1500   640
	22292 15612    -1  1500   640
	22303 15637    -1  1510   640
	22315 15656    -1  1510   640
	22328 15685    -1  1510   640
	22342 15718    -1  1510   640
	22355 15754    -1  1530   630
	22368 15799    -1  1530   630
	22377 15846    -1  1530   630
	22387 15883    -1  1530   630
	22393 15926    -1  1540   630
	22404 15947    75  1540   630
	22406 15963   286  1540   630
	22402 15977   297  1540   630
	22402 15979   297  1540   630
	22401 15989   286  1540   630
	22406 15978   249  1550   620
	22407 15976   136  1550   620
	22403 15963     0  1550   620
	22402 15944    -1  1550   620
	22394 15926    -1  1550   620
	22385 15896    -1  1550   620
	22378 15867    -1  1550   620
	22369 15836    -1  1550   620
	22358 15814    -1  1550   620
	22354 15784    -1  1550   620
	22346 15753    -1  1550   620
	22343 15733    -1  1550   620
	22342 15708    -1  1550   620
	22343 15691    -1  1550   620
	22344 15675    -1  1550   620
	22343 15669    -1  1550   620
	22351 15657    -1  1540   630
	22358 15656    -1  1540   630
	22363 15653    -1  1540   630
	22370 15654    -1  1540   630
	22375 15655    -1  1540   630
	22384 15658    -1  1530   630
	22389 15672    -1  1530   630
	22403 15675    -1  1530   630
	22417 15689     0  1530   630
	22432 15703   234  1530   630
	22443 15720   317  1530   630
	22462 15735   360  1530   630
	22481 15750   338  1530   630
	22496 15755   385  1510   630
	22513 15769   405  1510   630
	22527 15781   469  1490   630
	22539 15784   525  1490   630
	22549 15785   542  1490   630
	22554 15787   550  1470   620
	22556 15786   552  1470   620
	22558 15783   555  1460   620
	22560 15772   557  1460   620
	22561 15766   557  1460   620
	22561 15739   560  1460   620
	22556 15720   557  1440   610
	22553 15702   557  1440   610
	22551 15685   552  1440   610
	22548 15659   547  1420   610
	22553 15654   544  1420   610
	22553 15638   536  1420   610
	22559 15625   531  1420   610
	22565 15621   528  1420   610
	22576 15610   519  1420   610
	22582 15610   513  1420   610
	22593 15609   487  1420   610
	22601 15611   469  1440   610
	22614 15622   480  1430   620
	22630 15627   480  1430   620
	22646 15628   494  1430   620
	22660 15644   500  1430   620
	22675 15660   494  1430   620
	22689 15674   507  1430   620
	22704 15689   513  1430   620
	22715 15703   516  1430   620
	22724 15720   516  1430   620
	22734 15734   519  1440   620
	22743 15739   525  1440   620
	22748 15751   533  1440   620
	22748 15752   539  1440   620
	22749 15752   542  1440   620
	22750 15753   544  1440   620
	22752 15753   550  1440   620
	22752 15752   555  1440   620
	22753 15751   557  1460   620
	22756 15740   560  1460   620
	22756 15737   565  1460   620
	22757 15724   570  1460   620
	22758 15720   572  1460   620
	22761 15706   574  1460   620
	22766 15702   572  1460   620
	22768 15690   574  1460   620
	22775 15686   574  1460   620
	22778 15676   574  1460   620
	22790 15672   574  1460   620
	22801 15670   577  1440   620
	22814 15670   577  1440   620
	22822 15660   577  1440   620
	22834 15660   581  1440   620
	22845 15670   588  1440   620
	22860 15673   601  1440   620
	22871 15675   603  1440   620
	22886 15688   611  1440   620
	22899 15701   619  1440   620
	22916 15703   625  1440   620
	22924 15717   630  1440   620
	22933 15723   634  1440   620
	22941 15735   639  1440   620
	22944 15739   645  1460   630
	22946 15750   651  1460   630
	22942 15754   655  1460   630
	22933 15765   655  1460   630
	22921 15772   653  1460   630
	22901 15783   648  1470   620
	22885 15786   643  1470   620
	22868 15788   643  1470   620
	22854 15788   641  1470   620
	22842 15787   638  1470   620
	22832 15784   632  1470   620
	22820 15781   623  1470   620
	22811 15771   609  1470   620
	22810 15768   588  1470   620
	22806 15754   577  1470   620
	22809 15739   574  1470   620
	22809 15734   572  1470   620
	22812 15721   567  1470   620
	22816 15718   567  1470   620
	22824 15706   567  1470   620
	22831 15702   565  1470   620
	22841 15691   567  1470   620
	22849 15689   567  1470   620
	22861 15689   567  1470   620
	22872 15689   570  1470   620
	22889 15690   570  1470   620
	22905 15691   570  1460   620
	22924 15701   572  1460   620
	22944 15701   577  1460   620
	22964 15702   584  1440   620
	22991 15702   601  1440   620
	23012 15701   609  1460   630
	23034 15691   621  1460   630
	23062 15691   629  1460   630
	23087 15687   634  1460   630
	23111 15675   638  1460   630
	23134 15670   639  1460   630
	23154 15658   641  1460   630
	23172 15653   645  1460   630
	23200 15640   650  1460   630
	23227 15624   651  1460   630
	23260 15610   650  1460   630
	23288 15605   651  1460   630
	23317 15591   651  1460   630
	23350 15576   651  1460   630
	23381 15562   650  1460   630
	23401 15547   650  1460   630
	23414 15531   651  1460   630
	23418 15525   653  1460   630
	23414 15516   664  1460   630
	23404 15512   689  1460   630
	23381 15499   725  1480   630
	23341 15494   744  1480   630
	23288 15481   773  1480   630
	23220 15468   782  1480   630
	23137 15465   789  1480   630
	23024 15451   815  1480   630
	22882 15436   817  1480   630
	22716 15418   824  1480   630
	22513 15388   826  1480   630
	22284 15365   825  1480   630
	22035 15319   823  1480   630
	21781 15270   821  1480   630
	21546 15210   812  1480   630
	21311 15143   789  1450   640
	21121 15078   789  1450   640
	20987 15015   786  1450   640
	20902 14966   782  1450   640
	20850 14920   768  1450   640
	20832 14888   714  1430   630
	20836 14869   669  1430   630
	20860 14839   638  1410   640
	20904 14811   560  1410   640
	20977 14806   462  1410   640
	21064 14806   331  1410   640
	21158 14810   275  1410   640
