ABCDE-012_345_678 511
	 6334 11832    64  1240   570
	 6340 11817   136  1240   570
	 6339 11801   201  1240   570
	 6349 11768   234  1240   570
	 6354 11723   262  1240   580
	 6358 11687   286  1240   580
	 6365 11642   297  1240   580
	 6373 11608   317  1240   580
	 6384 11575   336  1230   590
	 6393 11547   344  1230   590
	 6398 11528   352  1240   600
	 6414 11511   360  1220   600
	 6433 11499   367  1220   600
	 6444 11495   286  1200   600
	 6455 11495   310  1200   600
	 6463 11496   324  1200   600
	 6477 11500   344  1200   600
	 6489 11515   357  1190   610
	 6502 11542   368  1190   610
	 6520 11563   374  1190   610
	 6546 11595   374  1200   620
	 6567 11637   374  1200   620
	 6591 11674   374  1200   620
	 6606 11718   374  1200   620
	 6627 11756   374  1220   610
	 6642 11801   368  1220   610
	 6660 11852   368  1220   610
	 6672 11912   368  1230   610
	 6684 11963   363  1230   610
	 6696 12037   363  1240   620
	 6708 12104   357  1260   610
	 6717 12172   357  1260   610
	 6728 12233   368  1260   610
	 6734 12280   368  1280   610
	 6739 12312   385  1280   610
	 6740 12329   395  1280   610
	 6741 12342   405  1280   610
	 6745 12344   415  1290   600
	 6744 12344   437  1290   600
	 6742 12342   494  1290   600
	 6745 12325   533  1290   600
	 6744 12282   547  1290   600
	 6741 12245   557  1290   600
	 6735 12181   567  1290   600
	 6735 12105   577  1290   600
	 6736 12026   584  1290   600
	 6733 11963   595  1290   600
	 6728 11910   590  1290   600
	 6724 11862   584  1290   600
	 6735 11818   577  1290   600
	 6738 11783   565  1280   610
	 6747 11752   552  1280   610
	 6756 11721   525  1280   610
	 6768 11702   405  1280   610
	 6766 11687   338  1280   610
	 6770 11673   344  1280   610
	 6773 11660   234  1270   620
	 6775 11660     0  1270   620
	 6776 11660    -1  1270   620
	 6769 11672    -1  1270   620
	 6767 11686    -1  1270   620
	 6767 11703    -1  1270   620
	 6765 11720    -1  1270   620
	 6774 11738    -1  1270   620
	 6775 11768    -1  1270   620
	 6783 11800    -1  1270   620
	 6791 11836    -1  1270   620
	 6807 11883    -1  1290   630
	 6818 11941    -1  1290   630
	 6837 11993    -1  1300   620
	 6854 12057    -1  1300   620
	 6876 12122    -1  1300   620
	 6893 12184    -1  1290   610
	 6914 12232    -1  1290   610
	 6937 12278    -1  1290   600
	 6956 12310    -1  1290   600
	 6971 12332    -1  1290   600
	 6985 12361    -1  1290   600
	 6996 12378   262  1280   590
	 6997 12395   327  1280   590
	 6996 12408   360  1280   590
	 6995 12411   317  1280   590
	 6997 12411   374  1270   590
	 6995 12411   415  1270   590
	 6989 12411   519  1270   590
	 6982 12408   542  1270   590
	 6973 12407   557  1240   580
	 6954 12395   565  1270   590
	 6927 12379   567  1270   590
	 6889 12360   567  1270   590
	 6843 12331   560  1270   590
	 6791 12299   557  1270   590
	 6738 12265   555  1280   590
	 6695 12232   547  1280   590
	 6656 12203   539  1280   590
	 6632 12186   519  1280   590
	 6619 12168   500  1280   590
	 6614 12152   420  1260   600
	 6615 12135   401  1260   600
	 6614 12123   380  1260   600
	 6614 12122   357  1260   600
	 6618 12122   344  1260   600
	 6628 12121   344  1260   600
	 6642 12122   344  1260   600
	 6659 12133   344  1250   600
	 6684 12139   350  1250   600
	 6712 12152   363  1260   610
	 6744 12156   368  1260   610
	 6773 12170   374  1260   610
	 6805 12184   390  1260   610
	 6835 12185   401  1260   610
	 6870 12197   401  1260   610
	 6905 12197   420  1260   610
	 6939 12188   469  1260   610
	 6977 12181   516  1260   610
	 7010 12166   528  1260   610
	 7040 12140   536  1260   610
	 7068 12118   547  1260   610
	 7094 12085   560  1260   610
	 7114 12043   572  1260   610
	 7131 12008   590  1250   600
	 7139 11963   619  1260   600
	 7139 11930   638  1260   600
	 7136 11894   645  1260   600
	 7119 11862   651  1260   600
	 7102 11832   661  1260   600
	 7080 11803   668  1260   600
	 7048 11771   678  1260   600
	 7015 11739   689  1260   600
	 6978 11718   698  1260   600
	 6934 11689   701  1260   600
	 6883 11669   709  1260   600
	 6826 11641   706  1260   600
	 6771 11624   713  1280   610
	 6723 11610   717  1280   610
	 6675 11606   717  1260   610
	 6639 11596   717  1260   610
	 6600 11605   708  1260   610
	 6563 11608   702  1260   610
	 6535 11621   698  1240   620
	 6502 11625   686  1240   620
	 6475 11641   672  1240   620
	 6451 11670   661  1240   620
	 6429 11690   646  1240   620
	 6410 11733   609  1240   620
	 6404 11756   560  1240   620
	 6404 11786   494  1240   620
	 6415 11813   338  1260   620
	 6430 11835   308  1240   620
	 6454 11849     0  1260   610
	 6475 11865    -1  1260   610
	 6493 11879    -1  1260   610
	 6510 11883    -1  1280   610
	 6532 11883    -1  1280   610
	 6555 11880    -1  1280   610
	 6579 11867    -1  1290   600
	 6611 11864    -1  1290   600
	 6647 11851    -1  1320   600
	 6690 11848    -1  1320   600
	 6747 11845    -1  1340   600
	 6786 11834    -1  1350   600
	 6839 11815    -1  1360   600
	 6888 11833    -1  1350   590
	 6941 11834    -1  1360   580
	 6993 11836    -1  1350   580
	 7042 11849    -1  1350   570
	 7089 11862    -1  1350   570
	 7133 11877    -1  1350   550
	 7170 11884    -1  1350   550
	 7204 11898    -1  1350   550
	 7229 11914    -1  1340   550
	 7251 11929    -1  1350   540
	 7270 11947    -1  1350   540
	 7284 11962    -1  1340   540
	 7295 11978    -1  1340   540
	 7301 11995    -1  1340   540
	 7349 12011    -1  1330   530
	 7303 12025    -1  1310   540
	 7298 12041    -1  1310   540
	 7295 12044   275  1330   540
	 7284 12054   317  1320   550
	 7277 12055   336  1320   550
	 7267 12053   360  1320   570
	 7257 12041   302  1320   570
	 7242 12028   324  1320   570
	 7220 12009   350  1320   580
	 7199 11989   374  1320   580
	 7184 11948   390  1310   580
	 7163 11926   401  1310   580
	 7147 11881   401  1310   580
	 7132 11850   405  1290   590
	 7127 11829   405  1290   590
	 7128 11788   405  1280   590
	 7135 11756   401  1280   590
	 7145 11737   401  1280   590
	 7155 11721   395  1280   590
	 7167 11708   385  1260   600
	 7180 11703   374  1260   600
	 7195 11701   374  1260   600
	 7209 11692   368  1260   600
	 7223 11701   368  1250   600
	 7241 11706   363  1250   600
	 7261 11718   363  1250   600
	 7276 11734   357  1250   600
	 7300 11751   357  1250   600
	 7318 11769   350  1250   600
	 7338 11786   344  1250   600
	 7358 11816   338  1250   600
	 7372 11835   338  1260   610
	 7390 11866   338  1260   610
	 7403 11898   331  1260   610
	 7419 11944   324  1280   610
	 7434 11989   317  1280   610
	 7447 12040   302  1280   610
	 7459 12091   302  1280   610
	 7468 12149   302  1280   610
	 7480 12186   310  1280   610
	 7488 12217   324  1280   610
	 7496 12235   331  1290   610
	 7501 12251   357  1290   610
	 7506 12263   380  1290   610
	 7508 12264   395  1290   610
	 7507 12263   410  1310   610
	 7502 12261   454  1290   610
	 7503 12251   494  1290   610
	 7500 12236   513  1290   610
	 7498 12218   516  1290   610
	 7487 12185   522  1290   610
	 7478 12138   522  1290   610
	 7463 12090   522  1290   610
	 7455 12041   522  1290   610
	 7451 11996   522  1290   610
	 7443 11959   522  1290   610
	 7437 11927   522  1290   610
	 7436 11898   519  1290   610
	 7443 11867   513  1290   610
	 7451 11851   507  1290   610
	 7457 11835   480  1290   610
	 7462 11832   446  1290   610
	 7463 11830   415  1290   610
	 7474 11829   415  1290   610
	 7484 11819   415  1290   610
	 7496 11829   415  1290   610
	 7501 11830   415  1290   610
	 7511 11833   415  1290   610
	 7520 11846   420  1290   610
	 7533 11852   420  1270   620
	 7548 11866   420  1270   620
	 7569 11880   420  1270   620
	 7586 11897   420  1270   620
	 7601 11914   415  1270   620
	 7612 11941   415  1270   620
	 7629 11958   415  1270   620
	 7637 11975   415  1270   620
	 7644 11980   415  1290   630
	 7645 11991   420  1290   630
	 7651 11995   454  1290   630
	 7649 11996   494  1290   630
	 7649 11994   507  1290   630
	 7649 11994   522  1290   630
	 7649 11991   528  1290   630
	 7651 11990   531  1290   630
	 7650 11978   533  1290   630
	 7651 11963   533  1290   630
	 7651 11948   533  1300   620
	 7654 11932   539  1300   620
	 7662 11916   536  1300   620
	 7664 11910   533  1300   620
	 7673 11896   536  1300   620
	 7684 11881   533  1300   620
	 7693 11878   533  1300   620
	 7702 11866   533  1300   620
	 7713 11864   531  1300   620
	 7724 11862   528  1300   620
	 7738 11861   525  1300   620
	 7744 11863   522  1290   630
	 7757 11864   519  1290   630
	 7766 11867   519  1290   630
	 7779 11880   519  1290   630
	 7793 11883   519  1300   620
	 7805 11896   516  1290   630
	 7815 11912   516  1300   620
	 7823 11925   519  1320   630
	 7830 11931   519  1320   630
	 7838 11947   522  1320   630
	 7847 11964   522  1320   630
	 7846 11980   525  1320   630
	 7846 11995   528  1320   630
	 7845 12012   544  1320   630
	 7848 12022   557  1320   630
	 7845 12026   567  1320   630
	 7845 12027   579  1320   630
	 7845 12027   603  1320   630
	 7846 12025   625  1320   630
	 7844 12023   639  1320   630
	 7846 12021   643  1320   630
	 7848 12009   646  1320   630
	 7848 11995   650  1320   630
	 7852 11989   651  1320   630
	 7852 11973   650  1320   630
	 7852 11959   646  1320   630
	 7856 11945   639  1320   630
	 7856 11932   609  1320   630
	 7858 11926   557  1320   630
	 7862 11915   415  1320   630
	 7859 11911   302  1320   630
	 7858 11896   234  1330   630
	 7850 11896    -1  1330   630
	 7840 11896    -1  1330   630
	 7831 11896    -1  1330   630
	 7825 11897    -1  1330   630
	 7816 11899    -1  1350   630
	 7811 11910    -1  1350   630
	 7808 11913    -1  1350   630
	 7806 11926    -1  1370   620
	 7809 11932    -1  1370   620
	 7811 11947    -1  1370   620
	 7816 11960    -1  1400   620
	 7822 11977    -1  1400   620
	 7825 11995    -1  1410   610
	 7836 12024    -1  1410   610
	 7842 12053    -1  1420   610
	 7845 12087    -1  1420   610
	 7853 12122    -1  1410   610
	 7854 12154    -1  1390   610
	 7862 12185   160  1390   610
	 7860 12213   262  1390   610
	 7865 12220   275  1390   610
	 7867 12245   275  1390   610
	 7874 12250   275  1380   610
	 7880 12261   249  1380   610
	 7885 12263   136  1380   610
	 7892 12261    -1  1370   620
	 7894 12247    -1  1370   620
	 7894 12230    -1  1330   620
	 7888 12201    -1  1330   620
	 7882 12172    -1  1320   630
	 7875 12140    -1  1320   630
	 7868 12108    -1  1320   630
	 7868 12076    -1  1330   630
	 7862 12054    -1  1350   630
	 7859 12023    -1  1350   630
	 7858 11996    -1  1350   630
	 7856 11978    -1  1370   620
	 7861 11963    -1  1370   620
	 7864 11957    -1  1400   620
	 7868 11947    -1  1400   620
	 7873 11946    -1  1400   620
	 7881 11946    -1  1410   610
	 7890 11946    -1  1410   610
	 7899 11957    -1  1410   610
	 7911 11960    -1  1410   610
	 7921 11973    -1  1410   600
	 7928 11976    -1  1410   600
	 7938 11990    -1  1410   590
	 7952 12005    -1  1390   600
	 7964 12009    -1  1380   590
	 7979 12022     0  1380   590
	 7991 12037   218  1360   600
	 8003 12044   286  1350   590
	 8015 12057   336  1350   590
	 8025 12069   367  1340   580
	 8040 12075   302  1340   580
	 8054 12087   344  1320   590
	 8065 12090   357  1310   580
	 8075 12091   374  1310   580
	 8086 12091   401  1310   580
	 8098 12088   415  1310   580
	 8106 12086   415  1310   580
	 8112 12073   437  1290   590
	 8116 12056   513  1290   590
	 8119 12039   519  1310   600
	 8120 12021   522  1310   600
	 8119 12005   522  1290   600
	 8120 11991   519  1290   600
	 8121 11977   519  1290   600
	 8119 11962   513  1290   600
	 8119 11958   487  1290   600
	 8119 11947   429  1290   600
	 8125 11944   415  1290   600
	 8128 11942   410  1290   600
	 8133 11943   410  1310   600
	 8139 11943   405  1310   600
	 8147 11944   405  1310   600
	 8155 11947   405  1310   600
	 8167 11959   401  1320   600
	 8180 11963   401  1320   600
	 8196 11976   395  1320   600
	 8205 11989   390  1320   600
	 8219 11996   385  1320   600
	 8231 12010   380  1320   600
	 8245 12024   380  1320   600
	 8254 12038   380  1320   600
	 8259 12044   380  1320   600
	 8266 12055   385  1340   600
	 8268 12059   390  1340   600
	 8268 12059   401  1340   600
	 8270 12060   401  1340   600
	 8270 12059   410  1340   600
	 8272 12059   415  1340   600
	 8272 12056   420  1340   600
	 8274 12054   454  1340   600
	 8281 12041   500  1340   600
	 8286 12038   513  1340   600
	 8290 12025   516  1340   600
	 8296 12021   516  1360   600
	 8302 12010   522  1350   600
	 8313 12008   522  1350   600
	 8324 12006   525  1350   600
	 8335 11995   525  1350   600
	 8348 11995   522  1350   600
	 8362 11995   525  1350   600
	 8380 11996   525  1350   600
	 8393 12006   528  1340   610
	 8413 12008   528  1340   610
	 8432 12010   533  1340   610
	 8444 12021   536  1340   610
	 8454 12024   544  1340   610
	 8470 12027   550  1350   620
	 8476 12039   557  1350   620
	 8484 12044   565  1350   620
	 8489 12057   570  1350   620
	 8494 12073   572  1360   610
	 8495 12087   574  1350   620
	 8497 12103   577  1350   620
	 8494 12117   579  1350   620
	 8489 12122   581  1350   620
	 8484 12134   577  1350   620
	 8476 12138   577  1350   620
	 8467 12140   577  1350   620
	 8457 12149   574  1350   620
	 8441 12150   570  1350   620
	 8431 12149   570  1330   620
	 8421 12140   567  1330   620
	 8411 12136   562  1330   620
	 8404 12122   557  1330   620
	 8400 12119   552  1320   630
	 8393 12104   544  1320   630
	 8393 12091   539  1320   630
	 8397 12086   531  1320   630
	 8397 12074   525  1320   630
	 8400 12069   519  1320   630
	 8404 12058   513  1320   630
	 8411 12055   507  1330   620
	 8419 12044   494  1330   620
	 8426 12042   469  1330   620
	 8432 12042   437  1330   620
	 8443 12042   415  1330   620
	 8456 12053   415  1350   620
	 8472 12055   415  1350   620
	 8487 12069   410  1350   620
	 8503 12072   410  1350   620
	 8515 12085   410  1350   620
	 8527 12089   415  1360   610
	 8536 12091   420  1360   610
	 8541 12103   494  1360   610
	 8545 12102   531  1360   610
	 8547 12103   547  1350   620
	 8545 12103   560  1350   620
	 8547 12103   570  1350   620
	 8547 12101   577  1370   620
	 8545 12092   584  1350   630
	 8547 12091   595  1350   630
	 8550 12090   603  1350   630
	 8550 12089   605  1350   630
	 8554 12086   605  1350   630
	 8554 12076   603  1330   630
	 8563 12072   611  1330   630
	 8571 12070   613  1330   630
	 8578 12058   621  1330   630
	 8589 12044   629  1330   630
	 8606 12038   634  1330   630
	 8626 12025   641  1330   630
	 8654 12011   643  1330   630
	 8685 12007   646  1350   630
	 8720 11992   648  1350   630
	 8759 11978   651  1350   630
	 8800 11973   653  1350   630
	 8841 11960   651  1350   630
	 8878 11947   653  1350   630
	 8913 11943   653  1380   630
	 8941 11932   653  1380   630
	 8960 11928   651  1370   620
	 8966 11916   653  1370   620
	 8964 11914   663  1370   620
	 8955 11911   689  1370   620
	 8936 11898   714  1370   620
	 8900 11894   738  1370   620
	 8849 11880   769  1380   630
	 8779 11863   772  1370   630
	 8698 11847   782  1370   630
	 8602 11820   786  1370   630
	 8473 11798   788  1370   630
	 8320 11768   814  1350   630
	 8149 11724   820  1350   630
	 7958 11685   820  1350   630
	 7738 11624   822  1350   630
	 7522 11548   820  1330   630
	 7316 11484   817  1330   630
	 7154 11417   799  1330   630
	 7038 11365   787  1330   650
	 6966 11308   782  1320   640
	 6926 11273   776  1300   650
	 6899 11228   744  1300   650
	 6892 11205   708  1300   650
	 6896 11174   671  1290   640
	 6908 11148   639  1270   640
	 6936 11130   557  1270   640
	 6976 11115   410  1250   650
	 7026 11114   352  1250   650
	 7083 11116     0  1250   650
