ABCDE-012_345_678 1847
	19888 12214     0  1130   570
	19884 12213    35  1130   570
	19880 12214   136  1130   570
	19879 12214   201  1130   570
	19879 12215   234  1130   570
	19878 12215   262  1130   580
	19876 12217   297  1130   580
	19879 12217   317  1130   580
	19878 12219   336  1130   580
	19877 12220   352  1130   580
	19876 12229   367  1150   580
	19876 12229   286  1150   580
	19875 12231   317  1150   580
	19875 12231   344  1150   580
	19875 12232   368  1150   580
	19874 12232   385  1150   580
	19875 12233   401  1150   580
	19874 12233   410  1150   580
	19874 12235   462  1150   580
	19875 12236   519  1150   580
	19875 12247   525  1150   580
	19875 12248   533  1150   580
	19874 12250   542  1150   580
	19874 12262   550  1150   580
	19878 12265   555  1150   580
	19879 12277   557  1150   580
	19883 12281   557  1150   580
	19884 12295   557  1150   580
	19889 12300   560  1140   570
	19893 12313   560  1140   570
	19897 12316   560  1150   580
	19900 12329   562  1150   580
	19912 12341   565  1150   580
	19921 12348   565  1150   580
	19925 12359   567  1150   580
	19931 12364   570  1150   580
	19941 12378   574  1150   580
	19946 12391   577  1150   580
	19953 12395   577  1150   580
	19962 12409   577  1150   580
	19971 12423   577  1150   580
	19981 12439   577  1150   580
	19993 12453   577  1150   580
	20004 12456   577  1150   580
	20018 12469   581  1150   580
	20033 12475   581  1150   580
	20043 12486   579  1150   580
	20057 12489   579  1150   580
	20070 12501   579  1150   580
	20087 12505   577  1150   580
	20101 12506   579  1150   580
	20124 12518   577  1150   580
	20143 12519   577  1150   580
	20165 12522   579  1150   580
	20198 12534   581  1150   580
	20226 12537   579  1150   580
	20260 12540   579  1150   580
	20293 12553   581  1150   580
	20327 12555   581  1160   580
	20364 12568   579  1160   580
	20400 12570   581  1160   580
	20438 12581   584  1160   580
	20478 12585   590  1160   580
	20517 12587   590  1160   580
	20555 12598   599  1160   580
	20599 12602   601  1150   580
	20641 12613   601  1150   580
	20685 12618   603  1150   580
	20728 12630   609  1160   570
	20781 12633   615  1160   570
	20834 12647   615  1160   570
	20890 12649   621  1160   570
	20945 12652   619  1160   570
	21006 12667   623  1160   570
	21066 12679   621  1160   570
	21129 12684   621  1160   570
	21194 12699   621  1160   570
	21257 12710   625  1160   570
	21323 12715   629  1170   580
	21386 12726   630  1170   580
	21455 12731   629  1170   580
	21517 12741   632  1170   580
	21573 12747   634  1170   580
	21634 12748   634  1170   580
	21683 12760   634  1170   580
	21743 12762   634  1170   580
	21796 12774   634  1170   580
	21855 12780   636  1170   580
	21919 12795   636  1170   580
	21977 12809   634  1190   580
	22031 12823   634  1190   580
	22088 12838   636  1190   580
	22139 12853   634  1190   580
	22185 12859   636  1190   580
	22226 12874   634  1190   580
	22266 12890   636  1190   580
	22299 12904   634  1190   580
	22327 12918   634  1190   580
	22353 12923   632  1190   580
	22369 12937   634  1190   580
	22380 12950   632  1190   580
	22384 12955   634  1200   580
	22387 12966   636  1200   580
	22388 12971   639  1210   580
	22382 12984   639  1210   580
	22373 12997   639  1210   580
	22363 13003   639  1210   580
	22349 13019   634  1210   580
	22331 13033   636  1210   580
	22308 13048   632  1210   580
	22280 13063   632  1210   580
	22250 13067   632  1210   580
	22223 13080   632  1230   580
	22190 13084   634  1230   580
	22154 13094   634  1230   580
	22117 13096   632  1230   580
	22073 13096   636  1230   580
	22025 13096   634  1230   580
	21978 13095   636  1230   580
	21926 13084   634  1230   580
	21872 13079   634  1220   570
	21816 13077   634  1220   570
	21763 13064   632  1220   570
	21711 13062   634  1220   570
	21666 13046   639  1220   570
	21622 13033   639  1220   570
	21575 13029   643  1220   570
	21529 13002   646  1220   570
	21487 12985   648  1220   570
	21434 12954   648  1220   570
	21384 12933   651  1200   570
	21329 12902   653  1200   570
	21278 12871   656  1200   570
	21226 12839   656  1200   570
	21173 12805   658  1200   570
	21120 12773   660  1190   580
	21073 12731   664  1190   580
	21024 12696   666  1190   580
	20969 12651   669  1170   580
	20921 12615   671  1170   580
	20867 12571   678  1170   580
	20815 12524   681  1160   580
	20760 12475   684  1160   580
	20708 12437   689  1160   580
	20657 12393   696  1160   580
	20603 12357   697  1140   590
	20545 12311   700  1140   590
	20488 12265   700  1140   590
	20428 12229   702  1140   590
	20360 12184   706  1130   590
	20293 12140   713  1130   590
	20228 12105   717  1130   590
	20167 12069   733  1130   590
	20110 12027   736  1130   590
	20051 11995   770  1130   590
	19997 11973   774  1130   590
	19935 11944   775  1130   590
	19877 11915   776  1130   590
	19824 11897   777  1130   590
	19770 11880   776  1130   590
	19726 11864   772  1130   590
	19687 11846   770  1140   590
	19655 11832   768  1140   590
	19629 11829   736  1140   590
	19613 11817   705  1140   590
	19605 11815   689  1140   590
	19606 11817   653  1140   590
	19611 11820   579  1140   590
	19628 11832   525  1140   590
	19648 11848   363  1140   590
	19680 11865   317  1140   590
	19719 11894     0  1130   580
	19767 11914    -1  1150   580
	19814 11944    -1  1150   580
	19872 11964    -1  1150   580
	19933 11993    -1  1160   580
	19991 12025    -1  1170   580
	20053 12044    -1  1170   580
	20107 12085    -1  1170   580
	20162 12105    -1  1170   580
	20213 12133    -1  1170   580
	20267 12152    -1  1160   580
	20316 12170    -1  1160   580
	20364 12188    -1  1160   580
	20410 12202    -1  1160   580
	20455 12215    -1  1150   580
	20488 12219    -1  1130   580
	20510 12229    -1  1130   580
	20523 12229    -1  1130   570
	20527 12229    -1  1130   570
	20525 12229    -1  1110   570
	20516 12218    -1  1100   560
	20508 12216    -1  1090   570
	20497 12216    -1  1070   560
	20482 12215    -1  1070   560
	20467 12215    -1  1070   550
	20451 12214    -1  1070   550
	20434 12213    -1  1070   540
	20419 12204    -1  1070   540
	20401 12204    -1  1070   540
	20385 12204    -1  1070   540
	20378 12213    -1  1070   540
	20366 12213    -1  1070   540
	20359 12204    -1  1070   540
	20349 12204    -1  1070   540
	20340 12213    -1  1070   550
	20335 12204    -1  1070   550
	20324 12213    -1  1080   560
	20318 12213    -1  1080   560
	20310 12215    -1  1090   570
	20306 12215    -1  1090   570
	20300 12218    -1  1090   570
	20298 12219    -1  1090   570
	20292 12219    -1  1090   570
	20287 12220    -1  1100   580
	20286 12231    -1  1100   580
	20280 12232    -1  1130   590
	20280 12232    -1  1130   590
	20273 12233    -1  1130   590
	20267 12234    -1  1130   600
	20265 12232    -1  1130   600
	20261 12234    -1  1130   590
	20261 12233    -1  1130   590
	20259 12235    -1  1130   590
	20256 12236    64  1130   590
	20252 12248   249  1140   590
	20240 12249   297  1140   590
	20234 12252   336  1140   590
	20227 12261   278  1140   590
	20218 12263   338  1140   590
	20215 12264   368  1140   590
	20209 12265   395  1150   580
	20209 12265   410  1150   580
	20207 12266   429  1150   580
	20206 12267   469  1150   580
	20210 12267   494  1150   580
	20213 12267   500  1150   580
	20215 12267   500  1150   580
	20226 12277   507  1150   580
	20235 12268   507  1150   580
	20248 12277   507  1150   580
	20261 12278   513  1150   580
	20279 12278   513  1160   570
	20297 12278   516  1160   570
	20317 12279   522  1170   580
	20342 12280   525  1170   580
	20369 12282   528  1150   580
	20399 12284   531  1150   580
	20428 12295   533  1150   580
	20456 12297   539  1150   580
	20486 12309   544  1150   580
	20517 12314   547  1150   580
	20546 12326   552  1150   580
	20571 12332   557  1150   580
	20599 12346   557  1150   580
	20624 12359   557  1150   580
	20637 12360   560  1150   580
	20655 12364   560  1140   570
	20667 12364   560  1140   570
	20677 12364   560  1140   570
	20690 12373   562  1140   570
	20696 12364   562  1140   570
	20702 12364   562  1140   570
	20709 12373   562  1140   570
	20711 12364   562  1140   570
	20710 12364   565  1140   570
	20711 12364   570  1140   570
	20709 12363   574  1160   560
	20707 12362   579  1160   560
	20708 12362   584  1160   560
	20706 12362   588  1160   560
	20706 12360   592  1160   560
	20707 12358   599  1160   560
	20702 12348   601  1160   560
	20702 12345   605  1140   570
	20700 12332   609  1140   570
	20696 12326   611  1140   570
	20694 12312   613  1140   570
	20687 12297   619  1140   570
	20685 12282   619  1140   570
	20679 12277   615  1140   570
	20674 12262   615  1140   570
	20671 12249   615  1140   570
	20664 12234   613  1140   570
	20660 12219   615  1140   570
	20655 12204   615  1140   570
	20650 12197   621  1140   570
	20646 12182   623  1130   570
	20642 12167   625  1130   570
	20639 12151   623  1130   570
	20633 12137   623  1130   570
	20630 12124   629  1130   570
	20627 12119   625  1130   570
	20631 12108   623  1130   570
	20633 12106   619  1130   580
	20634 12106   605  1130   580
	20640 12104   590  1130   580
	20644 12106   581  1130   580
	20647 12106   577  1130   580
	20655 12107   574  1130   580
	20663 12106   577  1130   580
	20678 12117   577  1130   580
	20696 12121   579  1130   580
	20711 12133   581  1130   580
	20732 12136   588  1130   580
	20748 12139   588  1130   580
	20762 12149   584  1130   580
	20778 12154   588  1130   580
	20785 12153   590  1130   580
	20796 12154   590  1130   580
	20799 12154   584  1130   580
	20801 12153   588  1120   580
	20805 12150   584  1120   580
	20810 12139   588  1120   580
	20815 12135   590  1120   580
	20817 12123   601  1120   580
	20819 12107   603  1120   580
	20820 12102   609  1120   580
	20823 12086   613  1120   580
	20818 12060   619  1120   580
	20823 12056   615  1120   580
	20823 12041   619  1130   580
	20825 12037   619  1130   580
	20832 12021   615  1130   580
	20834 12009   613  1130   580
	20842 12009   613  1130   580
	20848 12009   609  1140   590
	20857 12009   615  1140   590
	20868 12012   615  1140   590
	20880 12025   621  1160   580
	20896 12040   629  1160   580
	20911 12055   630  1160   580
	20931 12074   632  1160   580
	20945 12102   632  1160   580
	20960 12119   634  1160   580
	20979 12149   634  1160   580
	20995 12167   636  1160   580
	21008 12184   638  1140   590
	21016 12201   643  1140   590
	21026 12216   646  1140   590
	21033 12232   650  1140   590
	21036 12246   656  1140   590
	21038 12261   661  1140   590
	21041 12278   663  1140   590
	21045 12283   666  1130   590
	21044 12295   669  1130   590
	21045 12298   669  1130   590
	21046 12309   669  1130   590
	21045 12312   669  1130   590
	21047 12313   671  1130   590
	21047 12312   669  1130   590
	21045 12313   668  1130   590
	21047 12312   664  1130   590
	21050 12311   661  1130   590
	21051 12310   656  1130   590
	21051 12299   655  1130   590
	21053 12296   653  1130   590
	21057 12284   653  1120   580
	21060 12280   651  1130   590
	21059 12268   653  1130   590
	21065 12263   651  1130   590
	21066 12252   651  1130   590
	21071 12248   653  1130   590
	21076 12234   653  1130   590
	21079 12220   653  1130   590
	21080 12217   653  1130   590
	21081 12203   653  1130   590
	21087 12200   653  1130   590
	21087 12197   651  1130   590
	21087 12187   650  1130   590
	21087 12184   651  1130   590
	21087 12181   650  1130   590
	21088 12171   651  1130   590
	21087 12171   650  1130   590
	21089 12169   651  1130   590
	21088 12168   651  1130   590
	21087 12169   650  1130   590
	21088 12169   650  1130   590
	21088 12171   646  1130   590
	21090 12172   645  1130   590
	21090 12181   641  1130   590
	21091 12181   639  1130   590
	21093 12184   636  1130   590
	21098 12186   634  1130   590
	21103 12198   636  1130   590
	21114 12201   634  1130   590
	21124 12213   634  1130   590
	21135 12218   636  1130   600
	21145 12231   636  1130   600
	21163 12246   636  1130   600
	21178 12261   636  1130   600
	21195 12277   638  1130   600
	21218 12293   638  1130   600
	21236 12311   639  1130   600
	21259 12326   639  1130   600
	21282 12341   639  1130   600
	21302 12348   641  1130   600
	21320 12362   643  1130   600
	21336 12376   643  1130   600
	21346 12378   643  1130   600
	21356 12389   646  1130   600
	21364 12390   648  1130   600
	21370 12389   648  1130   600
	21372 12380   650  1130   600
	21373 12379   651  1140   610
	21377 12376   653  1140   610
	21379 12364   655  1140   610
	21378 12359   658  1140   610
	21376 12344   660  1140   610
	21375 12326   660  1140   610
	21372 12311   663  1140   610
	21371 12294   663  1140   610
	21368 12268   664  1140   610
	21359 12248   666  1140   610
	21355 12230   668  1140   610
	21351 12203   671  1140   610
	21347 12184   675  1140   610
	21340 12165   683  1140   610
	21334 12137   690  1140   610
	21325 12117   700  1140   610
	21320 12101   706  1140   610
	21311 12070   708  1140   610
	21303 12044   717  1140   610
	21294 12027   723  1150   620
	21293 12022   723  1150   620
	21291 12010   721  1150   620
	21291 12006   714  1150   620
	21291 11994   700  1150   620
	21293 11993   678  1170   610
	21297 11992   653  1170   610
	21301 11990   605  1170   610
	21312 11990   544  1170   610
	21325 11993   390  1170   610
	21350 12006   352  1170   610
	21381 12012   201  1170   610
	21420 12039    -1  1180   600
	21455 12058    -1  1180   600
	21500 12075    -1  1180   600
	21541 12092    -1  1170   590
	21583 12105    -1  1150   600
	21626 12119    -1  1150   600
	21671 12123    -1  1140   590
	21712 12135    -1  1130   590
	21749 12134    -1  1130   590
	21790 12135    -1  1120   580
	21822 12124    -1  1100   580
	21845 12124    -1  1100   580
	21866 12119    -1  1100   580
	21886 12107    -1  1080   580
	21894 12105    -1  1080   580
	21902 12101    -1  1070   570
	21904 12090    -1  1060   570
	21899 12085    -1  1040   570
	21885 12074    -1  1040   570
	21864 12071    -1  1060   570
	21839 12058    -1  1070   570
	21809 12041    -1  1070   570
	21778 12038    -1  1090   570
	21751 12026    -1  1100   560
	21721 12023    -1  1100   560
	21694 12012    -1  1120   560
	21664 12010    -1  1120   560
	21637 12007    -1  1130   560
	21612 12006    -1  1150   550
	21587 12005    -1  1150   550
	21565 12006    -1  1150   540
	21543 12006    -1  1150   540
	21525 12006    -1  1170   540
	21507 12006    -1  1180   540
	21491 12006    -1  1190   530
	21478 12006    -1  1180   540
	21470 12006    -1  1170   530
	21465 12008    -1  1170   530
	21460 12009    -1  1170   530
	21457 12010    -1  1180   530
	21457 12011    -1  1180   530
	21447 12012    -1  1170   520
	21447 12012    -1  1170   520
	21439 12023    -1  1170   520
	21431 12023    -1  1170   520
	21425 12023    -1  1170   520
	21417 12024    -1  1170   520
	21414 12024    -1  1170   510
	21402 12026    -1  1170   510
	21396 12038    -1  1170   520
	21392 12040    -1  1170   520
	21383 12040    -1  1180   530
	21377 12040    -1  1180   530
	21373 12040    -1  1190   530
	21367 12040    -1  1190   530
	21367 12041    -1  1200   540
	21363 12040    -1  1200   540
	21364 12042    -1  1210   550
	21367 12044    -1  1210   550
	21372 12053    -1  1220   560
	21380 12057    -1  1230   560
	21386 12060    -1  1230   560
	21396 12072    -1  1230   560
	21403 12076    -1  1230   580
	21408 12086    -1  1210   580
	21418 12091    -1  1210   580
	21431 12102    -1  1210   580
	21442 12104    -1  1190   580
	21447 12107   249  1190   580
	21447 12108   327  1170   580
	21448 12108   352  1160   570
	21447 12107   344  1150   580
	21447 12107   401  1150   580
	21444 12105   462  1140   570
	21441 12103   522  1130   570
	21438 12102   533  1130   570
	21435 12089   539  1130   570
	21432 12075   542  1120   560
	21437 12060   542  1100   560
	21439 12055   544  1100   560
	21441 12042   542  1130   570
	21451 12037   542  1130   570
	21465 12026   542  1130   570
	21475 12025   539  1130   570
	21489 12023   539  1130   570
	21502 12023   539  1130   570
	21517 12024   542  1140   570
	21532 12026   542  1140   570
	21545 12037   544  1140   570
	21558 12044   544  1140   570
	21575 12060   547  1140   570
	21586 12074   550  1140   570
	21595 12091   550  1140   570
	21599 12104   555  1140   570
	21599 12117   562  1140   570
	21600 12120   567  1140   570
	21600 12123   570  1140   570
	21599 12134   574  1130   570
	21594 12135   577  1130   570
	21592 12135   574  1130   570
	21592 12135   570  1130   570
	21588 12135   565  1130   570
	21590 12133   557  1130   570
	21590 12124   550  1110   570
	21590 12123   544  1110   570
	21594 12120   544  1110   570
	21599 12117   542  1110   570
	21602 12106   536  1110   570
	21609 12105   533  1110   570
	21615 12102   533  1110   570
	21627 12102   533  1110   570
	21635 12102   533  1110   570
	21643 12102   539  1120   580
	21655 12101   539  1120   580
	21659 12102   542  1120   580
	21668 12103   544  1120   580
	21672 12103   544  1120   580
	21677 12103   547  1120   580
	21678 12103   547  1120   580
	21681 12103   547  1120   580
	21680 12102   547  1120   580
	21680 12102   547  1120   580
	21682 12103   550  1120   580
	21680 12103   552  1120   580
	21680 12102   552  1120   580
	21680 12102   555  1120   580
	21679 12102   560  1120   580
	21676 12102   560  1120   580
	21673 12092   560  1120   580
	21669 12092   560  1120   580
	21664 12091   557  1120   580
	21660 12090   557  1120   580
	21659 12089   557  1120   580
	21657 12087   557  1120   580
	21657 12087   557  1120   580
	21652 12085   557  1120   580
	21651 12074   557  1120   580
	21649 12073   557  1120   580
	21647 12069   557  1120   580
	21642 12059   557  1120   580
	21643 12057   557  1120   580
	21639 12057   557  1130   580
	21641 12044   557  1130   580
	21639 12044   557  1130   580
	21635 12040   557  1130   580
	21634 12039   555  1130   580
	21636 12037   557  1150   580
	21635 12028   555  1150   580
	21636 12028   552  1150   580
	21637 12027   547  1150   580
	21641 12027   547  1150   580
	21644 12027   544  1160   570
	21649 12039   544  1160   570
	21657 12041   544  1160   570
	21669 12044   544  1160   570
	21678 12057   544  1160   570
	21687 12069   544  1160   570
	21695 12073   547  1160   570
	21703 12076   547  1160   570
	21714 12086   552  1150   580
	21722 12089   552  1150   580
	21727 12091   555  1150   580
	21733 12092   555  1150   580
	21735 12091   560  1130   580
	21736 12092   560  1130   580
	21736 12091   562  1130   580
	21736 12090   565  1130   580
	21736 12089   570  1130   580
	21736 12088   574  1120   580
	21733 12085   579  1120   580
	21733 12076   579  1120   580
	21730 12069   584  1120   580
	21727 12059   584  1120   580
	21726 12058   584  1120   580
	21729 12057   579  1120   580
	21729 12044   579  1130   580
	21731 12053   574  1130   580
	21734 12044   574  1130   580
	21738 12042   572  1130   580
	21747 12042   570  1150   580
	21756 12044   570  1150   580
	21768 12044   570  1160   580
	21781 12054   572  1160   580
	21803 12057   572  1170   580
	21819 12058   572  1170   580
	21832 12069   572  1170   580
	21847 12071   574  1170   580
	21856 12073   574  1170   580
	21874 12085   577  1170   580
	21887 12085   579  1170   580
	21900 12087   579  1160   580
	21909 12089   584  1160   580
	21916 12089   599  1160   580
	21925 12086   609  1160   580
	21927 12086   619  1140   590
	21935 12075   629  1150   600
	21938 12074   634  1150   600
	21944 12071   634  1150   600
	21947 12060   632  1150   600
	21953 12056   621  1130   600
	21960 12044   611  1130   600
	21964 12040   599  1130   600
	21977 12027   579  1150   600
	21987 12025   570  1150   600
	22002 12022   544  1150   600
	22020 12021   519  1150   600
	22045 12023   405  1150   600
	22071 12027   357  1170   590
	22101 12038   286  1170   590
	22135 12042   327  1170   590
	22172 12058   249  1170   590
	22203 12074   108  1170   590
	22236 12089    64  1170   590
	22262 12102    -1  1180   600
	22287 12108    -1  1180   600
	22315 12121    -1  1180   600
	22336 12134    -1  1160   600
	22355 12138    -1  1160   600
	22370 12150    -1  1160   600
	22381 12153    -1  1140   610
	22389 12151    -1  1140   610
	22394 12151    -1  1140   610
	22395 12151    -1  1140   610
	22395 12151    -1  1130   610
	22387 12151    -1  1130   610
	22380 12152    -1  1110   610
	22368 12153    -1  1110   610
	22356 12152    -1  1110   610
	22348 12153    -1  1110   610
	22334 12153    -1  1110   610
	22320 12165    -1  1110   610
	22304 12166    -1  1110   610
	22293 12168    -1  1110   610
	22282 12170    -1  1110   610
	22271 12171    -1  1110   610
	22263 12181    -1  1110   610
	22256 12182    -1  1100   600
	22251 12182    -1  1100   600
	22250 12187    -1  1100   600
	22250 12199    -1  1100   600
	22249 12201    -1  1100   600
	22249 12213    -1  1100   600
	22250 12218    -1  1100   600
	22250 12230    -1  1100   600
	22250 12236    -1  1100   600
	22252 12249    -1  1100   600
	22255 12264    -1  1120   600
	22260 12279    -1  1110   590
	22268 12296    -1  1110   590
	22273 12310    -1  1110   590
	22280 12325    -1  1110   590
	22290 12331    -1  1110   590
	22299 12345    -1  1110   590
	22308 12359    -1  1110   590
	22316 12363    -1  1110   590
	22324 12377    -1  1110   590
	22334 12391    -1  1110   590
	22338 12406    -1  1130   590
	22350 12421    -1  1130   590
	22362 12438    -1  1130   590
	22372 12453    -1  1130   590
	22387 12470    -1  1130   590
	22395 12488   160  1130   590
	22404 12506   262  1130   590
	22412 12523   297  1140   590
	22419 12540   336  1150   600
	22427 12555   367  1150   600
	22435 12567   294  1150   600
	22440 12569   338  1150   600
	22439 12570   368  1150   600
	22439 12568   395  1150   600
	22442 12566   410  1150   600
	22439 12553   454  1150   600
	22442 12536   519  1150   600
	22440 12517   536  1150   600
	22439 12488   550  1150   600
	22433 12455   562  1150   600
	22421 12422   581  1150   600
	22410 12389   611  1150   600
	22389 12342   629  1150   600
	22369 12295   639  1150   600
	22341 12247   645  1150   600
	22309 12198   645  1150   600
	22271 12139   643  1150   600
	22227 12086   645  1150   600
	22179 12024   641  1150   600
	22127 11975   641  1150   600
	22072 11926   639  1130   600
	22014 11867   638  1130   600
	21954 11818   643  1130   600
	21886 11771   639  1130   600
	21821 11724   641  1130   590
	21757 11686   643  1110   590
	21699 11644   639  1110   590
	21638 11611   643  1110   590
	21587 11591   641  1110   590
	21540 11574   632  1090   600
	21494 11563   599  1090   590
	21445 11562   567  1090   590
	21398 11573   565  1090   590
	21351 11579   557  1070   590
	21313 11596   555  1070   590
	21275 11621   555  1070   590
	21246 11638   557  1070   590
	21226 11654   560  1070   590
	21211 11660   567  1070   590
	21197 11686   570  1070   590
	21190 11690   581  1070   590
	21187 11704   584  1080   600
	21187 11719   581  1080   600
	21194 11735   577  1080   600
	21199 11750   574  1090   600
	21220 11770   570  1090   600
	21239 11786   570  1090   600
	21265 11804   565  1090   600
	21299 11829   562  1110   590
	21343 11846   560  1110   590
	21385 11862   560  1110   590
	21438 11868   562  1110   590
	21495 11884   565  1130   590
	21556 11898   565  1130   590
	21610 11914   570  1130   590
	21674 11926   572  1130   590
	21745 11932   572  1130   590
	21812 11945   574  1140   590
	21886 11947   574  1140   590
	21970 11961   574  1140   590
	22055 11973   577  1140   590
	22140 11973   579  1140   590
	22223 11975   579  1160   580
	22309 11977   581  1160   580
	22406 11978   590  1160   580
	22508 11979   603  1160   580
	22599 11989   615  1160   580
	22692 11979   632  1160   580
	22787 11980   638  1160   580
	22886 11980   646  1160   580
	22991 11980   651  1160   580
	23099 11980   656  1170   580
	23198 11989   660  1170   580
	23298 11980   663  1170   580
	23409 11979   669  1170   580
	23517 11980   671  1170   580
	23624 11978   678  1170   580
	23722 11979   689  1170   580
	23825 11989   691  1170   580
	23932 11979   693  1170   580
	24049 11980   698  1170   580
	24155 11991   700  1170   580
	24260 11995   701  1170   580
	24364 12007   705  1170   580
	24467 12021   704  1170   580
	24573 12027   704  1190   580
	24664 12039   704  1190   580
	24750 12054   698  1190   580
	24824 12060   689  1190   580
	24892 12071   678  1190   580
	24955 12075   660  1190   580
	25009 12087   639  1190   580
	25056 12089   574  1190   580
	25094 12092   522  1170   580
	25121 12104   357  1180   590
	25144 12108   308  1180   590
	25154 12121     0  1180   590
	25144 12134    -1  1170   590
	25128 12149    -1  1170   590
	25101 12153    -1  1170   590
	25074 12155    -1  1170   590
	25042 12156    -1  1150   600
	25006 12156    -1  1140   590
	24957 12165    -1  1140   590
	24902 12155    -1  1130   590
	24840 12154    -1  1130   590
	24774 12151    -1  1100   580
	24704 12149    -1  1100   580
	24627 12137    -1  1100   580
	24544 12124    -1  1100   580
	24449 12123    -1  1080   580
	24355 12117    -1  1080   580
	24269 12105    -1  1080   580
	24175 12092    -1  1080   580
	24081 12089    -1  1070   570
	23980 12085    -1  1070   570
	23880 12075    -1  1070   570
	23781 12072    -1  1070   570
	23689 12069    -1  1070   560
	23592 12070    -1  1080   560
	23485 12056    -1  1100   550
	23384 12055    -1  1100   550
	23286 12043    -1  1110   550
	23194 12044    -1  1120   550
	23102 12042    -1  1150   550
	23015 12042    -1  1150   550
	22932 12042    -1  1160   550
	22858 12053    -1  1170   540
	22789 12056    -1  1180   540
	22724 12059    -1  1190   530
	22666 12072    -1  1180   530
	22611 12086    -1  1180   530
	22554 12092    -1  1180   530
	22498 12107    -1  1170   520
	22441 12121    -1  1150   520
	22389 12136    -1  1160   530
	22339 12150    -1  1150   540
	22297 12166    -1  1140   550
	22258 12181    -1  1120   550
	22224 12197    -1  1120   550
	22195 12203    -1  1110   550
	22166 12218    -1  1110   550
	22140 12231    -1  1100   560
	22118 12245    -1  1090   570
	22098 12249    -1  1070   570
	22079 12261    -1  1080   580
	22056 12263    -1  1080   580
	22039 12266    -1  1080   580
	22022 12268    -1  1100   580
	22009 12277    -1  1100   580
	21997 12281    -1  1110   590
	21985 12283    -1  1110   590
	21979 12295    -1  1120   580
	21974 12297    -1  1120   580
	21969 12300    -1  1120   580
	22021 12311    -1  1120   580
	21962 12313    -1  1110   570
	21957 12315    -1  1110   570
	21958 12325    -1  1110   570
	21953 12316    -1  1110   570
	21950 12326    -1  1130   570
	21951 12326    -1  1130   570
	21946 12313    -1  1130   570
	21943 12328    -1  1130   570
	21938 12329    -1  1130   570
	21928 12330    -1  1130   570
	21917 12332   136  1130   570
	21906 12344   218  1140   570
	21897 12347   262  1140   570
	21889 12360   308  1140   570
	21888 12374   344  1140   570
	21882 12376   360  1140   570
	21880 12390   278  1140   570
	21882 12394   302  1160   560
	21883 12408   331  1160   560
	21887 12423   344  1160   560
	21894 12440   350  1160   560
	21902 12458   363  1160   560
	21914 12475   368  1160   560
	21931 12491   374  1160   570
	21950 12518   380  1160   570
	21976 12534   390  1160   570
	22003 12550   390  1160   570
	22038 12566   395  1160   570
	22072 12583   401  1160   570
	22106 12601   401  1160   570
	22148 12619   401  1180   570
	22186 12634   401  1180   570
	22226 12662   405  1180   570
	22271 12678   410  1180   570
	22309 12697   415  1180   570
	22355 12713   462  1190   580
	22403 12730   494  1190   580
	22450 12746   513  1190   580
	22499 12761   522  1200   570
	22543 12775   531  1200   570
	22577 12780   533  1190   560
	22611 12792   536  1190   560
	22638 12794   539  1190   560
	22667 12795   542  1190   560
	22688 12794   542  1190   560
	22712 12794   539  1190   560
	22732 12792   542  1190   560
	22750 12789   539  1190   560
	22764 12779   539  1180   560
	22778 12775   539  1200   550
	22786 12762   539  1200   550
	22798 12748   542  1200   550
	22805 12742   542  1200   550
	22813 12726   544  1180   560
	22817 12700   547  1180   560
	22822 12681   550  1180   560
	22823 12663   550  1180   560
	22823 12647   550  1180   560
	22820 12629   552  1180   560
	22816 12613   552  1180   560
	22809 12585   555  1180   560
	22798 12568   560  1180   560
	22791 12553   562  1180   560
	22784 12536   565  1180   560
	22767 12519   565  1170   560
	22752 12502   567  1170   560
	22736 12486   567  1170   560
	22721 12470   567  1170   560
	22700 12455   565  1170   560
	22685 12441   562  1170   560
	22668 12437   565  1170   560
	22649 12422   565  1170   560
	22631 12410   565  1170   560
	22611 12396   565  1160   560
	22590 12391   565  1160   560
	22569 12375   565  1160   560
	22543 12362   562  1160   560
	22515 12348   565  1160   560
	22482 12342   565  1160   560
	22462 12330   562  1160   560
	22439 12327   562  1160   560
	22420 12316   560  1160   560
	22406 12314   560  1160   570
	22393 12313   555  1160   570
	22386 12311   555  1160   570
	22381 12310   555  1160   570
	22380 12311   555  1160   570
	22381 12310   550  1170   580
	22383 12310   542  1170   580
	22389 12310   536  1170   580
	22398 12310   531  1170   580
	22409 12310   528  1180   590
	22427 12310   522  1180   590
	22441 12313   516  1180   590
	22462 12315   507  1180   590
	22483 12316   507  1180   590
	22503 12327   500  1180   590
	22529 12331   500  1170   580
	22549 12331   507  1170   580
	22569 12341   500  1170   580
	22581 12342   494  1170   580
	22588 12342   487  1160   570
	22592 12341   494  1160   570
	22597 12331   480  1160   570
	22598 12330   480  1150   580
	22597 12326   480  1140   570
	22597 12316   487  1140   570
	22596 12313   500  1140   570
	22592 12309   500  1140   570
	22588 12298   500  1130   560
	22582 12295   500  1130   560
	22577 12282   507  1130   560
	22575 12277   507  1130   560
	22571 12263   507  1130   560
	22570 12248   500  1130   560
	22569 12245   507  1130   560
	22566 12231   494  1130   560
	22569 12220   494  1130   560
	22570 12216   494  1130   560
	22573 12215   469  1130   560
	22578 12204   469  1130   560
	22584 12204   462  1130   560
	22590 12204   462  1130   560
	22601 12215   454  1130   560
	22612 12218   446  1130   560
	22621 12230   462  1130   560
	22638 12234   462  1130   560
	22652 12246   494  1130   560
	22662 12250   500  1130   560
	22671 12261   507  1130   560
	22681 12265   516  1130   560
	22691 12265   519  1130   560
	22699 12277   528  1130   560
	22705 12278   531  1130   560
	22709 12279   533  1130   560
	22710 12281   536  1130   560
	22709 12280   536  1130   560
	22711 12280   539  1130   560
	22709 12279   542  1140   570
	22707 12279   542  1140   570
	22706 12278   547  1140   570
	22707 12278   544  1140   570
	22703 12268   544  1140   570
	22701 12265   544  1140   570
	22698 12263   542  1140   570
	22691 12251   542  1140   570
	22687 12247   542  1140   570
	22684 12236   542  1140   570
	22683 12233   542  1140   570
	22681 12229   542  1140   570
	22680 12219   542  1140   570
	22679 12216   542  1140   570
	22682 12214   542  1140   570
	22682 12213   542  1140   570
	22683 12202   542  1140   570
	22683 12202   544  1140   570
	22683 12202   542  1130   570
	22686 12201   539  1130   570
	22688 12201   536  1130   570
	22690 12201   533  1130   570
	22691 12200   531  1130   570
	22698 12201   531  1130   570
	22698 12202   528  1130   570
	22705 12204   528  1130   570
	22710 12204   528  1130   570
	22717 12214   525  1130   570
	22722 12216   525  1130   570
	22732 12218   525  1130   570
	22739 12218   525  1130   570
	22747 12220   528  1130   570
	22753 12229   528  1130   570
	22759 12231   531  1130   570
	22764 12232   533  1130   570
	22766 12232   533  1130   570
	22771 12233   533  1130   570
	22774 12235   533  1130   570
	22777 12235   533  1130   570
	22782 12245   533  1130   570
	22784 12247   539  1130   570
	22787 12247   539  1130   570
	22789 12248   542  1130   570
	22790 12249   542  1130   570
	22793 12250   544  1130   570
	22794 12249   544  1130   570
	22792 12250   544  1130   570
	22794 12250   547  1130   570
	22794 12249   547  1130   570
	22795 12250   547  1130   570
	22796 12249   547  1140   570
	22795 12248   547  1140   570
	22798 12249   550  1140   570
	22800 12249   550  1140   570
	22799 12250   552  1140   570
	22801 12250   555  1140   570
	22800 12251   555  1140   570
	22802 12251   560  1140   570
	22804 12250   560  1140   570
	22801 12251   562  1140   570
	22804 12251   565  1140   570
	22804 12252   567  1140   570
	22804 12250   570  1140   570
	22805 12251   572  1140   570
	22803 12251   574  1140   570
	22804 12251   574  1140   570
	22804 12251   577  1140   570
	22802 12251   579  1140   570
	22804 12251   579  1140   570
	22805 12251   584  1140   570
	22805 12251   588  1140   570
	22806 12252   590  1140   570
	22803 12252   595  1140   570
	22808 12252   595  1140   570
	22805 12261   599  1140   570
	22806 12261   601  1140   570
	22807 12252   599  1140   570
	22809 12261   599  1140   570
	22806 12252   601  1140   570
	22808 12261   603  1140   570
	22806 12261   603  1140   570
	22806 12252   605  1140   570
	22807 12261   611  1140   570
	22809 12262   615  1140   570
	22809 12262   619  1140   570
	22809 12262   619  1140   570
	22808 12262   621  1140   570
	22808 12262   625  1140   570
	22809 12262   625  1140   570
	22809 12262   630  1140   570
	22809 12262   632  1140   570
	22808 12262   634  1140   570
	22807 12262   636  1140   570
	22808 12261   638  1140   570
	22807 12261   639  1140   570
	22809 12261   641  1140   570
	22809 12261   641  1140   570
	22808 12261   643  1140   570
	22808 12262   645  1140   570
	22807 12261   646  1140   570
	22811 12261   648  1130   570
	22809 12252   651  1130   570
	22806 12261   653  1130   570
	22806 12252   653  1130   570
	22809 12261   656  1130   570
	22808 12261   660  1130   570
	22806 12261   661  1130   570
	22806 12252   663  1130   570
	22808 12251   664  1130   570
	22806 12251   664  1130   570
	22805 12251   664  1130   570
	22805 12251   668  1130   570
	22806 12251   668  1130   570
	22804 12251   666  1130   570
	22805 12251   668  1130   570
	22802 12251   668  1130   570
	22802 12250   669  1140   570
	22802 12250   669  1140   570
	22801 12250   669  1140   570
	22801 12249   671  1130   570
	22799 12248   671  1130   570
	22799 12248   669  1130   570
	22795 12248   671  1130   570
	22796 12247   671  1130   570
	22794 12246   672  1130   570
	22794 12246   671  1130   570
	22792 12246   671  1130   570
	22793 12246   672  1130   570
	22792 12246   672  1130   570
	22792 12246   674  1130   570
	22793 12246   674  1130   570
	22791 12246   674  1130   570
	22794 12246   675  1130   570
	22793 12247   678  1130   570
	22791 12246   681  1130   570
	22794 12247   684  1130   570
	22794 12247   687  1130   570
	22794 12246   690  1130   570
	22794 12247   693  1130   570
	22793 12247   693  1130   570
	22794 12248   696  1130   570
	22795 12248   696  1130   570
	22794 12248   697  1130   570
	22794 12247   697  1130   570
	22797 12248   700  1130   570
	22796 12248   700  1130   570
	22799 12247   700  1130   570
	22795 12247   700  1130   570
	22794 12247   701  1130   570
	22797 12247   700  1130   570
	22797 12248   701  1130   570
	22794 12248   700  1130   570
	22794 12248   700  1130   570
	22795 12248   700  1130   570
	22796 12248   700  1130   570
	22797 12247   700  1130   570
	22797 12247   702  1130   570
	22796 12247   702  1130   570
	22794 12248   702  1130   570
	22795 12247   702  1130   570
	22794 12247   701  1130   570
	22793 12236   697  1130   570
	22794 12233   697  1130   570
	22793 12218   698  1130   570
	22789 12202   698  1130   570
	22786 12186   700  1130   570
	22779 12168   700  1130   570
	22772 12150   700  1130   570
	22764 12133   700  1130   570
	22749 12104   697  1130   570
	22727 12074   693  1130   570
	22702 12044   690  1130   570
	22675 12011   684  1130   570
	22645 11980   675  1130   570
	22608 11957   671  1130   570
	22574 11927   668  1130   570
	22537 11895   664  1130   570
	22499 11866   660  1130   570
	22461 11836   660  1130   570
	22425 11816   656  1130   570
	22388 11798   656  1130   570
	22363 11785   656  1130   580
	22343 11782   656  1120   580
	22330 11781   655  1120   580
	22321 11781   651  1120   580
	22311 11783   646  1130   580
	22304 11788   645  1130   580
	22301 11801   639  1130   590
	22302 11816   634  1130   590
	22308 11835   632  1130   590
	22322 11862   623  1130   590
	22342 11882   615  1130   600
	22367 11909   609  1130   600
	22395 11926   605  1130   600
	22426 11944   599  1130   600
	22457 11960   592  1150   600
	22489 11979   595  1150   600
	22531 11994   599  1150   600
	22557 12007   601  1150   600
	22589 12023   601  1160   580
	22619 12040   601  1160   580
	22650 12057   601  1160   580
	22679 12070   601  1160   580
	22707 12087   601  1160   580
	22738 12103   603  1150   580
	22762 12117   601  1150   580
	22788 12123   599  1150   580
	22811 12138   601  1150   580
	22828 12149   599  1150   580
	22849 12152   601  1130   570
	22865 12155   605  1130   570
	22882 12167   609  1130   570
	22896 12171   611  1130   570
	22907 12181   613  1130   570
	22913 12184   615  1130   570
	22919 12184   623  1110   570
	22925 12188   630  1120   580
	22928 12197   636  1120   580
	22934 12199   639  1120   580
	22936 12203   645  1120   580
	22936 12203   645  1120   580
	22942 12213   648  1120   580
	22942 12213   650  1120   580
	22944 12214   651  1120   580
	22941 12214   651  1120   580
	22944 12214   651  1120   580
	22944 12214   651  1120   580
	22948 12214   651  1120   580
	22949 12215   651  1120   580
	22958 12216   651  1120   580
	22965 12219   651  1120   580
	22972 12220   651  1120   580
	22980 12220   651  1120   580
	22986 12229   650  1120   580
	22991 12229   650  1120   580
	22998 12219   648  1120   580
	23006 12218   648  1120   580
	23017 12215   650  1120   580
	23024 12213   650  1120   580
	23034 12200   650  1120   580
	23041 12188   651  1130   590
	23045 12185   653  1130   590
	23056 12181   653  1130   590
	23058 12169   655  1130   590
	23066 12166   656  1130   590
	23067 12155   656  1130   590
	23069 12151   656  1130   590
	23069 12151   658  1130   590
	23069 12150   661  1130   590
	23068 12140   664  1130   590
	23066 12139   672  1130   590
	23064 12138   678  1130   590
	23061 12136   686  1130   590
	23059 12134   691  1130   590
	23056 12124   693  1130   590
	23053 12121   696  1130   590
	23047 12120   697  1130   590
	23045 12108   698  1110   590
	23037 12106   697  1110   590
	23035 12104   697  1110   590
	23029 12101   697  1110   590
	23026 12092   696  1110   590
	23027 12090   697  1110   590
	23023 12091   696  1110   590
	23021 12090   691  1110   590
	23019 12088   686  1110   590
	23014 12088   675  1110   590
	23004 12087   668  1110   590
	22998 12085   658  1110   590
	22984 12074   634  1110   590
	22967 12074   572  1110   590
	22951 12073   533  1110   590
	22936 12075   390  1110   590
	22924 12085   367  1110   590
	22912 12090   218  1100   580
	22903 12105    -1  1100   580
	22886 12122    -1  1100   580
	22872 12140    -1  1100   580
	22858 12168    -1  1100   580
	22841 12200    -1  1100   580
	22831 12231    -1  1090   570
	22823 12263    -1  1090   570
	22816 12294    -1  1090   570
	22817 12312    -1  1090   570
	22821 12327    -1  1090   570
	22826 12341    -1  1100   560
	22821 12342   336  1100   560
	22812 12344   385  1100   560
	22805 12346   462  1100   560
	22795 12348   570  1100   560
	22787 12358   645  1100   560
	22776 12359   663  1120   560
	22764 12360   668  1120   560
	22754 12362   669  1120   560
	22744 12364   664  1120   560
	22733 12373   656  1120   560
	22722 12374   639  1130   560
	22714 12364   572  1140   570
	22711 12364   420  1140   570
	22710 12363   367  1140   570
	22712 12359   218  1140   570
	22719 12346    -1  1140   570
	22720 12342    -1  1140   570
	22727 12330    -1  1140   570
	22740 12316    -1  1130   560
	22754 12309    -1  1120   560
	22768 12296    -1  1120   560
	22788 12283    -1  1120   560
	22813 12268    -1  1120   560
	22847 12264    -1  1120   560
	22891 12251    -1  1110   550
	22934 12246    -1  1110   550
	22981 12232    -1  1100   550
	23035 12219    -1  1100   550
	23086 12214    -1  1100   550
	23139 12203    -1  1100   560
	23190 12197    -1  1100   560
	23237 12185    -1  1100   560
	23282 12172    -1  1100   560
	23318 12170    -1  1100   560
	23353 12166    -1  1090   570
	23381 12155    -1  1090   570
	23404 12154    -1  1090   570
	23423 12153    -1  1090   570
	23431 12151    -1  1100   580
	23434 12152    -1  1100   580
	23429 12151    -1  1100   580
	23418 12151    -1  1110   590
	23402 12149    -1  1110   590
	23383 12139    -1  1110   590
	23360 12140    -1  1110   590
	23339 12140    -1  1110   590
	23316 12140    -1  1090   600
	23290 12139    -1  1090   600
	23269 12139    -1  1090   600
	23248 12139    -1  1090   600
	23225 12137    -1  1090   600
	23208 12136    -1  1090   590
	23193 12134    -1  1090   590
	23173 12135    -1  1090   590
	23157 12133    -1  1090   590
	23147 12135    -1  1090   590
	23137 12135    -1  1080   580
	23131 12135    -1  1080   580
	23123 12137    -1  1080   580
	23123 12137    -1  1080   580
	23120 12149    -1  1080   580
	23121 12150    -1  1080   580
	23124 12154    -1  1070   570
	23125 12166    -1  1070   570
	23125 12168    -1  1070   570
	23126 12171    -1  1070   570
	23125 12172    -1  1090   570
	23120 12181    -1  1090   570
	23122 12183    -1  1090   570
	23120 12184    -1  1090   570
	23118 12183    -1  1090   570
	23114 12183    -1  1090   570
	23112 12182    -1  1090   570
	23106 12183    -1  1090   570
	23106 12183    -1  1090   570
	23105 12183    -1  1090   570
	23103 12185    -1  1090   570
	23107 12186    -1  1090   570
	23109 12197    -1  1090   570
	23111 12198    -1  1090   570
	23114 12202    -1  1090   570
	23115 12203    -1  1090   570
	23118 12213    -1  1090   570
	23120 12214    -1  1100   560
	23127 12215    -1  1100   560
	23133 12217    -1  1100   560
	23138 12218    -1  1100   560
	23140 12231   160  1100   560
	23143 12231   275  1100   560
	23145 12232   327  1100   560
	23144 12232   367  1100   560
	23146 12232   344  1100   560
	23145 12233   390  1100   560
	23144 12232   415  1100   560
	23146 12231   513  1100   560
	23145 12231   531  1120   560
	23144 12231   539  1120   560
	23144 12220   544  1120   560
	23143 12219   547  1120   560
	23143 12215   547  1130   570
	23146 12200   550  1130   570
	23152 12188   550  1130   570
	23155 12184   550  1130   570
	23159 12182   550  1130   570
	23165 12169   550  1130   570
	23173 12167   550  1130   570
	23181 12166   550  1130   570
	23188 12165   550  1130   570
	23193 12165   552  1130   570
	23201 12166   557  1130   570
	23210 12167   560  1130   570
	23215 12169   562  1130   570
	23221 12171   565  1130   570
	23226 12181   570  1130   570
	23230 12184   574  1130   570
	23233 12184   574  1130   570
	23233 12185   574  1130   570
	23231 12184   579  1130   570
	23233 12185   579  1130   570
	23230 12185   579  1130   570
	23229 12184   577  1130   570
	23230 12183   572  1130   570
	23229 12182   565  1130   570
	23229 12182   560  1130   570
	23231 12182   555  1130   570
	23235 12182   547  1130   580
	23242 12182   539  1130   580
	23248 12182   533  1130   580
	23254 12183   533  1130   580
	23266 12185   533  1130   580
	23277 12187   533  1130   580
	23291 12197   536  1130   580
	23299 12198   536  1130   580
	23304 12202   539  1130   580
	23312 12204   542  1130   580
	23320 12216   544  1130   580
	23328 12218   547  1130   580
	23330 12220   550  1130   580
	23330 12229   557  1130   580
	23332 12220   567  1130   580
	23330 12229   574  1130   580
	23326 12229   581  1130   580
	23324 12229   590  1130   580
	23321 12219   599  1130   580
	23317 12217   592  1130   580
	23312 12217   584  1130   580
	23306 12214   577  1130   580
	23304 12202   574  1130   580
	23301 12198   567  1130   580
	23301 12188   562  1130   580
	23303 12187   555  1130   580
	23305 12185   550  1130   580
	23308 12184   547  1130   580
	23315 12183   542  1130   580
	23322 12182   539  1130   580
	23327 12181   539  1130   580
	23337 12182   542  1130   580
	23344 12182   542  1130   580
	23353 12184   542  1130   580
	23360 12185   544  1130   580
	23365 12185   544  1130   580
	23373 12186   547  1130   580
	23373 12186   550  1150   580
	23378 12187   552  1150   580
	23380 12188   552  1150   580
	23380 12197   555  1150   580
	23381 12197   555  1150   580
	23382 12188   557  1150   580
	23382 12187   557  1150   580
	23381 12187   560  1150   580
	23378 12185   560  1150   580
	23378 12185   560  1150   580
	23376 12184   560  1150   580
	23373 12182   560  1130   580
	23374 12181   560  1130   580
	23372 12172   557  1130   580
	23375 12172   557  1130   580
	23375 12170   557  1130   580
	23378 12171   557  1130   580
	23380 12171   555  1130   580
	23381 12171   555  1130   580
	23383 12171   555  1130   580
	23388 12171   555  1130   580
	23391 12170   555  1130   580
	23398 12171   555  1130   580
	23402 12172   560  1140   590
	23413 12181   562  1140   590
	23422 12184   562  1140   590
	23426 12183   567  1140   590
	23432 12186   572  1140   590
	23438 12188   577  1140   590
	23443 12198   579  1140   590
	23449 12200   581  1140   590
	23453 12201   588  1140   590
	23455 12201   590  1140   590
	23460 12203   601  1140   590
	23464 12204   603  1140   590
	23464 12213   609  1140   590
	23466 12204   611  1140   590
	23467 12204   613  1140   590
	23468 12204   619  1140   590
	23473 12213   615  1140   590
	23472 12204   619  1140   590
	23469 12203   615  1140   590
	23473 12213   619  1140   590
	23474 12203   619  1140   590
	23476 12203   621  1140   590
	23478 12202   621  1140   590
	23480 12201   621  1140   590
	23477 12201   621  1140   590
	23482 12201   623  1140   590
	23482 12202   623  1140   590
	23482 12201   629  1140   590
	23482 12201   630  1140   590
	23482 12200   632  1140   590
	23480 12202   634  1140   590
	23482 12201   636  1140   590
	23482 12201   636  1140   590
	23482 12202   638  1140   590
	23478 12201   639  1140   590
	23480 12200   639  1140   590
	23478 12200   641  1140   590
	23480 12200   643  1140   590
	23477 12199   645  1140   590
	23477 12199   646  1140   590
	23476 12199   648  1140   590
	23476 12199   648  1140   590
	23476 12197   650  1150   600
	23478 12197   650  1150   600
	23475 12187   651  1150   600
	23476 12188   651  1150   600
	23475 12186   651  1150   600
	23475 12185   651  1150   600
	23475 12185   651  1150   600
	23477 12184   651  1150   600
	23475 12186   651  1150   600
	23476 12183   651  1150   600
	23477 12184   653  1150   600
	23475 12185   651  1150   600
	23475 12183   653  1150   600
	23475 12183   651  1150   600
	23475 12183   651  1170   590
	23475 12182   651  1170   590
	23475 12172   651  1170   590
	23477 12169   651  1170   590
	23477 12168   651  1170   590
	23479 12167   651  1170   590
	23479 12166   651  1170   590
	23482 12156   651  1170   590
	23479 12156   651  1150   600
	23480 12156   650  1150   600
	23480 12155   648  1150   600
	23481 12156   646  1150   600
	23482 12156   646  1150   600
	23482 12156   646  1150   600
	23483 12156   645  1150   600
	23486 12156   645  1150   600
	23485 12155   643  1150   600
	23488 12154   641  1150   600
	23490 12154   639  1150   600
	23490 12153   639  1140   590
	23490 12153   638  1140   590
	23489 12154   638  1140   590
	23489 12153   636  1140   590
	23489 12155   636  1140   590
	23489 12154   638  1140   590
	23490 12154   636  1140   590
	23489 12154   636  1140   590
	23489 12154   636  1140   590
	23489 12154   636  1140   590
	23489 12154   636  1140   590
	23489 12154   636  1140   590
	23489 12154   636  1140   590
	23489 12154   636  1140   590
	23489 12154   636  1140   590
	23489 12154   636  1140   590
	23489 12154   636  1140   590
	23489 12154   634  1140   590
	23489 12154   636  1140   590
	23489 12154   634  1140   590
	23489 12154   636  1140   590
	23492 12155   634  1140   590
	23489 12154   636  1140   590
	23489 12154   636  1140   590
	23489 12154   634  1140   590
	23489 12154   636  1140   590
	23489 12154   634  1140   590
	23489 12154   636  1110   550
	23490 12154   638  1110   550
	23491 12154   639  1110   550
	23491 12154   639  1110   550
	23492 12154   639  1110   550
	23488 12155   641  1110   550
	23491 12156   643  1120   560
	23491 12155   645  1120   560
	23490 12155   645  1120   560
	23489 12155   645  1120   560
	23491 12155   645  1120   560
	23491 12155   645  1120   560
	23491 12156   645  1120   560
	23492 12155   645  1120   560
	23489 12154   645  1120   560
	23491 12155   645  1120   560
	23489 12154   645  1120   560
	23491 12155   645  1120   560
	23492 12153   645  1120   560
	23494 12155   645  1120   560
	23492 12155   645  1120   560
	23494 12154   645  1120   560
	23495 12155   646  1120   560
	23496 12154   645  1120   560
	23494 12155   645  1110   550
	23495 12155   645  1110   550
	23497 12154   645  1110   550
	23496 12154   645  1120   560
	23499 12154   645  1120   560
	23498 12155   645  1120   560
	23502 12155   645  1120   560
	23503 12155   645  1120   560
	23503 12165   645  1120   560
	23505 12166   645  1120   560
	23513 12167   645  1120   560
	23517 12166   645  1120   560
	23523 12168   645  1120   560
	23532 12170   645  1120   560
	23543 12181   645  1120   560
	23546 12182   643  1120   560
	23553 12183   643  1120   560
	23558 12185   643  1120   560
	23562 12186   643  1120   560
	23567 12197   641  1120   560
	23571 12197   643  1120   560
	23571 12198   641  1120   560
	23575 12199   643  1120   560
	23575 12199   641  1120   560
	23577 12200   643  1120   560
	23577 12200   643  1120   560
	23577 12202   643  1120   560
	23577 12202   643  1120   560
	23579 12203   643  1120   560
	23580 12203   645  1120   560
	23579 12202   645  1120   560
	23577 12203   645  1120   560
	23580 12202   645  1120   560
	23577 12203   645  1120   560
	23577 12202   645  1120   560
	23577 12203   645  1120   560
	23579 12203   646  1120   560
	23579 12202   646  1120   560
	23577 12202   645  1120   560
	23577 12202   645  1120   560
	23577 12203   646  1120   560
	23580 12202   646  1120   560
	23579 12202   645  1120   560
	23577 12202   646  1120   560
	23579 12203   646  1120   560
	23577 12203   646  1120   560
	23577 12204   646  1120   560
	23577 12203   648  1120   560
	23579 12202   648  1120   560
	23577 12203   648  1120   560
	23577 12203   648  1120   560
	23577 12203   648  1120   560
	23579 12204   650  1120   560
	23577 12203   650  1120   560
	23579 12203   651  1120   560
	23579 12203   651  1120   560
	23580 12203   653  1120   560
	23577 12203   653  1120   560
	23580 12202   655  1120   560
	23579 12202   656  1120   560
	23580 12201   656  1120   560
	23580 12201   658  1120   560
	23578 12199   658  1120   560
	23577 12199   660  1120   560
	23575 12197   660  1120   560
	23571 12186   660  1120   560
	23567 12182   660  1120   560
	23558 12168   661  1120   560
	23546 12154   661  1120   560
	23531 12137   661  1120   560
	23516 12122   661  1120   560
	23494 12102   661  1120   560
	23468 12075   660  1120   560
	23439 12053   660  1120   560
	23410 12023   658  1130   570
	23376 11990   651  1130   570
	23349 11962   651  1130   570
	23320 11942   653  1130   570
	23290 11912   651  1130   570
	23255 11880   653  1130   570
	23221 11852   651  1130   570
	23189 11831   651  1130   570
	23162 11813   653  1130   580
	23144 11799   655  1130   580
	23131 11786   653  1130   580
	23124 11786   653  1130   580
	23123 11787   651  1130   580
	23127 11797   646  1130   580
	23134 11803   643  1130   580
	23149 11829   638  1130   580
	23178 11861   630  1130   580
	23208 11893   621  1130   580
	23250 11928   603  1130   580
	23301 11964   574  1130   580
	23354 12009   577  1130   580
	23410 12054   574  1130   580
	23472 12101   572  1130   580
	23540 12151   570  1130   580
	23595 12198   570  1130   580
	23644 12231   570  1130   580
	23693 12266   572  1130   580
	23738 12309   574  1150   580
	23786 12343   574  1150   580
	23830 12378   577  1150   580
	23868 12410   579  1150   580
	23903 12453   579  1150   580
	23939 12487   579  1150   580
	23966 12521   579  1150   580
	23991 12555   579  1150   580
	24012 12587   581  1150   580
	24025 12629   579  1150   580
	24033 12650   581  1150   580
	24035 12677   584  1150   580
	24037 12697   584  1160   570
	24031 12712   584  1160   570
	24026 12725   592  1160   570
	24023 12729   605  1160   570
	24018 12730   621  1160   570
	24013 12730   629  1160   570
	24012 12731   630  1180   570
	24005 12729   632  1180   570
	24000 12727   632  1180   570
	23996 12715   632  1180   570
	23984 12699   634  1180   570
	23979 12693   634  1180   570
	23968 12682   634  1180   570
	23960 12665   634  1180   570
	23948 12646   636  1180   570
	23936 12619   639  1180   570
	23918 12599   639  1180   570
	23905 12572   641  1180   570
	23890 12540   645  1180   570
	23880 12520   646  1180   570
	23864 12489   651  1180   570
	23849 12458   651  1180   570
	23834 12437   653  1180   570
	23824 12410   655  1180   570
	23814 12390   658  1160   570
	23804 12364   656  1160   570
	23793 12346   658  1160   570
	23781 12330   656  1160   570
	23769 12313   658  1160   570
	23761 12297   658  1160   570
	23757 12283   658  1160   570
	23752 12267   658  1160   570
	23745 12262   660  1150   580
	23741 12249   660  1150   580
	23736 12245   660  1150   580
	23730 12232   660  1150   580
	23723 12219   660  1140   570
	23716 12214   661  1140   570
	23708 12203   661  1140   570
	23705 12199   661  1140   570
	23701 12187   661  1140   570
	23694 12183   661  1140   570
	23688 12171   661  1140   570
	23686 12169   660  1130   570
	23679 12166   660  1130   570
	23674 12154   658  1130   570
	23671 12151   656  1130   570
	23668 12140   653  1130   570
	23668 12139   650  1130   570
	23666 12137   645  1130   570
	23664 12137   641  1130   570
	23663 12135   638  1130   570
	23664 12135   634  1130   570
	23665 12135   630  1130   570
	23667 12135   629  1130   570
	23669 12123   621  1130   570
	23669 12133   619  1130   570
	23667 12133   621  1110   570
	23674 12133   615  1110   570
	23675 12133   615  1110   570
	23677 12134   609  1110   570
	23679 12135   609  1110   570
	23686 12138   603  1110   570
	23693 12138   605  1110   570
	23702 12150   603  1110   570
	23711 12154   605  1110   570
	23724 12165   605  1110   570
	23735 12168   603  1110   570
	23745 12168   605  1110   570
	23753 12169   605  1110   570
	23760 12171   605  1110   570
	23765 12172   609  1110   570
	23769 12172   611  1110   570
	23772 12172   615  1110   570
	23772 12172   629  1110   570
	23771 12181   636  1110   570
	23770 12172   643  1130   570
	23769 12181   648  1130   570
	23767 12181   651  1130   570
	23763 12172   658  1130   570
	23760 12171   660  1130   570
	23757 12170   663  1130   570
	23753 12168   663  1130   570
	23747 12165   661  1130   570
	23740 12155   661  1130   570
	23733 12152   663  1130   570
	23730 12140   664  1130   570
	23723 12138   666  1130   570
	23716 12135   668  1130   570
	23709 12124   668  1130   570
	23701 12121   668  1110   570
	23696 12118   669  1110   570
	23692 12108   669  1110   570
	23690 12107   671  1110   570
	23688 12104   669  1110   570
	23688 12103   669  1110   570
	23687 12101   669  1110   570
	23686 12091   668  1110   570
	23690 12088   666  1110   570
	23690 12086   664  1110   570
	23692 12086   663  1110   570
	23693 12074   658  1110   570
	23695 12073   648  1110   570
	23700 12072   638  1110   570
	23702 12072   601  1110   570
	23704 12070   565  1110   570
	23707 12072   533  1130   570
	23713 12073   401  1130   570
	23716 12075   310  1130   570
	23722 12086   327  1110   570
	23729 12091   218  1110   570
	23734 12105     0  1110   570
	23733 12120    -1  1110   570
	23735 12134    -1  1110   570
	23730 12151    -1  1110   570
	23730 12167    -1  1110   570
	23725 12184    -1  1110   570
	23717 12201    -1  1110   570
	23711 12220    -1  1120   560
	23704 12248    -1  1120   560
	23695 12265    -1  1120   560
	23687 12281    -1  1100   560
	23682 12295    -1  1120   560
	23675 12300   327  1120   560
	23660 12312   350  1120   560
	23648 12316   454  1120   560
	23636 12329   599  1120   560
	23623 12327   666  1120   560
	23609 12329   706  1130   560
	23594 12331   731  1130   560
	23580 12332   733  1130   560
	23562 12331   730  1130   560
	23532 12331   721  1130   560
	23512 12329   715  1130   560
	23494 12329   698  1130   560
	23480 12326   668  1160   560
	23465 12316   641  1160   560
	23459 12316   560  1160   560
	23454 12313   395  1160   570
	23454 12312   327  1160   570
	23451 12311     0  1160   570
