ABCDE-012_345_678 683
	21998 12357   108  1180   530
	21995 12375   218  1180   530
	21997 12379   262  1180   530
	21999 12392   262  1180   530
	22004 12405   275  1180   530
	22009 12409   286  1170   530
	22017 12411   308  1170   530
	22029 12408   308  1170   530
	22042 12406   317  1170   530
	22057 12391   327  1170   530
	22081 12364   344  1180   530
	22108 12341   352  1180   530
	22135 12295   360  1190   530
	22172 12236   269  1190   530
	22207 12182   294  1190   530
	22240 12117   302  1190   530
	22276 12039   317  1180   540
	22310 11973   331  1180   540
	22345 11898   338  1180   540
	22375 11831   344  1180   540
	22397 11765   350  1190   540
	22419 11686   357  1170   550
	22436 11612   357  1170   550
	22449 11543   363  1170   550
	22455 11466   368  1160   550
	22453 11404   374  1160   550
	22449 11339   380  1150   550
	22427 11286   385  1160   560
	22409 11227   390  1160   560
	22385 11189   401  1140   570
	22358 11132   405  1140   570
	22330 11094   415  1130   570
	22303 11061   437  1130   570
	22278 11034   454  1130   570
	22256 11018   462  1130   570
	22233 11016   500  1110   570
	22213 11017   513  1110   570
	22196 11019   522  1090   570
	22184 11036   522  1090   570
	22169 11061   522  1090   570
	22158 11081   522  1090   570
	22149 11113   522  1090   570
	22144 11146   519  1080   580
	22138 11191   519  1080   580
	22138 11227   516  1090   570
	22142 11276   516  1090   570
	22148 11322   513  1090   570
	22150 11368   513  1090   570
	22160 11415   513  1090   570
	22171 11466   513  1090   570
	22187 11529   513  1090   570
	22205 11592   507  1090   570
	22228 11654   507  1100   560
	22255 11703   507  1100   560
	22282 11751   513  1100   560
	22310 11799   507  1120   560
	22343 11847   507  1120   560
	22379 11893   507  1120   560
	22418 11928   513  1130   560
	22455 11962   500  1130   560
	22495 12006   513  1150   550
	22535 12043   507  1150   550
	22566 12085   513  1150   550
	22595 12119   507  1140   550
	22622 12154   507  1150   540
	22644 12188   513  1150   540
	22665 12229   513  1150   540
	22678 12252   513  1170   540
	22687 12279   516  1170   540
	22693 12310   516  1170   540
	22693 12331   519  1170   540
	22686 12360   519  1180   540
	22678 12379   522  1180   540
	22665 12407   522  1180   540
	22651 12425   522  1180   540
	22634 12441   528  1180   540
	22612 12454   531  1180   540
	22590 12457   533  1180   540
	22569 12458   542  1190   530
	22546 12456   547  1190   530
	22524 12454   550  1190   530
	22496 12442   547  1190   530
	22468 12425   547  1190   530
	22434 12405   547  1190   530
	22406 12374   544  1210   530
	22374 12330   544  1210   530
	22346 12284   544  1210   530
	22317 12234   544  1210   530
	22292 12169   547  1190   530
	22271 12090   547  1200   540
	22246 12009   547  1200   540
	22230 11941   550  1200   540
	22215 11868   550  1200   540
	22211 11818   550  1200   540
	22209 11769   550  1200   540
	22213 11724   550  1190   540
	22225 11692   550  1190   540
	22239 11669   544  1190   540
	22250 11644   536  1170   550
	22266 11639   539  1170   550
	22287 11623   533  1160   550
	22309 11621   536  1160   550
	22335 11612   533  1160   550
	22357 11612   533  1150   550
	22386 11626   533  1150   550
	22417 11643   533  1150   550
	22447 11672   536  1150   550
	22480 11702   539  1130   560
	22518 11733   539  1130   560
	22548 11768   539  1130   560
	22575 11802   539  1130   560
	22600 11849   539  1130   560
	22622 11897   539  1150   550
	22648 11948   539  1150   550
	22667 12006   539  1150   550
	22696 12072   536  1140   550
	22725 12135   533  1150   540
	22761 12201   533  1150   540
	22799 12250   533  1150   540
	22842 12293   533  1170   540
	22882 12325   533  1170   540
	22927 12343   533  1170   540
	22970 12357   533  1180   540
	23014 12361   533  1180   540
	23055 12360   533  1180   540
	23103 12358   533  1180   540
	23136 12343   533  1190   530
	23165 12327   533  1190   530
	23198 12299   539  1200   540
	23218 12277   542  1200   540
	23239 12245   544  1200   540
	23247 12214   547  1190   540
	23246 12170   550  1190   540
	23243 12133   555  1190   540
	23233 12071   560  1190   540
	23210 12022   562  1190   540
	23179 11963   562  1200   550
	23125 11912   555  1200   550
	23049 11849   552  1200   550
	22954 11784   552  1200   550
	22838 11707   542  1200   550
	22717 11627   542  1200   550
	22589 11547   539  1180   560
	22443 11466   542  1180   560
	22293 11386   547  1180   560
	22162 11308   539  1170   560
	22028 11242   547  1170   560
	21897 11179   547  1170   560
	21775 11128   542  1160   560
	21677 11079   542  1160   560
	21590 11035   544  1150   550
	21523 11017   547  1130   560
	21470 11013   552  1130   560
	21436 11016   547  1130   560
	21414 11029   542  1130   560
	21407 11045   533  1120   560
	21412 11062   533  1120   560
	21423 11093   531  1120   560
	21457 11130   528  1120   560
	21506 11177   528  1120   560
	21563 11227   528  1110   550
	21635 11287   531  1110   550
	21716 11351   533  1110   550
	21816 11418   542  1110   550
	21936 11494   555  1110   550
	22058 11564   562  1120   550
	22188 11653   574  1120   550
	22332 11722   609  1120   550
	22491 11788   632  1120   550
	22648 11864   645  1120   550
	22810 11927   651  1140   550
	22981 11980   653  1140   550
	23148 12027   660  1160   550
	23302 12085   663  1160   550
	23463 12122   664  1160   550
	23619 12167   668  1160   550
	23743 12187   668  1160   550
	23859 12218   668  1180   560
	23961 12235   666  1180   560
	24060 12251   664  1180   560
	24128 12264   661  1200   550
	24176 12277   658  1200   550
	24201 12280   653  1210   560
	24209 12280   650  1210   560
	24208 12281   648  1210   560
	24202 12281   646  1210   560
	24182 12281   632  1210   560
	24150 12280   550  1210   560
	24103 12280   401  1220   570
	24042 12279   344  1220   570
	23967 12278   108  1220   560
	23885 12265    -1  1220   570
	23793 12264    -1  1220   570
	23697 12263    -1  1210   560
	23596 12251    -1  1210   560
	23473 12247    -1  1210   560
	23352 12234    -1  1210   560
	23239 12220    -1  1210   560
	23129 12201    -1  1210   560
	23025 12171    -1  1180   560
	22919 12151    -1  1170   560
	22816 12117    -1  1170   560
	22748 12069    -1  1170   550
	22630 12025    -1  1170   540
	22545 11976    -1  1170   530
	22454 11931    -1  1170   530
	22373 11884    -1  1160   520
	22306 11845    -1  1170   520
	22248 11799    -1  1170   520
	22202 11754    -1  1170   520
	22159 11707    -1  1180   530
	22126 11676    -1  1190   510
	22102 11653    -1  1190   510
	22076 11624    -1  1190   510
	22060 11593    -1  1190   510
	22044 11574    -1  1190   510
	22029 11546    -1  1200   520
	22013 11528    -1  1210   520
	21997 11497    -1  1200   520
	21983 11468    -1  1190   530
	21963 11446    -1  1180   540
	21950 11417    -1  1170   550
	21936 11398    -1  1170   550
	21924 11371    -1  1160   550
	21910 11365    -1  1150   550
	21958 11351    -1  1140   550
	21892 11340    -1  1140   550
	21883 11339    -1  1120   550
	21873 11349    -1  1120   550
	21873 11351    -1  1120   550
	21868 11365    -1  1120   550
	21868 11371    -1  1110   550
	21866 11387    -1  1110   550
	21862 11386    -1  1110   550
	21860 11430    -1  1100   540
	21856 11451    -1  1100   540
	21849 11481    -1  1100   540
	21845 11513    -1  1100   540
	21835 11547    -1  1100   540
	21824 11590    -1  1120   540
	21815 11623    -1  1120   540
	21802 11670    -1  1120   540
	21793 11706    -1  1120   540
	21786 11750    -1  1130   540
	21780 11785    -1  1130   540
	21776 11819    -1  1130   540
	21778 11851    -1  1140   530
	21778 11877    -1  1140   530
	21777 11884   182  1140   530
	21768 11894   234  1160   530
	21765 11896   275  1160   530
	21766 11895   308  1160   530
	21766 11893   327  1160   530
	21769 11882   344  1170   530
	21773 11865   360  1170   530
	21781 11847   367  1170   530
	21791 11818   286  1180   540
	21800 11786   324  1180   540
	21812 11756   338  1180   540
	21828 11724   344  1180   540
	21842 11691   357  1180   540
	21858 11659   368  1170   540
	21877 11626   374  1170   540
	21886 11608   380  1170   540
	21912 11580   385  1170   540
	21926 11574   390  1150   540
	21941 11557   395  1150   540
	21960 11541   401  1150   540
	21975 11528   401  1150   540
	21986 11527   405  1150   550
	21996 11526   405  1150   550
	22008 11525   410  1150   550
	22017 11527   410  1150   550
	22029 11531   415  1130   560
	22043 11543   415  1130   560
	22056 11558   415  1130   560
	22069 11576   420  1130   560
	22087 11594   437  1130   560
	22102 11612   437  1130   560
	22113 11637   437  1130   560
	22121 11658   420  1130   560
	22132 11686   420  1130   560
	22138 11707   415  1130   560
	22141 11724   420  1130   560
	22149 11752   415  1130   560
	22152 11770   415  1130   560
	22158 11787   410  1150   550
	22158 11788   410  1150   550
	22159 11798   410  1150   550
	22159 11798   410  1150   550
	22160 11797   410  1150   550
	22159 11787   410  1160   550
	22160 11785   410  1160   550
	22166 11781   410  1160   550
	22171 11766   415  1160   550
	22178 11751   415  1160   550
	22188 11724   415  1160   550
	22199 11720   415  1160   550
	22211 11704   420  1160   550
	22230 11688   437  1160   550
	22236 11671   420  1160   550
	22244 11658   420  1160   550
	22254 11655   420  1170   560
	22262 11654   420  1170   560
	22277 11642   420  1160   560
	22285 11642   420  1160   560
	22291 11641   415  1160   560
	22303 11640   420  1160   560
	22315 11643   415  1160   560
	22324 11655   415  1160   560
	22335 11669   415  1160   560
	22351 11685   410  1160   560
	22362 11702   410  1160   560
	22377 11719   410  1160   570
	22393 11749   401  1160   570
	22403 11768   401  1160   570
	22412 11787   401  1160   570
	22422 11813   390  1160   570
	22430 11836   380  1160   570
	22436 11866   374  1160   570
	22445 11898   368  1160   570
	22451 11926   363  1180   570
	22455 11945   357  1180   570
	22459 11961   357  1180   570
	22464 11975   357  1180   570
	22465 11976   363  1180   560
	22464 11976   368  1180   560
	22465 11975   380  1180   560
	22462 11973   385  1180   560
	22466 11964   390  1200   550
	22465 11960   390  1190   540
	22470 11948   401  1190   540
	22476 11932   405  1190   540
	22483 11916   410  1190   540
	22495 11909   415  1180   540
	22508 11893   415  1180   540
	22520 11868   415  1180   540
	22531 11862   420  1180   540
	22547 11847   454  1180   540
	22562 11830   480  1180   540
	22575 11818   454  1180   540
	22588 11814   469  1180   540
	22602 11801   462  1180   540
	22611 11797   420  1170   540
	22623 11785   410  1170   540
	22634 11781   390  1170   540
	22645 11771   357  1170   540
	22659 11772   286  1150   540
	22669 11783   317  1150   540
	22679 11788   218  1160   550
	22685 11803    -1  1160   550
	22689 11820    -1  1160   550
	22684 11848    -1  1160   550
	22676 11868    -1  1160   550
	22666 11896    -1  1170   540
	22654 11925    -1  1170   540
	22640 11957    -1  1170   540
	22626 11979    -1  1170   540
	22608 12011    -1  1180   540
	22594 12043    -1  1180   540
	22581 12076    -1  1180   540
	22569 12107    -1  1180   540
	22555 12133    -1  1180   540
	22539 12139   286  1190   530
	22522 12154   317  1190   530
	22505 12170   336  1190   530
	22490 12172   352  1190   530
	22479 12183   360  1190   530
	22475 12185   269  1190   530
	22475 12186   269  1190   530
	22477 12186   367  1190   530
	22480 12187   352  1190   530
	22497 12188   344  1190   530
	22511 12198   317  1180   540
	22533 12198   249  1180   540
	22551 12197   136  1180   540
	22569 12188    -1  1180   540
	22582 12185    -1  1180   540
	22596 12184    -1  1180   540
	22603 12184    -1  1180   540
	22616 12181    -1  1180   540
	22623 12169    -1  1180   540
	22631 12166    -1  1170   540
	22643 12156    -1  1170   540
	22651 12151    -1  1170   540
	22664 12138    -1  1170   540
	22671 12134    -1  1150   540
	22679 12118    -1  1150   540
	22685 12102    -1  1150   540
	22693 12074    -1  1150   540
	22695 12058    35  1150   540
	22692 12040   182  1150   540
	22695 12023   234  1150   540
	22698 11992   275  1150   540
	22703 11964   297  1170   540
	22713 11932   317  1170   540
	22724 11910   336  1170   550
	22732 11880   352  1170   550
	22741 11852   367  1170   550
	22753 11829   302  1170   550
	22762 11800   324  1170   550
	22778 11768   344  1170   550
	22787 11749   357  1170   550
	22791 11720   374  1170   550
	22796 11691   401  1170   550
	22796 11672   437  1170   550
	22798 11657   516  1170   550
	22793 11644   531  1160   550
	22787 11639   544  1160   550
	22784 11627   562  1160   550
	22778 11626   577  1150   550
	22776 11626   605  1150   550
	22773 11626   632  1150   550
	22764 11628   638  1150   550
	22753 11643   641  1130   560
	22745 11656   646  1130   560
	22735 11672   645  1130   560
	22721 11701   641  1130   560
	22706 11733   638  1130   560
	22690 11766   638  1130   560
	22677 11799   634  1130   560
	22664 11836   621  1130   560
	22654 11894   605  1130   560
	22642 11948   581  1150   550
	22635 12007   572  1150   550
	22628 12073   557  1150   550
	22627 12151   531  1150   550
	22635 12213   528  1160   550
	22647 12251   525  1160   550
	22661 12294   525  1160   550
	22677 12314   519  1160   550
	22699 12341   516  1170   550
	22719 12344   513  1170   550
	22739 12347   513  1170   550
	22763 12345   500  1190   540
	22784 12341   487  1190   540
	22810 12316   487  1190   540
	22831 12297   507  1190   540
	22852 12267   507  1190   540
	22870 12233   513  1190   540
	22884 12200   513  1190   540
	22896 12167   519  1190   540
	22905 12123   522  1190   540
	22911 12090   525  1190   540
	22917 12053   525  1190   540
	22918 12012   525  1190   540
	22919 11980   525  1190   540
	22912 11957   519  1190   540
	22906 11942   513  1190   540
	22899 11925   437  1190   540
	22887 11910   401  1190   540
	22877 11895   368  1190   540
	22869 11883   317  1170   550
	22861 11882   344  1170   550
	22855 11881   286  1170   550
	22849 11893   201  1170   550
	22844 11898     0  1170   550
	22840 11913    -1  1170   550
	22836 11928    -1  1170   550
	22833 11944    -1  1190   540
	22834 11962    -1  1170   550
	22841 11979    -1  1190   540
	22848 11994    -1  1190   540
	22862 12011    -1  1190   540
	22876 12024    -1  1190   540
	22893 12028    -1  1190   540
	22916 12041    -1  1200   540
	22931 12054    -1  1200   540
	22952 12058    -1  1200   540
	22970 12072    -1  1200   540
	22988 12086    75  1200   540
	22999 12102   136  1200   540
	23010 12120   201  1200   540
	23021 12137   249  1200   540
	23037 12165   308  1200   540
	23053 12184   336  1200   540
	23067 12203   352  1200   540
	23080 12230   367  1200   550
	23090 12249   302  1200   550
	23098 12267   324  1200   550
	23105 12295   338  1200   550
	23116 12316   350  1200   550
	23125 12345   363  1200   550
	23126 12358   380  1200   550
	23122 12363   395  1200   550
	23120 12379   401  1180   560
	23116 12393   410  1200   550
	23114 12395   454  1200   550
	23108 12395   516  1200   550
	23104 12396   525  1200   550
	23100 12394   531  1200   550
	23092 12393   531  1200   550
	23087 12389   531  1200   550
	23086 12378   528  1200   550
	23083 12362   531  1210   550
	23074 12357   525  1210   550
	23077 12342   525  1210   550
	23081 12327   525  1210   550
	23086 12296   525  1210   550
	23090 12266   522  1210   550
	23094 12232   519  1210   550
	23100 12213   516  1210   550
	23113 12188   516  1200   550
	23127 12167   516  1200   550
	23141 12139   519  1200   550
	23159 12120   516  1200   550
	23172 12103   516  1200   550
	23187 12089   516  1200   550
	23202 12074   522  1200   550
	23220 12069   525  1210   560
	23237 12069   525  1210   560
	23252 12069   525  1210   560
	23264 12072   525  1210   560
	23278 12076   528  1190   560
	23295 12090   531  1190   560
	23315 12117   533  1190   560
	23336 12138   533  1190   560
	23357 12169   531  1190   560
	23379 12200   531  1190   560
	23390 12232   528  1190   560
	23399 12252   528  1190   560
	23407 12284   525  1190   560
	23409 12314   525  1190   560
	23402 12343   525  1200   570
	23399 12364   525  1200   570
	23396 12390   525  1200   570
	23388 12406   528  1200   570
	23378 12409   528  1200   570
	23370 12412   533  1200   570
	23364 12411   544  1200   570
	23364 12411   547  1220   570
	23359 12409   547  1220   570
	23357 12408   544  1220   570
	23359 12406   542  1220   570
	23362 12393   542  1220   570
	23360 12378   542  1220   570
	23366 12373   536  1220   570
	23373 12360   533  1220   570
	23379 12345   533  1220   570
	23387 12332   531  1220   570
	23397 12327   528  1220   570
	23409 12314   525  1220   570
	23417 12313   525  1220   570
	23426 12309   525  1220   570
	23438 12310   525  1220   570
	23447 12310   522  1220   570
	23457 12311   522  1220   570
	23464 12313   519  1220   570
	23479 12314   522  1220   570
	23495 12329   519  1220   570
	23509 12345   519  1220   570
	23526 12358   516  1220   570
	23539 12364   516  1210   560
	23555 12377   516  1210   560
	23564 12392   513  1210   560
	23569 12396   507  1210   560
	23574 12408   513  1210   560
	23574 12411   513  1210   560
	23576 12411   507  1210   560
	23571 12421   513  1210   560
	23569 12411   516  1210   560
	23564 12411   519  1210   560
	23560 12409   522  1200   550
	23553 12406   522  1200   550
	23546 12392   522  1200   550
	23541 12379   522  1200   550
	23539 12362   522  1200   550
	23531 12347   522  1200   550
	23528 12332   519  1200   550
	23529 12327   519  1200   550
	23531 12314   519  1200   550
	23539 12309   513  1200   550
	23545 12297   494  1200   550
	23555 12293   462  1200   550
	23564 12283   420  1200   550
	23574 12281   410  1200   550
	23587 12282   415  1200   550
	23605 12284   410  1200   550
	23623 12294   415  1200   550
	23643 12298   415  1200   550
	23666 12311   415  1200   550
	23686 12325   415  1200   550
	23708 12332   415  1210   560
	23733 12346   415  1210   560
	23756 12361   415  1210   560
	23777 12364   415  1210   560
	23797 12377   415  1210   560
	23813 12377   415  1210   560
	23827 12374   415  1210   560
	23844 12362   415  1210   560
	23859 12345   429  1220   570
	23875 12316   462  1220   570
	23887 12293   507  1220   570
	23891 12247   525  1220   570
	23898 12201   536  1220   570
	23903 12151   544  1220   570
	23904 12101   552  1230   580
	23900 12042   562  1230   580
	23894 11980   567  1230   580
	23875 11942   572  1230   580
	23850 11881   595  1230   580
	23813 11832   623  1230   580
	23766 11771   639  1230   580
	23706 11718   650  1210   580
	23630 11654   658  1210   580
	23534 11580   658  1210   580
	23418 11513   661  1210   580
	23297 11447   664  1200   580
	23175 11384   664  1200   580
	23050 11319   663  1200   580
	22913 11270   672  1180   590
	22787 11224   671  1180   590
	22670 11192   678  1180   590
	22557 11164   678  1170   590
	22443 11158   677  1170   590
	22340 11147   677  1140   590
	22260 11162   684  1140   590
	22189 11189   680  1140   590
	22129 11222   678  1130   590
	22081 11260   671  1130   590
	22040 11308   669  1130   590
	22005 11366   661  1130   590
	21974 11434   655  1130   590
	21956 11526   645  1130   590
	21945 11609   639  1120   580
	21953 11702   632  1130   580
	21963 11800   623  1130   580
	21991 11895   609  1150   580
	22024 11989   615  1150   580
	22064 12072   619  1150   580
	22110 12150   621  1160   570
	22161 12203   632  1170   560
	22216 12249   638  1170   560
	22287 12299   641  1180   560
	22369 12342   646  1180   560
	22463 12389   648  1200   550
	22579 12412   651  1200   550
	22691 12454   658  1210   550
	22816 12469   658  1210   550
	22956 12474   658  1230   550
	23109 12486   656  1240   550
	23261 12487   653  1240   550
	23412 12475   646  1250   550
	23569 12471   641  1250   550
	23690 12458   632  1260   560
	23806 12443   605  1260   560
	23911 12437   574  1260   560
	24002 12424   560  1270   560
	24075 12411   513  1270   560
	24126 12394   390  1270   560
	24154 12389   302  1270   560
	24161 12377   352  1280   570
	24152 12363   344  1280   570
	24128 12359   344  1300   580
	24096 12348   352  1300   580
	24058 12345   269  1300   580
	24018 12344   317  1300   580
	23978 12342   357  1280   580
	23943 12342   415  1280   580
	23920 12342   528  1290   590
	23909 12332   557  1290   590
	23904 12331   567  1290   590
	23908 12330   565  1290   590
	23909 12331   557  1290   590
	23913 12330   547  1280   580
	23920 12330   533  1280   580
	23924 12329   533  1280   580
	23937 12329   533  1280   580
	23950 12327   531  1280   580
	23964 12325   531  1280   580
	23976 12325   528  1270   590
	23986 12325   528  1270   590
	23991 12316   533  1270   590
	23986 12316   542  1270   590
	23986 12316   547  1270   590
	23983 12316   550  1270   590
	23978 12326   550  1270   590
	23972 12326   547  1270   590
	23970 12328   539  1260   580
	23964 12330   507  1260   580
	23955 12331   374  1260   580
	23955 12332   352  1260   580
	23951 12344   160  1260   580
