ABCDE-012_345_678 1020
	21109 12444   308  2630   620
	21114 12454   278  2610   620
	21115 12456   338  2600   630
	21115 12457   401  2600   630
	21113 12457   513  2600   630
	21109 12459   533  2600   630
	21103 12460   552  2600   630
	21093 12471   562  2600   640
	21077 12473   570  2580   630
	21054 12485   574  2580   630
	21025 12486   584  2580   630
	20992 12476   592  2570   640
	20954 12473   609  2570   640
	20912 12460   619  2570   640
	20874 12456   632  2570   640
	20835 12442   641  2570   650
	20794 12424   648  2570   650
	20752 12396   656  2570   650
	20724 12364   660  2570   650
	20691 12330   666  2560   660
	20672 12295   674  2580   670
	20654 12249   686  2580   680
	20642 12199   693  2580   680
	20631 12139   702  2580   680
	20626 12090   713  2570   690
	20624 12037   717  2600   690
	20622 11977   725  2600   690
	20625 11925   736  2600   690
	20631 11878   766  2590   700
	20637 11830   767  2590   700
	20646 11784   768  2620   700
	20657 11740   769  2620   700
	20674 11701   770  2620   700
	20688 11660   771  2650   700
	20708 11627   772  2650   700
	20726 11605   774  2650   700
	20744 11574   776  2670   700
	20767 11543   777  2670   700
	20787 11526   780  2670   700
	20813 11509   780  2700   700
	20840 11495   781  2700   690
	20870 11484   788  2700   690
	20897 11482   790  2730   690
	20925 11495   790  2730   690
	20957 11499   799  2750   680
	20987 11525   807  2750   680
	21021 11541   812  2750   680
	21052 11561   812  2770   670
	21079 11595   812  2770   670
	21112 11638   807  2770   670
	21137 11671   799  2770   660
	21150 11701   790  2770   660
	21165 11733   790  2770   660
	21172 11754   789  2760   650
	21175 11783   788  2760   650
	21178 11813   787  2740   650
	21169 11833   787  2740   650
	21157 11849   786  2740   640
	21141 11865   784  2740   640
	21122 11879   784  2720   640
	21099 11882   782  2720   640
	21071 11893   781  2720   640
	21039 11895   780  2700   640
	21007 11895   777  2700   640
	20982 11894   775  2700   640
	20953 11883   772  2700   640
	20928 11877   731  2680   650
	20907 11865   668  2680   650
	20886 11849   531  2680   650
	20874 11830   317  2680   650
	20867 11804    -1  2680   650
	20867 11788    -1  2680   650
	20883 11772    -1  2680   650
	20912 11756    -1  2680   650
	20950 11749    -1  2680   650
	20988 11724    -1  2680   650
	21028 11717    -1  2680   650
	21068 11705    -1  2680   650
	21072 11692    -1  2680   640
	21151 11689    -1  2680   630
	21196 11685    -1  2660   620
	21238 11676    -1  2660   620
	21285 11673    -1  2660   610
	21330 11672    -1  2670   600
	21374 11670    -1  2670   590
	21416 11660    -1  2670   580
	21454 11660    -1  2670   580
	21491 11669    -1  2670   560
	21520 11671    -1  2670   550
	21550 11675    -1  2670   540
	21565 11688    -1  2670   550
	21575 11690    -1  2670   560
	21584 11702    -1  2670   560
	21576 11708    -1  2650   570
	21564 11718    -1  2650   570
	21540 11724    -1  2650   580
	21520 11738    -1  2650   580
	21495 11750    -1  2650   580
	21470 11754    -1  2650   580
	21444 11770    -1  2650   590
	21418 11782    -1  2650   590
	21392 11798    -1  2630   600
	21365 11804    -1  2630   600
	21337 11818    -1  2630   610
	21312 11831    -1  2610   620
	21293 11835    -1  2610   620
	21275 11845    -1  2610   620
	21260 11848    -1  2610   610
	21248 11848    -1  2600   600
	21244 11847    -1  2600   600
	21213 11847    -1  2600   590
	21241 11835    -1  2600   600
	21242 11831    -1  2600   600
	21243 11818    -1  2590   610
	21247 11813    -1  2590   610
	21251 11800    -1  2590   620
	21256 11788    -1  2590   620
	21262 11782    -1  2590   620
	21265 11771    -1  2580   630
	21267 11768    -1  2600   630
	21269 11766    -1  2600   630
	21272 11754    -1  2600   630
	21275 11753    -1  2620   630
	21275 11752    -1  2620   630
	21279 11750    -1  2620   640
	21279 11749    -1  2640   640
	21277 11750    -1  2640   640
	21276 11751    -1  2640   630
	21276 11754    -1  2640   630
	21274 11754    -1  2640   630
	21272 11765    -1  2660   630
	21272 11767    -1  2660   630
	21270 11768    -1  2660   630
	21269 11770    -1  2660   630
	21272 11772    -1  2660   630
	21271 11772    -1  2660   630
	21272 11781    -1  2660   630
	21274 11782    -1  2660   630
	21275 11784    -1  2660   630
	21278 11784    -1  2640   630
	21279 11784    -1  2640   630
	21280 11786    -1  2640   630
	21280 11786    -1  2640   630
	21282 11788    -1  2640   630
	21281 11788    -1  2640   630
	21281 11797    -1  2640   630
	21280 11798    -1  2640   630
	21278 11799    -1  2640   640
	21273 11800    -1  2640   640
	21246 11800    -1  2640   640
	21264 11802    -1  2640   640
	21264 11802    -1  2640   650
	21264 11801    -1  2660   650
	21266 11801   201  2660   650
	21271 11797   352  2660   650
	21273 11787   317  2660   650
	21274 11784   395  2660   660
	21278 11781   525  2660   660
	21278 11770   555  2660   660
	21283 11756   579  2660   660
	21287 11751   611  2650   670
	21285 11734   621  2650   670
	21289 11717   630  2650   670
	21294 11691   632  2650   670
	21297 11670   634  2680   670
	21297 11644   639  2680   670
	21303 11625   641  2680   670
	21306 11605   646  2680   670
	21308 11589   658  2680   670
	21310 11564   664  2680   670
	21310 11548   671  2700   670
	21317 11542   683  2700   670
	21319 11529   694  2700   670
	21321 11516   705  2700   670
	21321 11516   717  2720   670
	21320 11516   731  2720   670
	21320 11525   760  2720   670
	21319 11526   767  2720   670
	21317 11528   768  2750   670
	21318 11528   769  2750   670
	21318 11529   769  2750   670
	21317 11530   769  2750   670
	21315 11532   770  2750   670
	21314 11545   770  2750   670
	21309 11548   770  2750   670
	21306 11561   770  2750   670
	21304 11578   770  2750   670
	21299 11596   770  2750   670
	21299 11624   769  2750   670
	21295 11653   769  2750   670
	21292 11685   768  2720   670
	21293 11708   767  2720   670
	21293 11737   767  2720   670
	21289 11756   768  2720   670
	21293 11785   768  2700   670
	21302 11814   768  2700   670
	21314 11829   769  2700   670
	21326 11846   769  2700   670
	21341 11861   770  2680   670
	21359 11867   771  2680   670
	21377 11879   772  2680   670
	21394 11881   774  2650   670
	21409 11882   776  2650   670
	21427 11881   776  2660   660
	21447 11878   776  2660   660
	21463 11867   777  2630   660
	21478 11863   779  2630   660
	21487 11851   780  2630   660
	21494 11847   782  2630   660
	21496 11833   782  2640   650
	21496 11816   782  2640   650
	21501 11788   782  2640   650
	21499 11769   782  2660   650
	21493 11752   782  2660   650
	21476 11737   782  2660   650
	21462 11718   781  2660   650
	21451 11704   781  2660   650
	21439 11691   781  2680   650
	21423 11685   780  2680   650
	21407 11672   780  2680   650
	21394 11660   781  2680   650
	21383 11660   781  2700   650
	21373 11659   780  2700   650
	21371 11658   781  2700   650
	21367 11658   781  2700   650
	21367 11658   782  2700   650
	21364 11660   783  2700   650
	21367 11660   785  2700   650
	21367 11660   788  2700   650
	21367 11660   812  2700   650
	21370 11659   819  2700   650
	21374 11660   824  2700   650
	21379 11660   831  2700   650
	21382 11659   840  2700   650
	21391 11656   844  2700   660
	21405 11653   847  2700   660
	21420 11641   853  2700   660
	21433 11628   864  2720   660
	21447 11622   867  2720   660
	21462 11607   869  2720   660
	21478 11594   868  2720   660
	21498 11579   868  2720   650
	21517 11564   868  2720   650
	21532 11558   867  2720   650
	21540 11548   864  2720   650
	21545 11547   849  2740   650
	21546 11546   841  2740   660
	21549 11546   825  2740   660
	21546 11547   784  2740   660
	21546 11558   714  2740   660
	21546 11563   572  2740   660
	21547 11576   294  2740   660
	21546 11592     0  2740   660
	21546 11606    -1  2740   660
	21556 11611    -1  2740   660
	21566 11624    -1  2750   670
	21573 11627    -1  2750   670
	21576 11642    -1  2750   670
	21568 11656    -1  2750   670
	21579 11658    -1  2720   680
	21576 11671    -1  2720   680
	21577 11685    -1  2720   680
	21577 11687    -1  2700   680
	21576 11688    -1  2700   690
	21576 11690    -1  2700   690
	21579 11690    -1  2670   690
	21583 11701    -1  2670   690
	21591 11704    -1  2670   690
	21597 11706    -1  2650   690
	21597 11717    -1  2650   700
	21599 11719    -1  2650   700
	21604 11722    -1  2620   700
	21608 11734    -1  2620   700
	21611 11737    -1  2620   700
	21617 11749    -1  2620   700
	21625 11753    -1  2620   700
	21630 11754    -1  2620   700
	21637 11765    -1  2620   700
	21645 11765    -1  2620   700
	21656 11766    -1  2620   700
	21671 11765    -1  2620   700
	21683 11756    -1  2620   690
	21698 11756    -1  2620   690
	21713 11755    -1  2620   690
	21724 11754    -1  2620   690
	21736 11755    -1  2620   690
	21748 11756    -1  2630   680
	21757 11756    -1  2650   680
	21746 11767    -1  2650   680
	21770 11769    -1  2650   670
	21772 11771     0  2650   670
	21771 11782   160  2650   670
	21768 11786   218  2650   670
	21764 11797   249  2680   670
	21752 11802   286  2680   660
	21739 11813   317  2680   660
	21729 11816   336  2680   660
	21714 11819   352  2680   660
	21698 11820   278  2680   660
	21682 11829   324  2680   660
	21664 11819   363  2680   660
	21652 11816   401  2650   670
	21640 11814   516  2650   670
	21621 11799   557  2650   670
	21611 11787   579  2650   670
	21598 11772   619  2650   670
	21591 11754   639  2650   680
	21580 11737   656  2650   680
	21575 11720   664  2650   680
	21570 11702   668  2650   680
	21570 11674   671  2650   680
	21578 11655   672  2650   680
	21584 11627   678  2670   690
	21593 11610   696  2670   690
	21603 11595   710  2670   690
	21614 11589   729  2670   690
	21625 11575   766  2670   690
	21641 11564   769  2700   690
	21660 11563   771  2700   690
	21677 11560   774  2700   690
	21696 11558   776  2700   690
	21715 11560   776  2700   690
	21737 11561   776  2720   680
	21752 11573   778  2720   680
	21770 11576   780  2720   680
	21788 11580   781  2720   680
	21802 11595   781  2720   670
	21818 11608   780  2720   670
	21833 11627   780  2720   670
	21845 11653   780  2720   670
	21856 11669   780  2720   670
	21858 11685   779  2720   660
	21862 11692   778  2720   660
	21867 11717   777  2720   660
	21863 11733   776  2720   660
	21860 11740   774  2720   660
	21856 11753   772  2720   650
	21851 11766   771  2720   650
	21841 11771   770  2720   650
	21828 11783   769  2720   650
	21817 11786   768  2700   650
	21806 11788   767  2700   650
	21796 11798   767  2700   650
	21782 11798   767  2700   650
	21775 11797   766  2700   650
	21774 11787   766  2700   650
	21771 11786   767  2700   650
	21771 11783   767  2700   650
	21771 11769   768  2700   660
	21772 11766   769  2680   660
	21777 11752   770  2680   660
	21782 11739   771  2680   660
	21793 11733   771  2680   660
	21807 11719   774  2700   660
	21822 11717   774  2700   660
	21838 11706   774  2700   660
	21861 11704   773  2700   660
	21877 11701   774  2700   660
	21895 11701   774  2700   650
	21920 11692   772  2700   650
	21946 11701   772  2700   650
	21966 11705   772  2700   650
	21990 11708   772  2700   650
	22007 11720   772  2700   650
	22028 11735   770  2720   650
	22048 11751   770  2720   650
	22062 11765   770  2720   650
	22066 11781   769  2720   650
	22072 11786   768  2720   640
	22073 11801   767  2720   640
	22070 11816   766  2720   640
	22066 11829   760  2720   640
	22052 11845   750  2700   640
	22036 11851   736  2700   640
	22019 11864   727  2700   640
	21998 11867   722  2700   640
	21971 11867   717  2700   640
	21950 11864   715  2700   640
	21925 11861   717  2700   640
	21903 11835   717  2680   640
	21883 11817   715  2680   640
	21868 11787   717  2680   640
	21857 11755   721  2680   640
	21851 11724   723  2680   650
	21851 11704   730  2680   650
	21855 11685   734  2680   650
	21861 11654   767  2680   650
	21870 11628   770  2700   650
	21884 11621   772  2700   650
	21895 11596   773  2700   650
	21915 11580   772  2700   650
	21934 11564   773  2720   650
	21955 11563   773  2720   650
	21975 11561   773  2720   650
	21999 11561   772  2720   650
	22021 11564   773  2740   650
	22042 11574   773  2740   650
	22065 11576   772  2740   650
	22089 11591   770  2740   650
	22104 11593   770  2740   650
	22124 11607   770  2760   640
	22139 11611   771  2760   640
	22150 11624   771  2760   640
	22162 11637   770  2760   640
	22167 11640   770  2760   640
	22170 11640   770  2760   640
	22171 11639   771  2760   630
	22173 11639   771  2760   630
	22174 11628   771  2760   630
	22174 11628   770  2760   630
	22174 11626   770  2760   630
	22175 11623   770  2760   630
	22174 11622   770  2760   630
	22178 11612   770  2760   630
	22177 11611   771  2760   630
	22176 11611   772  2760   630
	22176 11609   773  2760   630
	22178 11610   776  2760   630
	22175 11611   777  2760   630
	22178 11611   780  2760   630
	22177 11611   782  2760   630
	22175 11622   784  2760   630
	22175 11624   787  2760   630
	22174 11626   789  2760   630
	22167 11638   789  2760   630
	22170 11638   790  2760   630
	22166 11641   803  2760   630
	22159 11655   814  2760   630
	22152 11672   815  2760   630
	22148 11685   817  2760   630
	22148 11702   817  2760   630
	22148 11721   817  2740   630
	22148 11738   817  2740   630
	22147 11756   818  2740   630
	22150 11787   819  2740   630
	22158 11803   819  2720   630
	22167 11830   818  2720   630
	22182 11846   819  2720   630
	22193 11850   820  2720   630
	22208 11851   824  2700   630
	22224 11851   825  2700   630
	22244 11849   828  2700   630
	22263 11847   829  2680   630
	22287 11834   829  2680   630
	22303 11829   831  2680   630
	22320 11813   831  2680   630
	22335 11784   831  2680   630
	22351 11754   831  2680   630
	22362 11735   829  2680   630
	22368 11706   827  2680   630
	22373 11686   820  2680   630
	22380 11655   786  2680   620
	22382 11626   770  2700   620
	22386 11612   684  2700   620
	22385 11605   567  2700   620
	22383 11595   350  2720   620
	22385 11595   275  2720   620
	22393 11595    -1  2720   620
	22404 11607    -1  2740   610
	22424 11611    -1  2740   610
	22443 11623    -1  2740   610
	22471 11637    -1  2750   600
	22495 11643    -1  2750   600
	22522 11660    -1  2750   590
	22554 11673    -1  2750   590
	22579 11690    -1  2750   590
	22590 11706    -1  2750   580
	22617 11723    -1  2730   590
	22634 11749    -1  2730   590
	22643 11768    -1  2730   600
	22652 11787    -1  2720   600
	22647 11816    -1  2720   610
	22637 11833    -1  2700   620
	22618 11852    -1  2680   620
	22593 11868    -1  2680   620
	22559 11884    -1  2660   630
	22526 11897    -1  2640   630
	22497 11909    -1  2620   630
	22472 11912    -1  2620   630
	22450 11911    -1  2600   630
	22433 11909    -1  2600   630
	22416 11897    -1  2580   630
	22400 11884    -1  2580   630
	22390 11878    -1  2570   610
	22380 11866    -1  2580   600
	22376 11852    -1  2580   600
	22370 11848    -1  2580   590
	22366 11834    -1  2580   580
	22361 11830    -1  2580   580
	22356 11817    -1  2590   580
	22353 11804    -1  2590   580
	22352 11800    -1  2600   580
	22345 11787    -1  2600   590
	22341 11783    -1  2620   590
	22336 11772    -1  2610   600
	22335 11765    -1  2610   600
	22326 11752    -1  2630   600
	22300 11751    -1  2650   610
	22323 11740   249  2640   620
	22326 11737   352  2660   620
	22332 11735   269  2660   630
	22330 11734   350  2680   630
	22334 11734   390  2680   640
	22338 11724   410  2680   640
	22344 11723   462  2700   640
	22357 11733   522  2700   650
	22366 11722   567  2700   650
	22371 11724   623  2700   650
	22379 11734   638  2700   650
	22389 11736   643  2720   650
	22407 11739   645  2720   650
	22422 11752   648  2720   650
	22434 11756   653  2720   650
	22449 11770   653  2720   650
	22455 11787   653  2720   650
	22467 11804   651  2720   650
	22477 11830   650  2700   650
	22479 11848   650  2700   650
	22477 11863   650  2700   650
	22473 11868   650  2700   650
	22471 11883   648  2700   650
	22463 11896   646  2700   650
	22454 11909   645  2680   650
	22444 11912   641  2680   650
	22435 11911   641  2680   650
	22421 11909   641  2680   650
	22405 11898   643  2680   650
	22392 11884   645  2660   650
	22382 11878   648  2660   650
	22371 11852   651  2660   650
	22362 11832   656  2660   650
	22357 11801   664  2660   650
	22357 11771   674  2660   650
	22360 11739   689  2660   650
	22369 11717   708  2660   650
	22379 11691   736  2680   650
	22388 11660   767  2680   650
	22402 11638   770  2680   650
	22419 11612   774  2680   650
	22437 11593   779  2700   650
	22450 11580   781  2700   650
	22471 11564   781  2700   650
	22485 11560   781  2720   650
	22503 11557   781  2720   650
	22518 11557   780  2740   650
	22538 11560   780  2740   650
	22556 11559   780  2740   650
	22578 11562   779  2740   650
	22587 11573   780  2760   650
	22606 11578   779  2760   650
	22619 11594   779  2770   660
	22630 11622   779  2770   660
	22640 11637   778  2770   660
	22648 11658   778  2770   660
	22652 11685   777  2770   660
	22655 11702   777  2770   670
	22653 11724   776  2770   670
	22649 11739   776  2770   670
	22646 11756   776  2770   670
	22641 11769   776  2770   680
	22637 11781   776  2770   680
	22633 11786   775  2750   680
	22629 11788   775  2750   680
	22629 11788   775  2750   680
	22628 11787   775  2750   680
	22629 11786   775  2750   680
	22629 11783   776  2720   680
	22628 11770   776  2720   680
	22633 11754   776  2720   680
	22637 11738   778  2720   680
	22645 11722   779  2730   690
	22656 11704   781  2730   690
	22662 11687   783  2720   680
	22672 11659   784  2720   680
	22687 11644   790  2720   680
	22701 11639   799  2720   680
	22718 11623   812  2750   680
	22738 11606   807  2750   680
	22758 11594   812  2750   680
	22780 11579   812  2750   680
	22795 11577   817  2750   680
	22808 11578   819  2770   670
	22824 11579   818  2770   670
	22841 11580   820  2770   670
	22851 11590   820  2770   670
	22868 11605   820  2770   670
	22879 11612   820  2790   670
	22885 11627   819  2790   660
	22894 11653   820  2790   660
	22899 11672   819  2790   660
	22900 11691   818  2790   660
	22897 11719   818  2790   660
	22893 11738   817  2790   660
	22888 11755   812  2790   660
	22882 11782   788  2790   660
	22873 11799   778  2770   660
	22857 11815   760  2770   660
	22847 11832   668  2770   660
	22828 11846   552  2770   660
	22812 11847   324  2740   660
	22799 11848   218  2740   660
	22793 11846    -1  2740   660
	22796 11833    -1  2720   660
	22804 11818    -1  2720   660
	22814 11804    -1  2700   660
	22823 11797    -1  2700   660
	22829 11772    -1  2700   660
	22834 11766    -1  2680   660
	22841 11750    -1  2680   660
	22847 11737    -1  2680   660
	22847 11723    -1  2680   660
	22852 11718    -1  2680   660
	22854 11704    -1  2680   660
	22856 11692    -1  2680   670
	22855 11689    -1  2680   670
	22854 11688    -1  2680   670
	22857 11686    -1  2680   670
	22861 11685    -1  2680   670
	22866 11685    -1  2680   670
	22866 11685    -1  2700   670
	22872 11686    -1  2700   670
	22875 11686    -1  2700   670
	22879 11687    -1  2700   670
	22882 11688    -1  2700   670
	22885 11690    -1  2700   670
	22895 11692    -1  2700   670
	22905 11701   360  2700   670
	22919 11701   350  2720   670
	22936 11702   380  2720   670
	22952 11704   420  2720   670
	22963 11705   552  2720   670
	22973 11708   570  2720   670
	22988 11719   577  2720   670
	23004 11733   592  2720   660
	23021 11737   609  2720   660
	23039 11749   629  2720   660
	23057 11755   625  2720   660
	23077 11771   629  2720   660
	23094 11788   629  2720   660
	23107 11804   632  2720   660
	23119 11820   634  2720   660
	23127 11835   636  2720   650
	23127 11851   638  2720   650
	23127 11866   638  2720   650
	23125 11880   639  2700   650
	23114 11895   639  2700   650
	23098 11910   638  2700   650
	23081 11916   636  2700   650
	23060 11926   634  2700   650
	23030 11926   636  2700   650
	23004 11916   636  2680   650
	22972 11913   639  2680   650
	22945 11898   641  2680   650
	22926 11882   650  2680   650
	22909 11864   663  2680   660
	22897 11835   686  2680   660
	22887 11803   708  2680   660
	22885 11771   737  2680   660
	22895 11738   772  2680   660
	22906 11708   785  2680   660
	22915 11689   803  2680   670
	22926 11670   820  2680   670
	22940 11644   822  2700   670
	22958 11627   827  2700   670
	22979 11611   827  2700   670
	22998 11594   829  2700   670
	23022 11579   827  2720   670
	23043 11574   828  2720   670
	23068 11573   827  2720   670
	23086 11574   822  2740   660
	23117 11575   820  2740   660
	23147 11576   820  2740   660
	23168 11589   818  2740   660
	23187 11606   815  2740   660
	23209 11624   812  2740   650
	23231 11654   790  2760   650
	23246 11673   786  2760   650
	23257 11717   784  2760   650
	23263 11750   781  2760   650
	23267 11787   779  2740   640
	23268 11832   777  2740   640
	23260 11867   776  2740   640
	23255 11913   772  2740   640
	23247 11957   770  2720   640
	23236 11991   769  2720   640
	23221 12025   769  2720   640
	23209 12056   769  2700   640
	23192 12086   769  2700   640
	23175 12117   770  2700   640
	23162 12135   770  2700   640
	23152 12151   772  2700   640
	23146 12154   775  2700   640
	23138 12165   777  2680   640
	23137 12166   780  2680   640
	23137 12168   785  2680   640
	23138 12165   807  2680   640
	23137 12165   817  2680   640
	23143 12153   822  2680   640
	23146 12140   825  2680   640
	23157 12119   827  2700   640
	23167 12089   831  2700   640
	23179 12041   831  2700   640
	23197 11991   835  2700   640
	23210 11931   835  2700   640
	23227 11867   836  2700   640
	23242 11814   838  2700   640
	23256 11755   838  2700   640
	23272 11704   838  2700   640
	23283 11671   838  2700   640
	23293 11644   838  2700   640
	23300 11623   835  2720   640
	23310 11608   831  2720   640
	23317 11595   825  2720   640
	23324 11593   818  2720   640
	23330 11593   785  2720   640
	23336 11595   733  2740   640
	23351 11596   638  2740   640
	23365 11610   324  2740   640
	23382 11625     0  2760   630
	23404 11640    -1  2760   630
	23431 11653    -1  2760   630
	23456 11658    -1  2760   620
	23477 11671    -1  2760   620
	23495 11688    -1  2750   610
	23508 11703    -1  2750   610
	23508 11718    -1  2750   600
	23514 11737    -1  2730   590
	23516 11751    -1  2730   590
	23507 11768    -1  2720   580
	23504 11786    -1  2720   570
	23487 11804    -1  2700   560
	23469 11830    -1  2690   560
	23440 11848    -1  2670   550
	23414 11866    -1  2670   550
	23387 11882    -1  2660   540
	23365 11900    -1  2650   540
	23337 11916    -1  2630   540
	23317 11926    -1  2620   540
	23298 11929    -1  2600   550
	23286 11930    -1  2590   540
	23273 11929    -1  2590   540
	23273 11925    -1  2570   540
	23270 11913    -1  2550   550
	23274 11900    -1  2550   550
	23277 11897    -1  2550   560
	23285 11883    -1  2550   560
	23294 11868    -1  2550   560
	23306 11861    -1  2540   570
	23319 11845    -1  2540   570
	23338 11831    -1  2540   570
	23352 11816    -1  2560   570
	23373 11800    -1  2550   580
	23389 11786    -1  2570   580
	23407 11771    -1  2580   580
	23427 11766    -1  2580   580
	23449 11752    -1  2600   590
	23470 11740    -1  2600   590
	23487 11738    -1  2620   590
	23505 11737    -1  2620   590
	23521 11736    -1  2630   590
	23537 11737    -1  2650   590
	23549 11739    -1  2650   590
	23555 11750    -1  2650   590
	23568 11754    -1  2650   590
	23575 11765    -1  2670   590
	23579 11781    -1  2670   590
	23577 11785    -1  2680   590
	23576 11800    -1  2680   600
	23575 11803    -1  2680   600
	23570 11816   201  2680   600
	23570 11829   336  2680   610
	23567 11833   367  2680   610
	23560 11836   344  2680   610
	23552 11847   385  2680   620
	23541 11847   420  2680   620
	23527 11849   528  2680   630
	23509 11849   550  2680   630
	23491 11848   570  2680   630
	23471 11846   590  2680   640
	23445 11833   619  2680   640
	23424 11818   638  2680   650
	23407 11803   648  2680   650
	23390 11786   658  2680   650
	23352 11767   664  2680   650
	23362 11740   675  2680   650
	23354 11721   684  2700   650
	23349 11702   690  2700   660
	23349 11675   697  2700   660
	23352 11657   708  2700   660
	23357 11641   727  2700   660
	23363 11626   766  2700   660
	23377 11612   767  2720   660
	23392 11607   768  2720   660
	23410 11594   767  2720   660
	23432 11580   755  2720   660
	23458 11577   744  2740   660
	23478 11576   737  2740   660
	23502 11575   736  2740   660
	23529 11580   736  2740   660
	23553 11594   734  2740   650
	23577 11608   733  2760   650
	23601 11626   733  2760   650
	23625 11655   733  2760   650
	23640 11676   730  2760   650
	23657 11708   729  2760   650
	23670 11752   727  2760   650
	23671 11786   727  2760   650
	23675 11819   725  2770   660
	23668 11863   723  2740   660
	23670 11898   721  2740   660
	23663 11931   718  2740   660
	23656 11974   715  2740   660
	23646 12007   713  2720   660
	23633 12040   710  2720   660
	23622 12071   713  2700   660
	23612 12091   713  2700   670
	23600 12107   713  2700   670
	23587 12133   721  2700   670
	23576 12140   727  2700   660
	23564 12152   731  2680   660
	23562 12152   738  2680   660
	23560 12152   770  2680   660
	23560 12151   775  2680   660
	23560 12149   780  2680   660
	23565 12138   786  2680   650
	23567 12124   812  2680   650
	23574 12106   817  2700   650
	23586 12072   820  2700   650
	23598 12027   825  2700   640
	23619 11974   829  2700   640
	23631 11914   841  2700   640
	23645 11861   842  2700   650
	23667 11799   846  2700   650
	23687 11740   848  2700   650
	23704 11702   849  2700   650
	23722 11657   849  2700   650
	23737 11625   849  2720   650
	23746 11609   849  2720   650
	23749 11605   846  2720   660
	23751 11596   843  2720   660
	23753 11596   835  2720   660
	23756 11595   820  2720   660
	23754 11606   780  2720   660
	23754 11609   696  2720   660
	23755 11623   567  2740   660
	23753 11640   367  2740   660
	23747 11659    -1  2740   660
	23745 11674    -1  2740   660
	23743 11688    -1  2740   660
	23740 11707    -1  2740   660
	23738 11735    -1  2740   660
	23709 11770    -1  2740   660
	23678 11814    -1  2740   660
	23632 11861    -1  2740   660
	23568 11899    -1  2740   660
	23476 11961    -1  2740   660
	23365 12011    -1  2740   660
	23243 12088    -1  2740   660
	23110 12153    -1  2740   660
	22994 12204    -1  2680   660
	22882 12265    -1  2680   660
	22764 12311    -1  2680   660
	22641 12347    -1  2680   660
	22501 12378    -1  2680   650
	22347 12395    -1  2680   630
	22212 12421    -1  2680   620
	22093 12423    -1  2680   610
	21992 12423    -1  2680   610
	21913 12410    -1  2680   610
	21842 12407    -1  2680   610
	21771 12390    -1  2680   610
	21700 12375    -1  2680   620
	21631 12348    -1  2680   620
	21565 12332    -1  2680   600
	21503 12314    -1  2680   600
	21447 12297    -1  2680   600
	21406 12279    -1  2700   560
	21378 12262    -1  2700   560
	21362 12236    -1  2710   560
	21356 12230    -1  2710   550
	21375 12213    -1  2730   550
	21381 12201    -1  2730   550
	21390 12187    -1  2740   550
	21405 12181    -1  2740   550
	21423 12167    -1  2750   540
	21444 12153    -1  2750   530
	21464 12139    -1  2750   530
	21484 12124    -1  2770   500
	21508 12119    -1  2770   490
	21520 12108    -1  2770   490
	21525 12118    -1  2790   510
	21541 12119    -1  2790   510
	21547 12120    -1  2790   520
	21554 12122    -1  2790   520
	21556 12124    -1  2790   530
	21567 12136    -1  2800   540
	21573 12139    -1  2800   560
	21579 12151    -1  2790   570
	21580 12153    -1  2800   580
	21584 12156    -1  2800   590
	21585 12166    -1  2800   600
	21591 12167    -1  2790   610
	21594 12168    -1  2800   630
	21598 12168    -1  2800   640
	21599 12169    -1  2790   650
	21601 12168    -1  2790   660
	21602 12167    -1  2790   670
	21606 12167    -1  2800   680
	21608 12165    -1  2800   690
	21607 12165    -1  2810   700
	21608 12156    -1  2810   700
	21609 12154    -1  2800   690
	21609 12153    -1  2800   690
	21616 12151    -1  2800   690
	21621 12151    -1  2830   690
	21628 12150    -1  2830   690
	21637 12149    -1  2830   690
	21646 12140    -1  2830   690
	21659 12139    -1  2830   690
	21669 12137    -1  2830   690
	21681 12137    -1  2820   680
	21692 12136    -1  2820   680
	21706 12136    -1  2820   680
	21718 12135    -1  2820   680
	21728 12133    -1  2820   680
	21735 12124    -1  2820   680
	21744 12122    -1  2820   670
	21751 12120    -1  2820   670
	21759 12119    -1  2820   670
	21768 12108    -1  2820   670
	21773 12107    -1  2810   660
	21777 12107    -1  2810   660
	21780 12106    -1  2810   660
	21779 12107    -1  2810   660
	21779 12108    -1  2810   660
	21780 12117    -1  2810   660
	21754 12118    -1  2810   650
	21778 12120    -1  2810   650
	21773 12124    -1  2810   650
	21772 12135    -1  2810   650
	21768 12137    -1  2790   650
	21766 12138    -1  2790   650
	21758 12138    -1  2790   650
	21756 12149    -1  2790   650
	21750 12140    -1  2790   650
	21746 12150    -1  2790   650
	21738 12151    -1  2760   650
	21738 12150    -1  2760   650
	21735 12150    -1  2760   650
	21733 12150    -1  2760   650
	21732 12150    -1  2760   650
	21728 12140    -1  2760   650
	21726 12149    -1  2760   650
	21722 12149    -1  2760   650
	21721 12150    -1  2770   660
	21718 12150    -1  2740   660
	21715 12153    -1  2740   660
	21713 12152    -1  2740   660
	21712 12153    -1  2740   660
	21709 12154    -1  2740   660
	21710 12154    -1  2740   660
	21709 12156    -1  2740   660
	21710 12156    -1  2740   660
	21709 12156    -1  2740   660
	21713 12156    -1  2740   660
	21713 12156    -1  2740   660
	21711 12155    -1  2740   660
	21714 12155    -1  2740   660
	21717 12156    -1  2750   670
	21719 12156    -1  2750   670
	21719 12165    -1  2750   670
	21717 12167    -1  2750   670
	21718 12168    -1  2750   670
	21716 12170    -1  2750   670
	21715 12172    -1  2750   670
	21710 12182    -1  2750   670
	21707 12185    -1  2740   660
	21704 12188    -1  2740   660
	21702 12197    -1  2740   660
	21699 12200    -1  2740   660
	21696 12204    -1  2740   660
	21675 12215    -1  2740   660
	21689 12216    -1  2720   660
	21683 12219    -1  2720   660
	21679 12230    -1  2720   660
	21678 12235    -1  2720   660
	21674 12245    -1  2700   660
	21671 12249    -1  2700   660
	21668 12252   160  2680   660
	21670 12262   360  2680   660
	21678 12261   302  2680   660
	21684 12263   363  2660   660
	21685 12264   525  2660   660
	21687 12262   584  2650   670
	21691 12252   648  2630   670
	21695 12246   663  2630   670
	21710 12219   671  2630   670
	21730 12183   690  2610   670
	21728 12133   708  2610   670
	21772 12059   733  2610   660
	21791 11980   770  2610   660
	21812 11914   777  2610   660
	21830 11846   784  2610   660
	21845 11781   786  2630   660
	21862 11703   812  2630   660
	21873 11640   817  2630   660
	21888 11594   820  2660   660
	21899 11558   820  2660   660
	21903 11513   822  2680   660
	21907 11482   821  2680   650
	21909 11462   822  2700   650
	21905 11446   821  2700   650
	21902 11433   816  2720   650
	21895 11430   788  2720   650
	21887 11430   780  2740   650
	21871 11430   770  2740   650
	21857 11433   700  2740   650
	21834 11449   643  2760   650
	21811 11479   437  2760   650
	21789 11514   308  2760   650
