ABCDE-012_345_678 791
	13881  8395     0  2390   590
	13880  8406   108  2390   590
	13878  8408   286  2380   600
	13874  8422   344  2380   600
	13867  8425   360  2380   600
	13858  8438   331  2380   600
	13845  8441   374  2370   610
	13830  8444   401  2370   610
	13807  8457   462  2370   610
	13780  8469   525  2370   610
	13749  8471   542  2350   600
	13722  8470   552  2340   610
	13691  8458   562  2340   610
	13655  8455   572  2340   610
	13626  8440   588  2330   620
	13598  8423   611  2330   620
	13567  8395   629  2330   620
	13537  8373   638  2330   620
	13511  8342   645  2310   630
	13483  8298   648  2310   630
	13458  8261   655  2310   630
	13434  8203   658  2310   640
	13420  8153   661  2310   640
	13411  8101   664  2300   650
	13408  8038   669  2300   650
	13407  7975   677  2300   650
	13415  7911   683  2300   660
	13428  7846   689  2300   660
	13445  7782   693  2300   660
	13464  7721   697  2320   660
	13492  7660   700  2320   660
	13516  7609   702  2320   660
	13540  7561   706  2300   670
	13563  7526   714  2340   670
	13588  7484   725  2340   670
	13613  7463   768  2340   670
	13638  7445   772  2360   670
	13663  7429   778  2360   670
	13692  7417   787  2360   670
	13718  7415   807  2360   670
	13744  7413   819  2400   670
	13780  7415   820  2400   670
	13813  7420   820  2400   670
	13847  7435   822  2430   670
	13878  7452   822  2430   670
	13905  7477   824  2440   660
	13929  7499   823  2440   660
	13952  7531   822  2440   660
	13969  7560   822  2450   650
	13975  7591   820  2450   650
	13983  7638   818  2450   650
	13984  7671   817  2450   650
	13974  7703   816  2460   640
	13967  7733   816  2460   640
	13962  7753   814  2440   640
	13952  7769   812  2440   640
	13941  7782   812  2440   640
	13922  7784   812  2450   630
	13903  7788   790  2440   630
	13881  7797   788  2440   630
	13859  7799   785  2430   630
	13836  7797   780  2430   630
	13811  7785   771  2410   630
	13786  7772   696  2410   630
	13766  7768   601  2410   630
	13747  7753   310  2410   630
	13742  7735     0  2390   630
	13746  7721    -1  2390   630
	13762  7707    -1  2390   630
	13788  7704    -1  2390   630
	13823  7692    -1  2390   630
	13851  7689    -1  2370   620
	13875  7701    -1  2370   620
	13866  7702    -1  2380   610
	13921  7702    -1  2370   610
	13946  7718    -1  2380   600
	13973  7706    -1  2350   590
	13987  7719    -1  2340   580
	14041  7722    -1  2360   570
	14074  7723    -1  2350   560
	14115  7723    -1  2350   550
	14154  7723    -1  2340   540
	14197  7707    -1  2370   520
	14238  7705    -1  2370   510
	14267  7701    -1  2340   510
	14296  7687    -1  2330   520
	14330  7692    -1  2330   520
	14342  7690    -1  2320   530
	14344  7688    -1  2310   530
	14330  7686    -1  2300   540
	14323  7686    -1  2290   550
	14311  7674    -1  2280   550
	14291  7676    -1  2280   550
	14270  7686    -1  2290   560
	14246  7687    -1  2250   580
	14216  7690    -1  2260   580
	14183  7701    -1  2250   590
	14159  7705    -1  2250   600
	14134  7707    -1  2250   600
	14117  7717    -1  2240   610
	14103  7718    -1  2260   610
	14088  7717    -1  2260   610
	14075  7717    -1  2290   600
	14081  7706    -1  2320   590
	14079  7707    -1  2330   590
	14076  7705    -1  2330   590
	14082  7705    -1  2340   580
	14084  7688    -1  2340   580
	14075  7702    -1  2370   560
	14093  7692    -1  2390   560
	14098  7691    -1  2380   570
	14108  7689    -1  2380   570
	14106  7690    -1  2380   570
	14109  7689    -1  2400   570
	14112  7690    -1  2390   580
	14112  7691    -1  2390   580
	14111  7701    -1  2390   580
	14109  7703    -1  2390   580
	14104  7705    -1  2400   580
	14102  7708    -1  2400   580
	14093  7720    -1  2400   580
	14090  7722    -1  2400   580
	14085  7724    -1  2400   580
	14083  7733    -1  2390   590
	14075  7736    -1  2390   590
	14068  7737    -1  2390   590
	14061  7740    -1  2390   590
	14059  7749    -1  2390   590
	14057  7749    -1  2390   590
	14055  7739    -1  2390   590
	14053  7740    -1  2390   590
	14037  7750    -1  2380   600
	14053  7750    64  2380   600
	14056  7735   136  2380   600
	14062  7739   367  2370   610
	14062  7739   317  2380   610
	14067  7739   363  2380   610
	14065  7735   405  2370   620
	14068  7733   462  2370   620
	14067  7719   525  2360   630
	14070  7704   547  2380   630
	14072  7689   557  2380   630
	14079  7657   565  2380   630
	14084  7637   577  2400   640
	14091  7610   609  2380   650
	14099  7589   632  2380   650
	14104  7559   645  2380   650
	14112  7530   660  2400   650
	14115  7513   669  2400   650
	14120  7495   678  2400   650
	14123  7480   689  2400   650
	14127  7465   698  2420   650
	14127  7451   706  2420   650
	14129  7448   714  2420   650
	14127  7448   721  2440   660
	14129  7448   724  2440   660
	14129  7447   727  2440   660
	14127  7449   730  2440   660
	14124  7448   729  2440   660
	14125  7451   733  2460   660
	14122  7461   734  2460   660
	14117  7464   734  2450   670
	14113  7479   733  2460   660
	14107  7496   733  2460   660
	14102  7511   729  2460   660
	14097  7528   725  2460   660
	14091  7548   727  2460   660
	14086  7574   725  2440   660
	14082  7595   718  2440   660
	14079  7627   714  2440   660
	14077  7657   717  2440   660
	14075  7686   708  2440   660
	14073  7721   706  2420   650
	14074  7751   708  2420   650
	14081  7770   709  2420   650
	14091  7788   714  2420   650
	14101  7803   718  2400   650
	14111  7817   723  2400   650
	14126  7829   727  2400   650
	14139  7830   731  2380   650
	14155  7832   731  2400   640
	14168  7830   731  2400   640
	14187  7819   734  2400   640
	14204  7814   734  2380   630
	14221  7797   734  2390   630
	14235  7772   744  2390   630
	14244  7755   744  2390   630
	14257  7736   760  2390   630
	14257  7722   760  2390   630
	14257  7705   760  2390   630
	14256  7690   766  2390   630
	14253  7672   767  2390   630
	14246  7655   767  2390   630
	14238  7644   767  2390   630
	14229  7639   768  2390   630
	14217  7627   769  2410   630
	14202  7612   770  2410   630
	14187  7609   768  2410   630
	14178  7608   768  2430   630
	14165  7605   768  2430   630
	14158  7606   766  2410   640
	14150  7606   767  2410   640
	14144  7606   767  2430   650
	14139  7606   768  2430   650
	14135  7605   768  2430   650
	14132  7606   769  2430   650
	14134  7607   771  2430   650
	14136  7607   774  2430   650
	14137  7605   777  2430   650
	14137  7605   782  2450   650
	14144  7596   788  2450   650
	14148  7596   812  2450   650
	14162  7594   818  2450   650
	14173  7593   824  2450   650
	14189  7592   825  2450   650
	14209  7580   828  2450   650
	14238  7574   828  2450   650
	14262  7560   831  2450   650
	14293  7547   831  2450   650
	14320  7532   832  2450   650
	14345  7526   831  2450   650
	14367  7512   831  2450   650
	14385  7499   828  2450   650
	14404  7483   822  2440   660
	14420  7468   816  2440   660
	14433  7463   788  2460   660
	14433  7461   776  2460   660
	14431  7461   689  2460   660
	14425  7464   615  2460   660
	14419  7465   454  2460   660
	14408  7477   324  2460   660
	14393  7494   327  2460   660
	14377  7509   160  2450   670
	14364  7527    -1  2450   670
	14352  7544    -1  2450   670
	14342  7560    -1  2450   670
	14330  7579    -1  2450   670
	14328  7596    -1  2450   670
	14318  7621    -1  2430   670
	14315  7638    -1  2430   670
	14315  7656    -1  2430   670
	14310  7672    -1  2430   670
	14309  7687    -1  2410   660
	14313  7701    -1  2410   660
	14316  7708    -1  2380   670
	14319  7723    -1  2380   670
	14329  7736    -1  2360   660
	14340  7740    -1  2360   660
	14351  7740    -1  2340   660
	14361  7752    -1  2340   660
	14378  7752    -1  2340   660
	14393  7752    -1  2320   650
	14413  7750    -1  2320   650
	14431  7749    -1  2320   650
	14452  7749    -1  2330   640
	14470  7740    -1  2330   640
	14488  7739    -1  2330   640
	14504  7739    -1  2330   640
	14520  7739    -1  2330   640
	14533  7740    -1  2350   640
	14544  7750    -1  2350   640
	14556  7751    -1  2350   640
	14567  7755    -1  2360   630
	14564  7766    -1  2360   630
	14566  7767    -1  2380   630
	14562  7769     0  2380   630
	14555  7772   108  2380   630
	14552  7781   275  2380   630
	14541  7784   308  2400   640
	14529  7785   336  2400   640
	14516  7786   367  2410   630
	14502  7786   302  2400   640
	14488  7785   350  2400   640
	14472  7784   380  2410   640
	14453  7782   410  2410   640
	14439  7770   494  2410   640
	14425  7766   536  2410   640
	14410  7754   555  2410   640
	14401  7739   572  2410   640
	14394  7724   603  2410   640
	14389  7705   638  2400   650
	14388  7686   646  2400   650
	14386  7658   653  2400   650
	14393  7638   660  2400   650
	14396  7611   663  2420   650
	14408  7591   664  2420   650
	14418  7573   669  2420   650
	14431  7547   674  2410   660
	14442  7532   678  2410   660
	14457  7516   683  2410   660
	14475  7509   687  2440   660
	14491  7497   693  2440   660
	14511  7493   696  2440   660
	14527  7483   698  2440   660
	14543  7483   702  2460   660
	14562  7493   702  2460   660
	14580  7495   710  2460   660
	14592  7499   713  2460   660
	14609  7515   713  2470   650
	14624  7528   710  2470   650
	14634  7545   708  2500   660
	14643  7562   709  2500   660
	14649  7576   706  2500   660
	14654  7596   704  2500   650
	14652  7621   702  2500   650
	14652  7641   697  2480   640
	14647  7669   693  2480   640
	14638  7686   689  2480   640
	14630  7703   681  2480   640
	14622  7718   675  2480   640
	14611  7724   666  2480   640
	14598  7738   660  2470   630
	14585  7751   653  2460   640
	14572  7755   645  2460   640
	14560  7765   638  2460   640
	14547  7756   629  2440   640
	14538  7756   613  2440   640
	14529  7754   603  2440   640
	14523  7752   599  2440   640
	14516  7750   601  2430   630
	14512  7738   601  2430   630
	14510  7733   605  2430   630
	14514  7721   615  2430   630
	14516  7708   625  2430   630
	14520  7705   632  2410   640
	14527  7703   634  2410   640
	14536  7690   638  2410   640
	14547  7687   639  2410   640
	14561  7685   645  2410   640
	14576  7676   646  2430   650
	14594  7676   645  2430   650
	14612  7676   645  2430   650
	14638  7685   646  2440   640
	14656  7686   650  2440   640
	14681  7688   650  2440   640
	14700  7692   650  2440   640
	14724  7705   650  2440   640
	14746  7718   651  2440   640
	14763  7722   653  2440   640
	14780  7737   655  2440   640
	14793  7751   653  2450   630
	14806  7768   653  2450   630
	14812  7772   655  2450   630
	14814  7784   653  2450   630
	14807  7788   651  2450   630
	14804  7804   650  2440   630
	14791  7817   648  2440   630
	14772  7830   643  2440   630
	14754  7834   641  2440   630
	14736  7835   636  2440   630
	14710  7834   634  2440   630
	14685  7831   632  2420   620
	14658  7817   632  2420   620
	14637  7799   632  2420   620
	14619  7772   632  2420   620
	14607  7752   632  2420   620
	14597  7724   636  2420   620
	14590  7692   638  2420   620
	14593  7669   646  2410   630
	14597  7642   653  2430   630
	14604  7622   658  2430   630
	14616  7594   668  2430   630
	14631  7576   674  2430   630
	14651  7557   696  2440   640
	14672  7544   713  2440   640
	14692  7531   715  2440   640
	14715  7526   722  2460   640
	14740  7527   724  2460   640
	14760  7516   725  2460   640
	14787  7527   725  2460   640
	14811  7528   727  2460   640
	14836  7528   723  2490   640
	14867  7529   723  2490   640
	14891  7528   724  2490   640
	14909  7530   733  2490   640
	14922  7541   734  2490   640
	14933  7544   737  2500   630
	14943  7547   736  2500   630
	14945  7547   738  2520   630
	14948  7547   744  2520   630
	14945  7548   744  2520   630
	14946  7548   737  2530   620
	14943  7548   734  2530   620
	14942  7557   731  2530   620
	14941  7557   729  2530   620
	14939  7557   729  2530   620
	14937  7557   727  2530   620
	14936  7559   730  2530   620
	14936  7559   731  2530   620
	14934  7559   734  2530   620
	14934  7559   734  2530   620
	14931  7561   737  2510   620
	14931  7562   744  2510   620
	14930  7573   755  2510   620
	14928  7576   766  2510   620
	14923  7590   767  2510   620
	14920  7595   768  2510   620
	14913  7610   770  2510   620
	14912  7626   771  2510   620
	14909  7642   772  2510   620
	14909  7669   772  2510   620
	14911  7687   773  2490   610
	14912  7703   774  2490   610
	14915  7722   774  2490   610
	14923  7737   773  2490   610
	14933  7754   775  2470   610
	14946  7770   774  2470   610
	14959  7787   774  2470   610
	14972  7801   776  2470   610
	14985  7803   778  2460   610
	15001  7814   781  2460   610
	15019  7803   782  2460   610
	15036  7799   784  2440   600
	15054  7785   787  2440   600
	15074  7769   790  2440   600
	15093  7751   799  2440   600
	15110  7724   812  2440   600
	15129  7707   815  2440   600
	15145  7686   814  2450   600
	15162  7656   815  2450   600
	15174  7627   815  2450   600
	15186  7606   812  2450   600
	15192  7591   788  2470   600
	15192  7577   778  2470   600
	15188  7573   729  2470   590
	15182  7563   660  2490   590
	15174  7562   562  2490   590
	15166  7560   331  2510   600
	15160  7562   286  2510   600
	15157  7574    -1  2510   600
	15165  7579    -1  2510   590
	15182  7593    -1  2530   590
	15202  7605    -1  2540   580
	15232  7612    -1  2540   580
	15262  7628    -1  2520   580
	15285  7644    -1  2530   560
	15314  7670    -1  2530   560
	15334  7687    -1  2540   550
	15356  7690    -1  2530   550
	15379  7717    -1  2520   560
	15397  7719    -1  2490   550
	15410  7737    -1  2480   550
	15402  7752    -1  2470   560
	15425  7765    -1  2440   560
	15428  7769    -1  2420   570
	15430  7772    -1  2410   560
	15429  7783    -1  2380   570
	15429  7784    -1  2360   570
	15425  7785    -1  2340   580
	15418  7785    -1  2320   580
	15412  7784    -1  2310   590
	15396  7785    -1  2280   600
	15378  7783    -1  2260   610
	15362  7783    -1  2240   610
	15347  7772    -1  2230   620
	15337  7771    -1  2230   620
	15328  7765    -1  2230   620
	15318  7753    -1  2230   620
	15310  7739    -1  2230   620
	15305  7736    -1  2250   630
	15300  7721    -1  2250   630
	15294  7707    -1  2270   630
	15292  7703    -1  2280   630
	15292  7673    -1  2300   620
	15288  7685    -1  2310   630
	15282  7671    -1  2330   620
	15281  7658    -1  2330   620
	15273  7655    -1  2360   620
	15271  7644    -1  2370   610
	15268  7642    -1  2400   600
	15258  7641    -1  2400   600
	15255  7639    -1  2410   600
	15249  7624    -1  2430   590
	15242  7640    -1  2430   590
	15237  7640    -1  2440   580
	15229  7640     0  2460   590
	15226  7641   201  2470   580
	15223  7642   317  2460   590
	15224  7642   352  2470   600
	15226  7643   310  2470   600
	15226  7644   395  2460   610
	15227  7653   516  2460   610
	15230  7653   565  2460   620
	15235  7654   632  2460   620
	15242  7655   656  2450   630
	15249  7657   675  2450   630
	15266  7660   693  2450   630
	15282  7672   700  2450   630
	15304  7674   706  2450   630
	15321  7687   724  2440   640
	15336  7690   734  2440   640
	15348  7704   738  2430   650
	15359  7708   744  2430   650
	15366  7722   736  2430   650
	15373  7738   731  2430   650
	15376  7753   729  2430   650
	15372  7767   724  2420   650
	15367  7782   715  2420   650
	15354  7798   706  2400   650
	15341  7814   702  2400   650
	15325  7819   696  2400   650
	15303  7831   689  2400   650
	15279  7833   683  2390   660
	15261  7831   677  2390   660
	15242  7820   671  2370   650
	15223  7817   672  2380   650
	15205  7798   677  2380   650
	15193  7770   684  2380   650
	15184  7751   690  2380   650
	15180  7720   698  2380   650
	15183  7689   715  2380   650
	15180  7660   750  2400   640
	15184  7639   768  2400   640
	15198  7607   769  2400   640
	15209  7578   776  2410   640
	15226  7562   778  2410   640
	15243  7544   781  2430   630
	15262  7530   784  2430   630
	15286  7514   786  2440   640
	15313  7500   786  2440   640
	15335  7494   787  2450   650
	15362  7482   788  2450   650
	15383  7478   788  2470   650
	15405  7478   786  2470   650
	15425  7480   781  2470   650
	15430  7483   776  2500   660
	15466  7499   768  2500   660
	15484  7513   729  2500   660
	15500  7528   672  2500   660
	15516  7545   641  2500   660
	15524  7564   542  2500   660
	15528  7591   350  2520   660
	15528  7609   352  2520   660
	15525  7624   218  2520   660
	15521  7640    64  2520   650
	15514  7655    -1  2500   650
	15509  7660    -1  2500   650
	15502  7675    -1  2500   650
	15492  7689    -1  2510   640
	15481  7701    -1  2490   640
	15473  7708    -1  2490   640
	15462  7721    -1  2490   640
	15453  7734    -1  2470   630
	15447  7738    -1  2470   630
	15440  7752    -1  2470   630
	15440  7756    -1  2470   630
	15438  7766   182  2470   630
	15446  7770   360  2450   630
	15453  7781   331  2440   640
	15458  7781   410  2440   640
	15461  7781   550  2440   640
	15463  7770   599  2440   640
	15467  7769   645  2440   640
	15472  7766   661  2440   640
	15477  7751   674  2440   640
	15483  7733   690  2440   640
	15492  7706   705  2440   640
	15499  7685   727  2440   640
	15514  7658   766  2460   640
	15529  7638   771  2460   640
	15546  7609   776  2460   640
	15565  7590   779  2460   640
	15588  7563   784  2460   640
	15607  7548   787  2460   640
	15626  7541   789  2480   640
	15647  7526   807  2480   640
	15668  7513   812  2480   640
	15686  7512   815  2490   640
	15704  7513   818  2510   640
	15716  7515   821  2510   640
	15727  7526   821  2510   640
	15743  7532   820  2510   640
	15758  7544   817  2530   640
	15769  7561   816  2540   630
	15779  7576   815  2540   630
	15787  7594   812  2540   630
	15792  7621   803  2540   630
	15794  7643   789  2540   630
	15792  7660   788  2540   630
	15787  7687   786  2540   630
	15780  7707   782  2540   630
	15768  7723   778  2520   630
	15754  7740   774  2520   630
	15737  7765   734  2520   630
	15718  7782   689  2520   630
	15699  7788   645  2500   630
	15678  7800   542  2500   630
	15662  7801   344  2480   620
	15648  7801   297  2480   620
	15630  7799     0  2480   620
	15620  7786    -1  2480   620
	15619  7782    -1  2460   620
	15619  7766    -1  2460   620
	15627  7753    -1  2460   620
	15631  7738    -1  2450   620
	15636  7733    -1  2450   620
	15634  7719    -1  2450   620
	15639  7706    -1  2450   620
	15644  7692    -1  2450   620
	15654  7686    -1  2450   620
	15666  7675    -1  2450   620
	15675  7670    -1  2450   620
	15691  7659    -1  2450   620
	15703  7658    -1  2450   620
	15713  7656    -1  2460   620
	15724  7658    -1  2460   620
	15732  7658     0  2460   620
	15747  7657   286  2460   620
	15761  7659   327  2460   620
	15776  7669   352  2460   620
	15788  7673   310  2480   620
	15799  7674   420  2480   620
	15809  7676   547  2480   620
	15818  7687   572  2480   620
	15831  7690   613  2480   620
	15848  7703   632  2480   620
	15863  7717   636  2480   620
	15880  7724   638  2480   620
	15896  7740   639  2480   620
	15913  7754   641  2480   620
	15932  7770   645  2490   610
	15947  7785   646  2470   610
	15958  7801   648  2470   610
	15967  7817   648  2470   610
	15973  7835   646  2470   610
	15974  7848   646  2470   610
	15971  7850   646  2460   610
	15964  7863   645  2460   610
	15955  7868   643  2460   610
	15940  7879   639  2440   600
	15917  7880   636  2440   600
	15894  7880   636  2440   600
	15867  7868   636  2440   600
	15840  7852   636  2420   600
	15812  7845   638  2420   600
	15791  7829   639  2420   600
	15775  7804   645  2420   600
	15758  7785   658  2420   600
	15748  7765   669  2420   600
	15746  7736   683  2430   610
	15754  7708   714  2430   610
	15762  7689   767  2430   610
	15776  7660   772  2430   610
	15799  7637   780  2450   620
	15819  7609   812  2450   620
	15838  7592   821  2460   620
	15858  7575   822  2460   620
	15885  7560   823  2460   620
	15911  7545   824  2480   620
	15937  7541   825  2480   620
	15957  7529   822  2500   630
	15980  7528   820  2500   630
	16004  7529   812  2500   630
	16025  7532   782  2510   620
	16051  7546   776  2530   620
	16075  7560   714  2530   620
	16096  7580   681  2530   620
	16113  7607   648  2530   610
	16127  7638   638  2530   610
	16143  7660   542  2530   610
	16151  7690   401  2540   600
	16153  7733   310  2540   600
	16152  7767   352  2520   600
	16148  7803   327  2520   600
	16142  7848   249  2520   600
	16134  7884   160  2530   590
	16121  7931    35  2510   590
	16107  7976     0  2510   590
	16094  8010     0  2510   590
	16076  8044   108  2510   590
	16064  8072   218  2500   580
	16052  8101   286  2500   580
	16042  8123   344  2500   580
	16033  8139   310  2500   580
	16026  8153   368  2500   580
	16018  8155   437  2500   580
	16014  8155   552  2500   580
	16013  8155   603  2500   580
	16016  8153   646  2500   580
	16014  8140   671  2500   580
	16018  8121   691  2490   590
	16021  8103   715  2490   590
	16027  8071   733  2490   590
	16033  8038   769  2490   590
	16042  7994   774  2490   590
	16051  7946   776  2490   590
	16064  7895   778  2490   590
	16080  7847   782  2490   590
	16095  7804   786  2490   590
	16109  7769   788  2490   590
	16124  7733   789  2490   590
	16137  7690   788  2490   590
	16157  7656   789  2490   590
	16176  7637   789  2490   590
	16190  7611   788  2510   600
	16208  7593   784  2510   600
	16226  7576   780  2510   600
	16249  7561   773  2510   600
	16278  7559   729  2510   600
	16305  7557   693  2530   590
	16328  7559   655  2530   590
	16353  7561   574  2530   590
	16375  7573   528  2530   590
	16398  7579   390  2540   600
	16418  7596   278  2540   600
	16434  7622   308  2540   600
	16444  7644   201  2540   600
	16452  7674     0  2540   600
	16456  7706    -1  2540   600
	16456  7735    -1  2540   600
	16461  7766    -1  2520   600
	16460  7786    -1  2520   600
	16448  7813    -1  2520   600
	16438  7829    -1  2510   600
	16426  7845    -1  2500   600
	16413  7852    -1  2500   600
	16401  7863     0  2480   600
	16388  7867   297  2480   600
	16384  7868   344  2470   600
	16375  7868   302  2470   600
	16368  7877   390  2470   600
	16364  7878   507  2450   600
	16353  7878   552  2450   600
	16349  7866   599  2450   600
	16340  7865   639  2450   600
	16333  7862   653  2450   600
	16323  7850   663  2450   600
	16308  7835   671  2450   600
	16297  7819   677  2450   600
	16276  7804   683  2460   590
	16269  7786   689  2460   590
	16260  7756   693  2460   590
	16248  7735   697  2460   590
	16247  7704   700  2470   590
	16248  7675   702  2480   580
	16256  7644   704  2480   580
	16266  7626   706  2500   580
	16282  7607   708  2500   580
	16302  7580   708  2510   570
	16323  7563   713  2520   580
	16351  7560   709  2520   580
	16372  7548   709  2530   590
	16396  7546   708  2530   590
	16422  7545   706  2530   590
	16442  7546   702  2550   590
	16465  7558   696  2540   600
	16483  7564   689  2540   600
	16498  7589   689  2540   600
	16510  7607   686  2560   600
	16521  7638   681  2560   600
	16530  7670   678  2560   600
	16530  7705   675  2560   600
	16530  7750   674  2540   600
	16525  7788   674  2530   610
	16521  7845   674  2530   610
	16510  7897   671  2530   610
	16499  7958   672  2530   610
	16488  8006   671  2520   610
	16476  8054   669  2520   610
	16459  8090   671  2520   610
	16438  8122   669  2500   600
	16418  8151   669  2500   600
	16400  8183   672  2500   600
	16378  8199   674  2480   600
	16361  8204   677  2480   600
	16346  8217   680  2480   600
	16338  8219   681  2480   600
	16335  8218   689  2480   600
	16343  8217   702  2470   590
	16340  8213   723  2470   590
	16348  8200   738  2470   590
	16357  8170   770  2470   590
	16372  8138   776  2470   590
	16387  8103   780  2470   600
	16405  8057   785  2470   600
	16427  8005   788  2470   600
	16445  7941   803  2470   600
	16466  7882   814  2470   600
	16483  7830   815  2470   600
	16504  7772   817  2470   600
	16524  7724   818  2490   590
	16542  7676   818  2490   590
	16557  7641   817  2490   590
	16566  7621   812  2480   600
	16572  7608   786  2500   600
	16575  7595   776  2500   600
	16572  7591   724  2500   600
	16568  7592   663  2520   610
	16568  7596   555  2520   600
	16559  7612   367  2520   600
	16545  7644   136  2520   600
