ABCDE-012_345_678 1183
	 6871  8694    35  2680   590
	 6876  8698   317  2680   600
	 6874  8699   352  2680   600
	 6874  8698   310  2680   600
	 6871  8699   374  2680   610
	 6866  8709   410  2680   610
	 6859  8700   519  2680   620
	 6852  8709   542  2680   620
	 6840  8709   565  2680   620
	 6822  8700   601  2680   630
	 6804  8700   629  2680   630
	 6777  8698   641  2680   640
	 6747  8695   651  2680   640
	 6714  8683   661  2680   640
	 6678  8678   669  2680   640
	 6641  8666   675  2680   650
	 6604  8650   686  2680   650
	 6565  8633   693  2680   650
	 6528  8613   702  2680   650
	 6493  8586   714  2680   660
	 6462  8555   724  2680   660
	 6437  8523   727  2680   660
	 6410  8485   760  2680   670
	 6387  8428   769  2680   670
	 6373  8379   774  2700   670
	 6364  8332   775  2700   680
	 6355  8282   776  2700   680
	 6351  8230   777  2720   680
	 6348  8183   777  2730   690
	 6351  8135   777  2750   690
	 6354  8089   777  2750   690
	 6363  8040   777  2780   700
	 6370  7992   780  2810   700
	 6381  7945   780  2810   700
	 6391  7898   783  2810   700
	 6412  7862   783  2840   690
	 6433  7817   785  2860   690
	 6458  7781   789  2860   690
	 6486  7749   807  2860   690
	 6510  7720   816  2890   690
	 6538  7702   818  2880   680
	 6570  7685   822  2880   680
	 6595  7671   824  2880   680
	 6633  7659   824  2880   680
	 6668  7657   825  2890   670
	 6700  7657   826  2890   670
	 6733  7659   825  2890   670
	 6766  7674   825  2880   660
	 6801  7689   825  2880   660
	 6837  7708   824  2860   660
	 6871  7736   823  2860   660
	 6903  7768   822  2850   650
	 6925  7787   821  2880   650
	 6950  7816   821  2880   650
	 6966  7847   818  2870   640
	 6978  7882   817  2870   640
	 6982  7912   814  2870   640
	 6981  7932   812  2890   640
	 6971  7959   803  2880   630
	 6958  7977   788  2880   630
	 6942  7993   787  2870   620
	 6922  8007   786  2870   620
	 6897  8021   786  2870   620
	 6875  8026   785  2870   620
	 6849  8038   784  2870   620
	 6817  8041   783  2870   620
	 6784  8041   780  2870   620
	 6760  8040   773  2870   620
	 6734  8027   718  2870   620
	 6716  8012   671  2890   620
	 6696  7993   590  2900   630
	 6684  7973   357  2900   630
	 6677  7943   182  2900   630
	 6677  7912    -1  2900   630
	 6686  7893    -1  2900   630
	 6703  7865    -1  2900   630
	 6729  7845    -1  2900   630
	 6756  7819    -1  2880   630
	 6782  7804    -1  2880   630
	 6808  7800    -1  2840   620
	 6834  7788    -1  2840   620
	 6862  7786    -1  2820   630
	 6898  7784    -1  2790   620
	 6953  7782    -1  2770   620
	 7005  7781    -1  2770   600
	 7062  7781    -1  2750   600
	 7118  7771    -1  2740   610
	 7175  7769    -1  2740   610
	 7226  7770    -1  2700   610
	 7273  7770    -1  2660   610
	 7312  7784    -1  2640   620
	 7353  7784    -1  2630   620
	 7389  7786    -1  2610   620
	 7415  7800    -1  2610   620
	 7439  7813    -1  2600   630
	 7458  7818    -1  2580   630
	 7456  7830    -1  2580   630
	 7461  7846    -1  2580   630
	 7449  7861    -1  2570   640
	 7433  7879    -1  2590   660
	 7408  7898    -1  2610   670
	 7384  7916    -1  2630   670
	 7359  7941    -1  2650   670
	 7329  7959    -1  2680   670
	 7303  7974    -1  2700   670
	 7273  7992    -1  2720   670
	 7240  8005    -1  2770   670
	 7209  8010    -1  2790   670
	 7180  8022    -1  2820   680
	 7159  8023    -1  2850   670
	 7136  8023    -1  2880   680
	 7124  8011    -1  2920   670
	 7111  8007    -1  2950   670
	 7102  7993    -1  2980   680
	 7096  7978    -1  3000   670
	 7094  7973    -1  3000   670
	 7089  7961    -1  3020   680
	 7086  7959    -1  3020   680
	 7084  7947    -1  3020   680
	 7082  7943    -1  3020   680
	 7078  7942    -1  3030   690
	 7080  7929    -1  3030   690
	 7076  7929    -1  3030   690
	 7071  7929    -1  3030   690
	 7067  7930    -1  3030   690
	 7062  7932    -1  3030   690
	 7055  7941    -1  3030   690
	 7050  7943    -1  3030   690
	 7045  7946    -1  3050   700
	 7038  7948    -1  3050   700
	 7036  7958    -1  3050   700
	 7033  7958    -1  3050   700
	 7028  7957    -1  3050   700
	 7026  7957    -1  3050   700
	 7026  7958    -1  3050   700
	 7027  7958    -1  3050   700
	 7024  7957    -1  3050   700
	 7024  7959    -1  3050   700
	 7024  7957    -1  3050   700
	 7024  7959    -1  3050   700
	 7024  7959    -1  3050   700
	 7020  7960    -1  3050   700
	 7019  7962    -1  3050   700
	 7019  7973    -1  3050   700
	 7019  7976    -1  3050   700
	 7014  7979    -1  3050   700
	 7016  7991    -1  3050   700
	 7016  7994    -1  3050   700
	 7015  7996    -1  3050   700
	 7014  8005    -1  3020   700
	 7015  8008    -1  3020   700
	 7016  8010    -1  3020   700
	 7014  8011    -1  3020   700
	 7016  8012    -1  3010   690
	 7015  8021    -1  3010   690
	 7015  8023    -1  2980   700
	 7009  8011    -1  2980   700
	 7011  8010    -1  2980   700
	 7011  8011    64  2980   700
	 7014  8008   317  2960   700
	 7016  8007   278  2960   700
	 7019  8006   368  2960   700
	 7022  7993   446  2960   700
	 7026  7989   539  2960   700
	 7027  7973   577  2960   700
	 7034  7958   632  2960   700
	 7038  7932   645  2960   700
	 7046  7914   655  2960   700
	 7052  7893   656  2960   700
	 7059  7852   658  2930   710
	 7066  7819   663  2930   710
	 7075  7788   663  2910   710
	 7082  7765   664  2910   710
	 7090  7736   671  2910   710
	 7093  7719   681  2910   710
	 7094  7704   689  2910   710
	 7095  7690   698  2880   710
	 7096  7685   708  2880   710
	 7096  7674   729  2880   710
	 7097  7673   744  2880   710
	 7097  7673   767  2880   710
	 7096  7673   769  2880   710
	 7096  7674   769  2880   710
	 7097  7674   769  2850   710
	 7094  7675   769  2850   710
	 7094  7676   770  2850   710
	 7091  7688   770  2880   710
	 7090  7692   770  2880   710
	 7084  7704   770  2880   710
	 7078  7718   769  2880   710
	 7073  7733   769  2880   710
	 7072  7753   768  2880   710
	 7065  7782   767  2880   710
	 7060  7815   766  2880   710
	 7055  7849   750  2880   710
	 7056  7884   738  2850   710
	 7052  7926   737  2880   710
	 7052  7959   738  2880   710
	 7052  7978   737  2880   710
	 7063  8005   738  2880   710
	 7072  8023   760  2880   710
	 7083  8040   767  2880   710
	 7096  8054   769  2880   710
	 7115  8059   770  2880   710
	 7131  8071   772  2870   700
	 7150  8071   774  2870   700
	 7154  8072   775  2870   700
	 7187  8069   777  2870   700
	 7205  8059   777  2900   700
	 7223  8054   777  2900   700
	 7237  8041   778  2900   700
	 7250  8037   780  2890   690
	 7261  8023   781  2890   690
	 7268  8012   781  2890   690
	 7273  8008   783  2880   680
	 7275  7995   783  2880   680
	 7275  7991   783  2880   680
	 7270  7974   782  2880   680
	 7257  7943   783  2900   680
	 7243  7915   783  2890   670
	 7223  7898   783  2890   670
	 7205  7881   782  2890   670
	 7187  7865   782  2890   670
	 7168  7861   781  2890   670
	 7152  7849   781  2890   670
	 7132  7846   780  2890   670
	 7119  7836   780  2880   680
	 7109  7833   780  2880   680
	 7102  7832   780  2880   680
	 7100  7832   781  2850   680
	 7100  7830   783  2850   680
	 7099  7830   785  2850   680
	 7103  7830   799  2840   690
	 7103  7831   818  2840   690
	 7106  7831   824  2810   700
	 7121  7831   830  2810   700
	 7128  7831   839  2780   700
	 7137  7829   845  2780   700
	 7151  7819   847  2750   700
	 7170  7816   848  2750   700
	 7188  7803   868  2750   700
	 7205  7799   868  2780   700
	 7222  7786   868  2780   700
	 7239  7771   869  2780   700
	 7258  7765   864  2780   700
	 7275  7751   864  2810   700
	 7294  7736   856  2810   700
	 7306  7722   849  2800   690
	 7319  7719   842  2800   690
	 7327  7708   831  2830   690
	 7332  7707   817  2830   690
	 7335  7707   777  2820   680
	 7333  7708   674  2850   670
	 7332  7708   533  2850   670
	 7327  7718   308  2850   670
	 7321  7721    -1  2850   670
	 7309  7735    -1  2860   660
	 7308  7749    -1  2840   660
	 7310  7754    -1  2840   660
	 7314  7770    -1  2840   660
	 7319  7788    -1  2820   670
	 7318  7804    -1  2820   670
	 7317  7833    -1  2790   670
	 7314  7852    -1  2790   670
	 7282  7881    -1  2790   660
	 7310  7911    -1  2790   660
	 7311  7928    -1  2810   660
	 7313  7943    -1  2810   660
	 7313  7957    -1  2830   650
	 7316  7973    -1  2830   650
	 7319  7973    -1  2850   650
	 7327  7973    -1  2850   650
	 7337  7963    -1  2880   650
	 7344  7962    -1  2880   650
	 7355  7960    -1  2900   650
	 7367  7958    -1  2920   640
	 7382  7948    -1  2940   640
	 7395  7947    -1  2960   640
	 7406  7944    -1  2990   640
	 7422  7943    -1  3000   640
	 7432  7941    -1  3000   640
	 7444  7931    -1  2990   640
	 7460  7930    -1  2990   640
	 7470  7930    -1  2990   640
	 7484  7930    -1  2990   640
	 7446  7929    -1  2970   650
	 7501  7929    -1  2960   640
	 7516  7929    -1  2960   640
	 7528  7931    -1  2960   640
	 7537  7931    -1  2940   640
	 7548  7932    -1  2940   640
	 7555  7942    -1  2940   640
	 7565  7945    -1  2940   640
	 7570  7959    -1  2940   640
	 7574  7962    -1  2920   640
	 7575  7973    -1  2920   640
	 7576  7977    -1  2920   640
	 7568  7980     0  2920   640
	 7563  7992   182  2920   640
	 7559  7995   262  2920   640
	 7549  7996   317  2900   650
	 7538  8006   360  2900   650
	 7523  8007   324  2900   650
	 7507  8009   380  2900   650
	 7488  8008   410  2900   650
	 7472  8007   525  2900   650
	 7455  8006   557  2900   650
	 7438  7995   592  2880   650
	 7421  7990   630  2880   650
	 7406  7979   645  2880   660
	 7388  7963   660  2880   660
	 7371  7948   669  2880   660
	 7358  7932   677  2880   660
	 7348  7912   684  2890   670
	 7343  7883   696  2890   670
	 7338  7852   700  2890   670
	 7335  7833   717  2890   670
	 7334  7804   722  2870   670
	 7338  7785   737  2880   680
	 7346  7765   750  2880   680
	 7352  7749   770  2880   680
	 7362  7734   775  2850   680
	 7375  7720   776  2850   680
	 7385  7708   777  2850   680
	 7402  7704   778  2850   680
	 7421  7702   780  2850   680
	 7442  7702   782  2850   680
	 7460  7703   784  2850   680
	 7478  7705   785  2850   680
	 7493  7708   785  2820   680
	 7516  7718   787  2820   680
	 7537  7724   787  2850   670
	 7560  7740   786  2850   670
	 7573  7756   786  2850   670
	 7589  7783   786  2870   670
	 7603  7802   782  2840   660
	 7615  7833   778  2840   660
	 7623  7852   774  2840   660
	 7628  7880   768  2840   660
	 7629  7899   715  2840   660
	 7625  7916   693  2850   650
	 7617  7931   669  2850   650
	 7612  7946   646  2850   650
	 7597  7959   599  2850   650
	 7582  7973   547  2850   650
	 7563  7978   405  2850   650
	 7546  7989   286  2850   650
	 7529  7991   308  2850   650
	 7512  7990   182  2880   650
	 7497  7989     0  2880   650
	 7485  7980    -1  2880   650
	 7472  7977    -1  2880   650
	 7469  7973    -1  2900   650
	 7469  7960    -1  2900   650
	 7470  7947    -1  2900   650
	 7473  7941    -1  2900   650
	 7475  7928    -1  2900   650
	 7483  7914    -1  2900   650
	 7494  7910    -1  2920   640
	 7507  7897    -1  2920   640
	 7526  7893    -1  2920   640
	 7545  7884   182  2920   640
	 7567  7881   297  2920   640
	 7596  7878   327  2920   640
	 7624  7868   360  2940   640
	 7647  7868   380  2940   640
	 7675  7877   401  2940   640
	 7702  7880   487  2940   640
	 7730  7883   513  2940   640
	 7758  7896   525  2950   630
	 7787  7910   539  2950   630
	 7810  7926   536  2950   630
	 7837  7943   544  2950   630
	 7851  7959   550  2940   620
	 7865  7977   550  2940   620
	 7876  7993   550  2940   620
	 7880  8007   552  2940   620
	 7882  8021   552  2940   620
	 7878  8025   550  2930   610
	 7871  8037   547  2930   610
	 7859  8040   547  2910   610
	 7838  8054   547  2910   610
	 7814  8056   547  2910   610
	 7787  8056   550  2910   610
	 7760  8053   550  2890   620
	 7731  8042   550  2890   620
	 7698  8028   550  2900   630
	 7671  8011   550  2900   630
	 7644  7993   552  2880   630
	 7628  7974   552  2880   630
	 7614  7945   552  2880   630
	 7608  7916   557  2880   630
	 7608  7896   572  2890   640
	 7609  7866   605  2890   640
	 7613  7836   623  2890   640
	 7627  7815   656  2890   640
	 7639  7799   674  2890   640
	 7659  7783   683  2870   640
	 7674  7767   684  2870   640
	 7697  7751   689  2870   640
	 7723  7737   691  2870   640
	 7746  7733   690  2870   640
	 7769  7724   689  2870   640
	 7793  7723   689  2870   640
	 7816  7721   687  2870   640
	 7837  7721   686  2870   640
	 7857  7721   689  2870   640
	 7875  7723   686  2870   640
	 7894  7734   681  2870   640
	 7910  7735   677  2870   640
	 7921  7739   675  2870   640
	 7927  7751   672  2870   640
	 7933  7756   671  2870   640
	 7936  7768   669  2870   640
	 7939  7770   671  2860   630
	 7941  7781   671  2860   630
	 7939  7782   672  2860   630
	 7941  7781   674  2860   630
	 7938  7781   674  2860   630
	 7939  7772   674  2860   630
	 7938  7772   674  2860   630
	 7938  7772   674  2860   630
	 7938  7772   675  2860   630
	 7938  7769   675  2860   630
	 7938  7769   680  2860   630
	 7936  7769   684  2860   630
	 7938  7769   689  2860   630
	 7936  7769   693  2840   630
	 7939  7768   696  2840   630
	 7936  7771   700  2840   630
	 7936  7772   705  2840   630
	 7936  7781   710  2840   630
	 7933  7784   722  2840   630
	 7929  7787   730  2840   630
	 7924  7800   737  2840   630
	 7919  7813   766  2840   630
	 7915  7830   769  2840   630
	 7910  7850   770  2840   630
	 7907  7868   770  2840   630
	 7906  7884   772  2840   630
	 7906  7898   773  2860   630
	 7912  7915   775  2860   630
	 7916  7941   775  2860   630
	 7923  7957   776  2860   630
	 7932  7963   777  2860   630
	 7943  7976   780  2850   620
	 7962  7990   781  2870   620
	 7982  7995   783  2870   620
	 7997  7996   786  2870   620
	 8019  7995   789  2870   620
	 8038  7995   812  2870   620
	 8060  7992   820  2880   630
	 8077  7979   826  2900   630
	 8092  7974   827  2900   630
	 8108  7958   829  2900   630
	 8127  7942   829  2910   640
	 8139  7913   829  2890   640
	 8151  7894   828  2890   640
	 8162  7863   824  2890   640
	 8167  7832   818  2900   650
	 8171  7816   799  2900   650
	 8171  7802   777  2900   650
	 8170  7799   713  2900   660
	 8173  7798   653  2900   660
	 8166  7800   536  2910   670
	 8170  7802   344  2900   660
	 8172  7817     0  2900   660
	 8186  7833    -1  2900   660
	 8207  7850    -1  2900   660
	 8240  7863    -1  2900   660
	 8277  7880    -1  2930   650
	 8315  7893    -1  2950   650
	 8359  7900    -1  2950   650
	 8403  7916    -1  2960   640
	 8441  7930    -1  2960   640
	 8484  7947    -1  2970   630
	 8521  7963    -1  2990   630
	 8505  7979    -1  2980   620
	 8581  8006    -1  3000   620
	 8602  8012    -1  3000   600
	 8615  8028    -1  3000   600
	 8623  8044    -1  3010   590
	 8619  8057    -1  3010   590
	 8611  8069    -1  3030   590
	 8593  8073    -1  3030   590
	 8569  8074    -1  3030   590
	 8535  8075    -1  3030   590
	 8501  8074    -1  3010   590
	 8466  8072    -1  3010   590
	 8432  8071    -1  3010   590
	 8401  8059    -1  3000   600
	 8376  8055    -1  3000   600
	 8352  8041    -1  2990   610
	 8335  8037    -1  3000   620
	 8317  8024    -1  3010   630
	 8308  8011    -1  2990   630
	 8293  8005    -1  3000   640
	 8285  7992    -1  3020   650
	 8275  7978    -1  3020   650
	 8268  7964    -1  3030   650
	 8259  7958    -1  3030   650
	 8249  7945    -1  3040   660
	 8237  7928    -1  3040   660
	 8230  7913    -1  3060   670
	 8220  7899    -1  3060   670
	 8214  7884    -1  3060   670
	 8208  7879    -1  3060   670
	 8206  7866    -1  3040   670
	 8189  7863    -1  3050   680
	 8211  7851   262  3030   690
	 8218  7849   367  3030   690
	 8226  7849   331  3010   690
	 8228  7850   401  3010   690
	 8229  7851   531  3010   690
	 8234  7862   567  3010   690
	 8240  7864   619  3010   690
	 8244  7866   639  2960   700
	 8254  7880   655  2960   700
	 8261  7893   664  2960   700
	 8273  7898   674  2960   700
	 8283  7910   689  2930   710
	 8297  7926   691  2930   710
	 8312  7942   693  2930   710
	 8324  7959   696  2930   710
	 8334  7977   696  2930   710
	 8338  8005   696  2960   700
	 8342  8012   693  2960   700
	 8342  8037   691  2960   700
	 8341  8041   689  2950   690
	 8337  8043   684  2970   690
	 8332  8054   678  2970   690
	 8324  8058   674  2970   690
	 8314  8057   672  2970   690
	 8301  8056   669  2970   690
	 8289  8054   669  2970   690
	 8274  8042   669  2970   690
	 8258  8027   669  2950   690
	 8242  8012   671  2950   690
	 8229  7996   674  2950   690
	 8217  7978   675  2950   690
	 8210  7959   686  2960   700
	 8207  7930   691  2960   700
	 8209  7910   700  2980   700
	 8212  7893   718  2980   700
	 8218  7862   723  2980   700
	 8231  7835   768  2980   700
	 8241  7818   775  2980   700
	 8255  7800   776  2980   700
	 8267  7784   777  2960   700
	 8287  7769   776  2960   700
	 8309  7755   776  2960   700
	 8329  7752   774  2960   700
	 8348  7750   772  2960   700
	 8370  7749   769  2960   700
	 8391  7749   768  2960   700
	 8415  7750   767  2960   700
	 8435  7753   767  2950   690
	 8452  7767   767  2950   690
	 8475  7771   766  2950   690
	 8493  7786   766  2950   690
	 8504  7802   760  2920   700
	 8516  7820   738  2910   690
	 8524  7848   734  2910   690
	 8531  7865   730  2940   680
	 8532  7884   724  2940   680
	 8529  7900   717  2920   670
	 8527  7912   713  2950   670
	 8524  7914   709  2950   670
	 8522  7915   706  2950   670
	 8522  7914   706  2950   670
	 8519  7913   706  2950   670
	 8514  7910   708  2970   670
	 8513  7898   714  2970   670
	 8511  7894   723  2970   670
	 8513  7880   733  2970   670
	 8513  7863   733  2970   670
	 8519  7835   738  2970   670
	 8528  7818   770  2970   670
	 8534  7802   774  2970   670
	 8544  7799   776  2970   670
	 8558  7784   777  2970   670
	 8578  7771   780  2970   670
	 8600  7767   782  2970   670
	 8622  7754   784  2940   660
	 8644  7752   786  2940   660
	 8667  7752   788  2940   660
	 8693  7752   789  2940   660
	 8712  7755   790  2940   660
	 8732  7766   807  2940   660
	 8746  7771   812  2940   660
	 8759  7782   812  2910   670
	 8775  7799   812  2910   670
	 8788  7819   790  2900   660
	 8797  7846   788  2900   660
	 8804  7866   784  2930   650
	 8805  7898   782  2930   650
	 8800  7915   777  2930   650
	 8797  7943   773  2930   650
	 8784  7960   734  2930   650
	 8773  7975   690  2950   650
	 8755  7992   658  2950   650
	 8734  8005   588  2950   650
	 8715  8008   395  2940   640
	 8694  8009   327  2940   640
	 8674  8009     0  2940   640
	 8655  8010    -1  2940   640
	 8649  8009    -1  2940   640
	 8647  7996    -1  2940   640
	 8656  7990    -1  2960   640
	 8660  7974    -1  2960   640
	 8668  7959    -1  2960   640
	 8676  7944    -1  2970   630
	 8685  7929    -1  2970   630
	 8695  7914    -1  2960   630
	 8706  7909    -1  2980   620
	 8720  7895    -1  2980   620
	 8730  7882    -1  2980   620
	 8742  7878    -1  3000   620
	 8755  7866    -1  3000   620
	 8760  7864    -1  3000   620
	 8765  7862    -1  3000   620
	 8770  7861    -1  3000   620
	 8774  7851    -1  3000   620
	 8777  7851    -1  3000   620
	 8781  7851    -1  3000   620
	 8785  7849    -1  3000   620
	 8791  7847   136  2990   630
	 8794  7845   297  2990   630
	 8800  7846   360  2970   630
	 8804  7848   350  2960   640
	 8805  7848   410  2960   640
	 8808  7847   536  2950   650
	 8813  7849   567  2950   650
	 8817  7851   611  2950   650
	 8826  7852   638  2930   650
	 8836  7862   645  2930   650
	 8847  7865   651  2900   660
	 8864  7866   656  2900   660
	 8878  7879   660  2900   660
	 8897  7881   661  2900   660
	 8917  7894   663  2900   660
	 8936  7899   664  2930   650
	 8951  7912   668  2930   650
	 8967  7927   668  2930   650
	 8982  7942   668  2940   640
	 8996  7958   668  2940   640
	 9007  7964   666  2940   640
	 9013  7978   666  2960   640
	 9016  7992   664  2950   630
	 9014  8009   663  2950   630
	 9010  8025   660  2950   630
	 9000  8043   656  2950   630
	 8989  8057   653  2950   630
	 8978  8070   653  2950   630
	 8958  8074   651  2930   630
	 8940  8075   650  2930   630
	 8920  8076   651  2930   630
	 8891  8072   656  2930   630
	 8864  8069   658  2930   630
	 8843  8057   663  2920   640
	 8826  8040   671  2920   640
	 8810  8021   690  2920   640
	 8800  7995   704  2930   650
	 8796  7964   721  2930   650
	 8794  7941   767  2930   650
	 8799  7909   770  2930   650
	 8810  7878   777  2930   650
	 8822  7849   783  2930   650
	 8830  7831   790  2940   660
	 8843  7814   807  2940   660
	 8866  7800   812  2940   660
	 8885  7786   812  2940   660
	 8907  7772   807  2940   660
	 8930  7766   790  2940   660
	 8955  7765   789  2940   660
	 8976  7766   786  2930   650
	 9004  7767   782  2930   650
	 9038  7772   779  2930   650
	 9065  7787   777  2930   650
	 9085  7804   777  2930   650
	 9109  7830   775  2940   660
	 9132  7863   772  2940   660
	 9152  7900   766  2910   670
	 9169  7943   734  2940   660
	 9177  7976   718  2940   660
	 9184  8012   709  2940   660
	 9190  8055   700  2940   660
	 9187  8091   686  2940   660
	 9184  8134   674  2940   660
	 9177  8168   669  2940   660
	 9173  8198   668  2940   660
	 9163  8218   668  2950   670
	 9156  8236   669  2950   670
	 9146  8261   674  2950   670
	 9140  8293   677  2920   670
	 9132  8282   681  2920   670
	 9132  8283   693  2920   670
	 9127  8284   715  2920   670
	 9130  8280   744  2900   680
	 9129  8277   769  2900   680
	 9131  8265   773  2900   680
	 9129  8252   776  2880   680
	 9130  8235   778  2880   680
	 9131  8204   779  2880   680
	 9134  8169   782  2880   680
	 9140  8133   787  2880   680
	 9148  8090   799  2880   680
	 9156  8053   807  2880   680
	 9167  8006   814  2900   680
	 9179  7961   816  2900   680
	 9189  7926   818  2900   680
	 9198  7897   819  2920   670
	 9205  7867   819  2920   670
	 9218  7845   815  2920   670
	 9232  7819   794  2920   670
	 9249  7803   783  2920   670
	 9260  7799   772  2950   670
	 9278  7784   706  2950   670
	 9298  7783   660  2950   670
	 9316  7772   570  2950   670
	 9336  7772   350  2950   670
	 9364  7781   262  2940   660
	 9386  7781    -1  2940   660
	 9411  7781    -1  2940   660
	 9437  7785    -1  2940   660
	 9463  7799    -1  2930   650
	 9486  7803    -1  2930   650
	 9514  7818    -1  2900   660
	 9535  7834    -1  2900   650
	 9547  7861    -1  2920   640
	 9558  7881    -1  2920   640
	 9568  7909    -1  2910   640
	 9581  7927    -1  2930   630
	 9591  7947    -1  2930   630
	 9595  7963    -1  2920   620
	 9594  7980    -1  2940   620
	 9592  7996    -1  2940   620
	 9591  8009   218  2940   620
	 9590  8022   352  2940   620
	 9590  8027   269  2940   620
	 9588  8040   350  2940   620
	 9572  8053   415  2940   620
	 9562  8056   525  2940   620
	 9536  8070   550  2940   620
	 9511  8073   572  2950   620
	 9482  8076   621  2950   630
	 9446  8075   638  2930   630
	 9409  8074   651  2930   630
	 9375  8071   661  2930   630
	 9340  8058   668  2910   640
	 9304  8041   677  2920   640
	 9282  8021   689  2920   640
	 9258  7993   697  2920   640
	 9247  7973   706  2920   640
	 9237  7946   710  2930   650
	 9234  7916   724  2950   650
	 9236  7896   734  2950   650
	 9238  7867   755  2950   650
	 9247  7847   760  2960   660
	 9263  7831   768  2960   660
	 9276  7818   769  2960   660
	 9298  7814   767  2960   660
	 9319  7800   768  2960   660
	 9343  7787   769  2960   660
	 9367  7787   767  2960   660
	 9393  7787   766  2960   660
	 9420  7800   760  2960   660
	 9445  7813   738  2960   660
	 9468  7832   736  2960   660
	 9491  7852   729  2950   650
	 9508  7883   729  2950   650
	 9531  7928   723  2950   650
	 9543  7963   718  2950   650
	 9557  8008   715  2930   650
	 9566  8056   709  2920   640
	 9572  8102   708  2920   640
	 9577  8140   709  2920   640
	 9575  8183   706  2920   640
	 9572  8217   708  2920   640
	 9563  8248   706  2910   640
	 9553  8280   705  2890   640
	 9541  8300   704  2890   640
	 9530  8329   705  2890   640
	 9514  8358   704  2890   640
	 9503  8364   704  2870   640
	 9496  8376   706  2870   640
	 9496  8376   715  2870   640
	 9495  8376   736  2850   640
	 9496  8364   769  2850   640
	 9498  8362   775  2850   640
	 9502  8346   781  2830   640
	 9507  8332   788  2830   640
	 9513  8312   812  2830   640
	 9521  8268   822  2830   640
	 9532  8229   831  2830   640
	 9549  8171   840  2830   640
	 9561  8123   846  2830   640
	 9572  8057   867  2830   640
	 9585  7994   875  2850   640
	 9593  7941   873  2850   640
	 9604  7879   872  2850   640
	 9615  7829   871  2870   640
	 9624  7800   849  2870   640
	 9626  7772   831  2870   640
	 9624  7754   824  2890   640
	 9622  7740   790  2890   640
	 9623  7738   770  2890   640
	 9621  7739   663  2910   640
	 9617  7752   533  2910   640
	 9607  7782   367  2910   640
	 9593  7818    -1  2900   630
	 9584  7862    -1  2920   620
	 9574  7896    -1  2920   620
	 9567  7930    -1  2920   620
	 9554  7974    -1  2940   620
	 9532  8009    -1  2940   620
	 9502  8056    -1  2940   620
	 9419  8119    -1  2940   620
	 9369  8170    -1  2940   620
	 9310  8229    -1  2940   620
	 9232  8279    -1  2940   620
	 9135  8331    -1  2940   620
	 9013  8379    -1  2920   600
	 8851  8424    -1  2980   590
	 8696  8460    -1  2970   580
	 8543  8504    -1  2960   580
	 8422  8538    -1  2940   590
	 8324  8567    -1  2930   590
	 8225  8587    -1  2930   590
	 8118  8603    -1  2880   600
	 8007  8618    -1  2830   570
	 7896  8617    -1  2800   560
	 7793  8604    -1  2770   550
	 7716  8597    -1  2740   540
	 7649  8570    -1  2730   540
	 7600  8553    -1  2700   530
	 7553  8533    -1  2690   530
	 7513  8507    -1  2670   530
	 7481  8488    -1  2650   530
	 7452  8476    -1  2640   520
	 7434  8459    -1  2620   520
	 7429  8443    -1  2620   520
	 7426  8440    -1  2630   530
	 7436  8424    -1  2630   530
	 7442  8411    -1  2650   530
	 7455  8408    -1  2650   530
	 7474  8396    -1  2660   550
	 7490  8392    -1  2660   560
	 7503  8390    -1  2670   560
	 7509  8393    -1  2680   580
	 7573  8392    -1  2680   580
	 7573  8390    -1  2700   580
	 7518  8395    -1  2700   590
	 7571  8406    -1  2700   590
	 7568  8411    -1  2700   600
	 7561  8426    -1  2700   600
	 7553  8441    -1  2700   600
	 7539  8457    -1  2700   600
	 7530  8472    -1  2700   600
	 7520  8476    -1  2700   600
	 7507  8491    -1  2700   600
	 7494  8503    -1  2700   600
	 7482  8506    -1  2680   600
	 7471  8518    -1  2680   600
	 7466  8517    -1  2680   600
	 7463  8518    -1  2680   600
	 7465  8506    -1  2660   610
	 7465  8505    -1  2660   610
	 7472  8504    -1  2660   610
	 7479  8492    -1  2660   610
	 7485  8487    -1  2660   610
	 7496  8475    -1  2660   610
	 7507  8469    -1  2660   610
	 7521  8456    -1  2660   610
	 7484  8454    -1  2660   620
	 7553  8441    -1  2660   620
	 7570  8428    -1  2660   620
	 7542  8428    -1  2660   610
	 7606  8424    -1  2680   610
	 7625  8423    -1  2680   610
	 7645  8409    -1  2680   610
	 7661  8407    -1  2700   610
	 7675  8394    -1  2700   600
	 7690  8389    -1  2700   600
	 7705  8375    -1  2720   600
	 7719  8362    -1  2720   600
	 7733  8358    -1  2720   600
	 7752  8343    -1  2720   590
	 7768  8329    -1  2730   590
	 7785  8316    -1  2730   590
	 7801  8311    -1  2730   580
	 7808  8311    -1  2750   580
	 7818  8309    -1  2750   580
	 7824  8310    -1  2750   580
	 7829  8310    -1  2760   570
	 7828  8312    -1  2760   570
	 7831  8313    -1  2760   570
	 7829  8316    -1  2760   570
	 7829  8325    -1  2760   560
	 7820  8329    -1  2770   560
	 7814  8342    -1  2770   560
	 7808  8345    -1  2770   560
	 7801  8357    -1  2770   560
	 7787  8361    -1  2770   560
	 7782  8374    -1  2760   560
	 7770  8380    -1  2760   560
	 7763  8394    -1  2760   560
	 7756  8406    -1  2760   560
	 7745  8408    -1  2760   560
	 7733  8421    -1  2740   560
	 7720  8426    -1  2740   560
	 7708  8440    -1  2740   560
	 7695  8453    -1  2740   560
	 7683  8457    -1  2730   560
	 7668  8472    -1  2730   570
	 7657  8485    -1  2730   570
	 7645  8501    -1  2720   570
	 7629  8508    -1  2720   570
	 7618  8524    -1  2720   580
	 7609  8539    -1  2720   580
	 7596  8553    -1  2700   580
	 7588  8566    -1  2700   580
	 7530  8572    -1  2680   590
	 7576  8585    -1  2680   590
	 7566  8588    -1  2680   600
	 7559  8599    -1  2680   600
	 7549  8600    -1  2660   610
	 7546  8600    -1  2660   610
	 7539  8600    -1  2660   610
	 7482  8598    -1  2660   620
	 7533  8588    -1  2660   620
	 7531  8585    -1  2660   620
	 7531  8582    -1  2660   630
	 7532  8570    -1  2660   630
	 7533  8569    -1  2660   630
	 7533  8566    -1  2660   630
	 7527  8555    -1  2660   640
	 7528  8552    -1  2660   640
	 7473  8550    -1  2660   640
	 7519  8549    -1  2660   640
	 7520  8539    -1  2660   650
	 7528  8538   262  2660   650
	 7535  8536   357  2680   650
	 7546  8534   385  2680   660
	 7551  8524   415  2680   660
	 7554  8521   542  2680   660
	 7558  8518   574  2680   670
	 7563  8503   636  2680   670
	 7569  8487   651  2680   670
	 7580  8458   677  2680   670
	 7593  8410   706  2700   670
	 7614  8348   734  2700   680
	 7634  8280   774  2700   680
	 7653  8214   784  2720   680
	 7669  8139   815  2720   680
	 7686  8073   826  2720   680
	 7705  8005   829  2750   680
	 7723  7926   836  2750   680
	 7739  7849   843  2770   680
	 7755  7788   848  2770   680
	 7767  7737   848  2800   680
	 7779  7691   849  2800   680
	 7786  7659   853  2820   680
	 7789  7641   849  2820   670
	 7794  7622   847  2820   670
	 7796  7596   844  2840   660
	 7795  7592   840  2840   660
	 7793  7591   827  2860   660
	 7794  7592   789  2860   660
	 7790  7591   772  2860   660
	 7785  7593   693  2860   660
	 7777  7605   646  2860   660
	 7765  7623   560  2860   660
	 7745  7653   367  2860   660
	 7727  7687     0  2860   660
	 7708  7723    -1  2860   660
	 7691  7765    -1  2850   650
	 7681  7803    -1  2850   650
	 7667  7848    -1  2850   650
	 7646  7900    -1  2850   640
	 7620  7958    -1  2850   640
	 7593  8008    -1  2850   640
	 7565  8057    -1  2850   640
	 7532  8104    -1  2850   640
	 7503  8151    -1  2850   640
	 7475  8186    -1  2850   640
	 7449  8219    -1  2850   640
	 7424  8249    -1  2850   640
	 7403  8278    -1  2850   640
	 7383  8295    -1  2830   640
	 7367  8313    -1  2830   640
	 7354  8331    -1  2830   640
	 7339  8344    -1  2830   650
	 7339  8348    -1  2830   650
	 7333  8358   336  2840   660
	 7336  8362   317  2840   660
	 7335  8373   344  2820   670
	 7333  8377   401  2800   680
	 7332  8391   525  2800   680
	 7331  8394   562  2780   690
	 7328  8406   629  2780   690
	 7328  8407   658  2780   690
	 7329  8411   684  2750   700
	 7336  8424   697  2750   700
	 7343  8438   724  2750   700
	 7351  8442   771  2750   700
	 7364  8453   777  2730   700
	 7390  8457   780  2730   700
	 7424  8470   784  2730   700
	 7470  8471   786  2730   700
	 7524  8469   788  2730   700
	 7591  8473   794  2730   700
	 7653  8471   816  2730   700
	 7711  8459   816  2730   700
	 7777  8453   817  2730   690
	 7853  8427   815  2730   690
	 7920  8407   816  2730   690
	 7993  8375   818  2730   690
	 8060  8330   820  2720   680
	 8110  8293   821  2720   680
	 8159  8245   824  2750   680
	 8196  8185   826  2750   680
	 8221  8133   829  2750   680
	 8236  8073   832  2770   670
	 8245  8009   833  2770   670
	 8244  7941   834  2770   670
	 8229  7862   832  2790   670
	 8220  7781   832  2790   670
	 8196  7717   831  2820   670
	 8159  7657   829  2820   680
	 8113  7610   825  2850   670
	 8058  7564   821  2850   670
	 8000  7530   817  2870   670
	 7927  7510   813  2870   670
	 7862  7493   788  2870   670
	 7788  7482   780  2890   670
	 7713  7493   773  2890   670
	 7632  7509   702  2890   670
	 7550  7543   634  2890   670
	 7454  7580   385  2890   670
	 7361  7637   108  2870   670
	 7276  7691    -1  2870   670
	 7208  7753    -1  2870   670
	 7148  7814    -1  2870   670
	 7096  7881    -1  2870   670
	 7032  7958    -1  2820   680
	 6982  8026    -1  2820   680
	 6917  8103    -1  2820   670
	 6856  8170    -1  2810   660
	 6806  8232    -1  2810   660
	 6762  8284    -1  2810   650
	 6731  8332    -1  2790   650
	 6712  8390    -1  2780   640
	 6709  8424    -1  2760   640
	 6716  8455    -1  2760   630
	 6728  8472    -1  2740   620
	 6745  8492    -1  2740   620
	 6760  8506    -1  2740   610
	 6779  8522    -1  2740   610
	 6804  8524    -1  2730   600
	 6827  8524    -1  2730   600
	 6856  8521    -1  2730   590
	 6881  8508    -1  2720   600
	 6904  8503    -1  2700   600
	 6924  8491    -1  2700   610
	 6942  8485    -1  2700   610
	 6960  8472    -1  2680   610
	 6977  8458    35  2680   630
	 6997  8453   494  2700   640
	 7024  8440   531  2700   640
	 7053  8428   544  2700   650
	 7086  8423   574  2700   660
	 7112  8410   660  2700   660
	 7147  8407   683  2720   660
	 7160  8405   714  2720   670
	 7219  8405   744  2720   680
	 7258  8408   769  2750   680
	 7293  8421   775  2750   690
	 7324  8426   775  2750   690
	 7355  8456   776  2780   690
	 7381  8485   776  2780   690
	 7398  8503   775  2780   690
	 7416  8549   773  2780   700
	 7421  8588   772  2780   690
	 7421  8650   768  2780   690
	 7421  8711   767  2780   690
	 7411  8773   738  2770   680
	 7394  8828   723  2770   680
	 7367  8887   708  2770   680
	 7339  8939   700  2770   680
	 7301  8983   698  2770   680
	 7260  9017   693  2770   670
	 7216  9061   691  2770   670
	 7170  9083   691  2770   670
	 7123  9110   689  2770   680
	 7077  9129   689  2770   680
	 7032  9147   690  2750   680
	 6983  9163   691  2750   680
	 6950  9176   691  2750   680
	 6918  9180   694  2750   680
	 6903  9189   698  2750   680
	 6900  9179   714  2750   680
	 6901  9176   766  2750   680
	 6911  9175   775  2770   680
	 6925  9159   783  2770   680
	 6955  9129   812  2770   680
	 6992  9100   824  2770   680
	 7046  9065   828  2770   680
	 7108  9017   829  2770   680
	 7179  8970   835  2770   680
	 7251  8922   835  2780   690
	 7327  8872   835  2770   680
	 7399  8828   836  2770   680
	 7473  8794   835  2770   680
	 7536  8764   834  2770   680
	 7594  8744   826  2770   680
	 7646  8728   827  2770   680
	 7681  8711   823  2750   680
	 7713  8698   822  2750   690
	 7729  8697   822  2750   690
	 7733  8694   822  2750   690
	 7735  8695   818  2750   690
	 7734  8694   812  2750   680
	 7731  8694   803  2720   680
	 7728  8693   790  2720   680
	 7722  8682   789  2700   680
	 7713  8668   789  2700   680
	 7693  8646   789  2700   670
	 7671  8615   790  2700   670
	 7647  8581   790  2700   670
	 7618  8536   790  2700   670
	 7588  8473   803  2700   670
	 7560  8391   807  2700   670
	 7547  8297   812  2700   670
	 7547  8198   816  2700   670
	 7573  8074   818  2720   670
	 7625  7945   822  2720   670
	 7700  7798   828  2720   670
	 7807  7659   841  2720   670
	 7923  7529   872  2750   670
	 8079  7401   910  2750   670
	 8216  7289   934  2770   670
	 8360  7190   960  2770   670
	 8493  7114   982  2800   680
	 8598  7077  1024  2800   680
	 8646  7066  1024  2820   680
	 8645  7068  1024  2820   680
	 8633  7083  1024  2850   670
	 8586  7125  1024  2850   680
	 8495  7205  1024  2850   680
	 8347  7323   994  2850   680
	 8146  7464   977  2830   690
	 7880  7625   960  2830   690
	 7578  7804   946  2830   690
	 7235  7996   929  2800   690
	 6877  8183   916  2810   700
	 6509  8357   916  2800   690
	 6139  8523   908  2800   690
	 5814  8668   908  2780   690
	 5515  8795   912  2780   690
	 5271  8908   915  2750   690
	 5099  9001   916  2750   690
	 5003  9048   916  2750   690
	 4976  9063   943  2750   690
	 4993  9051   991  2750   690
	 5050  9035  1024  2750   690
	 5162  8998  1024  2780   690
	 5343  8906  1024  2780   690
	 5584  8789  1024  2780   690
	 5848  8652  1024  2780   690
	 6159  8517  1024  2800   690
	 6442  8362  1024  2800   690
	 6721  8220  1024  2800   690
	 6954  8102  1024  2830   690
	 7166  7996  1024  2830   690
	 7322  7913  1024  2830   690
	 7469  7835   997  2850   670
	 7595  7781   967  2820   680
	 7694  7737   943  2820   680
	 7761  7717   869  2820   680
	 7815  7719   784  2820   670
	 7841  7723   639  2790   670
	 7852  7753   234  2790   660
