ABCDE-012_345_678 388
	13432 19562     0  1330   450
	13399 19609   297  1340   450
	13397 19623   336  1350   450
	13395 19626   336  1350   450
	13396 19627   344  1370   450
	13394 19637   352  1370   450
	13394 19639   269  1380   450
	13393 19639   324  1390   450
	13386 19640   363  1390   450
	13384 19639   390  1390   450
	13382 19638   405  1400   460
	13379 19628   446  1400   460
	13378 19624   507  1400   460
	13374 19610   513  1400   460
	13371 19593   519  1400   460
	13368 19573   522  1410   450
	13363 19541   525  1400   460
	13360 19495   525  1400   460
	13354 19445   528  1400   460
	13347 19381   531  1400   460
	13338 19307   531  1400   460
	13326 19257   533  1390   460
	13317 19196   536  1390   460
	13306 19141   536  1380   470
	13294 19083   536  1370   470
	13284 19031   539  1360   480
	13281 18970   533  1360   480
	13277 18919   531  1350   490
	13277 18869   528  1340   490
	13280 18812   525  1340   490
	13287 18774   516  1330   500
	13294 18742   513  1320   500
	13304 18712   480  1300   510
	13312 18684   420  1300   510
	13326 18668   415  1290   510
	13335 18663   410  1280   520
	13340 18662   401  1280   520
	13344 18663   401  1280   520
	13346 18664   401  1280   520
	13346 18668   405  1280   520
	13348 18695   410  1270   520
	13349 18729   410  1270   520
	13348 18775   410  1270   520
	13342 18825   405  1270   520
	13331 18887   405  1280   520
	13313 18950   405  1280   520
	13290 19004   405  1280   520
	13265 19068   437  1280   520
	13237 19127   519  1290   520
	13209 19176   533  1300   520
	13176 19224   542  1300   520
	13137 19271   547  1300   520
	13101 19319   557  1320   510
	13053 19365   565  1320   510
	13009 19401   567  1330   510
	12967 19445   572  1330   510
	12927 19466   603  1340   500
	12889 19493   611  1360   500
	12850 19515   609  1370   500
	12821 19543   621  1370   500
	12799 19562   625  1380   490
	12782 19578   632  1390   480
	12776 19594   634  1420   480
	12772 19612   634  1420   480
	12775 19626   634  1430   480
	12776 19637   634  1430   480
	12778 19639   632  1440   470
	12787 19640   632  1440   470
	12801 19641   630  1450   460
	12825 19641   629  1470   460
	12866 19639   629  1470   460
	12920 19639   629  1470   460
	12987 19637   625  1470   460
	13062 19625   621  1470   460
	13153 19623   619  1470   460
	13242 19621   619  1470   460
	13327 19612   615  1470   460
	13418 19612   601  1470   460
	13500 19610   595  1470   460
	13585 19608   584  1470   460
	13660 19605   577  1470   460
	13729 19596   572  1470   460
	13781 19590   565  1470   460
	13814 19575   560  1470   460
	13831 19557   550  1480   460
	13835 19531   525  1480   460
	13829 19515   525  1480   460
	13800 19482   525  1480   460
	13751 19436   525  1470   470
	13686 19388   525  1470   470
	13606 19351   522  1470   470
	13520 19303   522  1460   480
	13436 19259   522  1460   480
	13356 19224   519  1450   480
	13277 19189   522  1450   480
	13202 19148   525  1450   480
	13128 19126   525  1440   490
	13064 19097   528  1430   490
	13006 19078   531  1420   490
	12962 19062   533  1410   500
	12932 19047   539  1410   500
	12912 19034   542  1400   510
	12909 19035   550  1400   510
	12917 19035   547  1380   510
	12930 19046   547  1380   510
	12958 19050   550  1380   510
	12999 19077   550  1380   510
	13062 19097   552  1380   510
	13145 19127   555  1380   510
	13228 19159   557  1380   510
	13318 19193   557  1380   510
	13412 19227   557  1380   510
	13515 19269   552  1400   520
	13620 19301   533  1400   520
	13720 19337   415  1400   520
	13815 19372   390  1410   510
	13898 19415   357  1410   510
	13981 19448   324  1420   500
	14061 19478   352  1420   500
	14140 19510   249  1430   500
	14209 19530    -1  1430   500
	14270 19558    -1  1440   490
	14317 19577    -1  1430   490
	14346 19594    -1  1430   490
	14364 19610    -1  1440   480
	14375 19624    -1  1440   480
	14379 19628    -1  1440   470
	14383 19639    -1  1440   470
	14378 19641    -1  1440   470
	14379 19643    -1  1440   460
	14375 19641    -1  1440   460
	14377 19605    -1  1420   450
	14376 19641    -1  1420   450
	14381 19640    -1  1410   450
	14381 19639    -1  1400   450
	14387 19640    -1  1400   450
	14386 19639    -1  1400   450
	14395 19640    -1  1400   450
	14403 19640    -1  1400   450
	14412 19641    -1  1400   450
	14420 19644    -1  1400   450
	14422 19657    -1  1400   450
	14419 19660    -1  1400   450
	14418 19672    -1  1400   450
	14414 19676    -1  1410   450
	14408 19688    -1  1410   450
	14413 19692    -1  1410   450
	14414 19644    -1  1420   450
	14415 19702    -1  1420   450
	14419 19703    -1  1430   450
	14418 19702    -1  1450   450
	14407 19705    -1  1450   450
	14405 19702   201  1450   450
	14396 19703   275  1450   450
	14383 19701   308  1450   450
	14375 19691   327  1460   460
	14362 19688   344  1460   460
	14350 19676   367  1460   460
	14333 19671   294  1460   460
	14309 19655   331  1460   460
	14283 19628   357  1460   460
	14253 19609   374  1460   460
	14220 19578   390  1460   460
	14176 19546   415  1460   460
	14135 19512   487  1470   460
	14090 19479   516  1470   460
	14054 19436   519  1470   460
	14022 19404   522  1470   460
	13997 19381   525  1470   470
	13986 19353   528  1470   470
	13979 19322   528  1460   480
	13981 19306   528  1460   480
	13987 19292   525  1450   480
	14000 19288   500  1460   490
	14017 19285   462  1450   500
	14044 19276   446  1450   500
	14076 19274   462  1440   500
	14115 19275   469  1440   500
	14156 19287   480  1440   500
	14198 19301   469  1430   510
	14241 19308   462  1430   510
	14281 19324   462  1430   510
	14317 19339   462  1420   520
	14351 19353   437  1410   510
	14379 19367   420  1410   510
	14393 19367   415  1410   510
	14400 19366   415  1410   510
	14402 19365   410  1410   510
	14398 19353   410  1410   510
	14384 19339   420  1400   510
	14368 19323   462  1400   510
	14341 19303   469  1400   510
	14307 19274   494  1400   510
	14264 19241   513  1400   510
	14217 19211   513  1400   510
	14163 19189   522  1400   510
	14105 19159   525  1400   510
	14052 19130   531  1400   510
	14004 19109   533  1400   510
	13973 19082   536  1410   510
	13951 19066   539  1410   510
	13938 19062   539  1400   520
	13937 19052   539  1400   520
	13938 19051   531  1400   520
	13946 19052   487  1400   520
	13958 19063   420  1400   520
	13978 19066   415  1400   520
	14012 19079   410  1400   530
	14058 19096   410  1400   530
	14110 19113   405  1400   530
	14176 19131   401  1400   530
	14236 19158   401  1400   530
	14298 19175   395  1400   530
	14353 19192   390  1400   530
	14403 19206   385  1400   530
	14444 19211   380  1410   520
	14480 19223   374  1400   520
	14505 19225   374  1400   520
	14513 19224   374  1400   520
	14515 19223   374  1400   520
	14510 19210   385  1400   520
	14496 19206   395  1400   520
	14477 19189   401  1400   520
	14448 19164   410  1400   520
	14416 19144   415  1400   520
	14377 19116   454  1380   510
	14337 19098   513  1380   510
	14299 19078   519  1380   510
	14257 19051   531  1380   510
	14213 19032   533  1380   510
	14157 19003   531  1380   510
	14111 18982   533  1400   520
	14071 18965   536  1390   520
	14045 18950   536  1390   520
	14024 18936   539  1390   520
	14013 18923   539  1390   520
	14014 18920   533  1390   520
	14016 18921   525  1400   530
	14025 18921   507  1400   530
	14043 18922   480  1400   530
	14072 18924   454  1400   530
	14119 18949   454  1400   530
	14180 18966   469  1400   530
	14251 18987   500  1400   530
	14334 19019   513  1400   530
	14430 19061   513  1400   530
	14545 19096   531  1410   530
	14677 19142   542  1410   530
	14822 19189   542  1410   530
	14971 19239   547  1410   530
	15132 19291   557  1410   530
	15319 19366   560  1410   530
	15486 19432   562  1420   530
	15682 19498   567  1420   530
	15875 19562   562  1430   520
	16058 19623   560  1430   520
	16250 19685   550  1440   510
	16410 19735   531  1450   510
	16561 19785   519  1450   510
	16702 19832   415  1460   500
	16826 19868   374  1480   500
	16928 19909   344  1480   500
	17009 19932   360  1490   490
	17068 19959   286  1510   480
	17111 19964     0  1520   480
	17133 19977    -1  1530   470
	17126 19977    -1  1540   470
	17096 19976    -1  1550   460
	17052 19962    -1  1550   460
	16995 19957    -1  1560   450
	16932 19931    -1  1560   450
	16857 19916    -1  1570   450
	16765 19894    -1  1570   450
	16656 19866    -1  1570   450
	16532 19834    -1  1570   450
	16398 19797    -1  1570   450
	16249 19750    -1  1570   450
	16089 19640    -1  1540   440
	15930 19638    -1  1540   440
	15777 19574    -1  1530   440
	15616 19510    -1  1530   450
	15460 19433    -1  1520   440
	15309 19365    -1  1510   450
	15153 19292    -1  1500   450
	14990 19240    -1  1490   460
	14853 19189    -1  1490   460
	14724 19141    -1  1470   460
	14596 19094    -1  1470   460
	14471 19049    -1  1450   460
	14356 19014    -1  1450   460
	14236 18981    -1  1440   470
	14117 18936    -1  1440   470
	13992 18891    -1  1440   480
	13884 18857    -1  1430   490
	13781 18822    -1  1430   490
	13680 18776    -1  1430   490
	13581 18741    -1  1420   490
	13487 18697    -1  1420   490
	13405 18662    -1  1400   500
	13332 18619    -1  1400   500
	13260 18586    -1  1370   500
	13193 18553    -1  1350   500
	13138 18521    -1  1340   500
	13077 18488    -1  1340   500
	13025 18459    -1  1340   510
	12980 18440    -1  1350   520
	12942 18410    -1  1340   520
	12910 18393    -1  1340   520
	12889 18377    -1  1330   530
	12873 18364    -1  1330   530
	12863 18358    -1  1330   530
	12859 18348    -1  1330   530
	12888 18344    -1  1340   540
	12869 18344    -1  1340   540
	12880 18342    -1  1330   540
	12899 18342    -1  1340   550
	12901 18341    -1  1350   550
	12921 18341    -1  1350   550
	12940 18345   182  1360   560
	12957 18358   262  1380   550
	12981 18362   275  1380   550
	13002 18376   286  1380   550
	13028 18390   308  1380   550
	13064 18405   336  1380   550
	13111 18421   360  1360   550
	13164 18437   294  1360   550
	13226 18458   338  1360   550
	13296 18488   380  1370   540
	13379 18520   420  1370   540
	13473 18523   525  1370   540
	13590 18587   544  1370   540
	13725 18645   567  1370   540
	13872 18694   603  1370   540
	14039 18748   629  1370   540
	14235 18823   641  1390   540
	14425 18890   650  1390   540
	14635 18971   658  1400   540
	14865 19050   660  1400   540
	15102 19127   660  1400   540
	15362 19208   658  1410   530
	15596 19288   653  1410   530
	15861 19383   643  1430   530
	16114 19477   605  1430   530
	16387 19548   544  1450   530
	16613 19625   374  1460   530
	16863 19692   367  1470   520
	17094 19756   286  1480   510
	17327 19818    64  1480   510
	17514 19877    -1  1500   510
	17691 19926    -1  1510   500
	17849 19974    -1  1520   490
	17977 20009    -1  1540   490
	18073 20043    -1  1560   480
	18159 20073    -1  1580   470
	18226 20091    -1  1580   470
	18290 20073    -1  1600   450
	18333 20136    -1  1620   440
	18373 20151    -1  1620   440
	18402 20133    -1  1600   430
	18425 20137    -1  1620   410
	18446 20186    -1  1610   390
	18458 20168    -1  1610   390
	18453 20170    -1  1590   390
	18445 20172    -1  1620   350
	18428 20185    -1  1620   350
	18406 20186    -1  1610   330
	18377 20188    -1  1610   330
	18343 20188    -1  1580   320
	18314 20201    -1  1610   290
	18282 20201    -1  1610   290
	18254 20202    -1  1560   280
	18219 20204    -1  1570   280
	18197 20203    -1  1580   280
	18167 20213    -1  1590   280
	18135 20219    -1  1590   280
	18107 20219    -1  1620   290
	18082 20230    -1  1640   290
	18063 20232    -1  1640   290
	18036 20245    -1  1660   290
	18020 20247    -1  1660   290
	17998 20252    -1  1660   290
	17977 20266    -1  1690   300
	17964 20283    -1  1700   300
	    0     0    -4     0     0
	    0     0    -4     0     0
	17777 19851   790  1650   650
	17788 19863   632  1650   650
	17791 19877   308  1650   650
