ABCDE-012_345_678 190
	14277 13046    64  1190   460
	14277 13045    35  1200   470
	14275 13046   136  1200   470
	14272 13045   201  1200   470
	14268 13035   234  1200   470
	14265 13029   249  1210   480
	14257 13013   275  1210   480
	14248 12955   286  1210   480
	14230 12917   308  1200   480
	14209 12841   336  1200   480
	14170 12745   352  1200   480
	14125 12614   278  1200   480
	14070 12460   350  1200   480
	14008 12300   405  1210   490
	13943 12133   531  1210   490
	13883 11957   555  1190   480
	13821 11801   572  1190   480
	13818 11641   590  1170   490
	13705 11468   605  1170   490
	13654 11320   609  1160   490
	13617 11177   613  1160   490
	13577 11045   621  1160   490
	13547 10934   615  1140   500
	13527 10853   609  1120   490
	13518 10790   605  1110   490
	13516 10742   592  1090   490
	13517 10699   574  1090   490
	13524 10677   570  1080   500
	13529 10661   557  1070   500
	13536 10652   542  1050   490
	13540 10652   525  1040   490
	13545 10663   494  1040   490
	13550 10667   462  1030   490
	13558 10698   469  1030   490
	13573 10760   487  1020   490
	13594 10840   469  1020   490
	13621 10950   454  1020   490
	13658 11083   446  1020   490
	13704 11239   446  1020   490
	13756 11388   429  1030   490
	13814 11563   420  1030   490
	13881 11754   420  1040   490
	13957 11927   415  1040   490
	14045 12107   415  1050   490
	14146 12279   415  1050   490
	14251 12426   415  1070   490
	14354 12569   410  1080   490
	14465 12715   410  1090   480
	14574 12827   410  1100   480
	14688 12921   405  1110   480
	14786 12988   405  1120   480
	14871 13049   401  1130   480
	14947 13094   401  1130   480
	15009 13115   390  1150   480
	15063 13128   390  1150   480
	15111 13126   385  1180   480
	15151 13109   385  1180   480
	15154 13083   385  1190   470
	15158 13049   390  1190   470
	15147 13001   401  1200   470
	15116 12933   410  1200   470
	15078 12839   446  1200   470
	15028 12726   522  1200   470
	14968 12584   544  1200   470
	14902 12443   560  1200   470
	14889 12309   577  1200   470
	14772 12170   599  1200   470
	14708 12026   619  1190   470
	14648 11915   630  1190   470
	14592 11803   632  1180   480
	14545 11702   634  1170   480
	14507 11605   632  1170   480
	14481 11512   634  1150   480
	14456 11433   634  1150   480
	14440 11367   632  1140   480
	14425 11321   632  1140   480
	14413 11285   632  1130   490
	14408 11259   629  1130   490
	14408 11254   603  1110   480
	14409 11254   567  1110   480
	14410 11257   550  1110   480
	14418 11270   533  1100   480
	14427 11291   531  1100   480
	14444 11339   528  1100   480
	14470 11431   522  1100   480
	14506 11545   513  1100   480
	14553 11673   480  1100   480
	14613 11814   420  1100   480
	14679 11945   415  1100   480
	14758 12076   410  1110   480
	14826 12197   410  1110   480
	14893 12268   410  1120   490
	14952 12314   410  1130   490
	15000 12357   410  1130   490
	15037 12373   401  1140   480
	15068 12375   395  1140   480
	15089 12364   380  1140   480
	15105 12348   374  1150   480
	15113 12328   368  1150   480
	15109 12283   368  1170   480
	15107 12231   363  1170   480
	15099 12167   368  1170   480
	15084 12091   374  1170   480
	15068 12010   385  1180   480
	15050 11947   390  1180   480
	15037 11884   401  1180   480
	15027 11834   415  1170   480
	15019 11786   420  1170   480
	15017 11738   437  1170   480
	15016 11701   462  1170   480
	15024 11655   469  1150   480
	15033 11622   480  1150   480
	15045 11591   480  1150   480
	15060 11563   487  1150   480
	15078 11541   469  1140   480
	15101 11526   446  1140   480
	15125 11512   420  1140   480
	15157 11512   415  1130   490
	15191 11515   415  1130   490
	15244 11543   415  1130   490
	15293 11577   415  1130   490
	15346 11627   420  1130   490
	15412 11692   415  1130   490
	15483 11781   415  1130   490
	15569 11867   415  1120   490
	15670 11975   415  1120   490
	15774 12090   415  1130   490
	15884 12217   420  1130   490
	15994 12345   420  1130   490
	16116 12472   420  1130   490
	16255 12602   420  1120   480
	16366 12743   446  1130   480
	16478 12857   454  1130   480
	16581 12966   462  1140   480
	16665 13049   513  1150   480
	16729 13127   513  1150   480
	16759 13175   525  1170   480
	16757 13205   550  1180   480
	16727 13222   560  1180   480
	16663 13240   565  1200   480
	16574 13256   565  1200   480
	16460 13256   557  1210   480
	16322 13239   533  1210   480
	16149 13205   531  1220   480
	15917 13131   507  1220   480
	15676 13045   469  1250   480
	15408 12940   437  1250   480
	15133 12825   415  1250   480
	14845 12693   454  1250   480
	14542 12535   469  1250   480
	14253 12364   446  1250   480
	13963 12187   469  1260   490
	13680 12005   437  1260   490
	13399 11835   437  1250   500
	13164 11669   415  1250   500
	12936 11483   415  1240   500
	12740 11324   410  1240   500
	12650 11191   415  1220   500
	12449 11080   420  1220   500
	12374 10998   437  1190   490
	12348 10956   429  1180   490
	12353 10951   410  1170   490
	12398 10949   401  1160   490
	12479 10950   395  1160   490
	12593 10966   390  1150   490
	12722 10988   390  1150   490
	12866 11036   390  1140   480
	13028 11097   401  1130   490
	13224 11160   405  1130   490
	13410 11226   405  1130   490
	13651 11317   410  1130   490
	13892 11417   415  1130   490
	14171 11531   415  1140   480
	14425 11669   420  1140   480
	14730 11799   446  1140   480
	15028 11927   437  1140   480
	15343 12069   469  1150   490
	15635 12199   454  1160   490
	15947 12327   446  1170   490
	16262 12441   454  1170   490
	16529 12552   446  1190   480
	16814 12651   446  1190   480
	17066 12732   420  1190   480
	17312 12796   420  1210   490
	17499 12843   405  1210   490
	17673 12876   401  1210   490
	17828 12904   368  1220   480
	17944 12921   278  1220   480
	18029 12933   286  1230   480
	18092 12938    64  1240   490
