ABCDE-012_345_678 177
	 7450 16885     0  1160   440
	 7371 16822    35  1160   440
	 7370 16716   182  1160   440
	 7360 16597   249  1140   440
	 7342 16444   286  1140   440
	 7318 16283   308  1140   440
	 7285 16104   327  1130   450
	 7249 15946   344  1130   450
	 7204 15783   352  1120   450
	 7158 15608   278  1110   450
	 7112 15436   324  1100   450
	 7069 15274   338  1100   450
	 7023 15114   350  1090   450
	 6981 15002   363  1080   460
	 6946 14904   368  1070   460
	 6916 14812   380  1060   460
	 6894 14745   390  1050   460
	 6872 14693   395  1040   460
	 6860 14647   401  1030   460
	 6855 14613   401  1020   460
	 6853 14599   401  1010   460
	 6853 14598   401  1000   470
	 6855 14597   390   990   470
	 6855 14601   380   990   470
	 6860 14616   374   990   470
	 6860 14662   374   980   470
	 6876 14744   368   980   470
	 6898 14857   363   980   470
	 6929 14986   357   980   470
	 6962 15145   350   980   470
	 7005 15334   350   980   460
	 7053 15516   350   980   460
	 7116 15733   344   990   460
	 7186 15946   344   990   460
	 7264 16150   344   990   460
	 7355 16348   344  1010   450
	 7447 16524   338  1020   450
	 7542 16684   338  1030   450
	 7628 16826   338  1040   450
	 7713 16922   338  1060   450
	 7785 16983   338  1070   450
	 7845 17003   338  1080   450
	 7895 17016   338  1090   450
	 7928 17013   331  1090   450
	 7955 16997   331  1100   450
	 7969 16968   338  1120   460
	 7975 16933   344  1120   460
	 7981 16858   357  1130   460
	 7976 16762   368  1140   450
	 7960 16649   374  1150   460
	 7940 16521   380  1150   460
	 7915 16380   390  1150   460
	 7883 16234   401  1150   460
	 7849 16092   446  1140   460
	 7813 15989   525  1140   460
	 7779 15866   542  1140   460
	 7747 15754   552  1120   460
	 7714 15640   560  1120   460
	 7684 15546   567  1110   460
	 7655 15464   570  1110   460
	 7632 15385   570  1090   450
	 7606 15320   570  1090   450
	 7584 15255   570  1080   460
	 7563 15191   570  1080   460
	 7544 15141   570  1070   450
	 7527 15110   570  1060   450
	 7516 15082   570  1040   450
	 7512 15077   565  1040   450
	 7513 15078   544  1040   450
	 7514 15080   446  1030   450
	 7519 15084   401  1030   450
	 7534 15113   390  1030   450
	 7551 15177   395  1030   450
	 7582 15272   390  1020   450
	 7620 15404   390  1020   450
	 7672 15558   385  1020   450
	 7729 15735   385  1030   450
	 7794 15916   374  1030   450
	 7872 16102   368  1030   450
	 7952 16280   368  1030   450
	 8029 16428   368  1040   450
	 8100 16538   363  1060   460
	 8163 16617   363  1070   460
	 8215 16663   357  1070   460
	 8246 16679   350  1080   460
	 8268 16668   344  1090   450
	 8280 16661   338  1100   450
	 8283 16620   344  1110   450
	 8276 16555   350  1110   450
	 8263 16469   363  1130   460
	 8242 16342   368  1130   460
	 8210 16184   380  1130   460
	 8178 16041   401  1140   450
	 8145 15883   415  1140   450
	 8111 15735   480  1140   450
	 8075 15596   516  1130   460
	 8044 15482   531  1130   460
	 8023 15381   536  1130   460
	 8003 15287   533  1120   460
	 7992 15207   539  1120   460
	 7987 15129   539  1110   460
	 7991 15079   533  1100   460
	 7999 15032   533  1090   460
	 8008 14998   525  1080   470
	 8026 14971   494  1070   470
	 8051 14955   410  1070   470
	 8086 14952   401  1050   470
	 8129 14955   385  1040   470
	 8186 14981   374  1040   470
	 8253 15019   374  1040   460
	 8334 15096   374  1040   460
	 8429 15206   374  1030   460
	 8534 15338   374  1030   460
	 8644 15481   374  1030   460
	 8762 15644   374  1030   460
	 8894 15835   374  1030   460
	 9036 16012   374  1040   460
	 9151 16199   374  1040   460
	 9263 16378   374  1060   460
	 9380 16552   374  1060   460
	 9476 16711   374  1070   460
	 9549 16854   374  1090   460
	 9598 16956   380  1100   460
	 9617 17019   390  1110   460
	 9607 17048   401  1120   460
	 9571 17062   410  1130   470
	 9506 17051   415  1140   460
	 9412 17029   410  1150   460
	 9284 16972   405  1150   460
	 9142 16892   390  1170   470
	 8968 16778   374  1170   470
	 8764 16646   363  1170   470
	 8537 16490   350  1170   470
	 8275 16316   344  1170   470
	 8020 16121   331  1170   470
	 7745 15948   324  1170   470
	 7474 15766   324  1160   470
	 7184 15564   310  1160   470
	 6931 15385   324  1150   470
	 6690 15212   331  1150   470
	 6481 15065   350  1130   470
	 6293 14968   363  1120   470
	 6133 14876   374  1100   470
	 6023 14810   395  1100   470
	 5955 14763   415  1090   460
	 5922 14748   462  1080   470
	 5922 14748   420  1080   470
	 5940 14757   410  1060   460
	 5986 14762   410  1050   460
	 6058 14790   405  1050   460
	 6148 14822   410  1030   450
	 6259 14860   410  1030   450
	 6388 14919   415  1030   450
	 6524 14984   446  1030   450
	 6666 15052   454  1030   450
	 6833 15147   462  1030   440
	 7009 15257   507  1030   440
	 7194 15371   507  1030   440
	 7406 15482   513  1040   440
	 7612 15608   516  1040   440
	 7835 15752   500  1050   440
	 8066 15896   507  1060   450
	 8272 16027   469  1060   450
	 8513 16155   420  1060   450
	 8736 16293   415  1070   450
	 8965 16409   405  1080   460
	 9153 16503   401  1090   450
	 9338 16585   390  1100   450
	 9511 16650   380  1110   460
	 9652 16699   368  1120   460
	 9764 16731   350  1140   460
	 9845 16757   331  1140   460
	 9898 16761   294  1150   460
	 9938 16757   360  1160   470
	 9929 16744   308  1170   470
	 9916 16730   218  1180   480
	 9885 16713    64  1180   480
