ABCDE-012_345_678 255
	 7828  8183    75  1120   580
	 7832  8188   275  1120   580
	 7826  8200   352  1130   590
	 7813  8201   357  1140   590
	 7794  8200   420  1140   590
	 7765  8200   570  1140   590
	 7733  8198   645  1140   590
	 7686  8185   677  1160   580
	 7627  8168   705  1160   580
	 7553  8149   771  1160   580
	 7464  8107   777  1160   580
	 7352  8060   785  1160   580
	 7223  8006   812  1170   580
	 7098  7929   816  1170   580
	 6969  7835   822  1170   580
	 6822  7751   829  1160   570
	 6678  7655   832  1160   570
	 6554  7557   842  1160   570
	 6448  7467   849  1160   570
	 6374  7398   868  1160   570
	 6317  7350   870  1160   570
	 6297  7320   871  1160   570
	 6299  7317   869  1160   570
	 6306  7308   856  1160   570
	 6327  7305   849  1160   570
	 6363  7289   843  1160   560
	 6419  7276   840  1160   560
	 6500  7276   837  1160   560
	 6615  7291   835  1160   560
	 6769  7350   834  1140   570
	 6965  7417   831  1140   570
	 7152  7511   831  1140   570
	 7368  7609   831  1140   570
	 7605  7721   829  1130   570
	 7834  7836   829  1130   570
	 8056  7975   828  1130   570
	 8221  8089   829  1130   570
	 8365  8182   830  1130   570
	 8467  8250   830  1130   570
	 8527  8309   832  1130   570
	 8544  8331   846  1130   570
	 8542  8332   890  1130   570
	 8525  8342   956  1130   570
	 8505  8343   988  1130   570
	 8473  8342  1024  1130   570
	 8407  8342  1024  1130   570
	 8321  8329  1024  1130   570
	 8207  8294  1024  1130   570
	 8072  8219   991  1140   570
	 7929  8139   980  1140   570
	 7785  8054   961  1140   570
	 7658  7958   926  1140   570
	 7574  7868   893  1140   570
	 7532  7818   873  1140   570
	 7521  7801   833  1140   570
	 7530  7798   782  1140   570
	 7564  7803   760  1140   570
	 7622  7832   689  1160   560
	 7706  7881   601  1160   560
	 7816  7957   331  1160   560
	 7948  8026   136  1160   560
	 8070  8092    -1  1160   560
	 8183  8156    -1  1160   560
	 8288  8214    -1  1150   550
	 8393  8250    -1  1150   550
	 8484  8283    -1  1150   550
	 8562  8312    -1  1150   550
	 8621  8293    -1  1150   550
	 8700  8310    -1  1160   560
	 8676  8282    -1  1160   560
	 8670  8247    -1  1160   560
	 8641  8198    -1  1140   570
	 8596  8138    -1  1130   560
	 8545  8075    -1  1130   560
	 8489  8012    -1  1120   560
	 8430  7948    -1  1120   560
	 8424  7883    -1  1120   560
	 8287  7848   825  1120   560
	 8240  7846   876  1120   560
	 8219  7848   885  1130   560
	 8203  7846   919  1130   560
	 8200  7836   951  1130   560
	 8201  7836   959  1130   560
	 8203  7846   960  1130   560
	 8202  7845   960  1130   560
	 8210  7848   959  1130   560
	 8218  7850   956  1130   560
	 8227  7852   953  1130   560
	 8248  7865   944  1150   550
	 8264  7868   921  1150   550
	 8269  7880   886  1150   550
	 8272  7882   856  1170   560
	 8274  7882   825  1160   560
	 8281  7883   776  1160   560
	 8290  7894   645  1160   560
	 8300  7897   344  1150   550
	 8313  7896    -1  1160   550
	 8312  7883    -1  1160   550
	 8313  7877    -1  1160   550
	 8309  7862    -1  1160   550
	 8310  7850    -1  1170   550
	 8314  7848    -1  1190   540
	 8326  7845    -1  1190   540
	 8335  7836    -1  1190   530
	 8352  7831    -1  1190   530
	 8359  7829    -1  1210   530
	 8360  7817    -1  1210   530
	 8355  7802    -1  1220   530
	 8340  7784    -1  1220   530
	 8316  7766    -1  1220   530
	 8277  7724   536  1220   530
	 8229  7735   725  1220   530
	 8194  7722   772  1220   530
	 8165  7708   784  1210   530
	 8145  7702   827  1210   530
	 8128  7691   849  1210   530
	 8123  7689   876  1190   530
	 8124  7687   879  1200   540
	 8125  7689   878  1190   540
	 8127  7688   876  1170   550
	 8135  7688   875  1170   550
	 8151  7686   875  1160   550
	 8182  7676   875  1170   560
	 8231  7686   876  1160   560
	 8301  7691   877  1160   560
	 8399  7718   876  1160   560
	 8513  7752   877  1160   560
	 8633  7798   876  1160   560
	 8762  7850   875  1160   560
	 8902  7914   872  1140   570
	 9053  7990   872  1140   570
	 9185  8060   870  1140   570
	 9318  8139   868  1140   570
	 9444  8217   868  1130   570
	 9550  8295   869  1130   570
	 9641  8364   869  1130   570
	 9698  8438   871  1130   570
	 9730  8492   872  1130   570
	 9746  8537   881  1130   570
	 9738  8556   912  1130   580
	 9718  8571   946  1130   580
	 9695  8585   969  1130   570
	 9643  8602   970  1130   580
	 9574  8615   971  1130   570
	 9475  8603   974  1130   570
	 9348  8581   970  1130   570
	 9216  8524   969  1130   570
	 9092  8469   965  1140   570
	 8985  8392   961  1140   570
	 8908  8331   960  1140   570
	 8868  8283   958  1140   570
	 8867  8251   949  1160   560
	 8884  8220   936  1160   560
	 8924  8188   923  1160   560
	 8995  8154   916  1160   560
	 9085  8137   913  1160   560
	 9222  8133   915  1160   560
	 9399  8165   910  1160   560
	 9585  8201   912  1160   560
	 9772  8248   906  1160   560
	 9967  8283   902  1160   560
	10154  8328   904  1160   560
	10298  8359   904  1160   570
	10431  8379   904  1160   570
	10528  8380   902  1150   580
	10581  8377   904  1150   580
	10595  8364   906  1150   580
	10590  8362   918  1150   580
	10576  8347   937  1150   580
	10541  8328   940  1150   580
	10460  8283   936  1150   580
	10336  8219   921  1160   580
	10199  8151   895  1160   580
	10056  8074   871  1160   580
	 9905  8008   822  1160   580
	 9760  7942   706  1160   580
	 9633  7877   368  1150   580
	 9515  7829    75  1150   580
	 9399  7784    -1  1150   580
	 9300  7751    -1  1150   580
	 9210  7722    -1  1160   570
	 9130  7704    -1  1160   560
	 9056  7687    -1  1160   550
	 8985  7673    -1  1160   550
	 8918  7641    -1  1170   550
	 8841  7653    -1  1170   550
	 8775  7639    -1  1170   550
	 8708  7626    -1  1190   540
	 8637  7612    -1  1190   540
	 8556  7595    -1  1200   540
	 8452  7576    -1  1200   540
	 8334  7548    -1  1190   530
	 8202  7514    -1  1210   530
	 8059  7468    -1  1200   520
	 7896  7418    -1  1180   530
	 7728  7367    -1  1170   520
	 7566  7304    -1  1170   520
	 7416  7242    -1  1170   530
	 7275  7191    -1  1170   530
	 7152  7141    -1  1160   530
	 7042  7094    -1  1140   530
	 6940  7047    -1  1120   530
	 6847  7001    -1  1120   530
	 6756  6956    -1  1100   520
	 6684  6918    -1  1090   520
	 6634  6874    -1  1090   520
	 6636  6843    -1  1080   540
	 6571  6822    -1  1080   540
	 6551  6805   385  1090   550
	 6529  6793   536  1100   550
	 6518  6789   555  1100   560
	 6515  6777   567  1100   560
	 6513  6776   632  1100   560
	 6512  6775   669  1100   560
	 6512  6775   706  1130   570
	 6511  6773   766  1130   570
	 6513  6773   774  1130   580
	 6514  6774   779  1150   580
	 6521  6773   784  1150   580
	 6529  6773   787  1150   580
	 6545  6775   789  1160   570
	 6571  6776   815  1160   570
	 6619  6790   824  1160   570
	 6691  6810   835  1160   570
	 6790  6844   846  1160   570
	 6932  6902   874  1150   580
	 7085  6966   887  1150   580
	 7287  7031   913  1150   580
	 7537  7099   932  1160   580
	 7811  7160   948  1160   580
	 8121  7269   960  1140   590
	 8407  7340   969  1140   590
	 8732  7445   978  1140   590
	 9056  7515   978  1140   590
	 9324  7576   983  1130   590
	 9603  7625   984  1130   590
	 9832  7670   984  1130   590
	10051  7706   982  1130   590
	10200  7735   984  1130   590
	10317  7752   984  1130   590
	10393  7756   981  1100   580
	10429  7768   975  1100   580
	10430  7767   976  1100   580
	10424  7767   979  1100   580
	10413  7767   981  1100   580
	10383  7756   976  1100   580
	10319  7753   963  1120   580
	10223  7739   930  1110   570
	10107  7721   888  1110   570
	 9969  7691   847  1110   570
	 9839  7669   817  1110   570
	 9738  7653   776  1110   570
	 9663  7637   658  1110   570
	 9623  7623   368  1110   570
	 9612  7623     0  1110   570
