ABCDE-012_345_678 718
	19887 18631   108  1140   550
	19882 18620   201  1140   550
	19880 18630   234  1140   550
	19880 18630   262  1150   550
	19880 18630   275  1150   550
	19886 18631   297  1150   550
	19887 18632   317  1150   550
	19889 18632   336  1150   550
	19892 18633   344  1150   550
	19898 18633   360  1150   550
	19903 18633   367  1150   550
	19904 18635   286  1150   550
	19912 18636   310  1150   550
	19914 18646   331  1150   550
	19923 18649   357  1150   550
	19928 18662   374  1150   550
	19941 18666   390  1150   550
	19954 18693   395  1150   550
	19969 18710   401  1160   560
	19986 18728   410  1160   560
	20007 18761   410  1160   560
	20038 18795   415  1160   560
	20063 18841   415  1160   560
	20091 18887   415  1160   560
	20123 18936   415  1160   560
	20149 18986   415  1170   560
	20182 19045   415  1170   560
	20212 19109   410  1170   560
	20242 19175   405  1180   560
	20269 19241   401  1190   560
	20295 19307   401  1190   560
	20318 19386   390  1220   560
	20339 19451   390  1240   550
	20359 19512   385  1250   550
	20381 19560   385  1270   550
	20394 19605   385  1290   550
	20407 19640   385  1300   540
	20424 19674   385  1330   530
	20435 19703   385  1340   520
	20442 19721   385  1350   520
	20447 19733   385  1360   510
	20448 19737   385  1370   510
	20448 19740   390  1380   500
	20447 19749   390  1400   500
	20448 19749   395  1410   490
	20447 19749   395  1410   490
	20438 19735   401  1420   480
	20428 19707   410  1420   480
	20407 19676   415  1430   480
	20392 19643   420  1430   480
	20369 19596   446  1430   480
	20340 19546   462  1430   480
	20315 19482   494  1420   480
	20285 19417   507  1420   480
	20259 19340   522  1410   490
	20237 19276   533  1400   500
	20215 19224   539  1380   500
	20199 19175   542  1380   500
	20186 19128   544  1370   510
	20178 19093   544  1360   510
	20175 19050   547  1350   520
	20174 19018   542  1340   520
	20176 18997   533  1310   520
	20183 18970   525  1290   530
	20193 18955   500  1280   540
	20205 18939   420  1260   540
	20222 18934   401  1250   550
	20237 18933   385  1240   550
	20258 18936   357  1240   550
	20282 18953   310  1220   560
	20313 18982   352  1220   560
	20342 19015   286  1220   560
	20374 19050   182  1220   560
	20396 19096    64  1220   560
	20417 19148    -1  1220   560
	20435 19211    -1  1220   560
	20449 19289    -1  1220   560
	20456 19388    -1  1240   550
	20463 19497    -1  1250   550
	20468 19596    -1  1260   540
	20468 19701    -1  1290   530
	20467 19784    -1  1290   520
	20459 19852    -1  1300   520
	20454 19914    -1  1320   510
	20446 19960    -1  1340   500
	20435 19989    -1  1340   490
	20418 19995    -1  1350   490
	20397 19991    -1  1370   470
	20376 19976    -1  1380   470
	20355 19962    -1  1390   460
	20329 19943   275  1400   460
	20302 19927   308  1400   460
	20274 19909   308  1420   450
	20250 19879   308  1420   450
	20231 19846   327  1430   450
	20217 19813   352  1430   450
	20204 19781   367  1440   460
	20198 19750   286  1440   460
	20194 19706   317  1440   460
	20195 19669   338  1440   460
	20200 19621   357  1440   470
	20207 19577   363  1440   470
	20223 19543   374  1430   480
	20237 19510   380  1430   480
	20256 19465   385  1420   480
	20275 19434   395  1420   480
	20300 19415   401  1410   490
	20329 19398   401  1410   490
	20357 19384   405  1400   500
	20389 19369   410  1400   500
	20420 19356   410  1380   500
	20452 19355   410  1380   500
	20482 19365   415  1370   510
	20510 19371   415  1370   510
	20536 19386   420  1360   510
	20564 19415   420  1360   510
	20595 19446   437  1360   510
	20632 19478   446  1360   510
	20663 19515   446  1360   510
	20695 19561   429  1360   510
	20729 19610   415  1360   510
	20759 19669   415  1370   510
	20789 19723   410  1370   510
	20817 19786   410  1370   510
	20841 19847   405  1380   500
	20861 19895   405  1380   500
	20871 19942   405  1400   500
	20882 19974   405  1410   490
	20887 19994   405  1420   480
	20886 20009   410  1430   490
	20883 20022   410  1440   480
	20881 20022   415  1440   480
	20873 20021   420  1450   470
	20862 20011   454  1450   470
	20847 20006   494  1450   470
	20829 19978   513  1460   470
	20797 19944   516  1460   470
	20765 19900   531  1460   470
	20731 19847   533  1460   470
	20696 19784   544  1460   470
	20657 19707   555  1460   470
	20616 19637   570  1460   470
	20573 19542   584  1450   470
	20528 19446   619  1450   470
	20482 19322   634  1440   480
	20435 19228   646  1420   480
	20383 19130   656  1410   490
	20335 19032   660  1400   500
	20287 18921   658  1370   510
	20252 18805   658  1360   510
	20212 18694   660  1350   520
	20178 18587   656  1310   520
	20148 18501   655  1300   530
	20121 18412   651  1280   540
	20099 18332   645  1280   540
	20074 18264   639  1240   550
	20052 18213   632  1200   550
	20031 18165   629  1180   560
	20010 18120   603  1160   560
	19989 18087   590  1140   570
	19967 18057   572  1130   570
	19947 18039   565  1110   570
	19927 18026   560  1090   570
	19911 18025   552  1080   580
	19898 18027   542  1060   580
	19885 18042   542  1050   580
	19874 18060   533  1040   570
	19869 18092   516  1030   570
	19860 18139   454  1030   570
	19862 18202   415  1030   570
	19867 18281   405  1030   570
	19882 18373   390  1030   570
	19901 18471   385  1030   570
	19925 18554   380  1040   570
	19949 18636   374  1040   570
	19974 18716   380  1060   570
	20004 18793   374  1070   570
	20027 18860   374  1090   570
	20058 18922   374  1100   560
	20082 18972   374  1120   560
	20110 19016   374  1120   560
	20135 19049   374  1130   560
	20166 19080   374  1150   550
	20192 19112   374  1160   550
	20220 19130   374  1170   550
	20244 19147   374  1200   550
	20268 19160   380  1210   550
	20291 19163   380  1210   550
	20314 19164   390  1230   550
	20332 19162   390  1230   550
	20351 19157   390  1230   550
	20373 19142   401  1240   540
	20386 19115   401  1240   540
	20398 19095   410  1250   550
	20407 19065   410  1250   550
	20414 19034   415  1250   550
	20417 19000   420  1250   550
	20420 18967   420  1250   550
	20420 18935   437  1250   550
	20422 18905   446  1250   550
	20420 18887   437  1250   550
	20422 18860   429  1240   550
	20424 18843   429  1240   550
	20422 18828   420  1240   550
	20425 18826   415  1240   550
	20427 18825   405  1210   550
	20427 18826   395  1210   550
	20430 18828   385  1210   550
	20437 18840   385  1210   550
	20445 18856   385  1210   550
	20456 18876   385  1200   550
	20472 18907   380  1200   550
	20492 18939   374  1200   550
	20509 18981   380  1200   550
	20530 19016   374  1210   550
	20554 19051   368  1210   550
	20581 19093   363  1210   550
	20608 19126   357  1210   550
	20635 19158   357  1220   560
	20667 19180   350  1240   550
	20700 19209   344  1240   550
	20729 19226   344  1240   550
	20753 19239   338  1250   550
	20773 19242   338  1250   550
	20788 19240   338  1250   550
	20801 19239   344  1260   540
	20810 19226   344  1260   540
	20818 19222   357  1270   550
	20823 19205   363  1290   550
	20830 19190   374  1290   550
	20831 19173   380  1290   550
	20831 19158   385  1290   550
	20831 19141   390  1290   550
	20829 19125   390  1290   550
	20830 19110   401  1290   550
	20828 19097   401  1290   550
	20827 19084   405  1290   550
	20825 19082   410  1290   550
	20823 19080   415  1270   550
	20823 19080   454  1270   550
	20825 19079   507  1270   550
	20822 19080   519  1270   550
	20823 19082   525  1270   550
	20824 19084   531  1270   550
	20825 19097   533  1270   550
	20825 19111   536  1270   550
	20828 19127   539  1260   560
	20826 19145   539  1260   560
	20828 19173   539  1270   550
	20829 19196   539  1270   550
	20824 19237   539  1270   550
	20821 19259   542  1270   550
	20816 19288   539  1270   550
	20807 19304   539  1270   550
	20798 19318   547  1270   550
	20786 19320   552  1270   550
	20775 19320   557  1290   550
	20763 19320   565  1290   550
	20747 19307   567  1290   550
	20729 19292   572  1290   550
	20709 19274   579  1290   550
	20687 19255   584  1290   550
	20664 19224   588  1290   550
	20639 19179   592  1290   550
	20616 19141   601  1290   550
	20588 19084   605  1290   550
	20566 19035   609  1290   550
	20543 18985   615  1290   550
	20524 18934   621  1270   550
	20509 18885   621  1270   550
	20498 18840   623  1260   540
	20497 18805   623  1250   550
	20496 18764   615  1250   550
	20503 18741   611  1240   550
	20509 18714   595  1240   550
	20518 18697   579  1240   550
	20526 18682   574  1220   560
	20539 18679   572  1220   560
	20547 18677   567  1210   560
	20555 18678   567  1210   560
	20568 18683   567  1210   560
	20585 18699   570  1180   560
	20603 18716   570  1190   560
	20624 18747   572  1190   560
	20647 18790   567  1190   560
	20672 18827   567  1190   560
	20698 18885   562  1190   560
	20725 18940   555  1190   560
	20757 19013   539  1190   560
	20791 19077   533  1210   560
	20819 19127   533  1210   560
	20839 19176   525  1210   560
	20859 19209   525  1220   560
	20874 19228   522  1220   560
	20888 19254   525  1230   560
	20893 19260   522  1250   560
	20902 19269   525  1250   560
	20904 19270   531  1260   560
	20900 19260   539  1260   560
	20900 19258   542  1270   550
	20896 19244   547  1270   550
	20890 19228   552  1270   550
	20881 19205   560  1290   550
	20869 19161   567  1290   550
	20850 19114   570  1290   550
	20832 19052   579  1290   550
	20814 19002   609  1290   550
	20795 18951   625  1270   550
	20780 18890   629  1270   550
	20764 18838   632  1270   550
	20748 18791   634  1260   560
	20741 18748   634  1260   560
	20744 18716   632  1260   560
	20747 18696   625  1250   560
	20750 18677   623  1250   560
	20755 18663   619  1230   560
	20759 18651   603  1230   560
	20762 18649   592  1220   570
	20764 18651   579  1220   570
	20766 18652   579  1220   570
	20774 18664   579  1200   570
	20785 18678   581  1200   570
	20795 18697   579  1190   560
	20804 18716   588  1190   560
	20824 18760   584  1200   570
	20844 18808   579  1200   570
	20871 18858   577  1200   570
	20898 18908   572  1200   570
	20921 18951   570  1200   570
	20938 18969   570  1200   570
	20951 18981   565  1220   570
	20958 18981   560  1220   570
	20959 18969   560  1220   570
	20961 18954   560  1220   570
	20960 18938   562  1220   570
	20958 18906   565  1230   560
	20950 18858   570  1230   560
	20944 18811   572  1230   560
	20935 18773   574  1240   570
	20926 18743   579  1240   570
	20922 18711   581  1240   570
	20920 18683   579  1240   570
	20919 18666   577  1240   570
	20922 18651   577  1230   580
	20927 18636   572  1230   580
	20928 18632   572  1230   580
	20936 18632   572  1230   580
	20940 18633   574  1210   580
	20944 18636   577  1200   570
	20953 18647   581  1200   570
	20965 18664   588  1190   580
	20977 18683   588  1190   580
	20990 18709   592  1200   580
	21006 18742   605  1200   580
	21022 18778   603  1200   580
	21041 18826   603  1200   580
	21058 18888   592  1200   580
	21082 18954   592  1200   580
	21102 19031   588  1210   580
	21126 19114   577  1210   580
	21154 19206   574  1210   580
	21177 19301   570  1210   580
	21202 19400   570  1240   570
	21228 19496   560  1260   570
	21255 19589   560  1280   570
	21282 19658   560  1300   560
	21308 19733   560  1320   550
	21337 19786   562  1340   550
	21367 19849   562  1360   550
	21397 19909   557  1390   540
	21429 19959   560  1400   530
	21462 20006   562  1410   520
	21494 20038   562  1430   510
	21526 20058   562  1440   500
	21558 20085   562  1450   500
	21594 20092   565  1470   490
	21628 20108   567  1480   480
	21668 20119   567  1500   470
	21698 20121   570  1500   470
	21731 20121   570  1510   460
	21757 20118   567  1510   460
	21782 20105   565  1510   460
	21809 20091   562  1520   450
	21830 20075   560  1520   450
	21850 20058   552  1520   450
	21865 20039   542  1520   450
	21876 20010   525  1520   450
	21886 19979   420  1520   450
	21892 19957   368  1520   450
	21892 19915   278  1520   450
	21887 19882   275  1520   450
	21881 19848     0  1520   450
	21867 19817    -1  1520   450
	21849 19787    -1  1510   460
	21828 19766    -1  1510   460
	21806 19734    -1  1510   460
	21787 19701    -1  1500   470
	21768 19656    -1  1500   470
	21753 19612    -1  1490   470
	21738 19573    -1  1490   470
	21724 19496    -1  1480   470
	21708 19468    -1  1470   480
	21714 19418    -1  1460   480
	21677 19367    -1  1450   470
	21659 19318    -1  1440   470
	21644 19271    -1  1430   480
	21622 19226    -1  1420   470
	21604 19193    -1  1420   470
	21588 19160    -1  1390   470
	21566 19128    -1  1380   470
	21545 19110    -1  1370   470
	21525 19083    -1  1370   470
	21512 19077    -1  1350   470
	21498 19065    -1  1350   470
	21487 19062    -1  1340   480
	21478 19052    -1  1330   480
	21470 19052    -1  1330   480
	21469 19061    -1  1330   480
	21466 19062    -1  1320   490
	21468 19066    -1  1300   500
	21468 19077    -1  1300   500
	21473 19052    -1  1290   500
	21480 19097    -1  1290   510
	21489 19112    -1  1290   510
	21499 19127    -1  1290   520
	21503 19145     0  1290   520
	21507 19161    75  1300   530
	21513 19179   136  1290   530
	21515 19205   218  1290   530
	21520 19222   262  1300   540
	21521 19240   297  1300   540
	21520 19258   317  1300   540
	21518 19274   352  1300   540
	21513 19290   269  1310   550
	21507 19303   317  1310   550
	21497 19307   344  1310   550
	21488 19317   374  1330   540
	21474 19317   401  1330   540
	21449 19308   415  1330   540
	21425 19301   429  1330   540
	21400 19286   494  1340   550
	21371 19260   531  1340   550
	21340 19239   539  1340   550
	21311 19208   547  1340   550
	21283 19174   550  1340   550
	21254 19131   557  1340   550
	21227 19084   562  1340   550
	21202 19045   570  1340   550
	21178 18997   574  1320   550
	21159 18950   577  1320   550
	21148 18902   581  1320   550
	21137 18856   581  1310   560
	21131 18811   581  1310   560
	21160 18779   581  1290   560
	21128 18748   574  1290   560
	21134 18725   570  1290   560
	21140 18699   565  1270   560
	21149 18684   560  1270   560
	21160 18680   550  1260   570
	21171 18679   544  1260   570
	21183 18680   547  1260   570
	21198 18683   547  1260   570
	21221 18700   547  1240   570
	21249 18726   542  1240   570
	21277 18759   536  1240   570
	21309 18794   531  1240   570
	21343 18838   525  1240   570
	21375 18887   454  1240   570
	21408 18939   415  1240   570
	21440 18999   405  1240   570
	21475 19050   390  1260   570
	21500 19097   385  1260   570
	21519 19131   380  1260   570
	21532 19162   380  1280   570
	21537 19176   380  1280   570
	21543 19189   380  1280   570
	21544 19191   385  1300   560
	21541 19191   395  1300   560
	21535 19190   410  1300   560
	21531 19180   446  1310   560
	21525 19177   516  1310   560
	21510 19161   525  1320   550
	21493 19143   533  1310   550
	21475 19111   552  1310   550
	21456 19080   570  1310   550
	21440 19047   574  1310   550
	21425 19002   579  1310   550
	21407 18965   592  1310   550
	21389 18920   599  1320   550
	21375 18886   601  1310   560
	21373 18856   595  1310   560
	21369 18824   579  1310   560
	21369 18805   574  1300   560
	21380 18778   562  1300   560
	21387 18761   544  1300   560
	21402 18746   525  1280   570
	21422 18742   415  1280   570
	21436 18732   390  1280   570
	21463 18743   368  1270   570
	21493 18748   338  1270   570
	21521 18762   302  1270   570
	21550 18779   367  1270   570
	21581 18808   336  1260   580
	21612 18838   286  1260   580
	21643 18871   249  1260   580
	21675 18907   218  1270   570
	21703 18956   182  1270   570
	21731 19014   136  1270   570
	21756 19063    75  1270   570
	21781 19110    75  1280   570
	21803 19147    75  1280   570
	21817 19180   160  1280   570
	21823 19210   201  1300   560
	21828 19227   262  1300   560
	21830 19244   308  1310   560
	21827 19255   336  1310   560
	21825 19259   360  1310   560
	21815 19258   310  1340   560
	21805 19257   368  1340   560
	21794 19254   401  1340   560
	21778 19239   415  1350   550
	21761 19223   454  1350   550
	21739 19194   522  1350   550
	21711 19161   536  1350   550
	21681 19115   547  1350   550
	21656 19078   560  1350   550
	21625 19034   562  1350   550
	21602 18984   572  1350   550
	21574 18936   590  1340   560
	21551 18890   599  1320   550
	21535 18854   609  1320   550
	21522 18812   609  1310   560
	21513 18780   603  1310   560
	21510 18747   590  1300   560
	21514 18741   574  1300   560
	21521 18727   562  1290   560
	21528 18713   552  1270   560
	21538 18710   547  1270   560
	21549 18700   539  1260   570
	21560 18709   533  1260   570
	21576 18715   533  1260   570
	21596 18732   531  1240   570
	21618 18760   528  1240   570
	21643 18789   525  1240   570
	21666 18823   513  1240   570
	21690 18858   494  1240   570
	21717 18907   420  1240   570
	21741 18968   405  1240   570
	21772 19029   390  1260   570
	21802 19082   390  1260   570
	21823 19131   380  1260   570
	21843 19177   374  1270   560
	21859 19209   363  1280   570
	21870 19228   363  1300   560
	21877 19253   368  1300   560
	21882 19257   368  1300   560
	21882 19259   374  1310   560
	21880 19258   380  1320   570
	21874 19257   390  1340   560
	21870 19254   401  1340   560
	21858 19239   405  1340   560
	21841 19212   420  1350   550
	21827 19191   469  1350   550
	21807 19158   513  1350   550
	21787 19113   522  1350   550
	21768 19067   536  1350   550
	21751 19030   550  1350   550
	21732 18984   557  1350   550
	21720 18935   565  1340   560
	21711 18891   570  1340   560
	21703 18859   567  1340   560
	21702 18838   567  1320   570
	21707 18807   565  1320   570
	21714 18780   560  1320   570
	21723 18774   555  1300   560
	21737 18763   550  1300   560
	21748 18760   550  1280   570
	21767 18761   550  1280   570
	21786 18763   552  1270   570
	21809 18778   555  1270   570
	21842 18796   557  1270   570
	21877 18826   557  1270   570
	21921 18858   555  1270   570
	21966 18906   555  1270   570
	22017 18953   555  1270   570
	22067 19013   552  1270   570
	22118 19080   542  1280   580
	22178 19164   533  1280   580
	22239 19260   528  1300   580
	22294 19370   513  1300   580
	22355 19480   469  1320   580
	22415 19590   420  1340   570
	22467 19676   415  1350   570
	22510 19767   415  1390   560
	22544 19845   415  1400   550
	22572 19916   405  1410   550
	22598 19993   410  1430   530
	22615 20054   405  1450   530
	22627 20092   410  1460   520
	22628 20123   415  1490   510
	22626 20151   437  1500   500
	22618 20165   494  1510   490
	22608 20171   519  1510   480
	22592 20172   525  1520   480
	22569 20170   531  1520   460
	22545 20155   539  1530   460
	22513 20138   544  1540   450
	22476 20117   550  1540   450
	22439 20076   555  1540   440
	22396 20039   560  1540   440
	22353 19978   565  1540   440
	22309 19912   574  1540   440
	22265 19833   588  1560   440
	22226 19755   601  1550   450
	22183 19675   611  1550   450
	22146 19592   621  1540   460
	22109 19500   632  1540   460
	22073 19414   634  1540   460
	22043 19306   634  1520   480
	22017 19228   638  1500   480
	21997 19162   638  1490   490
	21983 19095   634  1480   500
	21977 19031   632  1470   510
	21975 18968   632  1460   520
	21977 18908   630  1450   530
	21981 18870   629  1410   530
	21996 18825   621  1400   540
	22007 18777   615  1390   550
	22027 18732   601  1380   550
	22046 18709   592  1360   560
	22072 18693   577  1350   570
	22102 18679   572  1320   570
	22145 18677   570  1310   570
	22193 18679   570  1300   580
	22248 18684   567  1310   580
	22311 18713   565  1290   590
	22383 18742   562  1290   590
	22457 18764   560  1290   590
	22537 18810   555  1290   590
	22605 18858   547  1290   590
	22676 18924   533  1290   590
	22740 18988   519  1290   590
	22799 19063   494  1310   580
	22854 19131   454  1310   580
	22895 19193   420  1320   580
	22918 19241   420  1320   580
	22926 19273   446  1340   570
	22918 19289   494  1340   570
	22899 19303   516  1350   570
	22870 19305   522  1360   570
	22835 19304   533  1360   560
	22790 19302   542  1380   550
	22730 19288   550  1380   550
	22663 19269   552  1390   550
	22580 19241   550  1390   550
	22479 19206   555  1390   550
	22360 19160   574  1390   550
	22232 19110   577  1390   550
	22097 19048   588  1390   550
	21952 18981   623  1390   550
	21794 18917   625  1390   550
	21639 18841   636  1380   550
	21489 18775   632  1360   560
	21323 18698   634  1360   560
	21171 18645   634  1350   570
	21028 18584   634  1340   570
	20882 18523   632  1320   570
	20734 18472   625  1310   570
	20601 18421   632  1300   580
	20482 18375   632  1280   580
	20356 18331   621  1270   570
	20239 18298   623  1270   570
	20147 18268   619  1240   580
	20065 18252   613  1230   590
	19992 18246   599  1200   580
	19921 18236   599  1200   580
	19858 18247   584  1180   590
	19806 18252   579  1170   590
	19764 18280   572  1160   580
	19739 18309   570  1160   580
	19722 18347   557  1160   580
	19721 18393   544  1140   590
	19734 18440   533  1140   590
	19764 18487   513  1130   580
	19804 18533   487  1130   580
	19858 18568   446  1150   580
	19924 18602   420  1150   580
	19999 18633   420  1150   580
	20080 18652   429  1150   580
	20172 18679   454  1160   570
	20275 18696   494  1160   570
	20395 18713   507  1180   570
	20520 18728   525  1180   570
	20654 18744   528  1200   570
	20801 18759   533  1200   570
	20973 18777   544  1200   570
	21133 18789   550  1220   570
	21298 18792   552  1220   570
	21485 18796   557  1230   580
	21644 18806   567  1230   580
	21815 18806   572  1240   570
	21999 18808   577  1240   570
	22170 18806   579  1260   580
	22343 18806   588  1270   570
	22533 18795   592  1270   570
	22686 18805   599  1270   570
	22846 18796   601  1270   570
	23016 18796   603  1300   580
	23177 18805   599  1300   580
	23328 18796   592  1310   580
	23482 18795   574  1320   580
	23643 18794   562  1320   580
	23777 18795   552  1320   580
	23910 18794   536  1340   570
	24046 18789   420  1340   570
	24174 18777   363  1350   580
	24286 18764   352  1350   580
	24397 18761   218  1350   580
