ABCDE-012_345_678 362
	20858 11400     0  1310   440
	20936 11451   108  1310   450
	20871 11451   218  1310   450
	20884 11452   275  1310   450
	20890 11462   308  1310   450
	20900 11466   336  1310   450
	20913 11468   360  1310   450
	20917 11479   310  1320   460
	20929 11482   363  1320   460
	20936 11484   401  1310   460
	20940 11484   516  1310   460
	20939 11483   547  1310   460
	20937 11484   570  1310   460
	20934 11483   601  1310   460
	20937 11483   623  1310   460
	20934 11482   632  1310   460
	20934 11482   638  1320   470
	20934 11482   638  1320   470
	20938 11484   639  1320   470
	20938 11483   643  1320   470
	20938 11484   639  1320   470
	20938 11493   639  1320   470
	20939 11494   641  1320   470
	20939 11498   639  1320   470
	20944 11511   641  1320   470
	20948 11527   639  1320   470
	20945 11544   641  1330   460
	20947 11558   641  1330   460
	20942 11564   645  1330   460
	20936 11577   645  1330   460
	20926 11594   645  1330   460
	20910 11608   646  1330   460
	20890 11621   648  1330   460
	20867 11625   650  1330   460
	20839 11626   653  1330   460
	20805 11625   655  1330   460
	20762 11609   651  1330   460
	20719 11592   653  1330   460
	20668 11564   655  1330   460
	20615 11541   658  1330   460
	20559 11499   660  1330   460
	20509 11463   660  1340   460
	20462 11429   660  1340   460
	20421 11398   660  1320   460
	20381 11356   660  1320   460
	20346 11324   658  1320   460
	20319 11290   658  1320   460
	20291 11257   658  1320   460
	20278 11225   656  1320   460
	20261 11190   655  1320   460
	20249 11145   651  1310   460
	20241 11109   651  1310   460
	20229 11062   650  1300   460
	20222 11016   650  1300   460
	20218 10967   650  1300   460
	20212 10923   648  1290   460
	20212 10889   646  1280   450
	20217 10856   645  1260   460
	20225 10826   639  1260   460
	20239 10809   636  1260   460
	20265 10793   625  1250   460
	20294 10779   605  1250   460
	20332 10776   603  1250   460
	20376 10776   605  1240   470
	20434 10777   609  1240   470
	20492 10792   615  1240   470
	20555 10808   625  1230   470
	20623 10825   634  1230   470
	20698 10841   638  1240   480
	20787 10869   641  1240   480
	20882 10902   643  1240   480
	20970 10934   646  1240   480
	21053 10965   646  1240   480
	21133 11000   648  1250   480
	21207 11046   648  1250   480
	21273 11081   648  1260   480
	21330 11116   646  1270   490
	21381 11148   646  1270   490
	21418 11179   646  1280   480
	21434 11196   646  1290   490
	21443 11223   646  1290   490
	21442 11241   646  1310   480
	21439 11260   645  1310   480
	21422 11285   641  1310   480
	21402 11303   634  1330   480
	21371 11323   625  1330   480
	21341 11340   613  1330   480
	21305 11355   615  1340   480
	21266 11367   609  1340   480
	21227 11366   605  1340   480
	21181 11356   605  1350   470
	21129 11340   605  1350   470
	21068 11320   609  1350   470
	20989 11276   603  1340   470
	20894 11238   609  1340   470
	20776 11175   603  1340   470
	20656 11096   605  1340   470
	20525 10998   615  1340   470
	20365 10902   632  1340   470
	20196 10790   641  1330   460
	20029 10678   651  1330   460
	19862 10552   661  1330   460
	19700 10441   666  1320   460
	19592 10357   669  1310   460
	19519 10282   669  1310   460
	19485 10236   666  1310   460
	19469 10217   661  1290   460
	19470 10203   653  1290   460
	19485 10198   643  1290   460
	19503 10199   636  1290   460
	19531 10198   632  1270   460
	19572 10203   632  1260   460
	19629 10229   634  1260   460
	19701 10265   639  1260   460
	19786 10311   643  1260   460
	19888 10359   650  1250   460
	19982 10407   658  1250   460
	20076 10456   660  1250   460
	20180 10519   664  1250   460
	20302 10585   671  1250   460
	20447 10663   671  1250   460
	20575 10742   674  1250   460
	20726 10824   674  1260   460
	20895 10908   674  1270   460
	21046 10985   674  1270   460
	21166 11051   671  1270   460
	21260 11112   668  1290   460
	21317 11158   664  1300   470
	21342 11189   664  1300   470
	21350 11196   663  1310   460
	21345 11208   661  1320   470
	21328 11211   660  1320   470
	21310 11208   656  1330   460
	21276 11195   655  1340   470
	21224 11176   655  1340   470
	21156 11142   656  1350   460
	21075 11099   660  1360   470
	20977 11051   660  1360   470
	20864 11002   661  1360   470
	20740 10950   661  1360   470
	20615 10892   660  1360   470
	20489 10839   658  1360   470
	20348 10777   656  1360   470
	20214 10725   653  1360   470
	20099 10664   650  1360   470
	19994 10604   650  1360   470
	19897 10566   650  1340   470
	19811 10521   651  1340   470
	19746 10490   658  1340   470
	19717 10476   663  1340   470
	19712 10476   666  1340   470
	19719 10485   663  1330   460
	19734 10488   663  1330   460
	19767 10492   661  1330   460
	19818 10519   663  1330   460
	19883 10550   664  1330   460
	19974 10598   668  1330   460
	20074 10650   674  1320   460
	20187 10709   683  1330   460
	20321 10774   691  1330   460
	20492 10844   698  1330   460
	20653 10920   705  1330   460
	20833 10998   708  1330   460
	21023 11077   708  1330   460
	21205 11145   706  1350   460
	21380 11211   702  1350   460
	21549 11270   698  1350   460
	21678 11307   687  1370   460
	21786 11337   675  1370   460
	21866 11353   660  1380   470
	21897 11356   645  1380   470
	21894 11353   630  1400   470
	21871 11339   623  1420   470
	21823 11324   619  1420   470
	21749 11292   621  1430   480
	21648 11255   625  1440   470
	21522 11205   634  1440   470
	21360 11143   641  1450   470
	21177 11064   651  1450   470
	20985 10983   656  1450   470
	20758 10901   664  1450   470
	20549 10822   664  1440   480
	20352 10741   672  1440   480
	20190 10681   689  1430   480
	20103 10647   706  1430   480
	20063 10632   733  1430   480
	20064 10630   767  1420   470
	20078 10633   766  1420   470
	20094 10636   766  1390   470
	20130 10661   766  1390   470
	20197 10693   766  1390   470
	20301 10741   767  1390   470
	20453 10793   767  1380   470
	20591 10856   768  1380   470
	20747 10908   769  1380   470
	20918 10967   772  1380   470
	21086 11031   774  1380   470
	21260 11095   775  1380   470
	21441 11161   774  1380   470
	21588 11209   773  1390   470
	21734 11244   772  1400   470
	21879 11285   766  1420   470
	22006 11307   700  1420   470
	22109 11324   655  1430   480
	22179 11338   562  1430   480
	22219 11350   357  1440   470
	22217 11355   297  1450   470
	22183 11365    -1  1450   470
	22116 11368    -1  1450   470
	22032 11369    -1  1460   480
	21916 11367    -1  1470   470
	21817 11354    -1  1470   470
	21655 11291    -1  1450   470
	21487 11318    -1  1450   470
	21339 11256    -1  1450   470
	21191 11273    -1  1440   470
	21091 11260    -1  1440   470
	21016 11225    -1  1440   470
	21025 11223    -1  1430   480
	21005 11224    -1  1420   470
	21003 11224    -1  1400   470
	21012 11228    -1  1400   470
	21036 11237    -1  1400   470
	21060 11239    -1  1390   470
	21094 11254    -1  1370   460
	21120 11269    -1  1370   460
	21151 11275    -1  1360   470
	21173 11291    -1  1360   470
	21193 11306    -1  1360   470
	21215 11324    -1  1360   470
	21228 11349    -1  1380   470
	21237 11356    -1  1380   470
	21243 11371    -1  1380   470
	21245 11386    -1  1390   470
	21242 11403    -1  1400   470
	21236 11415    -1  1400   470
	21228 11429    -1  1430   460
	21213 11432    -1  1450   460
	21201 11434    -1  1450   460
	21187 11436    -1  1470   460
	21167 11434    -1  1470   460
	21147 11430    -1  1480   450
	21124 11417    -1  1480   450
	21090 11399    -1  1470   440
	21055 11372    -1  1470   440
	21008 11350    -1  1460   440
	20965 11321    -1  1450   430
	20887 11289    -1  1430   440
	20810 11259    -1  1410   430
	20728 11238    -1  1400   430
	20646 11205    -1  1370   420
	20559 11174    -1  1340   420
	20473 11141    -1  1340   420
	20398 11100    -1  1340   420
	20345 11067    -1  1340   420
	20303 11030    -1  1340   420
	20272 10987    -1  1340   420
	20250 10939    -1  1340   420
	20240 10892    -1  1340   420
	20240 10853    -1  1340   420
	20247 10808    -1  1340   420
	20245 10807   621  1340   420
	20231 10823   638  1230   460
	20225 10844   639  1100   330
	20196 10823   641  1110   340
	20192 10840   643  1130   350
	20201 10841   650  1140   360
	20217 10841   656  1160   370
	20250 10843   663  1170   390
	20306 10856   671  1180   380
	20392 10873   677  1220   400
	20491 10903   689  1240   420
	20595 10937   698  1260   420
	20731 10972   718  1280   430
	20900 11032   733  1310   440
	21090 11096   736  1330   440
	21290 11164   737  1330   440
	21493 11224   736  1380   460
	21643 11269   736  1410   460
	21811 11305   727  1440   470
	21968 11340   717  1440   470
	22105 11370   693  1450   470
	22236 11401   672  1460   470
	22353 11416   656  1470   470
	22437 11419   643  1470   470
	22493 11418   603  1480   470
	22515 11414   539  1480   470
	22515 11400   469  1490   480
	22493 11386   494  1490   480
	22446 11367   513  1490   480
	22364 11336   531  1490   480
	22265 11303   547  1500   480
	22143 11270   577  1510   470
	22003 11228   639  1500   480
	21833 11191   641  1500   480
	21662 11142   648  1500   480
	21497 11083   650  1500   480
	21316 11029   651  1500   480
	21150 10965   653  1490   480
	20998 10908   653  1490   480
	20844 10858   653  1490   480
	20710 10808   656  1480   470
	20597 10757   660  1480   470
	20496 10709   661  1470   480
	20412 10664   666  1470   480
	20350 10632   671  1460   480
	20308 10615   674  1460   480
	20290 10601   681  1460   480
	20287 10600   696  1450   470
	20294 10602   700  1450   470
	20299 10602   700  1440   470
	20316 10616   700  1440   470
	20353 10636   705  1440   470
	20430 10677   715  1440   470
	20507 10725   724  1440   470
	20618 10778   729  1440   470
	20751 10844   734  1440   470
	20921 10917   760  1440   470
	21088 10986   766  1440   470
	21255 11065   744  1440   470
	21425 11142   737  1440   470
	21585 11207   737  1440   470
	21721 11256   733  1460   470
	21859 11301   725  1460   470
	21988 11337   713  1460   470
	22077 11366   693  1470   470
	22133 11372   680  1470   470
	22152 11372   668  1470   470
	22149 11370   661  1490   470
	22128 11365   663  1490   470
	22078 11338   663  1490   470
	21988 11304   664  1490   470
	21855 11256   666  1500   470
	21696 11205   672  1500   470
	21523 11132   689  1500   470
	21317 11052   693  1500   470
	21098 10969   702  1500   470
	20856 10885   725  1500   470
	20622 10793   778  1500   470
	20424 10712   816  1500   470
	20294 10661   829  1490   470
	20226 10620   838  1480   470
	20207 10614   841  1470   470
	20217 10613   841  1470   470
	20227 10616   838  1460   470
	20242 10617   835  1460   470
	20273 10629   835  1460   470
	20336 10647   835  1460   470
	20449 10683   835  1440   470
	20578 10746   835  1440   470
	20739 10811   837  1430   460
	20934 10885   836  1430   460
	21134 10949   835  1440   470
	21324 11014   835  1440   470
	21525 11077   831  1440   470
	21688 11128   827  1440   470
	21873 11178   817  1450   470
	22066 11223   780  1460   470
	22242 11255   714  1470   470
	22401 11285   577  1470   470
	22544 11307   286  1480   470
	22636 11350    64  1480   470
