ABCDE-012_345_678 896
	 6494 20119     0  1570   400
	 6486 20119   218  1570   400
	 6477 20119   262  1560   410
	 6469 20120   275  1560   410
	 6472 20119   286  1560   410
	 6472 20117   308  1560   410
	 6473 20108   336  1560   410
	 6477 20107   352  1550   410
	 6480 20105   367  1550   410
	 6479 20103   294  1550   410
	 6485 20101   324  1540   420
	 6493 20091   344  1540   420
	 6499 20088   357  1550   420
	 6512 20085   374  1550   420
	 6530 20076   390  1550   420
	 6538 20074   395  1550   420
	 6551 20073   401  1550   420
	 6562 20073   410  1540   430
	 6578 20071   420  1540   430
	 6597 20073   494  1540   430
	 6616 20074   522  1550   430
	 6640 20087   533  1550   430
	 6662 20102   539  1550   430
	 6691 20119   550  1550   430
	 6715 20135   562  1560   430
	 6738 20152   565  1560   430
	 6763 20171   570  1570   440
	 6786 20200   570  1570   440
	 6799 20219   572  1580   440
	 6813 20245   574  1590   430
	 6821 20265   581  1600   430
	 6826 20283   584  1600   430
	 6824 20309   609  1600   430
	 6821 20325   619  1620   430
	 6811 20341   623  1620   430
	 6801 20360   619  1620   430
	 6789 20379   625  1620   420
	 6768 20405   621  1630   420
	 6748 20412   625  1630   420
	 6727 20427   629  1640   410
	 6700 20440   629  1640   410
	 6680 20443   629  1640   410
	 6653 20444   623  1630   400
	 6625 20444   621  1630   400
	 6600 20443   623  1630   400
	 6575 20440   615  1620   400
	 6554 20427   609  1630   390
	 6535 20412   603  1630   390
	 6518 20396   595  1620   390
	 6503 20364   588  1620   390
	 6484 20331   588  1620   390
	 6472 20300   581  1610   380
	 6458 20267   584  1610   380
	 6447 20230   584  1600   390
	 6438 20187   584  1600   390
	 6429 20152   584  1600   390
	 6429 20107   581  1600   390
	 6429 20069   581  1580   400
	 6432 20025   581  1580   400
	 6433 19990   581  1580   400
	 6443 19946   581  1570   410
	 6453 19897   581  1570   410
	 6462 19849   584  1570   420
	 6468 19804   588  1570   420
	 6475 19766   584  1560   420
	 6481 19733   584  1560   420
	 6490 19703   584  1540   430
	 6496 19686   588  1540   430
	 6500 19659   584  1530   440
	 6508 19644   588  1530   440
	 6512 19627   588  1540   450
	 6516 19621   588  1540   450
	 6521 19607   584  1540   450
	 6524 19606   588  1530   460
	 6525 19595   588  1530   460
	 6527 19593   584  1530   460
	 6529 19594   581  1520   460
	 6531 19593   574  1520   460
	 6532 19591   567  1520   460
	 6534 19592   560  1520   460
	 6541 19593   560  1520   460
	 6545 19596   557  1520   460
	 6556 19605   557  1520   460
	 6565 19611   557  1520   460
	 6585 19625   552  1520   460
	 6604 19640   552  1520   460
	 6622 19655   547  1520   460
	 6641 19671   544  1520   460
	 6657 19685   542  1520   460
	 6676 19690   536  1520   460
	 6698 19703   533  1530   470
	 6711 19705   536  1530   470
	 6725 19708   533  1540   460
	 6735 19707   533  1540   460
	 6745 19708   533  1540   460
	 6751 19706   536  1540   460
	 6758 19703   536  1540   460
	 6760 19692   539  1550   450
	 6769 19688   544  1550   450
	 6774 19686   547  1560   450
	 6778 19673   550  1560   450
	 6784 19660   552  1560   450
	 6786 19655   557  1560   450
	 6790 19643   560  1560   450
	 6793 19638   562  1560   450
	 6794 19628   562  1560   450
	 6796 19623   567  1560   450
	 6800 19621   567  1560   450
	 6803 19609   570  1560   450
	 6803 19609   572  1560   450
	 6804 19605   572  1550   460
	 6808 19606   574  1550   460
	 6806 19595   574  1550   460
	 6808 19594   574  1550   460
	 6808 19591   574  1550   460
	 6808 19590   570  1550   460
	 6810 19580   560  1540   470
	 6811 19579   544  1540   470
	 6810 19578   519  1540   470
	 6810 19578   395  1540   470
	 6814 19577   310  1540   470
	 6819 19574   336  1540   470
	 6828 19574   182  1550   470
	 6841 19576    -1  1550   470
	 6850 19579    -1  1550   470
	 6860 19590    -1  1550   470
	 6873 19596    -1  1540   470
	 6886 19610    -1  1540   470
	 6903 19624    -1  1540   470
	 6922 19638    -1  1530   470
	 6943 19655    -1  1530   470
	 6965 19670    -1  1520   460
	 6984 19686    -1  1520   460
	 7005 19703    -1  1510   460
	 7020 19718    -1  1520   450
	 7042 19733    -1  1520   450
	 7061 19751    -1  1510   450
	 7075 19766    -1  1510   450
	 7092 19781    -1  1500   450
	 7109 19800    -1  1500   440
	 7124 19817    -1  1490   440
	 7137 19845    -1  1490   440
	 7152 19864    -1  1500   430
	 7166 19882    -1  1500   430
	 7176 19910    -1  1510   420
	 7186 19929    -1  1510   420
	 7192 19959    -1  1520   410
	 7199 19977    -1  1530   410
	 7206 19996    -1  1540   410
	 7210 20023    -1  1550   400
	 7213 20040    -1  1550   400
	 7219 20057    -1  1550   390
	 7223 20073    -1  1550   390
	 7224 20089    -1  1560   380
	 7223 20105    -1  1570   390
	 7226 20121    -1  1570   390
	 7227 20133    -1  1570   390
	 7228 20135    -1  1580   380
	 7222 20140   308  1590   380
	 7211 20154   344  1590   380
	 7204 20167   352  1590   380
	 7203 20168   360  1590   380
	 7207 20169   278  1580   390
	 7207 20168   310  1590   390
	 7206 20167   338  1590   390
	 7210 20165   363  1590   390
	 7211 20154   374  1580   400
	 7213 20140   385  1580   400
	 7217 20135   390  1580   400
	 7224 20108   401  1580   400
	 7236 20076   415  1590   400
	 7248 20040   446  1590   400
	 7261 20005   500  1580   410
	 7272 19958   519  1580   410
	 7287 19909   528  1580   410
	 7296 19850   525  1580   410
	 7308 19804   531  1580   420
	 7319 19768   533  1580   420
	 7330 19721   536  1580   420
	 7339 19676   539  1570   430
	 7346 19643   547  1570   430
	 7353 19608   552  1570   430
	 7353 19576   557  1560   430
	 7353 19547   565  1570   440
	 7348 19527   579  1570   450
	 7343 19499   623  1570   450
	 7331 19481   641  1570   450
	 7318 19465   653  1560   450
	 7299 19450   660  1560   450
	 7279 19436   668  1550   460
	 7261 19432   681  1550   460
	 7243 19420   693  1550   460
	 7224 19417   697  1550   460
	 7202 19416   696  1540   470
	 7186 19415   694  1540   470
	 7162 19413   689  1540   470
	 7146 19415   678  1540   470
	 7126 19418   656  1540   470
	 7110 19433   636  1540   470
	 7092 19449   570  1540   470
	 7082 19478   410  1540   470
	 7070 19498   344  1530   470
	 7061 19541   308  1530   470
	 7057 19577     0  1530   470
	 7057 19624    -1  1530   470
	 7049 19675    -1  1530   470
	 7039 19733    -1  1530   470
	 7034 19783    -1  1530   470
	 7031 19834    -1  1530   460
	 7030 19895    -1  1530   460
	 7027 19947    -1  1540   450
	 7025 20007    -1  1540   440
	 7021 20054    -1  1540   440
	 7009 20092    -1  1540   430
	 6997 20124    -1  1550   420
	 6986 20151    -1  1560   410
	 6977 20167    -1  1560   410
	 6966 20170    -1  1560   410
	 6948 20185    35  1570   400
	 6933 20197   344  1570   400
	 6912 20214   360  1580   390
	 6901 20216   269  1580   390
	 6897 20217   286  1590   380
	 6900 20218   324  1590   380
	 6901 20220   357  1590   380
	 6900 20219   395  1590   380
	 6901 20220   429  1600   380
	 6901 20220   516  1600   380
	 6905 20229   528  1600   380
	 6915 20229   533  1600   380
	 6927 20229   539  1600   380
	 6943 20220   539  1600   380
	 6968 20229   542  1600   380
	 7002 20230   550  1600   380
	 7038 20230   555  1600   380
	 7083 20232   557  1600   380
	 7130 20234   560  1600   380
	 7184 20236   562  1600   380
	 7237 20247   565  1600   380
	 7300 20261   565  1600   380
	 7363 20266   567  1600   380
	 7422 20279   567  1600   380
	 7472 20283   562  1610   380
	 7514 20297   552  1610   380
	 7547 20300   533  1610   380
	 7570 20314   446  1610   380
	 7595 20327   401  1620   390
	 7610 20341   350  1620   390
	 7623 20343   360  1620   390
	 7629 20346   308  1640   380
	 7634 20346   218  1640   380
	 7633 20347     0  1640   380
	 7627 20347    -1  1640   380
	 7616 20357    -1  1640   380
	 7596 20357    -1  1650   370
	 7583 20348    -1  1650   370
	 7562 20344    -1  1650   370
	 7545 20341    -1  1650   360
	 7524 20328    -1  1650   360
	 7509 20315    -1  1650   360
	 7494 20300    -1  1650   360
	 7481 20283    -1  1660   350
	 7467 20267    -1  1660   350
	 7457 20251    -1  1650   350
	 7449 20232    -1  1650   350
	 7441 20216    -1  1650   350
	 7441 20200    -1  1650   350
	 7444 20184    -1  1650   350
	 7447 20169    -1  1640   350
	 7455 20155    -1  1640   350
	 7466 20139    -1  1640   350
	 7483 20124    -1  1640   350
	 7497 20119    -1  1640   360
	 7516 20105    -1  1640   360
	 7536 20101    -1  1640   360
	 7560 20089    -1  1640   360
	 7585 20087    -1  1630   370
	 7608 20085    -1  1640   370
	 7632 20075    -1  1640   370
	 7655 20075    -1  1640   380
	 7684 20075    -1  1640   380
	 7707 20085    -1  1640   380
	 7728 20089    -1  1640   380
	 7758 20101    -1  1640   390
	 7780 20107   275  1650   390
	 7802 20123   308  1650   390
	 7819 20139   336  1650   390
	 7839 20153   360  1660   390
	 7855 20169   286  1650   400
	 7870 20183   350  1660   400
	 7875 20197   395  1660   400
	 7878 20200   519  1660   400
	 7873 20203   552  1670   400
	 7869 20204   570  1670   400
	 7863 20213   577  1670   400
	 7855 20214   588  1670   400
	 7843 20214   592  1670   400
	 7825 20204   601  1680   400
	 7800 20199   603  1680   400
	 7776 20185   615  1670   400
	 7754 20170   630  1670   400
	 7729 20153   632  1670   400
	 7705 20133   634  1670   400
	 7679 20102   639  1670   400
	 7654 20070   641  1660   400
	 7630 20028   643  1660   400
	 7603 19993   643  1660   400
	 7585 19959   643  1650   400
	 7571 19915   643  1650   410
	 7557 19882   643  1640   410
	 7547 19848   643  1640   410
	 7543 19803   641  1630   410
	 7543 19772   638  1620   420
	 7545 19752   636  1620   420
	 7552 19721   625  1620   430
	 7561 19692   599  1610   420
	 7572 19675   577  1610   420
	 7587 19657   565  1600   430
	 7604 19639   547  1600   430
	 7627 19623   513  1590   440
	 7657 19607   395  1590   440
	 7683 19594   350  1590   440
	 7710 19591   269  1590   450
	 7733 19589   336  1590   450
	 7757 19589   297  1590   450
	 7781 19591   234  1580   460
	 7801 19592   160  1580   460
	 7819 19594   108  1580   460
	 7832 19596   108  1590   460
	 7846 19607   136  1590   460
	 7857 19609   201  1590   460
	 7867 19610   275  1580   470
	 7875 19612   327  1580   470
	 7883 19622   278  1600   470
	 7890 19625   380  1600   470
	 7893 19626   531  1600   470
	 7894 19626   588  1600   460
	 7893 19627   645  1600   460
	 7895 19627   668  1610   460
	 7894 19628   683  1610   460
	 7892 19628   691  1610   460
	 7892 19628   693  1610   460
	 7894 19628   693  1610   460
	 7894 19628   686  1610   460
	 7894 19626   669  1610   460
	 7893 19626   634  1610   460
	 7896 19625   525  1610   460
	 7893 19622   367  1610   460
	 7890 19612   108  1610   460
	 7886 19610    -1  1610   460
	 7880 19612    -1  1610   460
	 7872 19626    -1  1620   470
	 7866 19637    -1  1620   470
	 7869 19642    -1  1620   470
	 7879 19655    -1  1620   470
	 7886 19660    -1  1620   470
	 7898 19674    -1  1620   470
	 7910 19689    -1  1630   470
	 7932 19653    -1  1630   460
	 7957 19721    -1  1620   460
	 7988 19740    -1  1620   460
	 8030 19768    -1  1600   450
	 8065 19788    -1  1590   450
	 8105 19749    -1  1580   440
	 8149 19846    -1  1570   440
	 8195 19788    -1  1580   430
	 8266 19898    -1  1580   420
	 8290 19927    -1  1570   410
	 8333 19946    -1  1570   410
	 8405 19881    -1  1570   400
	 8449 19896    -1  1570   390
	 8480 19912    -1  1580   380
	 8505 19916    -1  1570   380
	 8524 19914    -1  1580   360
	 8542 19925    -1  1600   350
	 8548 19911    -1  1600   340
	 8554 19897    -1  1620   340
	 8556 19881    -1  1630   340
	 8548 19866    -1  1640   330
	 8495 19957    -1  1640   330
	 8477 19932    -1  1650   330
	 8454 19913    -1  1650   320
	 8432 19884    -1  1650   330
	 8404 19865    -1  1650   330
	 8414 19835    -1  1650   330
	 8351 19723    -1  1650   340
	 8325 19787    -1  1650   340
	 8329 19689    -1  1640   350
	 8276 19752    -1  1630   360
	 8277 19738    -1  1620   370
	 8231 19724    -1  1620   370
	 8212 19720    -1  1610   370
	 8196 19719    -1  1600   380
	 8180 19717    -1  1600   390
	 8163 19706    -1  1580   400
	 8150 19706    -1  1580   400
	 8136 19704    -1  1570   410
	 8123 19702    -1  1570   420
	 8114 19692    -1  1560   410
	 8103 19690    -1  1550   420
	 8101 19691    -1  1550   420
	 8097 19691    -1  1550   420
	 8101 19692    -1  1540   430
	 8111 19702    -1  1540   430
	 8119 19706    -1  1540   430
	 8130 19717    -1  1540   430
	 8140 19723    -1  1530   430
	 8153 19739    -1  1530   430
	 8168 19691    -1  1530   430
	 8184 19771    -1  1540   430
	 8197 19788    -1  1550   420
	 8210 19814    -1  1550   420
	 8224 19835    -1  1550   420
	 8237 19865    -1  1560   410
	 8251 19894    -1  1560   410
	 8261 19915    -1  1570   420
	 8271 19862    -1  1570   410
	 8277 19977    -1  1570   410
	 8318 20008    -1  1580   400
	 8292 20037    -1  1590   400
	 8302 20055    -1  1600   390
	 8316 20060    -1  1600   390
	 8324 20073    75  1600   390
	 8329 20085   367  1610   380
	 8321 20090   331  1610   380
	 8321 20091   344  1610   380
	 8320 20090   350  1610   380
	 8320 20087   357  1610   380
	 8317 20070   374  1620   390
	 8309 20053   401  1620   390
	 8302 20025   420  1620   390
	 8294 19995   513  1620   390
	 8288 19961   528  1620   390
	 8286 19927   533  1620   400
	 8281 19882   539  1620   400
	 8287 19836   544  1620   400
	 8287 19801   547  1610   400
	 8294 19756   550  1610   400
	 8302 19721   547  1610   400
	 8309 19691   547  1600   410
	 8318 19670   544  1600   410
	 8332 19641   539  1600   410
	 8346 19624   533  1600   420
	 8367 19607   533  1600   420
	 8382 19605   525  1600   430
	 8399 19595   525  1600   430
	 8412 19605   522  1590   440
	 8421 19607   519  1590   440
	 8428 19612   522  1590   440
	 8435 19627   525  1590   440
	 8436 19644   525  1590   450
	 8435 19671   525  1590   450
	 8424 19689   531  1590   450
	 8412 19719   531  1590   450
	 8393 19752   533  1590   450
	 8371 19783   533  1590   450
	 8349 19816   533  1590   440
	 8325 19861   533  1590   440
	 8296 19898   531  1590   440
	 8270 19947   536  1600   430
	 8242 19994   542  1600   430
	 8218 20040   542  1610   420
	 8189 20087   542  1610   420
	 8167 20134   542  1610   410
	 8148 20172   544  1600   410
	 8135 20215   544  1610   400
	 8132 20246   547  1610   400
	 8129 20265   547  1620   400
	 8132 20284   547  1620   400
	 8140 20309   547  1620   390
	 8152 20315   550  1620   390
	 8170 20331   550  1630   380
	 8197 20344   550  1630   380
	 8226 20361   547  1630   380
	 8266 20376   544  1630   370
	 8322 20390   539  1630   370
	 8377 20407   542  1640   360
	 8436 20412   539  1640   360
	 8496 20423   542  1640   360
	 8555 20425   542  1650   360
	 8611 20425   542  1650   350
	 8655 20422   544  1650   350
	 8684 20410   542  1650   350
	 8705 20394   544  1650   350
	 8713 20377   544  1650   350
	 8713 20360   544  1660   340
	 8711 20341   544  1660   350
	 8702 20314   544  1660   350
	 8686 20281   542  1660   350
	 8662 20246   542  1660   350
	 8631 20203   533  1660   350
	 8597 20167   528  1650   360
	 8562 20133   513  1650   360
	 8526 20089   410  1650   360
	 8495 20055   374  1650   360
	 8466 20011   269  1650   370
	 8438 19976   308  1650   370
	 8415 19944    35  1650   370
	 8392 19912    -1  1640   380
	 8377 19895    -1  1640   380
	 8366 19877    -1  1640   380
	 8359 19864    -1  1630   390
	 8355 19848    -1  1630   390
	 8354 19831    -1  1630   390
	 8356 19819    -1  1620   390
	 8357 19814    -1  1620   400
	 8363 19803    -1  1620   400
	 8372 19798    -1  1620   400
	 8382 19787    -1  1610   390
	 8390 19781    -1  1600   400
	 8393 19769    -1  1600   400
	 8401 19755    -1  1600   400
	 8409 19753    -1  1600   400
	 8415 19740    -1  1600   400
	 8422 19736    -1  1590   410
	 8424 19724    -1  1590   410
	 8428 19721    -1  1590   410
	 8436 19718    -1  1590   410
	 8444 19707    -1  1590   410
	 8454 19703    -1  1590   420
	 8466 19691    -1  1600   420
	 8472 19687    -1  1600   420
	 8486 19675    -1  1600   420
	 8493 19674   182  1590   430
	 8500 19675   218  1590   430
	 8510 19675   218  1590   430
	 8518 19674   234  1590   430
	 8533 19674   262  1590   430
	 8549 19675   286  1580   440
	 8567 19686   297  1590   440
	 8584 19686   308  1590   440
	 8605 19690   317  1590   440
	 8625 19692   336  1590   440
	 8646 19703   336  1590   440
	 8666 19707   336  1590   440
	 8688 19718   344  1600   440
	 8704 19724   344  1600   440
	 8723 19737   344  1600   440
	 8733 19750   344  1610   430
	 8740 19753   344  1610   430
	 8746 19767   352  1610   430
	 8755 19771   352  1610   430
	 8756 19784   360  1620   440
	 8755 19787   367  1620   440
	 8752 19799   367  1630   430
	 8744 19803   278  1630   430
	 8735 19817   286  1630   430
	 8721 19820   310  1630   430
	 8703 19830   324  1630   430
	 8680 19831   331  1630   430
	 8660 19831   350  1630   430
	 8641 19820   363  1630   430
	 8626 19817   380  1630   430
	 8611 19815   401  1630   430
	 8604 19802   410  1630   430
	 8587 19787   410  1630   430
	 8578 19771   415  1630   430
	 8567 19756   415  1630   430
	 8563 19753   415  1630   430
	 8562 19739   415  1620   430
	 8561 19724   415  1620   430
	 8564 19717   415  1620   430
	 8571 19702   415  1620   430
	 8580 19689   415  1620   430
	 8591 19686   415  1620   430
	 8602 19674   415  1620   430
	 8615 19670   410  1620   430
	 8631 19658   410  1610   430
	 8652 19654   410  1610   430
	 8672 19643   401  1610   430
	 8693 19641   380  1610   430
	 8716 19639   363  1610   430
	 8741 19639   331  1620   440
	 8765 19638   269  1610   440
	 8787 19637   344  1610   440
	 8807 19638   297  1610   440
	 8822 19640   249  1610   440
	 8836 19641   160  1620   450
	 8849 19644     0  1620   450
	 8856 19655    -1  1620   450
	 8859 19657    -1  1620   450
	 8860 19660    -1  1620   450
	 8860 19671    -1  1620   450
	 8857 19674    -1  1640   440
	 8852 19675    -1  1640   440
	 8848 19686    -1  1640   440
	 8843 19688    -1  1640   440
	 8837 19688    -1  1640   440
	 8835 19690    -1  1640   440
	 8827 19701    -1  1640   440
	 8824 19703    -1  1640   440
	 8815 19706    -1  1650   440
	 8816 19707    -1  1650   440
	 8811 19718    -1  1650   440
	 8810 19723    -1  1650   440
	 8811 19735    -1  1650   440
	 8814 19737    -1  1650   430
	 8820 19749    -1  1650   430
	 8827 19752    -1  1650   430
	 8835 19765    -1  1650   430
	 8847 19771    -1  1650   430
	 8865 19784    -1  1650   430
	 8882 19798    -1  1660   430
	 8902 19803    -1  1660   430
	 8926 19817    -1  1670   420
	 8944 19830    -1  1670   420
	 8960 19835    -1  1660   420
	 8974 19845    -1  1660   420
	 8987 19847    -1  1650   420
	 8993 19848    -1  1650   420
	 8997 19849     0  1650   420
	 8997 19851   201  1640   420
	 8989 19862   249  1640   420
	 8985 19852   275  1640   420
	 8976 19851   286  1630   420
	 8967 19850   308  1630   420
	 8955 19848   344  1630   420
	 8942 19847   367  1630   420
	 8933 19836   286  1630   420
	 8925 19834   317  1630   420
	 8919 19832   338  1630   420
	 8910 19829   344  1630   420
	 8900 19818   350  1630   420
	 8895 19814   357  1630   420
	 8891 19803   357  1630   420
	 8886 19802   357  1630   420
	 8886 19799   357  1640   420
	 8886 19797   357  1640   420
	 8887 19786   357  1640   420
	 8891 19783   357  1640   420
	 8898 19772   350  1640   420
	 8900 19769   344  1650   420
	 8908 19769   344  1640   420
	 8918 19767   344  1640   420
	 8925 19765   344  1640   420
	 8938 19754   344  1640   420
	 8946 19754   344  1640   420
	 8958 19752   344  1640   430
	 8966 19751   344  1640   430
	 8978 19740   344  1640   430
	 8986 19738   344  1640   430
	 8992 19736   344  1640   430
	 8996 19734   344  1640   430
	 8996 19733   344  1640   430
	 8998 19724   344  1640   430
	 8998 19722   344  1640   430
	 8998 19721   344  1630   430
	 8993 19718   350  1630   430
	 8990 19707   350  1630   430
	 8981 19704   357  1630   430
	 8972 19692   357  1630   430
	 8960 19690   363  1620   430
	 8952 19687   368  1620   430
	 8938 19674   368  1620   430
	 8926 19670   374  1630   430
	 8919 19660   374  1630   430
	 8910 19657   374  1620   440
	 8899 19653   368  1630   440
	 8891 19641   357  1630   440
	 8884 19638   344  1630   440
	 8879 19627   317  1640   440
	 8872 19624   367  1640   440
	 8872 19623   336  1640   440
	 8869 19612   286  1640   440
	 8869 19612   201  1630   450
	 8876 19612    35  1630   450
	 8881 19612    -1  1630   450
	 8893 19623    -1  1630   450
	 8907 19625    -1  1630   450
	 8925 19637    -1  1630   450
	 8944 19642    -1  1630   450
	 8960 19654    -1  1630   450
	 8982 19657    -1  1620   450
	 9002 19671    -1  1620   450
	 9022 19676    -1  1610   440
	 9039 19688    -1  1610   440
	 9056 19702    -1  1600   440
	 9072 19707    -1  1600   440
	 9086 19720    -1  1600   440
	 9101 19733    -1  1600   440
	 9108 19736    -1  1600   440
	 9117 19749    -1  1610   430
	 9121 19750    -1  1610   430
	 9126 19753    -1  1600   430
	 9124 19752     0  1600   430
	 9120 19753   136  1600   430
	 9120 19753   201  1600   430
	 9113 19752   234  1600   430
	 9114 19751   262  1600   430
	 9112 19750   297  1600   430
	 9107 19740   308  1600   430
	 9103 19738   327  1600   430
	 9097 19734   336  1610   420
	 9095 19722   344  1610   420
	 9093 19718   352  1600   430
	 9096 19706   352  1600   430
	 9095 19692   352  1600   430
	 9098 19689   360  1600   430
	 9102 19688   360  1610   430
	 9106 19686   367  1610   430
	 9112 19685   269  1610   430
	 9125 19685   286  1610   430
	 9135 19685   310  1600   440
	 9149 19688   317  1600   440
	 9166 19701   324  1600   440
	 9191 19706   338  1600   440
	 9216 19723   338  1600   440
	 9244 19751   344  1600   440
	 9269 19782   350  1600   440
	 9303 19814   350  1600   440
	 9330 19849   357  1620   440
	 9359 19893   363  1620   440
	 9387 19932   368  1620   440
	 9411 19976   368  1630   430
	 9431 20022   374  1630   430
	 9453 20070   368  1630   430
	 9463 20108   357  1640   420
	 9479 20154   357  1640   420
	 9486 20198   357  1650   410
	 9486 20235   338  1650   410
	 9484 20268   324  1650   400
	 9481 20299   324  1650   400
	 9472 20326   331  1660   390
	 9462 20343   338  1660   390
	 9458 20347   338  1660   380
	 9450 20357   344  1660   380
	 9450 20346   344  1670   370
	 9447 20346   344  1670   370
	 9440 20332   344  1670   370
	 9432 20314   344  1670   360
	 9430 20296   350  1670   360
	 9425 20264   350  1670   360
	 9422 20231   350  1670   360
	 9420 20185   350  1670   360
	 9420 20140   357  1670   360
	 9426 20092   357  1670   360
	 9432 20053   363  1670   360
	 9434 20006   368  1670   360
	 9443 19961   368  1670   370
	 9450 19928   374  1670   370
	 9458 19894   374  1670   370
	 9464 19862   374  1670   380
	 9473 19831   380  1670   380
	 9485 19800   380  1660   390
	 9490 19782   385  1660   390
	 9502 19755   390  1660   400
	 9517 19739   390  1660   400
	 9532 19724   401  1660   400
	 9548 19719   401  1660   410
	 9564 19708   401  1660   410
	 9583 19707   401  1660   420
	 9604 19717   401  1660   420
	 9630 19718   395  1660   420
	 9655 19720   390  1660   420
	 9682 19722   390  1650   430
	 9713 19724   385  1650   430
	 9746 19735   385  1650   430
	 9780 19739   385  1660   430
	 9816 19749   385  1660   430
	 9854 19752   385  1660   430
	 9888 19755   390  1660   430
	 9915 19755   395  1660   430
	 9940 19765   401  1670   430
	 9959 19767   410  1670   430
	 9973 19767   415  1670   430
	 9983 19766   437  1670   430
	 9986 19766   480  1680   430
	 9986 19765   513  1680   430
	 9986 19756   513  1680   430
	 9986 19755   519  1680   430
	 9987 19755   519  1690   420
	 9987 19753   519  1700   430
	 9989 19753   513  1700   430
	 9987 19752   513  1700   430
	 9987 19750   507  1700   430
	 9989 19739   513  1700   430
	 9993 19737   513  1700   430
	 9994 19733   513  1700   430
	 9999 19721   513  1700   430
	10006 19720   513  1700   430
	10015 19707   513  1700   430
	10026 19704   513  1700   430
	10035 19702   513  1700   430
	10058 19692   507  1700   430
	10086 19691   507  1700   430
	10118 19691   500  1700   430
	10155 19701   507  1690   420
	10193 19701   513  1690   420
	10238 19704   513  1690   420
	10283 19706   513  1690   420
	10330 19708   513  1690   420
	10382 19718   525  1680   430
	10432 19721   525  1670   430
	10490 19722   525  1670   430
	10551 19734   528  1670   430
	10613 19736   531  1670   430
	10675 19749   533  1670   430
	10736 19750   539  1670   430
	10792 19753   539  1680   430
	10852 19755   539  1680   430
	10909 19765   542  1680   430
	10964 19766   539  1690   440
	11016 19768   539  1690   440
	11069 19769   536  1690   440
	11113 19768   533  1690   440
	11158 19769   533  1690   440
	11192 19769   533  1690   440
	11220 19768   533  1690   440
	11242 19768   533  1690   440
	11261 19766   533  1690   440
	11283 19766   533  1690   440
	11299 19766   533  1690   440
	11310 19755   533  1690   440
	11321 19753   528  1690   440
	11327 19752   519  1690   440
	11325 19751   500  1690   440
	11324 19750   462  1690   440
	11315 19739   469  1690   440
	11295 19736   462  1680   430
	11268 19723   437  1690   440
	11229 19717   420  1690   440
	11180 19705   410  1690   440
	11119 19691   410  1690   440
	11035 19686   390  1690   440
	10942 19673   390  1690   440
	10845 19670   380  1690   440
	10735 19656   374  1690   440
	10610 19642   363  1690   440
	10464 19628   350  1690   440
	10307 19621   344  1690   440
	10147 19609   350  1690   440
	 9960 19594   350  1690   440
	 9760 19579   357  1690   440
	 9561 19563   363  1680   440
	 9341 19547   363  1680   450
	 9136 19529   368  1680   450
	 8918 19512   380  1680   450
	 8701 19496   390  1680   450
	 8484 19478   395  1680   450
	 8252 19449   401  1660   460
	 8034 19416   410  1660   460
	 7807 19386   415  1650   460
	 7587 19353   437  1650   460
	 7364 19307   507  1630   470
	 7152 19275   513  1630   470
	 6956 19241   516  1630   470
	 6767 19208   522  1630   480
	 6600 19174   522  1620   480
	 6458 19142   522  1610   480
	 6318 19110   525  1610   480
	 6199 19080   522  1610   490
	 6106 19050   525  1590   490
	 6031 19029   525  1590   490
	 5974 19003   525  1590   500
	 5931 18985   531  1590   500
	 5906 18970   531  1570   500
	 5900 18966   528  1570   510
	 5909 18955   513  1570   510
	 5925 18951   513  1570   510
	 5955 18939   516  1570   510
	 6003 18935   522  1560   510
	 6069 18933   522  1560   510
	 6151 18924   525  1560   510
	 6261 18934   525  1560   510
	 6400 18940   525  1560   510
	 6553 18954   528  1560   510
	 6714 18968   528  1560   510
	 6901 18982   531  1570   520
	 7083 18998   542  1570   520
	 7267 19016   560  1570   520
	 7475 19033   570  1570   520
	 7686 19051   584  1580   520
	 7914 19068   613  1580   520
	 8150 19082   625  1580   520
	 8364 19099   632  1600   520
	 8600 19115   634  1600   520
	 8827 19131   634  1600   520
	 9057 19148   634  1610   520
	 9252 19163   634  1610   520
	 9457 19176   634  1620   530
	 9657 19192   625  1620   530
	 9835 19206   595  1620   530
	10010 19221   570  1620   530
	10166 19228   552  1640   530
	10294 19242   544  1640   530
	10417 19254   531  1640   530
	10538 19259   513  1660   520
	10643 19272   415  1660   520
	10737 19275   405  1660   520
	10815 19275   390  1660   520
	10886 19276   368  1660   520
	10953 19273   350  1670   520
	11015 19272   324  1670   520
	11076 19271   360  1670   520
	11134 19269   297  1670   520
	11191 19259   160  1670   520
