ABCDE-012_345_678 849
	13449 15322     0  2700   610
	13446 15323   262  2720   610
	13452 15323   352  2720   600
	13453 15323   269  2700   600
	13457 15321   317  2700   600
	13454 15319   344  2680   590
	13447 15307   363  2670   590
	13440 15301   374  2670   590
	13425 15275   385  2650   590
	13405 15254   401  2650   590
	13376 15223   410  2630   590
	13342 15180   446  2630   590
	13306 15145   525  2630   590
	13259 15100   531  2620   590
	13210 15066   536  2610   600
	13163 15032   544  2610   600
	13118 15000   550  2610   600
	13080 14969   552  2610   600
	13043 14949   557  2610   600
	13006 14908   562  2610   610
	12973 14892   572  2610   610
	12947 14875   577  2630   610
	12928 14859   584  2630   610
	12915 14853   603  2630   620
	12905 14840   632  2630   620
	12898 14837   645  2630   620
	12895 14826   660  2630   620
	12897 14824   681  2630   620
	12903 14823   706  2640   620
	12909 14822   727  2640   620
	12928 14810   733  2640   630
	12956 14796   737  2640   630
	12991 14791   738  2660   630
	13039 14777   737  2660   630
	13093 14764   733  2660   620
	13153 14761   734  2660   620
	13220 14758   729  2660   620
	13288 14743   727  2660   620
	13354 14730   723  2660   620
	13416 14715   714  2660   610
	13477 14700   705  2660   610
	13535 14693   700  2660   610
	13589 14668   696  2680   610
	13590 14651   691  2680   600
	13680 14633   689  2680   590
	13716 14616   684  2680   590
	13742 14598   683  2680   580
	13764 14581   683  2700   580
	13779 14556   681  2700   570
	13785 14539   680  2700   570
	13787 14535   675  2700   570
	13784 14523   671  2700   560
	13776 14508   669  2700   560
	13764 14490   669  2700   550
	13750 14473   668  2700   550
	13736 14456   664  2700   550
	13713 14441   663  2710   550
	13689 14425   660  2710   550
	13666 14410   656  2710   550
	13634 14395   656  2710   540
	13602 14390   653  2710   540
	13568 14378   651  2710   550
	13528 14377   650  2710   550
	13484 14377   648  2730   550
	13436 14379   645  2730   550
	13389 14393   641  2730   550
	13344 14409   629  2730   560
	13290 14424   599  2730   560
	13238 14444   562  2740   560
	13187 14472   437  2750   570
	13141 14501   344  2750   570
	13105 14522   317  2750   570
	13077 14551     0  2750   580
	13060 14582    -1  2750   580
	13053 14603    -1  2750   580
	13060 14635    -1  2750   580
	13074 14668    -1  2750   580
	13095 14709    -1  2750   580
	13118 14744    -1  2750   580
	13139 14778    -1  2730   570
	13168 14823    -1  2730   570
	13194 14869    -1  2730   560
	13241 14907    -1  2730   560
	13285 14952    -1  2710   560
	13328 15002    -1  2700   560
	13381 15051    -1  2700   560
	13427 15100    -1  2700   560
	13481 15146    -1  2700   550
	13525 15191    -1  2700   550
	13563 15223    -1  2700   550
	13595 15244    -1  2710   550
	13622 15270    -1  2710   550
	13641 15286    -1  2710   550
	13658 15303    -1  2710   550
	13666 15319    -1  2710   550
	13670 15333    -1  2710   550
	13615 15339    -1  2710   550
	13676 15351   201  2710   560
	13683 15354   344  2730   560
	13688 15365   352  2730   560
	13694 15367   269  2730   560
	13692 15367   324  2740   550
	13686 15367   350  2740   550
	13678 15365   368  2730   550
	13663 15355   390  2710   550
	13644 15351   405  2710   550
	13626 15338   420  2700   560
	13594 15322   513  2700   560
	13565 15306   525  2700   560
	13530 15289   531  2700   560
	13493 15271   531  2700   560
	13458 15254   531  2700   570
	13416 15228   525  2700   570
	13375 15210   513  2700   570
	13333 15193   405  2700   570
	13300 15175   368  2700   580
	13268 15158   278  2700   580
	13240 15144   317  2700   580
	13221 15127   160  2700   590
	13212 15099    -1  2680   590
	13218 15079    -1  2680   590
	13234 15051    -1  2680   590
	13255 15033    -1  2680   590
	13283 15013    -1  2680   600
	13315 14987    -1  2680   600
	13349 14969    -1  2670   600
	13392 14949    -1  2670   600
	13436 14922    -1  2670   600
	13484 14904    -1  2670   600
	13532 14875    -1  2670   590
	13586 14856    -1  2650   590
	13634 14827    -1  2650   580
	13680 14807    -1  2670   580
	13726 14778    -1  2670   570
	13768 14746    -1  2670   570
	13809 14713    -1  2690   560
	13842 14678    -1  2690   560
	13873 14634    -1  2700   550
	13891 14598    -1  2700   540
	13908 14555    -1  2700   540
	13922 14524    -1  2710   530
	13929 14504    -1  2710   530
	13930 14488    -1  2710   520
	13930 14476    64  2730   520
	13931 14474   317  2730   520
	13936 14476   344  2740   520
	13934 14475   360  2740   520
	13930 14475   278  2740   520
	13923 14487   302  2740   520
	13909 14489   338  2740   520
	13895 14492   368  2750   520
	13875 14503   390  2750   520
	13853 14506   415  2750   520
	13827 14519   516  2740   530
	13800 14521   544  2740   530
	13773 14533   552  2740   530
	13752 14524   552  2740   530
	13732 14522   555  2740   530
	13711 14518   557  2740   540
	13685 14508   555  2740   540
	13660 14506   536  2740   540
	13641 14505   420  2740   540
	13622 14504   368  2740   540
	13604 14508   352  2740   550
	13589 14521   160  2740   550
	13575 14540    -1  2740   550
	13578 14569    -1  2740   550
	13588 14601    -1  2740   550
	13607 14636    -1  2740   550
	13622 14682    -1  2740   550
	13644 14727    -1  2740   550
	13662 14774    -1  2740   550
	13686 14811    -1  2740   550
	13710 14859    -1  2730   550
	13731 14906    -1  2730   540
	13750 14953    -1  2730   540
	13763 15000    -1  2710   540
	13771 15046    -1  2710   530
	13776 15080    -1  2700   530
	13778 15116    -1  2700   530
	13772 15159    -1  2700   530
	13766 15192    -1  2700   520
	13757 15223    -1  2700   520
	13747 15254    -1  2700   520
	13735 15274    -1  2700   520
	13722 15292    -1  2700   520
	13706 15317    -1  2700   520
	13694 15322    -1  2700   520
	13679 15334   218  2700   520
	13673 15336   344  2690   530
	13673 15338   269  2690   530
	13675 15339   357  2690   530
	13672 15338   405  2690   530
	13674 15337   516  2690   540
	13672 15335   550  2700   540
	13674 15323   572  2700   540
	13678 15308   611  2690   550
	13680 15289   636  2670   550
	13687 15259   645  2670   550
	13694 15223   653  2670   550
	13705 15176   661  2670   550
	13714 15125   671  2670   550
	13729 15068   689  2660   550
	13739 15019   702  2660   550
	13750 14970   715  2660   550
	13764 14920   724  2660   550
	13780 14871   736  2660   550
	13795 14810   766  2660   550
	13807 14760   769  2670   550
	13815 14712   770  2670   550
	13826 14661   770  2670   540
	13837 14615   770  2690   540
	13845 14568   772  2690   540
	13848 14533   772  2690   540
	13852 14502   770  2690   540
	13857 14485   767  2700   540
	13856 14469   737  2700   540
	13857 14454   714  2700   530
	13858 14443   697  2710   530
	13862 14444   669  2710   530
	13861 14455   645  2710   530
	13865 14460   584  2730   530
	13867 14490   513  2730   530
	13873 14537   338  2730   530
	13877 14597   308  2730   530
	13883 14661     0  2730   530
	13885 14725    -1  2730   530
	13893 14777    -1  2730   530
	13901 14837    -1  2730   530
	13910 14888    -1  2730   520
	13922 14949    -1  2730   520
	13927 15002    -1  2730   520
	13929 15063    -1  2710   520
	13930 15115    -1  2710   520
	13923 15176    -1  2710   520
	13916 15237    -1  2710   510
	13897 15287    -1  2710   510
	13882 15336    -1  2710   510
	13860 15381    -1  2710   510
	13838 15415    -1  2710   510
	13814 15449    -1  2700   510
	13793 15479    -1  2700   510
	13770 15497    -1  2700   510
	13744 15513    -1  2700   510
	13731 15516    -1  2700   510
	13714 15526   336  2690   520
	13714 15525   367  2690   520
	13717 15516   350  2690   520
	13718 15513   420  2690   530
	13720 15509   547  2690   530
	13723 15496   579  2670   530
	13727 15482   634  2670   540
	13727 15465   661  2660   540
	13726 15434   681  2660   540
	13731 15400   696  2650   540
	13734 15354   705  2650   540
	13739 15305   721  2640   550
	13749 15255   731  2640   550
	13754 15196   760  2640   550
	13764 15141   768  2640   550
	13782 15081   772  2640   550
	13798 15029   776  2640   550
	13817 14967   780  2650   540
	13844 14907   782  2650   540
	13876 14843   783  2650   540
	13910 14779   785  2660   540
	13941 14725   786  2660   540
	13973 14664   785  2660   540
	13998 14616   785  2670   540
	14026 14571   785  2670   530
	14050 14549   784  2690   530
	14072 14522   782  2690   530
	14096 14504   780  2700   530
	14122 14491   773  2700   530
	14151 14487   767  2700   520
	14176 14487   705  2710   520
	14203 14490   672  2710   520
	14227 14506   643  2730   520
	14248 14536   542  2730   520
	14271 14571   344  2740   510
	14284 14620   275  2740   510
	14298 14679    -1  2740   510
	14312 14729    -1  2750   510
	14331 14779    -1  2750   510
	14356 14828    -1  2750   510
	14378 14885    -1  2750   510
	14398 14935    -1  2750   510
	14417 14986    -1  2750   510
	14431 15035    -1  2750   510
	14446 15093    -1  2750   510
	14424 15142    -1  2740   510
	14438 15195    -1  2750   510
	14482 15241    -1  2750   510
	14494 15286    -1  2760   510
	14503 15321    -1  2760   510
	14473 15355    -1  2770   510
	14528 15382    -1  2780   520
	14542 15386    -1  2780   520
	14558 15399    -1  2790   520
	14525 15385    -1  2790   520
	14590 15372    -1  2800   520
	14604 15355    -1  2800   520
	14616 15336    -1  2810   510
	14625 15307    -1  2830   510
	14638 15285    -1  2840   520
	14656 15243    -1  2860   520
	14667 15211    -1  2880   520
	14683 15176    -1  2880   520
	14694 15129    -1  2860   520
	14708 15083    -1  2830   520
	14718 15036    -1  2820   520
	14726 14999    -1  2810   530
	14726 14955    -1  2810   530
	14656 14922    -1  2810   530
	14650 14891    -1  2810   530
	14690 14886    -1  2740   540
	14665 14885    -1  2740   550
	14637 14891    -1  2710   550
	14615 14886    -1  2700   550
	14594 14876    -1  2690   560
	14583 14873    -1  2670   560
	14569 14875    -1  2640   560
	14550 14889    -1  2620   570
	14539 14904    -1  2610   570
	14523 14921    -1  2600   580
	14517 14938    -1  2620   580
	14513 14956    -1  2620   580
	14506 14983    -1  2620   580
	14474 15001    -1  2620   590
	14507 15017    -1  2620   590
	14504 15045    -1  2610   600
	14501 15061    -1  2610   600
	14500 15080    -1  2610   600
	14496 15098    -1  2610   600
	14490 15116    -1  2600   600
	14485 15143    -1  2600   600
	14476 15163    -1  2600   600
	14466 15192    -1  2590   610
	14455 15212    -1  2590   610
	14441 15242    -1  2610   610
	14424 15270    -1  2610   610
	14405 15290    -1  2610   610
	14384 15319    -1  2610   610
	14361 15339    -1  2610   620
	14342 15365    -1  2610   620
	14321 15381    -1  2630   620
	14306 15399     0  2630   620
	14294 15404   201  2620   630
	14285 15417   262  2620   630
	14281 15429   317  2620   630
	14278 15431   352  2640   640
	14277 15434   278  2640   640
	14275 15434   338  2620   640
	14279 15433   390  2620   640
	14277 15434   454  2610   650
	14280 15433   536  2590   650
	14280 15432   565  2590   650
	14285 15429   603  2590   650
	14289 15419   634  2590   650
	14296 15404   645  2590   650
	14307 15397   655  2570   640
	14321 15372   675  2570   640
	14330 15365   693  2570   640
	14345 15337   705  2570   640
	14364 15304   737  2570   640
	14384 15269   768  2570   640
	14407 15222   775  2570   640
	14431 15175   777  2580   630
	14454 15116   778  2580   630
	14480 15063   780  2580   630
	14505 15000   780  2580   630
	14534 14938   780  2580   630
	14559 14873   780  2580   630
	14583 14812   780  2610   620
	14599 14759   780  2610   620
	14617 14709   778  2610   620
	14633 14651   777  2630   610
	14644 14614   776  2630   610
	14656 14568   774  2650   600
	14662 14534   773  2650   600
	14669 14504   772  2670   600
	14674 14487   770  2670   590
	14676 14472   767  2670   590
	14677 14470   736  2670   590
	14680 14460   724  2680   580
	14676 14469   708  2680   580
	14680 14471   700  2700   580
	14677 14472   691  2700   580
	14677 14486   681  2720   580
	14671 14503   674  2720   580
	14667 14534   672  2720   580
	14658 14581   669  2720   580
	14644 14632   668  2720   580
	14627 14694   668  2720   580
	14611 14759   666  2720   580
	14590 14812   668  2720   580
	14575 14874   664  2720   580
	14560 14937   666  2700   580
	14556 14986   669  2700   580
	14556 15036   669  2700   580
	14562 15095   671  2680   580
	14570 15147   674  2680   580
	14584 15206   681  2680   580
	14600 15258   689  2670   580
	14624 15306   693  2670   580
	14646 15349   696  2670   580
	14667 15372   700  2650   590
	14688 15400   705  2650   590
	14705 15419   708  2650   590
	14723 15434   715  2650   590
	14742 15445   723  2630   590
	14700 15447   723  2640   580
	14776 15446   724  2640   580
	14792 15434   724  2640   580
	14808 15430   724  2640   580
	14819 15417   718  2640   580
	14833 15401   713  2640   570
	14846 15369   706  2640   570
	14854 15324   702  2640   570
	14857 15274   698  2640   570
	14857 15212   698  2640   570
	14856 15146   697  2640   570
	14847 15082   697  2640   560
	14836 15017   700  2640   560
	14826 14950   697  2640   560
	14818 14887   697  2660   560
	14803 14828   698  2660   560
	14788 14779   700  2660   560
	14773 14732   697  2670   560
	14754 14693   700  2670   560
	14740 14646   697  2670   560
	14725 14613   698  2690   560
	14711 14584   698  2690   560
	14698 14555   696  2700   560
	14685 14524   696  2700   560
	14676 14501   690  2700   560
	14668 14475   674  2700   560
	14668 14469   669  2710   560
	14665 14456   660  2720   570
	14661 14442   646  2730   570
	14659 14427   601  2730   570
	14660 14424   525  2750   570
	14663 14422   324  2750   570
	14668 14422   249  2750   570
	14680 14425    -1  2760   570
	14695 14440    -1  2760   570
	14711 14455    -1  2760   570
	14725 14470    -1  2760   570
	14736 14487    -1  2780   570
	14744 14491    -1  2780   570
	14756 14505    -1  2780   570
	14763 14517    -1  2770   560
	14771 14521    -1  2770   560
	14783 14533    -1  2770   560
	14789 14536    -1  2770   560
	14794 14537    -1  2770   550
	14801 14537    -1  2770   550
	14810 14537    -1  2770   550
	14815 14535    -1  2770   550
	14822 14534    -1  2770   550
	14828 14523    -1  2770   550
	14835 14522    -1  2770   540
	14841 14520   275  2770   540
	14857 14518   317  2770   540
	14867 14519   352  2770   540
	14874 14519   302  2750   540
	14879 14522   344  2750   540
	14879 14524   363  2750   540
	14885 14535   380  2750   540
	14888 14550   385  2750   540
	14891 14556   395  2760   550
	14891 14569   405  2760   550
	14892 14586   420  2760   550
	14896 14604   507  2760   550
	14896 14619   522  2760   550
	14902 14635   536  2760   550
	14902 14651   552  2760   550
	14904 14664   560  2760   550
	14906 14679   565  2740   550
	14906 14684   567  2740   550
	14905 14696   570  2740   550
	14907 14709   572  2740   550
	14905 14715   572  2740   550
	14902 14727   574  2740   550
	14897 14729   574  2740   550
	14895 14730   577  2730   550
	14893 14730   579  2730   550
	14889 14728   590  2730   550
	14885 14727   605  2730   550
	14883 14716   621  2730   550
	14873 14713   634  2730   550
	14869 14709   645  2710   550
	14864 14694   651  2710   550
	14854 14680   660  2710   550
	14848 14665   668  2710   550
	14846 14649   671  2710   550
	14842 14631   678  2710   550
	14844 14613   686  2710   550
	14847 14588   696  2710   550
	14848 14582   704  2710   550
	14854 14567   713  2710   550
	14863 14551   718  2710   550
	14872 14535   727  2710   550
	14882 14519   734  2710   550
	14884 14505   738  2710   550
	14894 14491   760  2710   550
	14902 14486   767  2730   550
	14914 14473   760  2730   550
	14926 14459   766  2730   550
	14936 14453   767  2730   550
	14946 14442   766  2730   540
	14957 14440   760  2730   540
	14966 14437   738  2740   540
	14979 14428   733  2740   540
	14987 14437   730  2740   540
	15001 14438   721  2740   540
	15016 14441   713  2740   540
	15034 14444   706  2740   540
	15050 14458   700  2740   530
	15068 14473   693  2740   530
	15091 14492   681  2750   530
	15113 14523   672  2750   530
	15136 14551   666  2750   530
	15156 14584   661  2750   530
	15170 14620   656  2750   530
	15185 14664   650  2750   530
	15200 14710   648  2750   520
	15210 14757   646  2750   520
	15222 14806   645  2750   520
	15233 14853   643  2750   520
	15238 14902   641  2740   520
	15246 14950   639  2740   520
	15249 14998   638  2740   520
	15245 15046   636  2740   520
	15238 15083   636  2730   520
	15234 15126   636  2730   520
	15231 15159   638  2730   520
	15226 15190   638  2730   520
	15217 15210   638  2710   520
	15209 15240   638  2710   520
	15199 15258   638  2710   520
	15187 15275   638  2710   520
	15173 15292   638  2710   520
	15154 15308   638  2700   520
	15133 15323   638  2700   520
	15114 15336   638  2690   520
	15093 15349   638  2690   520
	15070 15354   638  2690   520
	15051 15356   639  2670   520
	15036 15356   641  2670   520
	15025 15354   646  2670   520
	15015 15349   653  2670   520
	15010 15336   658  2660   520
	15008 15324   663  2660   530
	15006 15317   671  2650   530
	15004 15291   678  2650   530
	15003 15270   686  2650   530
	15010 15240   690  2630   530
	15017 15208   691  2650   530
	15030 15164   697  2650   530
	15047 15127   700  2650   530
	15067 15083   700  2650   530
	15088 15033   715  2650   530
	15108 14984   721  2650   530
	15127 14933   725  2650   530
	15149 14873   729  2660   530
	15167 14821   734  2660   530
	15184 14773   738  2660   530
	15196 14725   760  2670   530
	15207 14666   766  2670   530
	15215 14620   767  2690   520
	15223 14584   767  2690   520
	15230 14549   767  2700   520
	15235 14517   767  2700   520
	15240 14487   767  2700   520
	15249 14458   766  2700   520
	15251 14438   766  2710   520
	15259 14412   766  2710   520
	15261 14405   760  2730   520
	15264 14390   766  2730   520
	15262 14389   760  2730   520
	15262 14380   737  2730   520
	15262 14389   736  2740   520
	15262 14391   731  2740   520
	15262 14390   730  2740   520
	15268 14393   729  2740   520
	15268 14406   727  2750   520
	15275 14421   724  2750   520
	15278 14439   725  2750   520
	15289 14470   718  2750   520
	15299 14501   718  2750   520
	15308 14520   715  2750   510
	15319 14549   715  2750   510
	15332 14572   714  2750   510
	15340 14602   714  2750   510
	15350 14630   713  2750   510
	15363 14651   710  2750   510
	15371 14679   708  2750   510
	15376 14695   708  2750   510
	15382 14712   706  2740   510
	15386 14726   706  2740   510
	15389 14730   704  2740   510
	15387 14731   700  2740   510
	15384 14731   689  2740   510
	15380 14732   677  2740   510
	15372 14741   671  2740   510
	15364 14743   668  2740   510
	15349 14745   666  2740   510
	15330 14747   664  2740   510
	15311 14748   664  2740   510
	15292 14757   664  2720   510
	15281 14748   663  2720   510
	15271 14746   661  2720   510
	15259 14742   663  2720   510
	15253 14730   664  2720   510
	15242 14725   668  2720   510
	15234 14710   671  2720   510
	15233 14684   678  2720   510
	15227 14666   691  2720   510
	15223 14649   702  2720   510
	15218 14635   714  2720   510
	15221 14616   721  2710   510
	15223 14586   724  2710   510
	15231 14566   725  2710   510
	15235 14540   727  2710   520
	15243 14523   729  2710   520
	15250 14507   733  2710   520
	15260 14490   733  2710   520
	15276 14473   730  2720   510
	15293 14457   734  2720   510
	15302 14444   734  2720   510
	15312 14440   733  2720   510
	15322 14424   734  2720   510
	15337 14421   734  2720   510
	15346 14410   736  2740   510
	15359 14407   734  2740   510
	15371 14408   727  2740   510
	15386 14405   724  2740   510
	15398 14406   727  2740   510
	15409 14408   724  2740   510
	15418 14410   722  2740   510
	15430 14421   714  2750   510
	15442 14424   708  2750   510
	15452 14428   706  2750   510
	15461 14441   705  2750   510
	15473 14444   698  2750   510
	15482 14458   696  2750   510
	15490 14474   691  2750   510
	15499 14489   689  2750   510
	15506 14508   683  2750   510
	15512 14536   680  2750   500
	15517 14569   678  2750   500
	15521 14600   675  2750   500
	15525 14632   674  2750   500
	15525 14662   674  2750   500
	15527 14681   674  2750   500
	15529 14699   674  2750   500
	15531 14714   674  2750   500
	15531 14731   674  2750   500
	15531 14744   674  2750   500
	15529 14757   674  2750   500
	15529 14763   672  2740   500
	15525 14775   671  2740   500
	15520 14779   672  2740   500
	15518 14791   671  2740   500
	15514 14795   671  2740   500
	15507 14806   669  2740   500
	15504 14810   669  2740   500
	15497 14811   669  2740   500
	15492 14822   669  2740   500
	15489 14822   668  2740   500
	15483 14824   668  2740   500
	15478 14825   668  2740   500
	15474 14822   664  2740   500
	15469 14821   664  2740   500
	15465 14810   666  2740   500
	15463 14805   668  2740   500
	15458 14790   672  2720   500
	15454 14775   678  2720   500
	15454 14763   678  2720   500
	15452 14758   681  2720   500
	15451 14732   684  2720   500
	15452 14714   689  2720   500
	15452 14697   691  2720   500
	15456 14683   693  2720   500
	15459 14661   696  2720   510
	15461 14636   698  2720   510
	15464 14618   700  2720   510
	15470 14603   704  2720   510
	15471 14588   706  2720   500
	15473 14581   709  2720   500
	15474 14567   713  2720   500
	15477 14550   715  2720   500
	15477 14533   718  2720   500
	15481 14508   718  2720   500
	15485 14502   718  2720   500
	15492 14486   724  2720   500
	15493 14471   729  2740   500
	15499 14469   730  2740   500
	15504 14457   729  2740   500
	15514 14444   730  2740   500
	15527 14440   733  2740   500
	15537 14428   733  2740   500
	15541 14425   734  2730   490
	15550 14423   736  2730   490
	15556 14421   736  2730   490
	15559 14411   736  2750   490
	15564 14410   738  2750   490
	15565 14408   750  2750   490
	15565 14410   755  2750   490
	15566 14409   760  2750   490
	15568 14411   766  2750   490
	15568 14421   766  2750   490
	15572 14421   760  2740   480
	15578 14424   750  2740   480
	15580 14428   738  2740   480
	15587 14441   737  2740   480
	15591 14458   731  2760   480
	15600 14485   725  2760   480
	15604 14519   710  2760   480
	15611 14554   704  2760   480
	15567 14598   693  2750   470
	15626 14635   689  2750   470
	15636 14678   684  2750   470
	15645 14727   677  2750   470
	15651 14774   674  2750   470
	15659 14823   671  2750   470
	15661 14873   669  2750   460
	15663 14923   666  2750   460
	15664 14971   664  2750   460
	15662 15016   663  2750   460
	15658 15062   663  2740   460
	15650 15109   663  2740   460
	15638 15148   661  2740   460
	15623 15193   661  2730   460
	15609 15238   661  2730   460
	15596 15269   661  2730   460
	15577 15287   661  2730   470
	15567 15304   661  2730   470
	15558 15308   661  2730   470
	15554 15308   661  2720   470
	15554 15308   663  2720   470
	15552 15307   669  2710   470
	15549 15303   677  2710   470
	15549 15290   684  2700   470
	15552 15271   690  2700   470
	15556 15243   700  2700   470
	15565 15221   702  2700   470
	15570 15180   704  2700   470
	15580 15141   704  2700   470
	15594 15096   713  2700   470
	15604 15050   715  2700   470
	15618 15002   718  2700   470
	15630 14953   727  2700   470
	15640 14905   738  2700   470
	15652 14855   760  2700   470
	15660 14796   770  2700   470
	15670 14743   770  2700   470
	15679 14693   770  2710   470
	15685 14646   771  2710   470
	15691 14600   772  2720   460
	15699 14556   772  2720   460
	15708 14523   772  2720   460
	15717 14491   772  2720   460
	15720 14473   773  2720   460
	15721 14460   773  2730   460
	15722 14459   773  2730   460
	15725 14458   772  2730   460
	15722 14459   770  2730   460
	15721 14459   768  2740   460
	15721 14459   760  2740   460
	15720 14460   734  2740   460
	15717 14471   724  2740   460
	15712 14474   706  2740   460
	15700 14486   696  2740   460
	15687 14488   684  2740   460
	15670 14492   675  2740   460
	15639 14508   668  2740   460
	15608 14536   650  2740   460
	15577 14565   590  2740   460
	15540 14584   429  2740   460
	15497 14614   360  2740   470
	15455 14647    75  2740   470
	15422 14667    -1  2740   470
	15377 14693    -1  2740   470
	15390 14698    -1  2740   480
	15384 14711    -1  2740   480
	15370 14726    -1  2740   480
	15352 14743    -1  2740   480
	15330 14759    -1  2740   470
	15293 14777    -1  2740   470
	15257 14796    -1  2740   460
	15217 14837    -1  2740   460
	15153 14860    -1  2730   440
	15118 14901    -1  2730   430
	15060 14935    -1  2720   430
	15004 14971    -1  2720   420
	14945 15013    -1  2700   420
	14806 15051    -1  2690   410
	14830 15083    -1  2670   410
	14785 15115    -1  2670   410
	14735 15141    -1  2660   410
	14703 15143    -1  2640   410
	14676 15142    -1  2630   410
	14651 15128    -1  2620   420
	14631 15115    -1  2600   440
	14618 15110    -1  2590   440
	14611 15109    -1  2580   450
	14619 15097    -1  2560   460
	14631 15109    -1  2550   480
	14645 15111    -1  2530   490
	14665 15116    -1  2530   500
	14676 15126    -1  2510   500
	14696 15131    -1  2500   510
	14716 15132    -1  2500   510
	14733 15142    -1  2500   520
	14750 15142    -1  2500   520
	14762 15142    -1  2510   520
	14771 15132    -1  2520   520
	14777 15130    -1  2520   520
	14786 15125    -1  2530   520
	14791 15114    -1  2530   520
	14788 15111    -1  2530   520
	14710 15100    -1  2540   510
	14781 15095    -1  2540   510
	14773 15083    -1  2540   510
	14765 15079    -1  2540   510
	14682 15066    -1  2540   510
	14734 15066    -1  2560   510
	14708 15068   367  2570   510
	14639 15062   689  2570   510
	14712 15065   770  2590   510
	14713 15064   814  2590   530
	14713 15065   832  2590   530
	14711 15064   870  2610   530
	14710 15064   885  2600   540
	14709 15064   915  2620   540
	14710 15063   939  2620   540
	14708 15064   953  2630   550
	14708 15064   958  2630   550
	14707 15062   961  2640   560
	14708 15064   961  2640   560
	14705 15064   960  2640   560
	14705 15063   953  2640   560
	14705 15064   916  2640   560
	14707 15063   867  2660   560
	14706 15065   785  2660   560
	14702 15064   634  2660   560
	14695 15068   249  2660   560
